/*--------------------------------*- C++ -*----------------------------------*\
| =========                 |                                                 |
| \\      /  F ield         | OpenFOAM: The Open Source CFD Toolbox           |
|  \\    /   O peration     | Version:  2.4.0                                 |
|   \\  /    A nd           | Web:      www.OpenFOAM.org                      |
|    \\/     M anipulation  |                                                 |
\*---------------------------------------------------------------------------*/
FoamFile
{
    version     2.0;
    format      ascii;
    class       labelList;
    note        "nPoints: 3612 nCells: 1500 nFaces: 6305 nInternalFaces: 2695";
    location    "constant/polyMesh";
    object      owner;
}
// * * * * * * * * * * * * * * * * * * * * * * * * * * * * * * * * * * * * * //


6305
(
0
0
1
1
2
2
3
3
4
5
5
6
6
7
7
8
8
9
10
10
11
11
12
12
13
13
14
15
15
16
16
17
17
18
18
19
20
20
21
21
22
22
23
23
24
25
25
26
26
27
27
28
28
29
30
30
31
31
32
32
33
33
34
35
35
36
36
37
37
38
38
39
40
40
41
41
42
42
43
43
44
45
45
46
46
47
47
48
48
49
50
50
51
51
52
52
53
53
54
55
55
56
56
57
57
58
58
59
60
60
61
61
62
62
63
63
64
65
65
66
66
67
67
68
68
69
70
70
71
71
72
72
73
73
74
75
75
76
76
77
77
78
78
79
80
80
81
81
82
82
83
83
84
85
85
86
86
87
87
88
88
89
90
90
91
91
92
92
93
93
94
95
95
96
96
97
97
98
98
99
100
100
101
101
102
102
103
103
104
105
105
106
106
107
107
108
108
109
110
110
111
111
112
112
113
113
114
115
115
116
116
117
117
118
118
119
120
120
121
121
122
122
123
123
124
125
125
126
126
127
127
128
128
129
130
130
131
131
132
132
133
133
134
135
135
136
136
137
137
138
138
139
140
140
141
141
142
142
143
143
144
145
145
146
146
147
147
148
148
149
150
150
151
151
152
152
153
153
154
155
155
156
156
157
157
158
158
159
160
160
161
161
162
162
163
163
164
165
165
166
166
167
167
168
168
169
170
170
171
171
172
172
173
173
174
175
175
176
176
177
177
178
178
179
180
180
181
181
182
182
183
183
184
185
185
186
186
187
187
188
188
189
190
190
191
191
192
192
193
193
194
195
195
196
196
197
197
198
198
199
200
200
201
201
202
202
203
203
204
205
205
206
206
207
207
208
208
209
210
210
211
211
212
212
213
213
214
215
215
216
216
217
217
218
218
219
220
220
221
221
222
222
223
223
224
225
225
226
226
227
227
228
228
229
230
230
231
231
232
232
233
233
234
235
235
236
236
237
237
238
238
239
240
240
241
241
242
242
243
243
244
245
245
246
246
247
247
248
248
249
250
250
251
251
252
252
253
253
254
255
255
256
256
257
257
258
258
259
260
260
261
261
262
262
263
263
264
265
265
266
266
267
267
268
268
269
270
270
271
271
272
272
273
273
274
275
275
276
276
277
277
278
278
279
280
280
281
281
282
282
283
283
284
285
285
286
286
287
287
288
288
289
290
290
291
291
292
292
293
293
294
295
295
296
296
297
297
298
298
299
300
300
301
301
302
302
303
303
304
305
305
306
306
307
307
308
308
309
310
310
311
311
312
312
313
313
314
315
315
316
316
317
317
318
318
319
320
320
321
321
322
322
323
323
324
325
325
326
326
327
327
328
328
329
330
330
331
331
332
332
333
333
334
335
335
336
336
337
337
338
338
339
340
340
341
341
342
342
343
343
344
345
345
346
346
347
347
348
348
349
350
350
351
351
352
352
353
353
354
355
355
356
356
357
357
358
358
359
360
360
361
361
362
362
363
363
364
365
365
366
366
367
367
368
368
369
370
370
371
371
372
372
373
373
374
375
375
376
376
377
377
378
378
379
380
380
381
381
382
382
383
383
384
385
385
386
386
387
387
388
388
389
390
390
391
391
392
392
393
393
394
395
395
396
396
397
397
398
398
399
400
400
401
401
402
402
403
403
404
405
405
406
406
407
407
408
408
409
410
410
411
411
412
412
413
413
414
415
415
416
416
417
417
418
418
419
420
420
421
421
422
422
423
423
424
425
425
426
426
427
427
428
428
429
430
430
431
431
432
432
433
433
434
435
435
436
436
437
437
438
438
439
440
440
441
441
442
442
443
443
444
445
445
446
446
447
447
448
448
449
450
450
451
451
452
452
453
453
454
455
455
456
456
457
457
458
458
459
460
460
461
461
462
462
463
463
464
465
465
466
466
467
467
468
468
469
470
470
471
471
472
472
473
473
474
475
475
476
476
477
477
478
478
479
480
480
481
481
482
482
483
483
484
485
485
486
486
487
487
488
488
489
490
490
491
491
492
492
493
493
494
495
495
496
496
497
497
498
498
499
500
500
501
501
502
502
503
503
504
505
505
506
506
507
507
508
508
509
510
510
511
511
512
512
513
513
514
515
515
516
516
517
517
518
518
519
520
520
521
521
522
522
523
523
524
525
525
526
526
527
527
528
528
529
530
530
531
531
532
532
533
533
534
535
535
536
536
537
537
538
538
539
540
540
541
541
542
542
543
543
544
545
545
546
546
547
547
548
548
549
550
550
551
551
552
552
553
553
554
555
555
556
556
557
557
558
558
559
560
560
561
561
562
562
563
563
564
565
565
566
566
567
567
568
568
569
570
570
571
571
572
572
573
573
574
575
575
576
576
577
577
578
578
579
580
580
581
581
582
582
583
583
584
585
585
586
586
587
587
588
588
589
590
590
591
591
592
592
593
593
594
595
595
596
596
597
597
598
598
599
600
600
601
601
602
602
603
603
604
605
605
606
606
607
607
608
608
609
610
610
611
611
612
612
613
613
614
615
615
616
616
617
617
618
618
619
620
620
621
621
622
622
623
623
624
625
625
626
626
627
627
628
628
629
630
630
631
631
632
632
633
633
634
635
635
636
636
637
637
638
638
639
640
640
641
641
642
642
643
643
644
645
645
646
646
647
647
648
648
649
650
650
651
651
652
652
653
653
654
655
655
656
656
657
657
658
658
659
660
660
661
661
662
662
663
663
664
665
665
666
666
667
667
668
668
669
670
670
671
671
672
672
673
673
674
675
675
676
676
677
677
678
678
679
680
680
681
681
682
682
683
683
684
685
685
686
686
687
687
688
688
689
690
690
691
691
692
692
693
693
694
695
695
696
696
697
697
698
698
699
700
700
701
701
702
702
703
703
704
705
705
706
706
707
707
708
708
709
710
710
711
711
712
712
713
713
714
715
715
716
716
717
717
718
718
719
720
720
721
721
722
722
723
723
724
725
725
726
726
727
727
728
728
729
730
730
731
731
732
732
733
733
734
735
735
736
736
737
737
738
738
739
740
740
741
741
742
742
743
743
744
745
745
746
746
747
747
748
748
749
750
750
751
751
752
752
753
753
754
755
755
756
756
757
757
758
758
759
760
760
761
761
762
762
763
763
764
765
765
766
766
767
767
768
768
769
770
770
771
771
772
772
773
773
774
775
775
776
776
777
777
778
778
779
780
780
781
781
782
782
783
783
784
785
785
786
786
787
787
788
788
789
790
790
791
791
792
792
793
793
794
795
795
796
796
797
797
798
798
799
800
800
801
801
802
802
803
803
804
805
805
806
806
807
807
808
808
809
810
810
811
811
812
812
813
813
814
815
815
816
816
817
817
818
818
819
820
820
821
821
822
822
823
823
824
825
825
826
826
827
827
828
828
829
830
830
831
831
832
832
833
833
834
835
835
836
836
837
837
838
838
839
840
840
841
841
842
842
843
843
844
845
845
846
846
847
847
848
848
849
850
850
851
851
852
852
853
853
854
855
855
856
856
857
857
858
858
859
860
860
861
861
862
862
863
863
864
865
865
866
866
867
867
868
868
869
870
870
871
871
872
872
873
873
874
875
875
876
876
877
877
878
878
879
880
880
881
881
882
882
883
883
884
885
885
886
886
887
887
888
888
889
890
890
891
891
892
892
893
893
894
895
895
896
896
897
897
898
898
899
900
900
901
901
902
902
903
903
904
905
905
906
906
907
907
908
908
909
910
910
911
911
912
912
913
913
914
915
915
916
916
917
917
918
918
919
920
920
921
921
922
922
923
923
924
925
925
926
926
927
927
928
928
929
930
930
931
931
932
932
933
933
934
935
935
936
936
937
937
938
938
939
940
940
941
941
942
942
943
943
944
945
945
946
946
947
947
948
948
949
950
950
951
951
952
952
953
953
954
955
955
956
956
957
957
958
958
959
960
960
961
961
962
962
963
963
964
965
965
966
966
967
967
968
968
969
970
970
971
971
972
972
973
973
974
975
975
976
976
977
977
978
978
979
980
980
981
981
982
982
983
983
984
985
985
986
986
987
987
988
988
989
990
990
991
991
992
992
993
993
994
995
995
996
996
997
997
998
998
999
1000
1000
1001
1001
1002
1002
1003
1003
1004
1005
1005
1006
1006
1007
1007
1008
1008
1009
1010
1010
1011
1011
1012
1012
1013
1013
1014
1015
1015
1016
1016
1017
1017
1018
1018
1019
1020
1020
1021
1021
1022
1022
1023
1023
1024
1025
1025
1026
1026
1027
1027
1028
1028
1029
1030
1030
1031
1031
1032
1032
1033
1033
1034
1035
1035
1036
1036
1037
1037
1038
1038
1039
1040
1040
1041
1041
1042
1042
1043
1043
1044
1045
1045
1046
1046
1047
1047
1048
1048
1049
1050
1050
1051
1051
1052
1052
1053
1053
1054
1055
1055
1056
1056
1057
1057
1058
1058
1059
1060
1060
1061
1061
1062
1062
1063
1063
1064
1065
1065
1066
1066
1067
1067
1068
1068
1069
1070
1070
1071
1071
1072
1072
1073
1073
1074
1075
1075
1076
1076
1077
1077
1078
1078
1079
1080
1080
1081
1081
1082
1082
1083
1083
1084
1085
1085
1086
1086
1087
1087
1088
1088
1089
1090
1090
1091
1091
1092
1092
1093
1093
1094
1095
1095
1096
1096
1097
1097
1098
1098
1099
1100
1100
1101
1101
1102
1102
1103
1103
1104
1105
1105
1106
1106
1107
1107
1108
1108
1109
1110
1110
1111
1111
1112
1112
1113
1113
1114
1115
1115
1116
1116
1117
1117
1118
1118
1119
1120
1120
1121
1121
1122
1122
1123
1123
1124
1125
1125
1126
1126
1127
1127
1128
1128
1129
1130
1130
1131
1131
1132
1132
1133
1133
1134
1135
1135
1136
1136
1137
1137
1138
1138
1139
1140
1140
1141
1141
1142
1142
1143
1143
1144
1145
1145
1146
1146
1147
1147
1148
1148
1149
1150
1150
1151
1151
1152
1152
1153
1153
1154
1155
1155
1156
1156
1157
1157
1158
1158
1159
1160
1160
1161
1161
1162
1162
1163
1163
1164
1165
1165
1166
1166
1167
1167
1168
1168
1169
1170
1170
1171
1171
1172
1172
1173
1173
1174
1175
1175
1176
1176
1177
1177
1178
1178
1179
1180
1180
1181
1181
1182
1182
1183
1183
1184
1185
1185
1186
1186
1187
1187
1188
1188
1189
1190
1190
1191
1191
1192
1192
1193
1193
1194
1195
1195
1196
1196
1197
1197
1198
1198
1199
1200
1200
1201
1201
1202
1202
1203
1203
1204
1205
1205
1206
1206
1207
1207
1208
1208
1209
1210
1210
1211
1211
1212
1212
1213
1213
1214
1215
1215
1216
1216
1217
1217
1218
1218
1219
1220
1220
1221
1221
1222
1222
1223
1223
1224
1225
1225
1226
1226
1227
1227
1228
1228
1229
1230
1230
1231
1231
1232
1232
1233
1233
1234
1235
1235
1236
1236
1237
1237
1238
1238
1239
1240
1240
1241
1241
1242
1242
1243
1243
1244
1245
1245
1246
1246
1247
1247
1248
1248
1249
1250
1250
1251
1251
1252
1252
1253
1253
1254
1255
1255
1256
1256
1257
1257
1258
1258
1259
1260
1260
1261
1261
1262
1262
1263
1263
1264
1265
1265
1266
1266
1267
1267
1268
1268
1269
1270
1270
1271
1271
1272
1272
1273
1273
1274
1275
1275
1276
1276
1277
1277
1278
1278
1279
1280
1280
1281
1281
1282
1282
1283
1283
1284
1285
1285
1286
1286
1287
1287
1288
1288
1289
1290
1290
1291
1291
1292
1292
1293
1293
1294
1295
1295
1296
1296
1297
1297
1298
1298
1299
1300
1300
1301
1301
1302
1302
1303
1303
1304
1305
1305
1306
1306
1307
1307
1308
1308
1309
1310
1310
1311
1311
1312
1312
1313
1313
1314
1315
1315
1316
1316
1317
1317
1318
1318
1319
1320
1320
1321
1321
1322
1322
1323
1323
1324
1325
1325
1326
1326
1327
1327
1328
1328
1329
1330
1330
1331
1331
1332
1332
1333
1333
1334
1335
1335
1336
1336
1337
1337
1338
1338
1339
1340
1340
1341
1341
1342
1342
1343
1343
1344
1345
1345
1346
1346
1347
1347
1348
1348
1349
1350
1350
1351
1351
1352
1352
1353
1353
1354
1355
1355
1356
1356
1357
1357
1358
1358
1359
1360
1360
1361
1361
1362
1362
1363
1363
1364
1365
1365
1366
1366
1367
1367
1368
1368
1369
1370
1370
1371
1371
1372
1372
1373
1373
1374
1375
1375
1376
1376
1377
1377
1378
1378
1379
1380
1380
1381
1381
1382
1382
1383
1383
1384
1385
1385
1386
1386
1387
1387
1388
1388
1389
1390
1390
1391
1391
1392
1392
1393
1393
1394
1395
1395
1396
1396
1397
1397
1398
1398
1399
1400
1400
1401
1401
1402
1402
1403
1403
1404
1405
1405
1406
1406
1407
1407
1408
1408
1409
1410
1410
1411
1411
1412
1412
1413
1413
1414
1415
1415
1416
1416
1417
1417
1418
1418
1419
1420
1420
1421
1421
1422
1422
1423
1423
1424
1425
1425
1426
1426
1427
1427
1428
1428
1429
1430
1430
1431
1431
1432
1432
1433
1433
1434
1435
1435
1436
1436
1437
1437
1438
1438
1439
1440
1440
1441
1441
1442
1442
1443
1443
1444
1445
1445
1446
1446
1447
1447
1448
1448
1449
1450
1450
1451
1451
1452
1452
1453
1453
1454
1455
1455
1456
1456
1457
1457
1458
1458
1459
1460
1460
1461
1461
1462
1462
1463
1463
1464
1465
1465
1466
1466
1467
1467
1468
1468
1469
1470
1470
1471
1471
1472
1472
1473
1473
1474
1475
1475
1476
1476
1477
1477
1478
1478
1479
1480
1480
1481
1481
1482
1482
1483
1483
1484
1485
1485
1486
1486
1487
1487
1488
1488
1489
1490
1490
1491
1491
1492
1492
1493
1493
1494
1495
1496
1497
1498
0
1
2
3
4
1495
1496
1497
1498
1499
0
5
10
15
20
25
30
35
40
45
50
55
60
65
70
75
80
85
90
95
100
105
110
115
120
125
130
135
140
145
150
155
160
165
170
175
180
185
190
195
200
205
210
215
220
225
230
235
240
245
250
255
260
265
270
275
280
285
290
295
300
305
310
315
320
325
330
335
340
345
350
355
360
365
370
375
380
385
390
395
400
405
410
415
420
425
430
435
440
445
450
455
460
465
470
475
480
485
490
495
500
505
510
515
520
525
530
535
540
545
550
555
560
565
570
575
580
585
590
595
600
605
610
615
620
625
630
635
640
645
650
655
660
665
670
675
680
685
690
695
700
705
710
715
720
725
730
735
740
745
750
755
760
765
770
775
780
785
790
795
800
805
810
815
820
825
830
835
840
845
850
855
860
865
870
875
880
885
890
895
900
905
910
915
920
925
930
935
940
945
950
955
960
965
970
975
980
985
990
995
1000
1005
1010
1015
1020
1025
1030
1035
1040
1045
1050
1055
1060
1065
1070
1075
1080
1085
1090
1095
1100
1105
1110
1115
1120
1125
1130
1135
1140
1145
1150
1155
1160
1165
1170
1175
1180
1185
1190
1195
1200
1205
1210
1215
1220
1225
1230
1235
1240
1245
1250
1255
1260
1265
1270
1275
1280
1285
1290
1295
1300
1305
1310
1315
1320
1325
1330
1335
1340
1345
1350
1355
1360
1365
1370
1375
1380
1385
1390
1395
1400
1405
1410
1415
1420
1425
1430
1435
1440
1445
1450
1455
1460
1465
1470
1475
1480
1485
1490
1495
1
6
11
16
21
26
31
36
41
46
51
56
61
66
71
76
81
86
91
96
101
106
111
116
121
126
131
136
141
146
151
156
161
166
171
176
181
186
191
196
201
206
211
216
221
226
231
236
241
246
251
256
261
266
271
276
281
286
291
296
301
306
311
316
321
326
331
336
341
346
351
356
361
366
371
376
381
386
391
396
401
406
411
416
421
426
431
436
441
446
451
456
461
466
471
476
481
486
491
496
501
506
511
516
521
526
531
536
541
546
551
556
561
566
571
576
581
586
591
596
601
606
611
616
621
626
631
636
641
646
651
656
661
666
671
676
681
686
691
696
701
706
711
716
721
726
731
736
741
746
751
756
761
766
771
776
781
786
791
796
801
806
811
816
821
826
831
836
841
846
851
856
861
866
871
876
881
886
891
896
901
906
911
916
921
926
931
936
941
946
951
956
961
966
971
976
981
986
991
996
1001
1006
1011
1016
1021
1026
1031
1036
1041
1046
1051
1056
1061
1066
1071
1076
1081
1086
1091
1096
1101
1106
1111
1116
1121
1126
1131
1136
1141
1146
1151
1156
1161
1166
1171
1176
1181
1186
1191
1196
1201
1206
1211
1216
1221
1226
1231
1236
1241
1246
1251
1256
1261
1266
1271
1276
1281
1286
1291
1296
1301
1306
1311
1316
1321
1326
1331
1336
1341
1346
1351
1356
1361
1366
1371
1376
1381
1386
1391
1396
1401
1406
1411
1416
1421
1426
1431
1436
1441
1446
1451
1456
1461
1466
1471
1476
1481
1486
1491
1496
2
7
12
17
22
27
32
37
42
47
52
57
62
67
72
77
82
87
92
97
102
107
112
117
122
127
132
137
142
147
152
157
162
167
172
177
182
187
192
197
202
207
212
217
222
227
232
237
242
247
252
257
262
267
272
277
282
287
292
297
302
307
312
317
322
327
332
337
342
347
352
357
362
367
372
377
382
387
392
397
402
407
412
417
422
427
432
437
442
447
452
457
462
467
472
477
482
487
492
497
502
507
512
517
522
527
532
537
542
547
552
557
562
567
572
577
582
587
592
597
602
607
612
617
622
627
632
637
642
647
652
657
662
667
672
677
682
687
692
697
702
707
712
717
722
727
732
737
742
747
752
757
762
767
772
777
782
787
792
797
802
807
812
817
822
827
832
837
842
847
852
857
862
867
872
877
882
887
892
897
902
907
912
917
922
927
932
937
942
947
952
957
962
967
972
977
982
987
992
997
1002
1007
1012
1017
1022
1027
1032
1037
1042
1047
1052
1057
1062
1067
1072
1077
1082
1087
1092
1097
1102
1107
1112
1117
1122
1127
1132
1137
1142
1147
1152
1157
1162
1167
1172
1177
1182
1187
1192
1197
1202
1207
1212
1217
1222
1227
1232
1237
1242
1247
1252
1257
1262
1267
1272
1277
1282
1287
1292
1297
1302
1307
1312
1317
1322
1327
1332
1337
1342
1347
1352
1357
1362
1367
1372
1377
1382
1387
1392
1397
1402
1407
1412
1417
1422
1427
1432
1437
1442
1447
1452
1457
1462
1467
1472
1477
1482
1487
1492
1497
3
8
13
18
23
28
33
38
43
48
53
58
63
68
73
78
83
88
93
98
103
108
113
118
123
128
133
138
143
148
153
158
163
168
173
178
183
188
193
198
203
208
213
218
223
228
233
238
243
248
253
258
263
268
273
278
283
288
293
298
303
308
313
318
323
328
333
338
343
348
353
358
363
368
373
378
383
388
393
398
403
408
413
418
423
428
433
438
443
448
453
458
463
468
473
478
483
488
493
498
503
508
513
518
523
528
533
538
543
548
553
558
563
568
573
578
583
588
593
598
603
608
613
618
623
628
633
638
643
648
653
658
663
668
673
678
683
688
693
698
703
708
713
718
723
728
733
738
743
748
753
758
763
768
773
778
783
788
793
798
803
808
813
818
823
828
833
838
843
848
853
858
863
868
873
878
883
888
893
898
903
908
913
918
923
928
933
938
943
948
953
958
963
968
973
978
983
988
993
998
1003
1008
1013
1018
1023
1028
1033
1038
1043
1048
1053
1058
1063
1068
1073
1078
1083
1088
1093
1098
1103
1108
1113
1118
1123
1128
1133
1138
1143
1148
1153
1158
1163
1168
1173
1178
1183
1188
1193
1198
1203
1208
1213
1218
1223
1228
1233
1238
1243
1248
1253
1258
1263
1268
1273
1278
1283
1288
1293
1298
1303
1308
1313
1318
1323
1328
1333
1338
1343
1348
1353
1358
1363
1368
1373
1378
1383
1388
1393
1398
1403
1408
1413
1418
1423
1428
1433
1438
1443
1448
1453
1458
1463
1468
1473
1478
1483
1488
1493
1498
4
9
14
19
24
29
34
39
44
49
54
59
64
69
74
79
84
89
94
99
104
109
114
119
124
129
134
139
144
149
154
159
164
169
174
179
184
189
194
199
204
209
214
219
224
229
234
239
244
249
254
259
264
269
274
279
284
289
294
299
304
309
314
319
324
329
334
339
344
349
354
359
364
369
374
379
384
389
394
399
404
409
414
419
424
429
434
439
444
449
454
459
464
469
474
479
484
489
494
499
504
509
514
519
524
529
534
539
544
549
554
559
564
569
574
579
584
589
594
599
604
609
614
619
624
629
634
639
644
649
654
659
664
669
674
679
684
689
694
699
704
709
714
719
724
729
734
739
744
749
754
759
764
769
774
779
784
789
794
799
804
809
814
819
824
829
834
839
844
849
854
859
864
869
874
879
884
889
894
899
904
909
914
919
924
929
934
939
944
949
954
959
964
969
974
979
984
989
994
999
1004
1009
1014
1019
1024
1029
1034
1039
1044
1049
1054
1059
1064
1069
1074
1079
1084
1089
1094
1099
1104
1109
1114
1119
1124
1129
1134
1139
1144
1149
1154
1159
1164
1169
1174
1179
1184
1189
1194
1199
1204
1209
1214
1219
1224
1229
1234
1239
1244
1249
1254
1259
1264
1269
1274
1279
1284
1289
1294
1299
1304
1309
1314
1319
1324
1329
1334
1339
1344
1349
1354
1359
1364
1369
1374
1379
1384
1389
1394
1399
1404
1409
1414
1419
1424
1429
1434
1439
1444
1449
1454
1459
1464
1469
1474
1479
1484
1489
1494
1499
0
5
10
15
20
25
30
35
40
45
50
55
60
65
70
75
80
85
90
95
100
105
110
115
120
125
130
135
140
145
150
155
160
165
170
175
180
185
190
195
200
205
210
215
220
225
230
235
240
245
250
255
260
265
270
275
280
285
290
295
300
305
310
315
320
325
330
335
340
345
350
355
360
365
370
375
380
385
390
395
400
405
410
415
420
425
430
435
440
445
450
455
460
465
470
475
480
485
490
495
500
505
510
515
520
525
530
535
540
545
550
555
560
565
570
575
580
585
590
595
600
605
610
615
620
625
630
635
640
645
650
655
660
665
670
675
680
685
690
695
700
705
710
715
720
725
730
735
740
745
750
755
760
765
770
775
780
785
790
795
800
805
810
815
820
825
830
835
840
845
850
855
860
865
870
875
880
885
890
895
900
905
910
915
920
925
930
935
940
945
950
955
960
965
970
975
980
985
990
995
1000
1005
1010
1015
1020
1025
1030
1035
1040
1045
1050
1055
1060
1065
1070
1075
1080
1085
1090
1095
1100
1105
1110
1115
1120
1125
1130
1135
1140
1145
1150
1155
1160
1165
1170
1175
1180
1185
1190
1195
1200
1205
1210
1215
1220
1225
1230
1235
1240
1245
1250
1255
1260
1265
1270
1275
1280
1285
1290
1295
1300
1305
1310
1315
1320
1325
1330
1335
1340
1345
1350
1355
1360
1365
1370
1375
1380
1385
1390
1395
1400
1405
1410
1415
1420
1425
1430
1435
1440
1445
1450
1455
1460
1465
1470
1475
1480
1485
1490
1495
1
6
11
16
21
26
31
36
41
46
51
56
61
66
71
76
81
86
91
96
101
106
111
116
121
126
131
136
141
146
151
156
161
166
171
176
181
186
191
196
201
206
211
216
221
226
231
236
241
246
251
256
261
266
271
276
281
286
291
296
301
306
311
316
321
326
331
336
341
346
351
356
361
366
371
376
381
386
391
396
401
406
411
416
421
426
431
436
441
446
451
456
461
466
471
476
481
486
491
496
501
506
511
516
521
526
531
536
541
546
551
556
561
566
571
576
581
586
591
596
601
606
611
616
621
626
631
636
641
646
651
656
661
666
671
676
681
686
691
696
701
706
711
716
721
726
731
736
741
746
751
756
761
766
771
776
781
786
791
796
801
806
811
816
821
826
831
836
841
846
851
856
861
866
871
876
881
886
891
896
901
906
911
916
921
926
931
936
941
946
951
956
961
966
971
976
981
986
991
996
1001
1006
1011
1016
1021
1026
1031
1036
1041
1046
1051
1056
1061
1066
1071
1076
1081
1086
1091
1096
1101
1106
1111
1116
1121
1126
1131
1136
1141
1146
1151
1156
1161
1166
1171
1176
1181
1186
1191
1196
1201
1206
1211
1216
1221
1226
1231
1236
1241
1246
1251
1256
1261
1266
1271
1276
1281
1286
1291
1296
1301
1306
1311
1316
1321
1326
1331
1336
1341
1346
1351
1356
1361
1366
1371
1376
1381
1386
1391
1396
1401
1406
1411
1416
1421
1426
1431
1436
1441
1446
1451
1456
1461
1466
1471
1476
1481
1486
1491
1496
2
7
12
17
22
27
32
37
42
47
52
57
62
67
72
77
82
87
92
97
102
107
112
117
122
127
132
137
142
147
152
157
162
167
172
177
182
187
192
197
202
207
212
217
222
227
232
237
242
247
252
257
262
267
272
277
282
287
292
297
302
307
312
317
322
327
332
337
342
347
352
357
362
367
372
377
382
387
392
397
402
407
412
417
422
427
432
437
442
447
452
457
462
467
472
477
482
487
492
497
502
507
512
517
522
527
532
537
542
547
552
557
562
567
572
577
582
587
592
597
602
607
612
617
622
627
632
637
642
647
652
657
662
667
672
677
682
687
692
697
702
707
712
717
722
727
732
737
742
747
752
757
762
767
772
777
782
787
792
797
802
807
812
817
822
827
832
837
842
847
852
857
862
867
872
877
882
887
892
897
902
907
912
917
922
927
932
937
942
947
952
957
962
967
972
977
982
987
992
997
1002
1007
1012
1017
1022
1027
1032
1037
1042
1047
1052
1057
1062
1067
1072
1077
1082
1087
1092
1097
1102
1107
1112
1117
1122
1127
1132
1137
1142
1147
1152
1157
1162
1167
1172
1177
1182
1187
1192
1197
1202
1207
1212
1217
1222
1227
1232
1237
1242
1247
1252
1257
1262
1267
1272
1277
1282
1287
1292
1297
1302
1307
1312
1317
1322
1327
1332
1337
1342
1347
1352
1357
1362
1367
1372
1377
1382
1387
1392
1397
1402
1407
1412
1417
1422
1427
1432
1437
1442
1447
1452
1457
1462
1467
1472
1477
1482
1487
1492
1497
3
8
13
18
23
28
33
38
43
48
53
58
63
68
73
78
83
88
93
98
103
108
113
118
123
128
133
138
143
148
153
158
163
168
173
178
183
188
193
198
203
208
213
218
223
228
233
238
243
248
253
258
263
268
273
278
283
288
293
298
303
308
313
318
323
328
333
338
343
348
353
358
363
368
373
378
383
388
393
398
403
408
413
418
423
428
433
438
443
448
453
458
463
468
473
478
483
488
493
498
503
508
513
518
523
528
533
538
543
548
553
558
563
568
573
578
583
588
593
598
603
608
613
618
623
628
633
638
643
648
653
658
663
668
673
678
683
688
693
698
703
708
713
718
723
728
733
738
743
748
753
758
763
768
773
778
783
788
793
798
803
808
813
818
823
828
833
838
843
848
853
858
863
868
873
878
883
888
893
898
903
908
913
918
923
928
933
938
943
948
953
958
963
968
973
978
983
988
993
998
1003
1008
1013
1018
1023
1028
1033
1038
1043
1048
1053
1058
1063
1068
1073
1078
1083
1088
1093
1098
1103
1108
1113
1118
1123
1128
1133
1138
1143
1148
1153
1158
1163
1168
1173
1178
1183
1188
1193
1198
1203
1208
1213
1218
1223
1228
1233
1238
1243
1248
1253
1258
1263
1268
1273
1278
1283
1288
1293
1298
1303
1308
1313
1318
1323
1328
1333
1338
1343
1348
1353
1358
1363
1368
1373
1378
1383
1388
1393
1398
1403
1408
1413
1418
1423
1428
1433
1438
1443
1448
1453
1458
1463
1468
1473
1478
1483
1488
1493
1498
4
9
14
19
24
29
34
39
44
49
54
59
64
69
74
79
84
89
94
99
104
109
114
119
124
129
134
139
144
149
154
159
164
169
174
179
184
189
194
199
204
209
214
219
224
229
234
239
244
249
254
259
264
269
274
279
284
289
294
299
304
309
314
319
324
329
334
339
344
349
354
359
364
369
374
379
384
389
394
399
404
409
414
419
424
429
434
439
444
449
454
459
464
469
474
479
484
489
494
499
504
509
514
519
524
529
534
539
544
549
554
559
564
569
574
579
584
589
594
599
604
609
614
619
624
629
634
639
644
649
654
659
664
669
674
679
684
689
694
699
704
709
714
719
724
729
734
739
744
749
754
759
764
769
774
779
784
789
794
799
804
809
814
819
824
829
834
839
844
849
854
859
864
869
874
879
884
889
894
899
904
909
914
919
924
929
934
939
944
949
954
959
964
969
974
979
984
989
994
999
1004
1009
1014
1019
1024
1029
1034
1039
1044
1049
1054
1059
1064
1069
1074
1079
1084
1089
1094
1099
1104
1109
1114
1119
1124
1129
1134
1139
1144
1149
1154
1159
1164
1169
1174
1179
1184
1189
1194
1199
1204
1209
1214
1219
1224
1229
1234
1239
1244
1249
1254
1259
1264
1269
1274
1279
1284
1289
1294
1299
1304
1309
1314
1319
1324
1329
1334
1339
1344
1349
1354
1359
1364
1369
1374
1379
1384
1389
1394
1399
1404
1409
1414
1419
1424
1429
1434
1439
1444
1449
1454
1459
1464
1469
1474
1479
1484
1489
1494
1499
0
5
10
15
20
25
30
35
40
45
50
55
60
65
70
75
80
85
90
95
100
105
110
115
120
125
130
135
140
145
150
155
160
165
170
175
180
185
190
195
200
205
210
215
220
225
230
235
240
245
250
255
260
265
270
275
280
285
290
295
300
305
310
315
320
325
330
335
340
345
350
355
360
365
370
375
380
385
390
395
400
405
410
415
420
425
430
435
440
445
450
455
460
465
470
475
480
485
490
495
500
505
510
515
520
525
530
535
540
545
550
555
560
565
570
575
580
585
590
595
600
605
610
615
620
625
630
635
640
645
650
655
660
665
670
675
680
685
690
695
700
705
710
715
720
725
730
735
740
745
750
755
760
765
770
775
780
785
790
795
800
805
810
815
820
825
830
835
840
845
850
855
860
865
870
875
880
885
890
895
900
905
910
915
920
925
930
935
940
945
950
955
960
965
970
975
980
985
990
995
1000
1005
1010
1015
1020
1025
1030
1035
1040
1045
1050
1055
1060
1065
1070
1075
1080
1085
1090
1095
1100
1105
1110
1115
1120
1125
1130
1135
1140
1145
1150
1155
1160
1165
1170
1175
1180
1185
1190
1195
1200
1205
1210
1215
1220
1225
1230
1235
1240
1245
1250
1255
1260
1265
1270
1275
1280
1285
1290
1295
1300
1305
1310
1315
1320
1325
1330
1335
1340
1345
1350
1355
1360
1365
1370
1375
1380
1385
1390
1395
1400
1405
1410
1415
1420
1425
1430
1435
1440
1445
1450
1455
1460
1465
1470
1475
1480
1485
1490
1495
4
9
14
19
24
29
34
39
44
49
54
59
64
69
74
79
84
89
94
99
104
109
114
119
124
129
134
139
144
149
154
159
164
169
174
179
184
189
194
199
204
209
214
219
224
229
234
239
244
249
254
259
264
269
274
279
284
289
294
299
304
309
314
319
324
329
334
339
344
349
354
359
364
369
374
379
384
389
394
399
404
409
414
419
424
429
434
439
444
449
454
459
464
469
474
479
484
489
494
499
504
509
514
519
524
529
534
539
544
549
554
559
564
569
574
579
584
589
594
599
604
609
614
619
624
629
634
639
644
649
654
659
664
669
674
679
684
689
694
699
704
709
714
719
724
729
734
739
744
749
754
759
764
769
774
779
784
789
794
799
804
809
814
819
824
829
834
839
844
849
854
859
864
869
874
879
884
889
894
899
904
909
914
919
924
929
934
939
944
949
954
959
964
969
974
979
984
989
994
999
1004
1009
1014
1019
1024
1029
1034
1039
1044
1049
1054
1059
1064
1069
1074
1079
1084
1089
1094
1099
1104
1109
1114
1119
1124
1129
1134
1139
1144
1149
1154
1159
1164
1169
1174
1179
1184
1189
1194
1199
1204
1209
1214
1219
1224
1229
1234
1239
1244
1249
1254
1259
1264
1269
1274
1279
1284
1289
1294
1299
1304
1309
1314
1319
1324
1329
1334
1339
1344
1349
1354
1359
1364
1369
1374
1379
1384
1389
1394
1399
1404
1409
1414
1419
1424
1429
1434
1439
1444
1449
1454
1459
1464
1469
1474
1479
1484
1489
1494
1499
)


// ************************************************************************* //
