/*--------------------------------*- C++ -*----------------------------------*\
| =========                 |                                                 |
| \\      /  F ield         | OpenFOAM: The Open Source CFD Toolbox           |
|  \\    /   O peration     | Version:  2.4.0                                 |
|   \\  /    A nd           | Web:      www.OpenFOAM.org                      |
|    \\/     M anipulation  |                                                 |
\*---------------------------------------------------------------------------*/
FoamFile
{
    version     2.0;
    format      ascii;
    class       vectorField;
    location    "constant/polyMesh";
    object      points;
}
// * * * * * * * * * * * * * * * * * * * * * * * * * * * * * * * * * * * * * //


1122
(
(0 0 0)
(0.0002 0 0)
(0.0004 0 0)
(0.0006 0 0)
(0.0008 0 0)
(0.001 0 0)
(0.0012 0 0)
(0.0014 0 0)
(0.0016 0 0)
(0.0018 0 0)
(0.002 0 0)
(0 2e-05 0)
(0.0002 2e-05 0)
(0.0004 2e-05 0)
(0.0006 2e-05 0)
(0.0008 2e-05 0)
(0.001 2e-05 0)
(0.0012 2e-05 0)
(0.0014 2e-05 0)
(0.0016 2e-05 0)
(0.0018 2e-05 0)
(0.002 2e-05 0)
(0 4e-05 0)
(0.0002 4e-05 0)
(0.0004 4e-05 0)
(0.0006 4e-05 0)
(0.0008 4e-05 0)
(0.001 4e-05 0)
(0.0012 4e-05 0)
(0.0014 4e-05 0)
(0.0016 4e-05 0)
(0.0018 4e-05 0)
(0.002 4e-05 0)
(0 6e-05 0)
(0.0002 6e-05 0)
(0.0004 6e-05 0)
(0.0006 6e-05 0)
(0.0008 6e-05 0)
(0.001 6e-05 0)
(0.0012 6e-05 0)
(0.0014 6e-05 0)
(0.0016 6e-05 0)
(0.0018 6e-05 0)
(0.002 6e-05 0)
(0 8e-05 0)
(0.0002 8e-05 0)
(0.0004 8e-05 0)
(0.0006 8e-05 0)
(0.0008 8e-05 0)
(0.001 8e-05 0)
(0.0012 8e-05 0)
(0.0014 8e-05 0)
(0.0016 8e-05 0)
(0.0018 8e-05 0)
(0.002 8e-05 0)
(0 0.0001 0)
(0.0002 0.0001 0)
(0.0004 0.0001 0)
(0.0006 0.0001 0)
(0.0008 0.0001 0)
(0.001 0.0001 0)
(0.0012 0.0001 0)
(0.0014 0.0001 0)
(0.0016 0.0001 0)
(0.0018 0.0001 0)
(0.002 0.0001 0)
(0 0.00012 0)
(0.0002 0.00012 0)
(0.0004 0.00012 0)
(0.0006 0.00012 0)
(0.0008 0.00012 0)
(0.001 0.00012 0)
(0.0012 0.00012 0)
(0.0014 0.00012 0)
(0.0016 0.00012 0)
(0.0018 0.00012 0)
(0.002 0.00012 0)
(0 0.00014 0)
(0.0002 0.00014 0)
(0.0004 0.00014 0)
(0.0006 0.00014 0)
(0.0008 0.00014 0)
(0.001 0.00014 0)
(0.0012 0.00014 0)
(0.0014 0.00014 0)
(0.0016 0.00014 0)
(0.0018 0.00014 0)
(0.002 0.00014 0)
(0 0.00016 0)
(0.0002 0.00016 0)
(0.0004 0.00016 0)
(0.0006 0.00016 0)
(0.0008 0.00016 0)
(0.001 0.00016 0)
(0.0012 0.00016 0)
(0.0014 0.00016 0)
(0.0016 0.00016 0)
(0.0018 0.00016 0)
(0.002 0.00016 0)
(0 0.00018 0)
(0.0002 0.00018 0)
(0.0004 0.00018 0)
(0.0006 0.00018 0)
(0.0008 0.00018 0)
(0.001 0.00018 0)
(0.0012 0.00018 0)
(0.0014 0.00018 0)
(0.0016 0.00018 0)
(0.0018 0.00018 0)
(0.002 0.00018 0)
(0 0.0002 0)
(0.0002 0.0002 0)
(0.0004 0.0002 0)
(0.0006 0.0002 0)
(0.0008 0.0002 0)
(0.001 0.0002 0)
(0.0012 0.0002 0)
(0.0014 0.0002 0)
(0.0016 0.0002 0)
(0.0018 0.0002 0)
(0.002 0.0002 0)
(0 0.00022 0)
(0.0002 0.00022 0)
(0.0004 0.00022 0)
(0.0006 0.00022 0)
(0.0008 0.00022 0)
(0.001 0.00022 0)
(0.0012 0.00022 0)
(0.0014 0.00022 0)
(0.0016 0.00022 0)
(0.0018 0.00022 0)
(0.002 0.00022 0)
(0 0.00024 0)
(0.0002 0.00024 0)
(0.0004 0.00024 0)
(0.0006 0.00024 0)
(0.0008 0.00024 0)
(0.001 0.00024 0)
(0.0012 0.00024 0)
(0.0014 0.00024 0)
(0.0016 0.00024 0)
(0.0018 0.00024 0)
(0.002 0.00024 0)
(0 0.00026 0)
(0.0002 0.00026 0)
(0.0004 0.00026 0)
(0.0006 0.00026 0)
(0.0008 0.00026 0)
(0.001 0.00026 0)
(0.0012 0.00026 0)
(0.0014 0.00026 0)
(0.0016 0.00026 0)
(0.0018 0.00026 0)
(0.002 0.00026 0)
(0 0.00028 0)
(0.0002 0.00028 0)
(0.0004 0.00028 0)
(0.0006 0.00028 0)
(0.0008 0.00028 0)
(0.001 0.00028 0)
(0.0012 0.00028 0)
(0.0014 0.00028 0)
(0.0016 0.00028 0)
(0.0018 0.00028 0)
(0.002 0.00028 0)
(0 0.0003 0)
(0.0002 0.0003 0)
(0.0004 0.0003 0)
(0.0006 0.0003 0)
(0.0008 0.0003 0)
(0.001 0.0003 0)
(0.0012 0.0003 0)
(0.0014 0.0003 0)
(0.0016 0.0003 0)
(0.0018 0.0003 0)
(0.002 0.0003 0)
(0 0.00032 0)
(0.0002 0.00032 0)
(0.0004 0.00032 0)
(0.0006 0.00032 0)
(0.0008 0.00032 0)
(0.001 0.00032 0)
(0.0012 0.00032 0)
(0.0014 0.00032 0)
(0.0016 0.00032 0)
(0.0018 0.00032 0)
(0.002 0.00032 0)
(0 0.00034 0)
(0.0002 0.00034 0)
(0.0004 0.00034 0)
(0.0006 0.00034 0)
(0.0008 0.00034 0)
(0.001 0.00034 0)
(0.0012 0.00034 0)
(0.0014 0.00034 0)
(0.0016 0.00034 0)
(0.0018 0.00034 0)
(0.002 0.00034 0)
(0 0.00036 0)
(0.0002 0.00036 0)
(0.0004 0.00036 0)
(0.0006 0.00036 0)
(0.0008 0.00036 0)
(0.001 0.00036 0)
(0.0012 0.00036 0)
(0.0014 0.00036 0)
(0.0016 0.00036 0)
(0.0018 0.00036 0)
(0.002 0.00036 0)
(0 0.00038 0)
(0.0002 0.00038 0)
(0.0004 0.00038 0)
(0.0006 0.00038 0)
(0.0008 0.00038 0)
(0.001 0.00038 0)
(0.0012 0.00038 0)
(0.0014 0.00038 0)
(0.0016 0.00038 0)
(0.0018 0.00038 0)
(0.002 0.00038 0)
(0 0.0004 0)
(0.0002 0.0004 0)
(0.0004 0.0004 0)
(0.0006 0.0004 0)
(0.0008 0.0004 0)
(0.001 0.0004 0)
(0.0012 0.0004 0)
(0.0014 0.0004 0)
(0.0016 0.0004 0)
(0.0018 0.0004 0)
(0.002 0.0004 0)
(0 0.00042 0)
(0.0002 0.00042 0)
(0.0004 0.00042 0)
(0.0006 0.00042 0)
(0.0008 0.00042 0)
(0.001 0.00042 0)
(0.0012 0.00042 0)
(0.0014 0.00042 0)
(0.0016 0.00042 0)
(0.0018 0.00042 0)
(0.002 0.00042 0)
(0 0.00044 0)
(0.0002 0.00044 0)
(0.0004 0.00044 0)
(0.0006 0.00044 0)
(0.0008 0.00044 0)
(0.001 0.00044 0)
(0.0012 0.00044 0)
(0.0014 0.00044 0)
(0.0016 0.00044 0)
(0.0018 0.00044 0)
(0.002 0.00044 0)
(0 0.00046 0)
(0.0002 0.00046 0)
(0.0004 0.00046 0)
(0.0006 0.00046 0)
(0.0008 0.00046 0)
(0.001 0.00046 0)
(0.0012 0.00046 0)
(0.0014 0.00046 0)
(0.0016 0.00046 0)
(0.0018 0.00046 0)
(0.002 0.00046 0)
(0 0.00048 0)
(0.0002 0.00048 0)
(0.0004 0.00048 0)
(0.0006 0.00048 0)
(0.0008 0.00048 0)
(0.001 0.00048 0)
(0.0012 0.00048 0)
(0.0014 0.00048 0)
(0.0016 0.00048 0)
(0.0018 0.00048 0)
(0.002 0.00048 0)
(0 0.0005 0)
(0.0002 0.0005 0)
(0.0004 0.0005 0)
(0.0006 0.0005 0)
(0.0008 0.0005 0)
(0.001 0.0005 0)
(0.0012 0.0005 0)
(0.0014 0.0005 0)
(0.0016 0.0005 0)
(0.0018 0.0005 0)
(0.002 0.0005 0)
(0 0.00052 0)
(0.0002 0.00052 0)
(0.0004 0.00052 0)
(0.0006 0.00052 0)
(0.0008 0.00052 0)
(0.001 0.00052 0)
(0.0012 0.00052 0)
(0.0014 0.00052 0)
(0.0016 0.00052 0)
(0.0018 0.00052 0)
(0.002 0.00052 0)
(0 0.00054 0)
(0.0002 0.00054 0)
(0.0004 0.00054 0)
(0.0006 0.00054 0)
(0.0008 0.00054 0)
(0.001 0.00054 0)
(0.0012 0.00054 0)
(0.0014 0.00054 0)
(0.0016 0.00054 0)
(0.0018 0.00054 0)
(0.002 0.00054 0)
(0 0.00056 0)
(0.0002 0.00056 0)
(0.0004 0.00056 0)
(0.0006 0.00056 0)
(0.0008 0.00056 0)
(0.001 0.00056 0)
(0.0012 0.00056 0)
(0.0014 0.00056 0)
(0.0016 0.00056 0)
(0.0018 0.00056 0)
(0.002 0.00056 0)
(0 0.00058 0)
(0.0002 0.00058 0)
(0.0004 0.00058 0)
(0.0006 0.00058 0)
(0.0008 0.00058 0)
(0.001 0.00058 0)
(0.0012 0.00058 0)
(0.0014 0.00058 0)
(0.0016 0.00058 0)
(0.0018 0.00058 0)
(0.002 0.00058 0)
(0 0.0006 0)
(0.0002 0.0006 0)
(0.0004 0.0006 0)
(0.0006 0.0006 0)
(0.0008 0.0006 0)
(0.001 0.0006 0)
(0.0012 0.0006 0)
(0.0014 0.0006 0)
(0.0016 0.0006 0)
(0.0018 0.0006 0)
(0.002 0.0006 0)
(0 0.00062 0)
(0.0002 0.00062 0)
(0.0004 0.00062 0)
(0.0006 0.00062 0)
(0.0008 0.00062 0)
(0.001 0.00062 0)
(0.0012 0.00062 0)
(0.0014 0.00062 0)
(0.0016 0.00062 0)
(0.0018 0.00062 0)
(0.002 0.00062 0)
(0 0.00064 0)
(0.0002 0.00064 0)
(0.0004 0.00064 0)
(0.0006 0.00064 0)
(0.0008 0.00064 0)
(0.001 0.00064 0)
(0.0012 0.00064 0)
(0.0014 0.00064 0)
(0.0016 0.00064 0)
(0.0018 0.00064 0)
(0.002 0.00064 0)
(0 0.00066 0)
(0.0002 0.00066 0)
(0.0004 0.00066 0)
(0.0006 0.00066 0)
(0.0008 0.00066 0)
(0.001 0.00066 0)
(0.0012 0.00066 0)
(0.0014 0.00066 0)
(0.0016 0.00066 0)
(0.0018 0.00066 0)
(0.002 0.00066 0)
(0 0.00068 0)
(0.0002 0.00068 0)
(0.0004 0.00068 0)
(0.0006 0.00068 0)
(0.0008 0.00068 0)
(0.001 0.00068 0)
(0.0012 0.00068 0)
(0.0014 0.00068 0)
(0.0016 0.00068 0)
(0.0018 0.00068 0)
(0.002 0.00068 0)
(0 0.0007 0)
(0.0002 0.0007 0)
(0.0004 0.0007 0)
(0.0006 0.0007 0)
(0.0008 0.0007 0)
(0.001 0.0007 0)
(0.0012 0.0007 0)
(0.0014 0.0007 0)
(0.0016 0.0007 0)
(0.0018 0.0007 0)
(0.002 0.0007 0)
(0 0.00072 0)
(0.0002 0.00072 0)
(0.0004 0.00072 0)
(0.0006 0.00072 0)
(0.0008 0.00072 0)
(0.001 0.00072 0)
(0.0012 0.00072 0)
(0.0014 0.00072 0)
(0.0016 0.00072 0)
(0.0018 0.00072 0)
(0.002 0.00072 0)
(0 0.00074 0)
(0.0002 0.00074 0)
(0.0004 0.00074 0)
(0.0006 0.00074 0)
(0.0008 0.00074 0)
(0.001 0.00074 0)
(0.0012 0.00074 0)
(0.0014 0.00074 0)
(0.0016 0.00074 0)
(0.0018 0.00074 0)
(0.002 0.00074 0)
(0 0.00076 0)
(0.0002 0.00076 0)
(0.0004 0.00076 0)
(0.0006 0.00076 0)
(0.0008 0.00076 0)
(0.001 0.00076 0)
(0.0012 0.00076 0)
(0.0014 0.00076 0)
(0.0016 0.00076 0)
(0.0018 0.00076 0)
(0.002 0.00076 0)
(0 0.00078 0)
(0.0002 0.00078 0)
(0.0004 0.00078 0)
(0.0006 0.00078 0)
(0.0008 0.00078 0)
(0.001 0.00078 0)
(0.0012 0.00078 0)
(0.0014 0.00078 0)
(0.0016 0.00078 0)
(0.0018 0.00078 0)
(0.002 0.00078 0)
(0 0.0008 0)
(0.0002 0.0008 0)
(0.0004 0.0008 0)
(0.0006 0.0008 0)
(0.0008 0.0008 0)
(0.001 0.0008 0)
(0.0012 0.0008 0)
(0.0014 0.0008 0)
(0.0016 0.0008 0)
(0.0018 0.0008 0)
(0.002 0.0008 0)
(0 0.00082 0)
(0.0002 0.00082 0)
(0.0004 0.00082 0)
(0.0006 0.00082 0)
(0.0008 0.00082 0)
(0.001 0.00082 0)
(0.0012 0.00082 0)
(0.0014 0.00082 0)
(0.0016 0.00082 0)
(0.0018 0.00082 0)
(0.002 0.00082 0)
(0 0.00084 0)
(0.0002 0.00084 0)
(0.0004 0.00084 0)
(0.0006 0.00084 0)
(0.0008 0.00084 0)
(0.001 0.00084 0)
(0.0012 0.00084 0)
(0.0014 0.00084 0)
(0.0016 0.00084 0)
(0.0018 0.00084 0)
(0.002 0.00084 0)
(0 0.00086 0)
(0.0002 0.00086 0)
(0.0004 0.00086 0)
(0.0006 0.00086 0)
(0.0008 0.00086 0)
(0.001 0.00086 0)
(0.0012 0.00086 0)
(0.0014 0.00086 0)
(0.0016 0.00086 0)
(0.0018 0.00086 0)
(0.002 0.00086 0)
(0 0.00088 0)
(0.0002 0.00088 0)
(0.0004 0.00088 0)
(0.0006 0.00088 0)
(0.0008 0.00088 0)
(0.001 0.00088 0)
(0.0012 0.00088 0)
(0.0014 0.00088 0)
(0.0016 0.00088 0)
(0.0018 0.00088 0)
(0.002 0.00088 0)
(0 0.0009 0)
(0.0002 0.0009 0)
(0.0004 0.0009 0)
(0.0006 0.0009 0)
(0.0008 0.0009 0)
(0.001 0.0009 0)
(0.0012 0.0009 0)
(0.0014 0.0009 0)
(0.0016 0.0009 0)
(0.0018 0.0009 0)
(0.002 0.0009 0)
(0 0.00092 0)
(0.0002 0.00092 0)
(0.0004 0.00092 0)
(0.0006 0.00092 0)
(0.0008 0.00092 0)
(0.001 0.00092 0)
(0.0012 0.00092 0)
(0.0014 0.00092 0)
(0.0016 0.00092 0)
(0.0018 0.00092 0)
(0.002 0.00092 0)
(0 0.00094 0)
(0.0002 0.00094 0)
(0.0004 0.00094 0)
(0.0006 0.00094 0)
(0.0008 0.00094 0)
(0.001 0.00094 0)
(0.0012 0.00094 0)
(0.0014 0.00094 0)
(0.0016 0.00094 0)
(0.0018 0.00094 0)
(0.002 0.00094 0)
(0 0.00096 0)
(0.0002 0.00096 0)
(0.0004 0.00096 0)
(0.0006 0.00096 0)
(0.0008 0.00096 0)
(0.001 0.00096 0)
(0.0012 0.00096 0)
(0.0014 0.00096 0)
(0.0016 0.00096 0)
(0.0018 0.00096 0)
(0.002 0.00096 0)
(0 0.00098 0)
(0.0002 0.00098 0)
(0.0004 0.00098 0)
(0.0006 0.00098 0)
(0.0008 0.00098 0)
(0.001 0.00098 0)
(0.0012 0.00098 0)
(0.0014 0.00098 0)
(0.0016 0.00098 0)
(0.0018 0.00098 0)
(0.002 0.00098 0)
(0 0.001 0)
(0.0002 0.001 0)
(0.0004 0.001 0)
(0.0006 0.001 0)
(0.0008 0.001 0)
(0.001 0.001 0)
(0.0012 0.001 0)
(0.0014 0.001 0)
(0.0016 0.001 0)
(0.0018 0.001 0)
(0.002 0.001 0)
(0 0 0.0005)
(0.0002 0 0.0005)
(0.0004 0 0.0005)
(0.0006 0 0.0005)
(0.0008 0 0.0005)
(0.001 0 0.0005)
(0.0012 0 0.0005)
(0.0014 0 0.0005)
(0.0016 0 0.0005)
(0.0018 0 0.0005)
(0.002 0 0.0005)
(0 2e-05 0.0005)
(0.0002 2e-05 0.0005)
(0.0004 2e-05 0.0005)
(0.0006 2e-05 0.0005)
(0.0008 2e-05 0.0005)
(0.001 2e-05 0.0005)
(0.0012 2e-05 0.0005)
(0.0014 2e-05 0.0005)
(0.0016 2e-05 0.0005)
(0.0018 2e-05 0.0005)
(0.002 2e-05 0.0005)
(0 4e-05 0.0005)
(0.0002 4e-05 0.0005)
(0.0004 4e-05 0.0005)
(0.0006 4e-05 0.0005)
(0.0008 4e-05 0.0005)
(0.001 4e-05 0.0005)
(0.0012 4e-05 0.0005)
(0.0014 4e-05 0.0005)
(0.0016 4e-05 0.0005)
(0.0018 4e-05 0.0005)
(0.002 4e-05 0.0005)
(0 6e-05 0.0005)
(0.0002 6e-05 0.0005)
(0.0004 6e-05 0.0005)
(0.0006 6e-05 0.0005)
(0.0008 6e-05 0.0005)
(0.001 6e-05 0.0005)
(0.0012 6e-05 0.0005)
(0.0014 6e-05 0.0005)
(0.0016 6e-05 0.0005)
(0.0018 6e-05 0.0005)
(0.002 6e-05 0.0005)
(0 8e-05 0.0005)
(0.0002 8e-05 0.0005)
(0.0004 8e-05 0.0005)
(0.0006 8e-05 0.0005)
(0.0008 8e-05 0.0005)
(0.001 8e-05 0.0005)
(0.0012 8e-05 0.0005)
(0.0014 8e-05 0.0005)
(0.0016 8e-05 0.0005)
(0.0018 8e-05 0.0005)
(0.002 8e-05 0.0005)
(0 0.0001 0.0005)
(0.0002 0.0001 0.0005)
(0.0004 0.0001 0.0005)
(0.0006 0.0001 0.0005)
(0.0008 0.0001 0.0005)
(0.001 0.0001 0.0005)
(0.0012 0.0001 0.0005)
(0.0014 0.0001 0.0005)
(0.0016 0.0001 0.0005)
(0.0018 0.0001 0.0005)
(0.002 0.0001 0.0005)
(0 0.00012 0.0005)
(0.0002 0.00012 0.0005)
(0.0004 0.00012 0.0005)
(0.0006 0.00012 0.0005)
(0.0008 0.00012 0.0005)
(0.001 0.00012 0.0005)
(0.0012 0.00012 0.0005)
(0.0014 0.00012 0.0005)
(0.0016 0.00012 0.0005)
(0.0018 0.00012 0.0005)
(0.002 0.00012 0.0005)
(0 0.00014 0.0005)
(0.0002 0.00014 0.0005)
(0.0004 0.00014 0.0005)
(0.0006 0.00014 0.0005)
(0.0008 0.00014 0.0005)
(0.001 0.00014 0.0005)
(0.0012 0.00014 0.0005)
(0.0014 0.00014 0.0005)
(0.0016 0.00014 0.0005)
(0.0018 0.00014 0.0005)
(0.002 0.00014 0.0005)
(0 0.00016 0.0005)
(0.0002 0.00016 0.0005)
(0.0004 0.00016 0.0005)
(0.0006 0.00016 0.0005)
(0.0008 0.00016 0.0005)
(0.001 0.00016 0.0005)
(0.0012 0.00016 0.0005)
(0.0014 0.00016 0.0005)
(0.0016 0.00016 0.0005)
(0.0018 0.00016 0.0005)
(0.002 0.00016 0.0005)
(0 0.00018 0.0005)
(0.0002 0.00018 0.0005)
(0.0004 0.00018 0.0005)
(0.0006 0.00018 0.0005)
(0.0008 0.00018 0.0005)
(0.001 0.00018 0.0005)
(0.0012 0.00018 0.0005)
(0.0014 0.00018 0.0005)
(0.0016 0.00018 0.0005)
(0.0018 0.00018 0.0005)
(0.002 0.00018 0.0005)
(0 0.0002 0.0005)
(0.0002 0.0002 0.0005)
(0.0004 0.0002 0.0005)
(0.0006 0.0002 0.0005)
(0.0008 0.0002 0.0005)
(0.001 0.0002 0.0005)
(0.0012 0.0002 0.0005)
(0.0014 0.0002 0.0005)
(0.0016 0.0002 0.0005)
(0.0018 0.0002 0.0005)
(0.002 0.0002 0.0005)
(0 0.00022 0.0005)
(0.0002 0.00022 0.0005)
(0.0004 0.00022 0.0005)
(0.0006 0.00022 0.0005)
(0.0008 0.00022 0.0005)
(0.001 0.00022 0.0005)
(0.0012 0.00022 0.0005)
(0.0014 0.00022 0.0005)
(0.0016 0.00022 0.0005)
(0.0018 0.00022 0.0005)
(0.002 0.00022 0.0005)
(0 0.00024 0.0005)
(0.0002 0.00024 0.0005)
(0.0004 0.00024 0.0005)
(0.0006 0.00024 0.0005)
(0.0008 0.00024 0.0005)
(0.001 0.00024 0.0005)
(0.0012 0.00024 0.0005)
(0.0014 0.00024 0.0005)
(0.0016 0.00024 0.0005)
(0.0018 0.00024 0.0005)
(0.002 0.00024 0.0005)
(0 0.00026 0.0005)
(0.0002 0.00026 0.0005)
(0.0004 0.00026 0.0005)
(0.0006 0.00026 0.0005)
(0.0008 0.00026 0.0005)
(0.001 0.00026 0.0005)
(0.0012 0.00026 0.0005)
(0.0014 0.00026 0.0005)
(0.0016 0.00026 0.0005)
(0.0018 0.00026 0.0005)
(0.002 0.00026 0.0005)
(0 0.00028 0.0005)
(0.0002 0.00028 0.0005)
(0.0004 0.00028 0.0005)
(0.0006 0.00028 0.0005)
(0.0008 0.00028 0.0005)
(0.001 0.00028 0.0005)
(0.0012 0.00028 0.0005)
(0.0014 0.00028 0.0005)
(0.0016 0.00028 0.0005)
(0.0018 0.00028 0.0005)
(0.002 0.00028 0.0005)
(0 0.0003 0.0005)
(0.0002 0.0003 0.0005)
(0.0004 0.0003 0.0005)
(0.0006 0.0003 0.0005)
(0.0008 0.0003 0.0005)
(0.001 0.0003 0.0005)
(0.0012 0.0003 0.0005)
(0.0014 0.0003 0.0005)
(0.0016 0.0003 0.0005)
(0.0018 0.0003 0.0005)
(0.002 0.0003 0.0005)
(0 0.00032 0.0005)
(0.0002 0.00032 0.0005)
(0.0004 0.00032 0.0005)
(0.0006 0.00032 0.0005)
(0.0008 0.00032 0.0005)
(0.001 0.00032 0.0005)
(0.0012 0.00032 0.0005)
(0.0014 0.00032 0.0005)
(0.0016 0.00032 0.0005)
(0.0018 0.00032 0.0005)
(0.002 0.00032 0.0005)
(0 0.00034 0.0005)
(0.0002 0.00034 0.0005)
(0.0004 0.00034 0.0005)
(0.0006 0.00034 0.0005)
(0.0008 0.00034 0.0005)
(0.001 0.00034 0.0005)
(0.0012 0.00034 0.0005)
(0.0014 0.00034 0.0005)
(0.0016 0.00034 0.0005)
(0.0018 0.00034 0.0005)
(0.002 0.00034 0.0005)
(0 0.00036 0.0005)
(0.0002 0.00036 0.0005)
(0.0004 0.00036 0.0005)
(0.0006 0.00036 0.0005)
(0.0008 0.00036 0.0005)
(0.001 0.00036 0.0005)
(0.0012 0.00036 0.0005)
(0.0014 0.00036 0.0005)
(0.0016 0.00036 0.0005)
(0.0018 0.00036 0.0005)
(0.002 0.00036 0.0005)
(0 0.00038 0.0005)
(0.0002 0.00038 0.0005)
(0.0004 0.00038 0.0005)
(0.0006 0.00038 0.0005)
(0.0008 0.00038 0.0005)
(0.001 0.00038 0.0005)
(0.0012 0.00038 0.0005)
(0.0014 0.00038 0.0005)
(0.0016 0.00038 0.0005)
(0.0018 0.00038 0.0005)
(0.002 0.00038 0.0005)
(0 0.0004 0.0005)
(0.0002 0.0004 0.0005)
(0.0004 0.0004 0.0005)
(0.0006 0.0004 0.0005)
(0.0008 0.0004 0.0005)
(0.001 0.0004 0.0005)
(0.0012 0.0004 0.0005)
(0.0014 0.0004 0.0005)
(0.0016 0.0004 0.0005)
(0.0018 0.0004 0.0005)
(0.002 0.0004 0.0005)
(0 0.00042 0.0005)
(0.0002 0.00042 0.0005)
(0.0004 0.00042 0.0005)
(0.0006 0.00042 0.0005)
(0.0008 0.00042 0.0005)
(0.001 0.00042 0.0005)
(0.0012 0.00042 0.0005)
(0.0014 0.00042 0.0005)
(0.0016 0.00042 0.0005)
(0.0018 0.00042 0.0005)
(0.002 0.00042 0.0005)
(0 0.00044 0.0005)
(0.0002 0.00044 0.0005)
(0.0004 0.00044 0.0005)
(0.0006 0.00044 0.0005)
(0.0008 0.00044 0.0005)
(0.001 0.00044 0.0005)
(0.0012 0.00044 0.0005)
(0.0014 0.00044 0.0005)
(0.0016 0.00044 0.0005)
(0.0018 0.00044 0.0005)
(0.002 0.00044 0.0005)
(0 0.00046 0.0005)
(0.0002 0.00046 0.0005)
(0.0004 0.00046 0.0005)
(0.0006 0.00046 0.0005)
(0.0008 0.00046 0.0005)
(0.001 0.00046 0.0005)
(0.0012 0.00046 0.0005)
(0.0014 0.00046 0.0005)
(0.0016 0.00046 0.0005)
(0.0018 0.00046 0.0005)
(0.002 0.00046 0.0005)
(0 0.00048 0.0005)
(0.0002 0.00048 0.0005)
(0.0004 0.00048 0.0005)
(0.0006 0.00048 0.0005)
(0.0008 0.00048 0.0005)
(0.001 0.00048 0.0005)
(0.0012 0.00048 0.0005)
(0.0014 0.00048 0.0005)
(0.0016 0.00048 0.0005)
(0.0018 0.00048 0.0005)
(0.002 0.00048 0.0005)
(0 0.0005 0.0005)
(0.0002 0.0005 0.0005)
(0.0004 0.0005 0.0005)
(0.0006 0.0005 0.0005)
(0.0008 0.0005 0.0005)
(0.001 0.0005 0.0005)
(0.0012 0.0005 0.0005)
(0.0014 0.0005 0.0005)
(0.0016 0.0005 0.0005)
(0.0018 0.0005 0.0005)
(0.002 0.0005 0.0005)
(0 0.00052 0.0005)
(0.0002 0.00052 0.0005)
(0.0004 0.00052 0.0005)
(0.0006 0.00052 0.0005)
(0.0008 0.00052 0.0005)
(0.001 0.00052 0.0005)
(0.0012 0.00052 0.0005)
(0.0014 0.00052 0.0005)
(0.0016 0.00052 0.0005)
(0.0018 0.00052 0.0005)
(0.002 0.00052 0.0005)
(0 0.00054 0.0005)
(0.0002 0.00054 0.0005)
(0.0004 0.00054 0.0005)
(0.0006 0.00054 0.0005)
(0.0008 0.00054 0.0005)
(0.001 0.00054 0.0005)
(0.0012 0.00054 0.0005)
(0.0014 0.00054 0.0005)
(0.0016 0.00054 0.0005)
(0.0018 0.00054 0.0005)
(0.002 0.00054 0.0005)
(0 0.00056 0.0005)
(0.0002 0.00056 0.0005)
(0.0004 0.00056 0.0005)
(0.0006 0.00056 0.0005)
(0.0008 0.00056 0.0005)
(0.001 0.00056 0.0005)
(0.0012 0.00056 0.0005)
(0.0014 0.00056 0.0005)
(0.0016 0.00056 0.0005)
(0.0018 0.00056 0.0005)
(0.002 0.00056 0.0005)
(0 0.00058 0.0005)
(0.0002 0.00058 0.0005)
(0.0004 0.00058 0.0005)
(0.0006 0.00058 0.0005)
(0.0008 0.00058 0.0005)
(0.001 0.00058 0.0005)
(0.0012 0.00058 0.0005)
(0.0014 0.00058 0.0005)
(0.0016 0.00058 0.0005)
(0.0018 0.00058 0.0005)
(0.002 0.00058 0.0005)
(0 0.0006 0.0005)
(0.0002 0.0006 0.0005)
(0.0004 0.0006 0.0005)
(0.0006 0.0006 0.0005)
(0.0008 0.0006 0.0005)
(0.001 0.0006 0.0005)
(0.0012 0.0006 0.0005)
(0.0014 0.0006 0.0005)
(0.0016 0.0006 0.0005)
(0.0018 0.0006 0.0005)
(0.002 0.0006 0.0005)
(0 0.00062 0.0005)
(0.0002 0.00062 0.0005)
(0.0004 0.00062 0.0005)
(0.0006 0.00062 0.0005)
(0.0008 0.00062 0.0005)
(0.001 0.00062 0.0005)
(0.0012 0.00062 0.0005)
(0.0014 0.00062 0.0005)
(0.0016 0.00062 0.0005)
(0.0018 0.00062 0.0005)
(0.002 0.00062 0.0005)
(0 0.00064 0.0005)
(0.0002 0.00064 0.0005)
(0.0004 0.00064 0.0005)
(0.0006 0.00064 0.0005)
(0.0008 0.00064 0.0005)
(0.001 0.00064 0.0005)
(0.0012 0.00064 0.0005)
(0.0014 0.00064 0.0005)
(0.0016 0.00064 0.0005)
(0.0018 0.00064 0.0005)
(0.002 0.00064 0.0005)
(0 0.00066 0.0005)
(0.0002 0.00066 0.0005)
(0.0004 0.00066 0.0005)
(0.0006 0.00066 0.0005)
(0.0008 0.00066 0.0005)
(0.001 0.00066 0.0005)
(0.0012 0.00066 0.0005)
(0.0014 0.00066 0.0005)
(0.0016 0.00066 0.0005)
(0.0018 0.00066 0.0005)
(0.002 0.00066 0.0005)
(0 0.00068 0.0005)
(0.0002 0.00068 0.0005)
(0.0004 0.00068 0.0005)
(0.0006 0.00068 0.0005)
(0.0008 0.00068 0.0005)
(0.001 0.00068 0.0005)
(0.0012 0.00068 0.0005)
(0.0014 0.00068 0.0005)
(0.0016 0.00068 0.0005)
(0.0018 0.00068 0.0005)
(0.002 0.00068 0.0005)
(0 0.0007 0.0005)
(0.0002 0.0007 0.0005)
(0.0004 0.0007 0.0005)
(0.0006 0.0007 0.0005)
(0.0008 0.0007 0.0005)
(0.001 0.0007 0.0005)
(0.0012 0.0007 0.0005)
(0.0014 0.0007 0.0005)
(0.0016 0.0007 0.0005)
(0.0018 0.0007 0.0005)
(0.002 0.0007 0.0005)
(0 0.00072 0.0005)
(0.0002 0.00072 0.0005)
(0.0004 0.00072 0.0005)
(0.0006 0.00072 0.0005)
(0.0008 0.00072 0.0005)
(0.001 0.00072 0.0005)
(0.0012 0.00072 0.0005)
(0.0014 0.00072 0.0005)
(0.0016 0.00072 0.0005)
(0.0018 0.00072 0.0005)
(0.002 0.00072 0.0005)
(0 0.00074 0.0005)
(0.0002 0.00074 0.0005)
(0.0004 0.00074 0.0005)
(0.0006 0.00074 0.0005)
(0.0008 0.00074 0.0005)
(0.001 0.00074 0.0005)
(0.0012 0.00074 0.0005)
(0.0014 0.00074 0.0005)
(0.0016 0.00074 0.0005)
(0.0018 0.00074 0.0005)
(0.002 0.00074 0.0005)
(0 0.00076 0.0005)
(0.0002 0.00076 0.0005)
(0.0004 0.00076 0.0005)
(0.0006 0.00076 0.0005)
(0.0008 0.00076 0.0005)
(0.001 0.00076 0.0005)
(0.0012 0.00076 0.0005)
(0.0014 0.00076 0.0005)
(0.0016 0.00076 0.0005)
(0.0018 0.00076 0.0005)
(0.002 0.00076 0.0005)
(0 0.00078 0.0005)
(0.0002 0.00078 0.0005)
(0.0004 0.00078 0.0005)
(0.0006 0.00078 0.0005)
(0.0008 0.00078 0.0005)
(0.001 0.00078 0.0005)
(0.0012 0.00078 0.0005)
(0.0014 0.00078 0.0005)
(0.0016 0.00078 0.0005)
(0.0018 0.00078 0.0005)
(0.002 0.00078 0.0005)
(0 0.0008 0.0005)
(0.0002 0.0008 0.0005)
(0.0004 0.0008 0.0005)
(0.0006 0.0008 0.0005)
(0.0008 0.0008 0.0005)
(0.001 0.0008 0.0005)
(0.0012 0.0008 0.0005)
(0.0014 0.0008 0.0005)
(0.0016 0.0008 0.0005)
(0.0018 0.0008 0.0005)
(0.002 0.0008 0.0005)
(0 0.00082 0.0005)
(0.0002 0.00082 0.0005)
(0.0004 0.00082 0.0005)
(0.0006 0.00082 0.0005)
(0.0008 0.00082 0.0005)
(0.001 0.00082 0.0005)
(0.0012 0.00082 0.0005)
(0.0014 0.00082 0.0005)
(0.0016 0.00082 0.0005)
(0.0018 0.00082 0.0005)
(0.002 0.00082 0.0005)
(0 0.00084 0.0005)
(0.0002 0.00084 0.0005)
(0.0004 0.00084 0.0005)
(0.0006 0.00084 0.0005)
(0.0008 0.00084 0.0005)
(0.001 0.00084 0.0005)
(0.0012 0.00084 0.0005)
(0.0014 0.00084 0.0005)
(0.0016 0.00084 0.0005)
(0.0018 0.00084 0.0005)
(0.002 0.00084 0.0005)
(0 0.00086 0.0005)
(0.0002 0.00086 0.0005)
(0.0004 0.00086 0.0005)
(0.0006 0.00086 0.0005)
(0.0008 0.00086 0.0005)
(0.001 0.00086 0.0005)
(0.0012 0.00086 0.0005)
(0.0014 0.00086 0.0005)
(0.0016 0.00086 0.0005)
(0.0018 0.00086 0.0005)
(0.002 0.00086 0.0005)
(0 0.00088 0.0005)
(0.0002 0.00088 0.0005)
(0.0004 0.00088 0.0005)
(0.0006 0.00088 0.0005)
(0.0008 0.00088 0.0005)
(0.001 0.00088 0.0005)
(0.0012 0.00088 0.0005)
(0.0014 0.00088 0.0005)
(0.0016 0.00088 0.0005)
(0.0018 0.00088 0.0005)
(0.002 0.00088 0.0005)
(0 0.0009 0.0005)
(0.0002 0.0009 0.0005)
(0.0004 0.0009 0.0005)
(0.0006 0.0009 0.0005)
(0.0008 0.0009 0.0005)
(0.001 0.0009 0.0005)
(0.0012 0.0009 0.0005)
(0.0014 0.0009 0.0005)
(0.0016 0.0009 0.0005)
(0.0018 0.0009 0.0005)
(0.002 0.0009 0.0005)
(0 0.00092 0.0005)
(0.0002 0.00092 0.0005)
(0.0004 0.00092 0.0005)
(0.0006 0.00092 0.0005)
(0.0008 0.00092 0.0005)
(0.001 0.00092 0.0005)
(0.0012 0.00092 0.0005)
(0.0014 0.00092 0.0005)
(0.0016 0.00092 0.0005)
(0.0018 0.00092 0.0005)
(0.002 0.00092 0.0005)
(0 0.00094 0.0005)
(0.0002 0.00094 0.0005)
(0.0004 0.00094 0.0005)
(0.0006 0.00094 0.0005)
(0.0008 0.00094 0.0005)
(0.001 0.00094 0.0005)
(0.0012 0.00094 0.0005)
(0.0014 0.00094 0.0005)
(0.0016 0.00094 0.0005)
(0.0018 0.00094 0.0005)
(0.002 0.00094 0.0005)
(0 0.00096 0.0005)
(0.0002 0.00096 0.0005)
(0.0004 0.00096 0.0005)
(0.0006 0.00096 0.0005)
(0.0008 0.00096 0.0005)
(0.001 0.00096 0.0005)
(0.0012 0.00096 0.0005)
(0.0014 0.00096 0.0005)
(0.0016 0.00096 0.0005)
(0.0018 0.00096 0.0005)
(0.002 0.00096 0.0005)
(0 0.00098 0.0005)
(0.0002 0.00098 0.0005)
(0.0004 0.00098 0.0005)
(0.0006 0.00098 0.0005)
(0.0008 0.00098 0.0005)
(0.001 0.00098 0.0005)
(0.0012 0.00098 0.0005)
(0.0014 0.00098 0.0005)
(0.0016 0.00098 0.0005)
(0.0018 0.00098 0.0005)
(0.002 0.00098 0.0005)
(0 0.001 0.0005)
(0.0002 0.001 0.0005)
(0.0004 0.001 0.0005)
(0.0006 0.001 0.0005)
(0.0008 0.001 0.0005)
(0.001 0.001 0.0005)
(0.0012 0.001 0.0005)
(0.0014 0.001 0.0005)
(0.0016 0.001 0.0005)
(0.0018 0.001 0.0005)
(0.002 0.001 0.0005)
)


// ************************************************************************* //
