/*--------------------------------*- C++ -*----------------------------------*\
| =========                 |                                                 |
| \\      /  F ield         | OpenFOAM: The Open Source CFD Toolbox           |
|  \\    /   O peration     | Version:  2.4.0                                 |
|   \\  /    A nd           | Web:      www.OpenFOAM.org                      |
|    \\/     M anipulation  |                                                 |
\*---------------------------------------------------------------------------*/
FoamFile
{
    version     2.0;
    format      ascii;
    class       volScalarField;
    location    "0.7";
    object      T;
}
// * * * * * * * * * * * * * * * * * * * * * * * * * * * * * * * * * * * * * //

dimensions      [0 0 0 1 0 0 0];

internalField   nonuniform List<scalar> 
500
(
293.247
293.247
293.247
293.247
293.247
293.743
293.743
293.743
293.743
293.743
294.246
294.246
294.246
294.246
294.246
294.754
294.754
294.754
294.754
294.754
295.268
295.268
295.268
295.268
295.268
295.788
295.788
295.788
295.788
295.788
296.315
296.315
296.315
296.315
296.315
296.848
296.848
296.848
296.848
296.848
297.388
297.388
297.388
297.388
297.388
297.988
297.988
297.988
297.988
297.988
297.988
297.988
297.988
297.988
297.988
297.988
297.988
297.988
297.988
297.988
297.988
297.988
297.988
297.988
297.988
297.988
297.988
297.988
297.988
297.988
297.988
297.988
297.988
297.988
297.988
297.988
297.988
297.988
297.988
297.988
297.988
297.988
297.988
297.988
297.988
297.988
297.988
297.988
297.988
297.988
297.987
297.987
297.987
297.987
297.987
297.987
297.987
297.987
297.987
297.987
297.987
297.987
297.987
297.987
297.987
297.987
297.987
297.987
297.987
297.987
297.987
297.987
297.987
297.987
297.987
297.987
297.987
297.987
297.987
297.987
297.987
297.987
297.987
297.987
297.987
297.987
297.987
297.987
297.987
297.987
297.987
297.987
297.987
297.987
297.987
297.987
297.987
297.987
297.987
297.987
297.987
297.987
297.987
297.987
297.987
297.987
297.987
297.987
297.987
297.987
297.987
297.987
297.987
297.987
297.987
297.987
297.987
297.987
297.987
297.987
297.987
297.987
297.987
297.987
297.987
297.987
297.987
297.987
297.987
297.987
297.987
297.987
297.987
297.987
297.987
297.987
297.987
297.987
297.987
297.987
297.987
297.987
297.987
297.987
297.987
297.987
297.987
297.987
297.987
297.987
297.987
297.987
297.987
297.987
297.987
297.987
297.987
297.987
297.987
297.987
297.987
297.987
297.987
297.987
297.987
297.987
297.987
297.987
297.987
297.987
297.987
297.987
297.987
297.987
297.987
297.988
297.988
297.988
297.988
297.988
297.988
297.988
297.988
297.988
297.988
297.988
297.988
297.988
297.988
297.988
297.988
297.988
297.988
297.988
297.988
297.988
297.988
297.988
297.988
297.988
297.988
297.988
297.988
297.988
297.988
297.988
297.988
297.988
297.988
297.988
297.988
297.988
297.988
297.988
297.988
297.989
297.989
297.989
297.989
297.989
297.989
297.989
297.989
297.989
297.989
297.989
297.989
297.989
297.989
297.989
297.989
297.989
297.989
297.989
297.989
297.989
297.989
297.989
297.989
297.989
297.99
297.99
297.99
297.99
297.99
297.99
297.99
297.99
297.99
297.99
297.99
297.99
297.99
297.99
297.99
297.99
297.99
297.99
297.99
297.99
297.99
297.99
297.99
297.99
297.99
297.991
297.991
297.991
297.991
297.991
297.991
297.991
297.991
297.991
297.991
297.991
297.991
297.991
297.991
297.991
297.991
297.991
297.991
297.991
297.991
297.992
297.992
297.992
297.992
297.992
297.992
297.992
297.992
297.992
297.992
297.992
297.992
297.992
297.992
297.992
297.992
297.992
297.992
297.992
297.992
297.993
297.993
297.993
297.993
297.993
297.993
297.993
297.993
297.993
297.993
297.993
297.993
297.993
297.993
297.993
297.993
297.993
297.993
297.993
297.993
297.994
297.994
297.994
297.994
297.994
297.994
297.994
297.994
297.994
297.994
297.994
297.994
297.994
297.994
297.994
297.994
297.994
297.994
297.994
297.994
297.995
297.995
297.995
297.995
297.995
297.995
297.995
297.995
297.995
297.995
297.995
297.995
297.995
297.995
297.995
297.995
297.995
297.995
297.995
297.995
297.996
297.996
297.996
297.996
297.996
297.996
297.996
297.996
297.996
297.996
297.996
297.996
297.996
297.996
297.996
297.996
297.996
297.996
297.996
297.996
297.997
297.997
297.997
297.997
297.997
297.997
297.997
297.997
297.997
297.997
297.997
297.997
297.997
297.997
297.997
297.997
297.997
297.997
297.997
297.997
297.998
297.998
297.998
297.998
297.998
297.998
297.998
297.998
297.998
297.998
297.998
297.998
297.998
297.998
297.998
297.998
297.998
297.998
297.998
297.998
297.999
297.999
297.999
297.999
297.999
297.999
297.999
297.999
297.999
297.999
297.999
297.999
297.999
297.999
297.999
297.999
297.999
297.999
297.999
297.999
298
298
298
298
298
298
298
298
298
298
298
298
298
298
298
)
;

boundaryField
{
    BotWall
    {
        type            fixedValue;
        value           uniform 293;
    }
    FreeStream
    {
        type            fixedValue;
        value           uniform 298;
    }
    FrontNBack
    {
        type            empty;
    }
    LeftSide
    {
        type            symmetryPlane;
    }
    RightSide
    {
        type            symmetryPlane;
    }
}


// ************************************************************************* //
