/*--------------------------------*- C++ -*----------------------------------*\
| =========                 |                                                 |
| \\      /  F ield         | OpenFOAM: The Open Source CFD Toolbox           |
|  \\    /   O peration     | Version:  2.4.0                                 |
|   \\  /    A nd           | Web:      www.OpenFOAM.org                      |
|    \\/     M anipulation  |                                                 |
\*---------------------------------------------------------------------------*/
FoamFile
{
    version     2.0;
    format      ascii;
    class       volScalarField;
    location    "4.1";
    object      H;
}
// * * * * * * * * * * * * * * * * * * * * * * * * * * * * * * * * * * * * * //

dimensions      [0 2 -2 0 0 0 0];

internalField   nonuniform List<scalar> 
8000
(
-11862
-11122.7
-10373.9
-9610.48
-8828.92
-8027.25
-7205.38
-6365.55
-5511.97
-4650.53
-3795.11
-2973.44
-2207.56
-1416.14
-637.559
-57.1283
-0.428146
-15.3089
-22.2376
-23.5583
-22.456
-21.0547
-19.3729
-17.4762
-15.4919
-13.5552
-11.7982
-10.2979
-9.00027
-7.84824
-6.8178
-5.89148
-5.05567
-4.28963
-3.56467
-2.87053
-2.22823
-1.65989
-1.19822
-0.847154
-0.5964
-0.426996
-0.317326
-0.248345
-0.205846
-0.180102
-0.164766
-0.15603
-0.151595
-0.149776
-11735.8
-10741.2
-9731.2
-8699.54
-7643.74
-6565.37
-5471.24
-4378.12
-3299.92
-2147.08
-1002.39
-5.07797
-0.0882206
-0.0781432
-0.0466651
-0.0155011
-0.618785
-1.31794
-1.88281
-2.24435
-2.46125
-2.60751
-2.71504
-2.78779
-2.82436
-2.82436
-2.79024
-2.72638
-2.63307
-2.5081
-2.35195
-2.16668
-1.95642
-1.73318
-1.5071
-1.28512
-1.07286
-0.872535
-0.691393
-0.53726
-0.414564
-0.323024
-0.258477
-0.215044
-0.186878
-0.169079
-0.158137
-0.15169
-0.148204
-0.146521
-11500.7
-10031.7
-8540.17
-7021.3
-5474.65
-3890.61
-2248.07
-606.927
-376.712
-4.51655
-0.260176
-0.261187
-0.272435
-0.353379
-0.467701
-0.590895
-0.713462
-0.825093
-0.928244
-1.02463
-1.11375
-1.1941
-1.26348
-1.31919
-1.35857
-1.37941
-1.3802
-1.36006
-1.31876
-1.26143
-1.19328
-1.1192
-1.0437
-0.962668
-0.872746
-0.774412
-0.671394
-0.569149
-0.473618
-0.389806
-0.320701
-0.266917
-0.227133
-0.198958
-0.179694
-0.166785
-0.158241
-0.152777
-0.149356
-0.147255
-11196
-9113.91
-7006
-4868.89
-2673.34
-485.454
-13.8185
-0.907082
-0.382923
-0.866088
-1.21911
-1.42518
-1.55537
-1.61683
-1.60654
-1.54158
-1.45418
-1.36769
-1.29528
-1.23987
-1.19795
-1.16407
-1.13301
-1.10082
-1.06536
-1.02623
-0.984804
-0.94305
-0.902588
-0.861803
-0.819255
-0.773927
-0.725762
-0.674206
-0.618779
-0.559944
-0.499251
-0.439119
-0.382322
-0.331367
-0.287933
-0.252603
-0.224975
-0.204192
-0.188976
-0.178003
-0.169945
-0.164197
-0.160043
-0.157003
-10843.6
-8075.75
-5341.49
-2715.26
-23.1849
-2.4118
-4.78172
-6.42914
-7.39255
-7.72665
-7.61807
-7.1647
-6.46162
-5.61242
-4.71492
-3.85408
-3.0956
-2.47984
-2.03075
-1.7224
-1.50793
-1.35214
-1.23344
-1.13809
-1.05741
-0.986275
-0.92177
-0.862516
-0.807687
-0.756522
-0.708142
-0.662063
-0.617844
-0.575037
-0.53284
-0.490995
-0.449725
-0.409691
-0.371836
-0.337178
-0.306499
-0.280119
-0.258084
-0.240045
-0.225599
-0.214161
-0.205075
-0.197729
-0.191814
-0.186984
-10797.4
-7817.4
-4388.71
-20.5352
-10.8292
-14.2983
-20.2982
-23.6455
-24.3785
-23.4131
-21.4572
-19.0793
-16.6541
-14.3517
-12.2475
-10.3653
-8.70611
-7.26464
-6.03483
-5.00798
-4.175
-3.51364
-2.99386
-2.58568
-2.2629
-2.00402
-1.79234
-1.6158
-1.46611
-1.33711
-1.22411
-1.12304
-1.03114
-0.947096
-0.869793
-0.798304
-0.732226
-0.671365
-0.615717
-0.565403
-0.520498
-0.480786
-0.445779
-0.414948
-0.388088
-0.364784
-0.344633
-0.327066
-0.311755
-0.298367
-10940.6
-8383.89
-5886.83
-3461.6
-42.2719
-31.4197
-25.0373
-18.8806
-15.0781
-12.4068
-10.4673
-9.02519
-7.94607
-7.11672
-6.46712
-5.94395
-5.51073
-5.14125
-4.81501
-4.51522
-4.23549
-3.97438
-3.73211
-3.50887
-3.3039
-3.11945
-2.95114
-2.79418
-2.64482
-2.50137
-2.3641
-2.23276
-2.10692
-1.98625
-1.87047
-1.7594
-1.6532
-1.55213
-1.45642
-1.36645
-1.28243
-1.20439
-1.13202
-1.06489
-1.0027
-0.945277
-0.892091
-0.843049
-0.797661
-0.755584
-11017.7
-8651.78
-6431.83
-4389.24
-2446.15
-17.4797
-4.34364
-2.866
-1.25313
-1.74847
-1.49789
-1.31443
-1.15477
-1.01928
-0.913874
-0.84309
-0.808104
-0.809655
-0.849734
-0.880838
-0.902563
-0.923297
-0.949072
-0.982985
-1.02635
-1.07941
-1.14169
-1.21127
-1.28655
-1.3628
-1.43439
-1.4968
-1.54872
-1.59004
-1.62085
-1.64151
-1.65244
-1.65408
-1.64686
-1.63026
-1.60573
-1.57513
-1.5404
-1.50252
-1.46167
-1.41892
-1.37558
-1.33213
-1.28894
-1.24725
-11351.9
-9625.37
-7976.26
-6436.18
-5023
-3745.83
-2612.22
-1630.09
-816.643
-6.1985
-1.57765
-1.32963
-1.04891
-0.798915
-0.572001
-0.377439
-0.211186
-0.0744182
-0.370579
-0.445029
-0.428587
-0.388544
-0.34583
-0.305632
-0.269556
-0.238586
-0.213734
-0.196245
-0.187763
-0.190739
-0.207063
-0.235461
-0.251812
-0.263938
-0.278989
-0.301263
-0.333521
-0.377817
-0.435519
-0.507243
-0.588767
-0.675257
-0.762691
-0.846871
-0.924146
-0.993234
-1.05385
-1.10437
-1.14325
-1.17062
-11519.2
-10117
-8768.9
-7503
-6339.11
-5288.67
-4355.45
-3536.99
-2827.69
-2220.04
-1707.07
-1280.14
-931.813
-653.583
-436.406
-270.412
-144.36
-46.2244
-0.984557
-0.702616
-0.628364
-0.556944
-0.487665
-0.420701
-0.355913
-0.292993
-0.231464
-0.170755
-0.109684
-0.0502662
-0.00203498
-0.154395
-0.171414
-0.153294
-0.130472
-0.1095
-0.0924219
-0.0808247
-0.0767188
-0.082051
-0.0970103
-0.106524
-0.114528
-0.12665
-0.147574
-0.181013
-0.229395
-0.292734
-0.366701
-0.446497
-11614.5
-10398
-9221.96
-8108.57
-7075.06
-6133.19
-5289.25
-4544.56
-3896.27
-3338.4
-2862.7
-2459.6
-2119.02
-1831.07
-1586.64
-1377.72
-1197.55
-1040.6
-902.504
-779.78
-669.821
-570.674
-480.817
-399.05
-324.412
-256.127
-193.565
-136.197
-83.4858
-36.33
-0.567761
-0.353525
-0.302904
-0.254921
-0.208742
-0.164189
-0.1209
-0.0781161
-0.0369683
-0.00110711
-0.0728705
-0.0826827
-0.0718087
-0.0579359
-0.0466875
-0.0407339
-0.0459163
-0.0514185
-0.0574838
-0.069217
-11704.5
-10665.1
-9657.46
-8698.33
-7800.22
-6971.47
-6216.5
-5536.25
-4928.84
-4390.2
-3914.81
-3496.31
-3128.08
-2803.62
-2516.9
-2262.5
-2035.73
-1832.64
-1649.92
-1484.89
-1335.31
-1199.38
-1075.58
-962.611
-859.377
-764.901
-678.314
-598.83
-525.729
-458.359
-396.136
-338.479
-284.865
-234.871
-188.131
-144.329
-103.159
-64.3456
-29.033
-0.37447
-0.203815
-0.163632
-0.125108
-0.0876387
-0.0498746
-0.00853224
-0.0339052
-0.0392762
-0.0333408
-0.0255822
-11782.9
-10896.7
-10033
-9203.75
-8417.66
-7680.8
-6996.51
-6365.88
-5788.13
-5261.15
-4781.86
-4346.67
-3951.8
-3593.49
-3268.18
-2972.64
-2703.94
-2459.53
-2237.12
-2034.72
-1850.53
-1682.93
-1530.44
-1391.66
-1265.31
-1150.16
-1045.08
-949.002
-860.951
-780.024
-705.403
-636.357
-572.237
-512.474
-456.575
-404.118
-354.74
-308.134
-264.04
-222.253
-182.55
-144.732
-108.699
-74.4103
-41.0808
-6.3586
-0.146184
-0.0815953
-0.0474095
-0.0187153
-11841.6
-11070.3
-10314
-9580.83
-8876.87
-8206.59
-7572.77
-6976.88
-6419.27
-5899.49
-5416.48
-4968.82
-4554.88
-4172.92
-3821.17
-3497.92
-3201.45
-2930.1
-2682.22
-2456.18
-2250.38
-2063.21
-1893.08
-1738.42
-1597.71
-1469.47
-1352.32
-1244.95
-1146.17
-1054.87
-970.1
-891.004
-816.849
-747.018
-680.995
-618.363
-558.79
-502.019
-447.861
-396.179
-346.88
-299.904
-255.238
-212.9
-172.948
-135.483
-100.659
-68.4229
-38.9136
-14.5257
-11881.6
-11188.4
-10505.1
-9837.34
-9189.5
-8565.14
-7966.89
-7396.64
-6855.65
-6344.66
-5863.97
-5413.59
-4993.23
-4602.36
-4240.28
-3906.05
-3598.6
-3316.66
-3058.84
-2823.59
-2609.28
-2414.2
-2236.59
-2074.7
-1926.79
-1791.2
-1666.34
-1550.77
-1443.13
-1342.25
-1247.09
-1156.76
-1070.52
-987.783
-908.085
-831.086
-756.559
-684.375
-614.491
-546.939
-481.8
-419.193
-359.363
-302.622
-249.284
-199.663
-154.052
-112.933
-76.5305
-45.4923
-11908.1
-11266.8
-10632.6
-10009.6
-9401.38
-8811.12
-8241.39
-7694.4
-7171.91
-6675.32
-6205.66
-5763.62
-5349.55
-4963.46
-4605.03
-4273.62
-3968.32
-3687.93
-3431.03
-3196.01
-2981.1
-2784.46
-2604.18
-2438.37
-2285.16
-2142.78
-2009.58
-1884.04
-1764.81
-1650.72
-1540.76
-1434.12
-1330.14
-1228.35
-1128.43
-1030.21
-933.65
-838.837
-745.988
-655.432
-567.598
-482.99
-402.185
-325.749
-254.422
-189.034
-129.734
-79.3155
-33.5861
-0.154039
-11929.4
-11330.1
-10736.5
-10152.1
-9580.1
-9023.23
-8484.08
-7964.89
-7467.58
-6993.73
-6544.55
-6120.92
-5723.28
-5351.73
-5005.98
-4685.37
-4388.94
-4115.42
-3863.3
-3630.87
-3416.31
-3217.69
-3033.06
-2860.5
-2698.14
-2544.23
-2397.17
-2255.5
-2117.96
-1983.49
-1851.21
-1720.47
-1590.78
-1461.86
-1333.6
-1206.08
-1079.53
-954.362
-831.162
-710.74
-594.004
-481.944
-375.815
-275.71
-184.264
-103.605
-23.7363
-0.111671
-0.00158224
-3.00191e-05
-11947.5
-11384.2
-10826.3
-10276.9
-9738.98
-9215.18
-8707.91
-8219.29
-7751.08
-7304.71
-6881.22
-6481.28
-6105.14
-5752.68
-5423.4
-5116.45
-4830.68
-4564.67
-4316.8
-4085.29
-3868.25
-3663.76
-3469.89
-3284.78
-3106.67
-2933.92
-2765.09
-2598.89
-2434.27
-2270.36
-2106.54
-1942.38
-1777.68
-1612.44
-1446.88
-1281.46
-1116.8
-953.778
-793.609
-638.4
-489.379
-348.026
-221.165
-92.2049
-0.426492
-0.00526134
-0.00086242
-0.00232058
-0.00439294
-0.00793129
-11963.8
-11433.4
-10908.5
-10392.2
-9887.31
-9396.39
-8921.56
-8464.64
-8027.05
-7609.82
-7213.61
-6838.66
-6484.83
-6151.63
-5838.21
-5543.45
-5265.97
-5004.16
-4756.29
-4520.53
-4294.98
-4077.79
-3867.13
-3661.31
-3458.74
-3258.04
-3057.99
-2857.62
-2656.16
-2453.07
-2248.03
-2040.97
-1832.01
-1621.56
-1410.36
-1199.36
-989.576
-782.183
-577.786
-390.53
-208.157
-24.6683
-0.123637
-0.00381402
-0.000874586
-0.00728834
-0.0139609
-0.0226555
-0.033729
-0.0450466
-11978.6
-11477.8
-10983.2
-10497.8
-10024.3
-9565.02
-9121.65
-8695.52
-8287.54
-7898.19
-7527.58
-7175.4
-6841.03
-6523.5
-6221.62
-5933.92
-5658.8
-5394.52
-5139.26
-4891.19
-4648.52
-4409.51
-4172.59
-3936.32
-3699.46
-3461
-3220.15
-2976.34
-2729.23
-2478.7
-2224.84
-1967.98
-1708.64
-1447.63
-1186.83
-927.146
-667.65
-413.404
-113.921
-0.538339
-0.0100816
-0.00140878
-0.0277143
-0.0498513
-0.0734414
-0.093423
-0.108695
-0.119531
-0.12878
-0.13619
-0.14918
-0.149639
-0.150709
-0.152006
-0.15318
-0.153933
-0.154858
-0.155652
-0.156164
-0.156338
-0.156142
-0.155558
-0.154582
-0.153218
-0.151454
-0.149269
-0.146744
-0.14383
-0.140507
-0.136772
-0.132634
-0.128113
-0.12324
-0.118053
-0.112598
-0.106927
-0.101099
-0.0951728
-0.0892099
-0.0832705
-0.077412
-0.0716882
-0.0661474
-0.060832
-0.055778
-0.0510143
-0.0465634
-0.0424411
-0.0386572
-0.0352158
-0.0321157
-0.0293515
-0.0269139
-0.0247901
-0.0229649
-0.0214211
-0.0201399
-0.0191014
-0.0182854
-0.0176714
-0.145698
-0.145589
-0.145961
-0.146559
-0.147117
-0.147293
-0.147757
-0.148098
-0.148216
-0.148057
-0.147586
-0.146786
-0.145645
-0.144161
-0.142336
-0.140159
-0.137659
-0.134834
-0.131671
-0.128177
-0.124366
-0.120259
-0.115885
-0.111282
-0.106488
-0.101549
-0.0965112
-0.0914227
-0.0863314
-0.0812838
-0.0763241
-0.0714931
-0.0668275
-0.0623592
-0.0581156
-0.054119
-0.0503867
-0.0469315
-0.0437615
-0.0408813
-0.038291
-0.0359883
-0.0339676
-0.0322214
-0.0307399
-0.0295122
-0.0285258
-0.0277678
-0.0272239
-0.0268809
-0.145811
-0.144896
-0.144383
-0.144127
-0.143942
-0.143522
-0.143306
-0.143068
-0.142713
-0.142192
-0.141468
-0.140517
-0.139325
-0.13788
-0.13618
-0.134223
-0.132011
-0.129553
-0.126847
-0.123901
-0.120727
-0.117345
-0.113777
-0.11005
-0.106194
-0.102241
-0.0982248
-0.0941775
-0.0901302
-0.0861087
-0.0821284
-0.0782846
-0.074613
-0.0711145
-0.0678013
-0.0646875
-0.0617859
-0.059107
-0.0566584
-0.0544455
-0.0524714
-0.0507363
-0.049239
-0.0479764
-0.0469447
-0.0461383
-0.0455502
-0.0451726
-0.044996
-0.04501
-0.154643
-0.152676
-0.151126
-0.149823
-0.148699
-0.147595
-0.146501
-0.145488
-0.144482
-0.143446
-0.14235
-0.141166
-0.139875
-0.13846
-0.136909
-0.135215
-0.133373
-0.131381
-0.129237
-0.12693
-0.124461
-0.121911
-0.119274
-0.116558
-0.113779
-0.110955
-0.108106
-0.105253
-0.102417
-0.0996186
-0.0968808
-0.0942388
-0.0917162
-0.0893267
-0.0870817
-0.0849918
-0.0830661
-0.0813127
-0.079738
-0.0783468
-0.0771433
-0.0761301
-0.0753084
-0.0746777
-0.0742365
-0.0739817
-0.0739107
-0.0740187
-0.074298
-0.0747318
-0.182969
-0.179508
-0.176472
-0.173759
-0.17132
-0.169081
-0.16694
-0.164883
-0.162913
-0.161018
-0.159217
-0.157479
-0.155781
-0.154106
-0.152439
-0.150766
-0.149078
-0.147369
-0.145634
-0.143872
-0.142086
-0.140278
-0.138465
-0.136653
-0.134847
-0.133054
-0.131283
-0.129547
-0.127854
-0.126218
-0.124652
-0.123169
-0.121782
-0.120502
-0.119337
-0.118294
-0.117377
-0.116593
-0.115945
-0.115436
-0.115069
-0.114844
-0.114764
-0.114828
-0.115036
-0.115382
-0.115865
-0.116479
-0.117216
-0.118049
-0.286638
-0.276337
-0.267239
-0.259149
-0.251924
-0.245407
-0.239499
-0.234105
-0.229172
-0.224653
-0.220512
-0.216707
-0.213205
-0.209966
-0.206973
-0.204205
-0.201639
-0.199257
-0.197042
-0.194991
-0.193096
-0.191341
-0.189694
-0.188164
-0.186752
-0.185449
-0.184254
-0.18317
-0.182191
-0.181305
-0.180513
-0.179831
-0.17926
-0.178797
-0.178444
-0.178201
-0.178072
-0.178049
-0.178134
-0.178327
-0.178625
-0.179024
-0.179522
-0.180115
-0.180799
-0.181568
-0.182413
-0.183329
-0.184306
-0.185313
-0.716434
-0.679986
-0.646209
-0.614988
-0.586161
-0.559598
-0.53514
-0.512686
-0.492064
-0.473093
-0.455719
-0.439873
-0.42544
-0.41231
-0.400388
-0.389582
-0.379818
-0.371005
-0.36308
-0.355987
-0.349688
-0.344139
-0.339235
-0.334877
-0.331035
-0.327681
-0.324769
-0.322266
-0.320154
-0.318413
-0.316962
-0.315759
-0.314765
-0.313987
-0.313401
-0.312981
-0.312716
-0.312586
-0.312567
-0.312641
-0.312806
-0.313043
-0.313333
-0.313661
-0.314016
-0.314382
-0.314747
-0.3151
-0.315435
-0.315751
-1.20532
-1.16441
-1.12479
-1.08644
-1.04934
-1.01356
-0.979188
-0.946333
-0.915161
-0.88568
-0.857708
-0.831198
-0.8061
-0.782527
-0.76047
-0.739923
-0.720829
-0.70316
-0.686882
-0.671947
-0.658312
-0.645964
-0.634812
-0.62474
-0.61565
-0.607489
-0.600241
-0.593842
-0.588224
-0.583342
-0.579128
-0.575403
-0.572082
-0.569092
-0.566424
-0.564011
-0.561785
-0.559702
-0.557714
-0.555736
-0.553727
-0.551631
-0.549447
-0.547142
-0.544683
-0.542047
-0.539217
-0.536186
-0.532977
-0.529728
-1.18792
-1.19769
-1.20141
-1.20003
-1.1944
-1.18535
-1.17362
-1.15983
-1.14469
-1.12848
-1.11153
-1.09417
-1.07664
-1.05916
-1.0419
-1.02503
-1.00866
-0.99291
-0.977825
-0.963457
-0.949827
-0.936849
-0.924582
-0.912989
-0.902082
-0.891859
-0.882244
-0.873166
-0.864555
-0.856323
-0.848409
-0.840511
-0.832635
-0.824778
-0.816876
-0.808845
-0.800612
-0.79213
-0.783305
-0.774084
-0.764459
-0.754455
-0.744077
-0.733305
-0.722137
-0.710572
-0.698614
-0.686276
-0.673641
-0.661144
-0.529877
-0.615024
-0.698631
-0.776484
-0.845158
-0.903864
-0.952628
-0.992112
-1.02328
-1.04716
-1.0647
-1.07678
-1.08419
-1.08762
-1.0877
-1.08499
-1.07991
-1.07284
-1.06411
-1.05398
-1.04265
-1.03029
-1.01705
-1.00305
-0.988355
-0.973028
-0.957095
-0.940578
-0.923487
-0.905844
-0.887589
-0.868704
-0.84923
-0.829151
-0.808427
-0.787011
-0.764851
-0.741881
-0.717945
-0.692923
-0.666638
-0.638843
-0.609213
-0.577397
-0.54421
-0.510599
-0.477207
-0.444484
-0.412831
-0.383178
-0.0924115
-0.128121
-0.172873
-0.227725
-0.296451
-0.375791
-0.461015
-0.544373
-0.62025
-0.686285
-0.74165
-0.786396
-0.821036
-0.846331
-0.863187
-0.872563
-0.875451
-0.872648
-0.865006
-0.853224
-0.837891
-0.819524
-0.798543
-0.775291
-0.750026
-0.722924
-0.694082
-0.66351
-0.631125
-0.596747
-0.560052
-0.520505
-0.479367
-0.438315
-0.398291
-0.359839
-0.323292
-0.288857
-0.256675
-0.226885
-0.199669
-0.175302
-0.154195
-0.136902
-0.122923
-0.111528
-0.102163
-0.0944098
-0.0879566
-0.0826421
-0.0231508
-0.0239623
-0.0289468
-0.0410685
-0.0618136
-0.0893168
-0.126216
-0.174796
-0.231448
-0.289711
-0.344684
-0.392685
-0.431544
-0.460372
-0.479176
-0.488496
-0.489222
-0.482382
-0.469004
-0.44998
-0.426
-0.397488
-0.364421
-0.328614
-0.292535
-0.257543
-0.224442
-0.193768
-0.165965
-0.141499
-0.120976
-0.105329
-0.0939111
-0.0853905
-0.0788905
-0.0738237
-0.0697896
-0.0665114
-0.0637962
-0.0615087
-0.0595537
-0.0578641
-0.0563929
-0.0551074
-0.0539832
-0.0530028
-0.0521539
-0.0514277
-0.0508185
-0.050327
-0.0164091
-0.0108959
-0.0113827
-0.012925
-0.015551
-0.0206441
-0.0281467
-0.038256
-0.0531912
-0.0732456
-0.0962599
-0.119164
-0.138675
-0.152208
-0.158457
-0.15733
-0.149562
-0.137567
-0.123399
-0.10871
-0.0948666
-0.0831243
-0.074915
-0.0699182
-0.0667021
-0.064479
-0.0628098
-0.0614464
-0.0602479
-0.0591359
-0.0580686
-0.0570252
-0.0559957
-0.0549772
-0.053971
-0.052983
-0.0520218
-0.0510986
-0.0502258
-0.0494165
-0.048685
-0.0480451
-0.0475105
-0.0470941
-0.0468082
-0.0466638
-0.0466693
-0.0468303
-0.0471453
-0.047589
-0.091854
-0.000584147
-0.00638432
-0.00916534
-0.0105126
-0.0127
-0.0163065
-0.0197229
-0.0245457
-0.0302203
-0.0363822
-0.0426209
-0.0480626
-0.0519805
-0.0544074
-0.056056
-0.0578835
-0.0594827
-0.0607055
-0.0615214
-0.0619466
-0.0620161
-0.0617714
-0.0612525
-0.0604986
-0.0595486
-0.0584423
-0.0572187
-0.0559133
-0.0545611
-0.0531947
-0.0518436
-0.0505353
-0.0492953
-0.0481469
-0.047112
-0.0462114
-0.0454649
-0.044891
-0.0445067
-0.044327
-0.0443649
-0.0446306
-0.045131
-0.0458701
-0.0468469
-0.0480542
-0.049477
-0.0510877
-0.0528054
-20.665
-0.102541
-0.000577086
-0.0111169
-0.0131209
-0.0144129
-0.0180149
-0.0220769
-0.0277333
-0.0344048
-0.0411365
-0.0474293
-0.0529055
-0.0573857
-0.0608583
-0.063388
-0.0650618
-0.0659692
-0.0662004
-0.0658478
-0.0650052
-0.0637672
-0.0622267
-0.060472
-0.0585843
-0.0566355
-0.0546874
-0.05279
-0.0509842
-0.0493014
-0.0477666
-0.0464002
-0.045219
-0.0442393
-0.0434763
-0.0429461
-0.042665
-0.0426487
-0.0429113
-0.0434645
-0.0443141
-0.0454649
-0.0469105
-0.0486423
-0.0506468
-0.0528997
-0.0553682
-0.0580093
-0.0607741
-0.0635592
-0.00133748
-3.35852e-05
-0.00442722
-0.0080814
-0.0118706
-0.0175058
-0.0238204
-0.0306045
-0.0388848
-0.0472031
-0.0546818
-0.0608037
-0.065458
-0.0687305
-0.0707536
-0.0716662
-0.0716107
-0.0707363
-0.0691998
-0.0671637
-0.0647889
-0.0622244
-0.0595975
-0.0570105
-0.0545389
-0.0522363
-0.0501358
-0.048257
-0.0466084
-0.0451941
-0.0440162
-0.0430793
-0.0423911
-0.0419626
-0.0418084
-0.0419452
-0.0423901
-0.0431589
-0.0442618
-0.0457039
-0.0474729
-0.0495604
-0.0519396
-0.0545855
-0.0574576
-0.060509
-0.0636973
-0.0669591
-0.0702622
-0.0735561
-0.00229572
-0.00472391
-0.00839193
-0.0144378
-0.0227036
-0.03071
-0.0390115
-0.04837
-0.0573644
-0.0650223
-0.0709134
-0.0750401
-0.0775472
-0.078608
-0.0784058
-0.0771395
-0.075026
-0.0722932
-0.0691652
-0.0658515
-0.062534
-0.0593579
-0.0564135
-0.0537442
-0.0513672
-0.0492819
-0.047476
-0.0459331
-0.0446379
-0.0435798
-0.0427558
-0.0421712
-0.0418375
-0.0417719
-0.0419908
-0.0425128
-0.0433569
-0.0445393
-0.046058
-0.0479041
-0.0500583
-0.0525068
-0.0552134
-0.0581361
-0.0612225
-0.0644199
-0.0676753
-0.0709539
-0.0742313
-0.0774692
-0.013552
-0.0217541
-0.0311284
-0.0401669
-0.0494241
-0.059045
-0.0680711
-0.0757214
-0.0815651
-0.0855251
-0.0877453
-0.0884104
-0.0877148
-0.0858665
-0.0830931
-0.0796447
-0.0757871
-0.0717686
-0.0677836
-0.0639799
-0.0604593
-0.0573287
-0.0546124
-0.0522555
-0.0502193
-0.0484658
-0.0469614
-0.0456791
-0.044599
-0.0437098
-0.0430101
-0.0425049
-0.0422062
-0.0421309
-0.0422988
-0.0427308
-0.0434475
-0.0444637
-0.0457807
-0.0473969
-0.0493115
-0.0515077
-0.053959
-0.0566244
-0.0594637
-0.0624376
-0.0655044
-0.0686337
-0.07178
-0.0748911
-0.0555225
-0.0659388
-0.0760345
-0.0852222
-0.092897
-0.0986964
-0.102466
-0.104323
-0.104521
-0.103314
-0.100932
-0.097602
-0.0935672
-0.0890605
-0.0842894
-0.0794409
-0.0747375
-0.0704171
-0.0664952
-0.0629806
-0.0598679
-0.057137
-0.0547555
-0.0526846
-0.0508872
-0.0493243
-0.0479624
-0.0467739
-0.0457374
-0.0448386
-0.0440714
-0.0434348
-0.0429346
-0.0425812
-0.0423901
-0.0423798
-0.0425708
-0.0429846
-0.0436392
-0.0445459
-0.0457188
-0.0471636
-0.048884
-0.0508647
-0.0530862
-0.0555237
-0.0581481
-0.0609271
-0.0638187
-0.0667939
-0.140994
-0.143365
-0.143589
-0.141968
-0.138863
-0.134644
-0.12962
-0.124054
-0.118147
-0.112055
-0.105902
-0.0997842
-0.0939113
-0.0884329
-0.08334
-0.078637
-0.0743308
-0.0704237
-0.0669098
-0.0637746
-0.0609964
-0.0585477
-0.0563962
-0.0545074
-0.0528498
-0.0513902
-0.0500993
-0.0489507
-0.0479216
-0.0469942
-0.0461547
-0.0453933
-0.0447046
-0.044087
-0.0435444
-0.0430841
-0.0427171
-0.0424586
-0.0423278
-0.042344
-0.0425223
-0.0428898
-0.043472
-0.0442841
-0.045341
-0.0466477
-0.0482035
-0.0500063
-0.0520473
-0.0543021
-0.0173111
-0.0171197
-0.0169834
-0.0168978
-0.0168587
-0.0168623
-0.0169053
-0.016985
-0.0170988
-0.017245
-0.0174221
-0.0176289
-0.0178642
-0.0181268
-0.0184162
-0.0187324
-0.0190747
-0.0194432
-0.0198374
-0.0202573
-0.0207031
-0.0211755
-0.0216749
-0.0222016
-0.0227568
-0.0233411
-0.0239552
-0.0245984
-0.025274
-0.0259845
-0.0267296
-0.0275109
-0.0283293
-0.0291855
-0.0300783
-0.0310093
-0.0319862
-0.0330077
-0.0340734
-0.0351835
-0.0363419
-0.0375466
-0.0388074
-0.0401236
-0.0414989
-0.0429318
-0.0444217
-0.0459694
-0.0475802
-0.0492599
-0.0510122
-0.0528344
-0.0547319
-0.0567097
-0.0587548
-0.0608697
-0.0630621
-0.0653462
-0.067727
-0.0702
-0.0727605
-0.0754135
-0.0781783
-0.0810281
-0.0839824
-0.0870286
-0.0901941
-0.0934851
-0.0968946
-0.100421
-0.104064
-0.107831
-0.111698
-0.115673
-0.119745
-0.123941
-0.128264
-0.132707
-0.137293
-0.141976
-0.146753
-0.151603
-0.156553
-0.161609
-0.166745
-0.171949
-0.177209
-0.182567
-0.187883
-0.193184
-0.198479
-0.203758
-0.208999
-0.214186
-0.219303
-0.224331
-0.229268
-0.234088
-0.238698
-0.243099
-0.247276
-0.251267
-0.255032
-0.258545
-0.261813
-0.264867
-0.267519
-0.269816
-0.271687
-0.273221
-0.274368
-0.275052
-0.275261
-0.274916
-0.273892
-0.27218
-0.269719
-0.266409
-0.262213
-0.257159
-0.251328
-0.244935
-0.237432
-0.228827
-0.219131
-0.208505
-0.197137
-0.184941
-0.171933
-0.15803
-0.143497
-0.128626
-0.113798
-0.0992434
-0.0851212
-0.0715441
-0.0587144
-0.0468661
-0.0363265
-0.0273041
-0.0198841
-0.0140161
-0.00955754
-0.00630825
-0.00403837
-0.00251819
-0.00154147
-0.000938829
-0.000581592
-0.000378482
-0.000268576
-0.000213286
-0.000189214
-0.000182648
-0.000185735
-0.000194042
-0.000205082
-0.000217456
-0.000230372
-0.000243365
-0.000256151
-0.000268534
-0.000280365
-0.000291523
-0.000301906
-0.000311424
-0.000319996
-0.000327551
-0.000334029
-0.000339378
-0.000343561
-0.000346551
-0.000348333
-0.000348906
-0.00034828
-0.000346479
-0.000343538
-0.000339503
-0.00033443
-0.000328385
-0.000321444
-0.000313687
-0.0003052
-0.000296073
-0.000286398
-0.000276267
-0.000265769
-0.000254992
-0.000244019
-0.000232928
-0.000221789
-0.000210667
-0.000199621
-0.000188701
-0.000177951
-0.000167409
-0.000157107
-0.000147074
-0.000137332
-0.000127901
-0.000118797
-0.000110035
-0.000101627
-9.35817e-05
-8.5909e-05
-7.86152e-05
-7.17055e-05
-6.51835e-05
-5.90508e-05
-5.33072e-05
-4.79504e-05
-4.29759e-05
-3.8377e-05
-3.41448e-05
-3.02683e-05
-2.67343e-05
-2.35281e-05
-2.06332e-05
-1.80319e-05
-1.57055e-05
-1.36347e-05
-1.17998e-05
-1.01814e-05
-8.76002e-06
-7.51699e-06
-6.43434e-06
-5.49503e-06
-4.68313e-06
-3.98381e-06
-3.38347e-06
-2.86974e-06
-2.43141e-06
-2.05845e-06
-1.74191e-06
-1.4739e-06
-1.24746e-06
-1.05651e-06
-8.95753e-07
-7.60618e-07
-6.47151e-07
-5.51961e-07
-4.7215e-07
-4.05247e-07
-3.49154e-07
-3.02099e-07
-2.62581e-07
-2.29345e-07
-2.01333e-07
-1.77662e-07
-1.57596e-07
-1.40526e-07
-1.25936e-07
-1.13413e-07
-1.02603e-07
-9.3221e-08
-8.5032e-08
-7.78375e-08
-7.14768e-08
-6.58171e-08
-6.07507e-08
-5.6186e-08
-5.20445e-08
-4.8264e-08
-4.47975e-08
-4.15958e-08
-3.86239e-08
-3.58497e-08
-3.32472e-08
-3.07948e-08
-2.84728e-08
-2.62672e-08
-2.41643e-08
-2.21531e-08
-2.02265e-08
-1.83779e-08
-1.66032e-08
-1.48999e-08
-1.32671e-08
-1.17083e-08
-1.0225e-08
-8.82176e-09
-7.50336e-09
-6.27816e-09
-5.15449e-09
-4.1381e-09
-3.23685e-09
-2.44917e-09
-1.79011e-09
-1.25275e-09
-8.30867e-10
-5.14804e-10
-2.90466e-10
-1.4156e-10
-4.98319e-11
2.45494e-12
2.93256e-11
3.98531e-11
4.20637e-11
4.20721e-11
4.19102e-11
-0.0267558
-0.0267164
-0.0267252
-0.0267808
-0.026882
-0.0270272
-0.0272146
-0.0274427
-0.0277097
-0.0280137
-0.0283534
-0.0287288
-0.0291386
-0.0295821
-0.0300584
-0.0305674
-0.0311094
-0.0316821
-0.0322861
-0.0329218
-0.0335886
-0.0342883
-0.0350215
-0.0357877
-0.0365876
-0.0374227
-0.0382922
-0.0391943
-0.0401323
-0.0411101
-0.0421281
-0.0431876
-0.0442864
-0.0454246
-0.0466035
-0.0478278
-0.0491012
-0.050424
-0.0517971
-0.0532214
-0.0547013
-0.0562308
-0.0578138
-0.0594492
-0.0611395
-0.0628928
-0.064708
-0.0665881
-0.0685374
-0.0705547
-0.0726355
-0.0747831
-0.0769957
-0.0792916
-0.0816717
-0.0841221
-0.0866305
-0.0892117
-0.0918781
-0.0946278
-0.0974591
-0.100369
-0.103373
-0.10645
-0.109579
-0.112774
-0.116065
-0.119451
-0.122945
-0.126485
-0.130098
-0.133797
-0.137575
-0.14144
-0.145353
-0.149323
-0.153358
-0.157458
-0.16162
-0.165841
-0.17011
-0.174465
-0.178867
-0.183263
-0.187636
-0.192003
-0.196405
-0.200793
-0.205178
-0.209485
-0.213711
-0.217862
-0.221932
-0.225904
-0.229761
-0.23348
-0.237049
-0.240453
-0.243673
-0.246694
-0.24952
-0.25212
-0.254493
-0.256632
-0.258551
-0.260254
-0.261733
-0.263002
-0.264074
-0.264914
-0.265545
-0.265975
-0.266194
-0.266187
-0.266037
-0.265559
-0.264759
-0.263589
-0.262137
-0.260427
-0.258386
-0.25599
-0.253247
-0.250041
-0.246297
-0.241946
-0.237017
-0.231486
-0.225248
-0.218312
-0.210553
-0.201874
-0.192354
-0.18216
-0.171229
-0.15949
-0.147019
-0.133913
-0.120402
-0.106701
-0.0930873
-0.0797073
-0.0668488
-0.0548075
-0.0438315
-0.0341149
-0.0257856
-0.018891
-0.0133939
-0.00917921
-0.00607792
-0.00389222
-0.00242029
-0.00147627
-0.000902659
-0.000575524
-0.00040388
-0.000325315
-0.000299808
-0.000303415
-0.000322954
-0.000350712
-0.000382364
-0.000415833
-0.000450108
-0.000484659
-0.000519122
-0.000553167
-0.000586454
-0.000618633
-0.00064935
-0.000678256
-0.000705015
-0.000729314
-0.000750866
-0.000769423
-0.000784776
-0.000796762
-0.000805271
-0.000810243
-0.000811675
-0.00080962
-0.00080418
-0.000795507
-0.000783795
-0.000769277
-0.000752215
-0.000732894
-0.000711615
-0.00068868
-0.000664391
-0.000639036
-0.000612885
-0.000586188
-0.000559164
-0.000532008
-0.000504884
-0.000477932
-0.000451268
-0.000424986
-0.000399166
-0.000373878
-0.000349181
-0.00032513
-0.000301776
-0.000279172
-0.000257367
-0.000236411
-0.000216351
-0.000197232
-0.000179095
-0.000161975
-0.000145896
-0.000130878
-0.000116928
-0.000104042
-9.22076e-05
-8.14002e-05
-7.15864e-05
-6.27245e-05
-5.47656e-05
-4.76555e-05
-4.1336e-05
-3.5747e-05
-3.08269e-05
-2.65152e-05
-2.27525e-05
-1.9482e-05
-1.66498e-05
-1.42059e-05
-1.21038e-05
-1.03012e-05
-8.75961e-06
-7.44465e-06
-6.32558e-06
-5.37517e-06
-4.5695e-06
-3.88761e-06
-3.31127e-06
-2.82467e-06
-2.41418e-06
-2.06809e-06
-1.77637e-06
-1.53046e-06
-1.32309e-06
-1.14809e-06
-1.00025e-06
-8.75154e-07
-7.69108e-07
-6.79001e-07
-6.02225e-07
-5.36599e-07
-4.80301e-07
-4.31811e-07
-3.89864e-07
-3.53405e-07
-3.21558e-07
-2.93592e-07
-2.689e-07
-2.46979e-07
-2.27405e-07
-2.09828e-07
-1.93953e-07
-1.79534e-07
-1.66364e-07
-1.54268e-07
-1.43098e-07
-1.32731e-07
-1.23058e-07
-1.13989e-07
-1.05448e-07
-9.73689e-08
-8.96982e-08
-8.23899e-08
-7.54108e-08
-6.87316e-08
-6.23301e-08
-5.61922e-08
-5.03117e-08
-4.46875e-08
-3.93239e-08
-3.42286e-08
-2.94195e-08
-2.4912e-08
-2.0731e-08
-1.68981e-08
-1.34373e-08
-1.03739e-08
-7.72428e-09
-5.49646e-09
-3.69567e-09
-2.30373e-09
-1.28989e-09
-6.06224e-10
-1.91158e-10
2.40733e-11
1.00408e-10
1.03727e-10
7.74441e-11
5.16264e-11
-0.0451528
-0.0453178
-0.045536
-0.0458042
-0.0461213
-0.0464855
-0.0468969
-0.0473548
-0.0478577
-0.0484053
-0.0489956
-0.0496279
-0.0503009
-0.051015
-0.0517701
-0.0525657
-0.0534012
-0.0542762
-0.0551899
-0.0561424
-0.0571356
-0.0581661
-0.0592358
-0.0603428
-0.0614879
-0.0626746
-0.0639031
-0.0651713
-0.0664813
-0.0678343
-0.0692321
-0.0706735
-0.0721545
-0.0736761
-0.0752448
-0.0768613
-0.0785285
-0.080242
-0.0820038
-0.0838124
-0.0856715
-0.0875859
-0.0895539
-0.091577
-0.0936447
-0.0957595
-0.0979273
-0.100151
-0.102432
-0.104767
-0.107168
-0.109606
-0.112092
-0.114635
-0.117234
-0.119884
-0.12259
-0.125334
-0.128119
-0.130939
-0.133802
-0.136712
-0.139663
-0.142652
-0.14566
-0.148681
-0.151719
-0.154771
-0.157871
-0.160974
-0.164018
-0.167062
-0.170105
-0.173129
-0.176126
-0.179086
-0.182005
-0.184878
-0.187703
-0.190473
-0.193186
-0.195835
-0.198421
-0.200938
-0.203453
-0.205857
-0.208134
-0.21026
-0.212266
-0.214213
-0.216065
-0.217807
-0.219436
-0.220951
-0.222353
-0.223726
-0.224996
-0.226034
-0.226867
-0.227562
-0.228227
-0.228812
-0.229303
-0.229706
-0.230029
-0.230269
-0.23043
-0.230519
-0.230554
-0.230553
-0.230527
-0.230488
-0.230435
-0.230348
-0.230196
-0.229951
-0.229617
-0.229183
-0.228724
-0.228071
-0.227254
-0.226256
-0.225195
-0.224049
-0.222793
-0.221375
-0.219781
-0.217986
-0.215988
-0.213746
-0.211194
-0.20826
-0.204873
-0.201007
-0.196607
-0.191486
-0.18555
-0.178679
-0.170924
-0.162285
-0.152767
-0.142437
-0.131313
-0.119488
-0.10709
-0.0943839
-0.0816522
-0.0691941
-0.0573116
-0.0462987
-0.03641
-0.0278231
-0.0206267
-0.0148156
-0.0103013
-0.00693306
-0.00452419
-0.0028776
-0.00180639
-0.00114796
-0.000771102
-0.000576959
-0.000495773
-0.000481402
-0.000505206
-0.000550478
-0.000608007
-0.000672913
-0.000742609
-0.00081559
-0.000890786
-0.000967242
-0.00104398
-0.00111997
-0.0011941
-0.00126522
-0.00133221
-0.00139394
-0.00144945
-0.00149733
-0.00153654
-0.00156714
-0.00158896
-0.00160186
-0.00160588
-0.00160122
-0.00158824
-0.0015675
-0.00153965
-0.00150545
-0.00146575
-0.00142139
-0.00137325
-0.00132213
-0.00126881
-0.00121393
-0.00115809
-0.00110175
-0.00104528
-0.000988979
-0.000933059
-0.000877691
-0.000823013
-0.000769151
-0.000716232
-0.000664395
-0.000613798
-0.000564618
-0.000517047
-0.000471283
-0.000427525
-0.000385959
-0.000346747
-0.000310022
-0.000275878
-0.000244365
-0.000215493
-0.000189226
-0.000165493
-0.00014419
-0.000125188
-0.000108335
-9.34714e-05
-8.0428e-05
-6.90356e-05
-5.91281e-05
-5.05462e-05
-4.31392e-05
-3.67674e-05
-3.13024e-05
-2.66277e-05
-2.26386e-05
-1.92419e-05
-1.63547e-05
-1.39019e-05
-1.18246e-05
-1.00678e-05
-8.58278e-06
-7.32799e-06
-6.26807e-06
-5.37276e-06
-4.61634e-06
-3.97694e-06
-3.43605e-06
-2.97801e-06
-2.58963e-06
-2.25977e-06
-1.97909e-06
-1.73972e-06
-1.53506e-06
-1.3596e-06
-1.20869e-06
-1.07846e-06
-9.65672e-07
-8.67605e-07
-7.81986e-07
-7.06913e-07
-6.4079e-07
-5.82282e-07
-5.30265e-07
-4.838e-07
-4.42091e-07
-4.04472e-07
-3.70379e-07
-3.39336e-07
-3.10938e-07
-2.84845e-07
-2.60764e-07
-2.38457e-07
-2.17715e-07
-1.98356e-07
-1.80246e-07
-1.6327e-07
-1.47312e-07
-1.32312e-07
-1.18257e-07
-1.05065e-07
-9.27084e-08
-8.1169e-08
-7.0437e-08
-6.05125e-08
-5.1391e-08
-4.30726e-08
-3.55598e-08
-2.88459e-08
-2.29223e-08
-1.7774e-08
-1.33797e-08
-9.71299e-09
-6.7324e-09
-4.38935e-09
-2.63848e-09
-1.40139e-09
-5.86695e-10
-1.14935e-10
1.13477e-10
1.83057e-10
1.60922e-10
1.09754e-10
5.06886e-11
-0.0751479
-0.0755488
-0.0760058
-0.0765145
-0.0770752
-0.0776874
-0.0783489
-0.07906
-0.0798213
-0.0806306
-0.081487
-0.0823909
-0.0833387
-0.0843311
-0.0853679
-0.0864483
-0.087573
-0.0887391
-0.0899451
-0.0911895
-0.0924743
-0.0938003
-0.0951655
-0.0965707
-0.0980103
-0.099486
-0.100995
-0.102542
-0.104125
-0.105745
-0.1074
-0.109089
-0.110811
-0.112565
-0.114351
-0.116169
-0.118015
-0.119888
-0.121786
-0.123712
-0.125665
-0.127646
-0.129645
-0.13166
-0.133685
-0.135724
-0.13778
-0.139847
-0.141925
-0.144009
-0.146101
-0.148189
-0.150268
-0.15234
-0.154402
-0.156447
-0.158469
-0.160481
-0.162442
-0.164356
-0.166226
-0.168049
-0.169818
-0.171525
-0.173164
-0.174727
-0.176208
-0.177602
-0.178938
-0.180158
-0.181254
-0.182216
-0.18306
-0.183812
-0.184454
-0.184976
-0.18538
-0.185665
-0.185836
-0.185894
-0.185844
-0.185691
-0.185441
-0.185099
-0.184672
-0.184166
-0.183599
-0.183029
-0.182435
-0.181768
-0.181072
-0.180351
-0.179685
-0.179056
-0.17844
-0.177826
-0.177254
-0.176746
-0.176216
-0.175734
-0.175334
-0.175103
-0.175001
-0.174991
-0.175054
-0.175172
-0.175337
-0.175539
-0.175767
-0.176026
-0.176316
-0.176641
-0.176997
-0.177373
-0.177755
-0.178136
-0.17849
-0.178798
-0.179027
-0.179151
-0.179228
-0.179266
-0.179197
-0.179089
-0.178943
-0.178826
-0.178706
-0.178582
-0.178422
-0.178223
-0.177991
-0.177738
-0.177459
-0.177095
-0.176589
-0.175913
-0.175012
-0.173732
-0.171989
-0.169648
-0.166627
-0.162767
-0.157968
-0.152124
-0.14512
-0.136901
-0.127515
-0.117101
-0.105825
-0.0939282
-0.081695
-0.0694828
-0.0576716
-0.0466198
-0.0366343
-0.0279377
-0.0206475
-0.0147733
-0.0102301
-0.00686315
-0.00447759
-0.00286736
-0.00183815
-0.00122266
-0.000887614
-0.000734203
-0.000693912
-0.000722201
-0.000791827
-0.000887009
-0.000998935
-0.00112266
-0.00125512
-0.00139401
-0.0015372
-0.0016824
-0.00182714
-0.00196876
-0.00210447
-0.00223143
-0.002347
-0.00244891
-0.00253516
-0.0026041
-0.00265461
-0.00268606
-0.0026984
-0.00269214
-0.00266827
-0.00262823
-0.0025738
-0.00250697
-0.00242984
-0.00234451
-0.00225296
-0.00215695
-0.00205799
-0.00195728
-0.00185575
-0.00175402
-0.00165254
-0.00155157
-0.00145132
-0.00135197
-0.00125375
-0.00115696
-0.001062
-0.000969363
-0.000879618
-0.00079336
-0.000711183
-0.000633623
-0.000561142
-0.000494066
-0.000432601
-0.000376804
-0.000326613
-0.000281848
-0.000242236
-0.000207439
-0.000177074
-0.000150735
-0.000128012
-0.000108501
-9.18182e-05
-7.76072e-05
-6.55403e-05
-5.53221e-05
-4.66891e-05
-3.94094e-05
-3.328e-05
-2.81251e-05
-2.37932e-05
-2.01546e-05
-1.70987e-05
-1.45317e-05
-1.23746e-05
-1.05608e-05
-9.03418e-06
-7.74767e-06
-6.66198e-06
-5.74428e-06
-4.96716e-06
-4.30775e-06
-3.74701e-06
-3.26909e-06
-2.86074e-06
-2.51094e-06
-2.21048e-06
-1.95166e-06
-1.72805e-06
-1.53425e-06
-1.36576e-06
-1.21877e-06
-1.0901e-06
-9.77052e-07
-8.77366e-07
-7.89127e-07
-7.1072e-07
-6.40776e-07
-5.7814e-07
-5.2183e-07
-4.71015e-07
-4.24995e-07
-3.8317e-07
-3.4504e-07
-3.10181e-07
-2.78234e-07
-2.48901e-07
-2.21937e-07
-1.97129e-07
-1.74315e-07
-1.53357e-07
-1.3414e-07
-1.16576e-07
-1.00586e-07
-8.61079e-08
-7.31007e-08
-6.14691e-08
-5.11454e-08
-4.20641e-08
-3.41502e-08
-2.73239e-08
-2.15046e-08
-1.66074e-08
-1.25432e-08
-9.22423e-09
-6.56512e-09
-4.48357e-09
-2.90006e-09
-1.73911e-09
-9.30552e-10
-4.03163e-10
-8.65914e-11
7.3308e-11
1.31039e-10
1.26245e-10
9.39136e-11
6.59137e-11
5.15433e-11
-0.118686
-0.119283
-0.119927
-0.120617
-0.121355
-0.122135
-0.122958
-0.123823
-0.124729
-0.125675
-0.126662
-0.127688
-0.128751
-0.12985
-0.130983
-0.132148
-0.133343
-0.134569
-0.135822
-0.137099
-0.138399
-0.139718
-0.141057
-0.142419
-0.143793
-0.145179
-0.146574
-0.147978
-0.149388
-0.150802
-0.152218
-0.153631
-0.15504
-0.156442
-0.157832
-0.159209
-0.160572
-0.161906
-0.163211
-0.164488
-0.165731
-0.166941
-0.168103
-0.169205
-0.170253
-0.171245
-0.172174
-0.173036
-0.173827
-0.174541
-0.175174
-0.17572
-0.176175
-0.176533
-0.176789
-0.176943
-0.176986
-0.176915
-0.176715
-0.176393
-0.17595
-0.175382
-0.174686
-0.173863
-0.172914
-0.171839
-0.170641
-0.169325
-0.167896
-0.166358
-0.16472
-0.162996
-0.161218
-0.159329
-0.157362
-0.155323
-0.153203
-0.151052
-0.148869
-0.146652
-0.144409
-0.14215
-0.139882
-0.137616
-0.135359
-0.133121
-0.13092
-0.128815
-0.126779
-0.124861
-0.123102
-0.121502
-0.12005
-0.118729
-0.117517
-0.11639
-0.115374
-0.114466
-0.113685
-0.113117
-0.112789
-0.112696
-0.112822
-0.113138
-0.113618
-0.114232
-0.114954
-0.115767
-0.116654
-0.117607
-0.118614
-0.119668
-0.120759
-0.121874
-0.123002
-0.124134
-0.125258
-0.126356
-0.127415
-0.12842
-0.129361
-0.130217
-0.131023
-0.131758
-0.132442
-0.133112
-0.133808
-0.134548
-0.1353
-0.136078
-0.136888
-0.137719
-0.138597
-0.139555
-0.140599
-0.141706
-0.142858
-0.144071
-0.145296
-0.146491
-0.147586
-0.148488
-0.149003
-0.148901
-0.147973
-0.145956
-0.14265
-0.137907
-0.131668
-0.123933
-0.114802
-0.10439
-0.0930024
-0.0810157
-0.0688489
-0.0569547
-0.0457716
-0.0356716
-0.0269193
-0.0196489
-0.0138653
-0.00946474
-0.00626781
-0.00405668
-0.00260832
-0.00171939
-0.0012207
-0.000982231
-0.000911027
-0.000944983
-0.00104514
-0.00118835
-0.00136134
-0.00155638
-0.00176841
-0.00199331
-0.00222699
-0.00246492
-0.00270206
-0.00293292
-0.00315183
-0.00335318
-0.00353171
-0.00368287
-0.00380304
-0.00388975
-0.00394185
-0.00395949
-0.00394404
-0.00389798
-0.0038246
-0.00372777
-0.00361161
-0.00348025
-0.00333753
-0.00318682
-0.00303091
-0.00287192
-0.00271137
-0.00255025
-0.00238915
-0.00222845
-0.00206842
-0.00190946
-0.00175214
-0.00159724
-0.00144581
-0.00129908
-0.00115834
-0.00102487
-0.000899835
-0.000784143
-0.000678411
-0.000582956
-0.00049777
-0.000422571
-0.000356859
-0.00029997
-0.000251134
-0.00020953
-0.00017433
-0.000144728
-0.000119961
-9.93386e-05
-8.22307e-05
-6.80829e-05
-5.64115e-05
-4.68001e-05
-3.88934e-05
-3.23917e-05
-2.7044e-05
-2.26423e-05
-1.90141e-05
-1.60179e-05
-1.35378e-05
-1.14795e-05
-9.76619e-06
-8.33581e-06
-7.13767e-06
-6.13077e-06
-5.28183e-06
-4.56376e-06
-3.95448e-06
-3.43593e-06
-2.9933e-06
-2.61438e-06
-2.28908e-06
-2.00905e-06
-1.76735e-06
-1.55811e-06
-1.37648e-06
-1.21835e-06
-1.08029e-06
-9.5938e-07
-8.53151e-07
-7.59515e-07
-6.76707e-07
-6.03233e-07
-5.37828e-07
-4.79421e-07
-4.27108e-07
-3.8012e-07
-3.37812e-07
-2.9964e-07
-2.6514e-07
-2.33928e-07
-2.05679e-07
-1.80116e-07
-1.5701e-07
-1.36161e-07
-1.17402e-07
-1.00584e-07
-8.55742e-08
-7.22506e-08
-6.05007e-08
-5.02126e-08
-4.1276e-08
-3.35814e-08
-2.70175e-08
-2.14751e-08
-1.68453e-08
-1.30215e-08
-9.90194e-09
-7.39036e-09
-5.39646e-09
-3.83918e-09
-2.64491e-09
-1.74844e-09
-1.09346e-09
-6.31373e-10
-3.19791e-10
-1.21866e-10
-6.74203e-12
5.04451e-11
7.30199e-11
7.42508e-11
6.63669e-11
5.7836e-11
5.30015e-11
5.15272e-11
-0.186014
-0.18666
-0.187334
-0.188035
-0.188763
-0.189515
-0.190284
-0.191071
-0.191877
-0.192702
-0.193542
-0.194395
-0.195259
-0.196131
-0.197009
-0.19789
-0.19877
-0.199647
-0.200517
-0.201378
-0.202226
-0.203055
-0.203864
-0.204649
-0.205406
-0.206137
-0.206836
-0.207497
-0.208115
-0.208689
-0.209216
-0.209693
-0.210115
-0.210478
-0.210779
-0.211013
-0.211179
-0.211268
-0.211277
-0.211202
-0.211041
-0.210789
-0.210444
-0.209993
-0.209438
-0.208778
-0.208009
-0.207128
-0.206132
-0.205019
-0.203786
-0.202431
-0.200952
-0.199347
-0.197615
-0.195759
-0.193773
-0.191653
-0.189402
-0.187026
-0.184527
-0.181907
-0.179169
-0.176319
-0.173363
-0.170305
-0.167154
-0.16392
-0.160612
-0.157242
-0.153823
-0.150381
-0.14696
-0.143493
-0.140035
-0.136613
-0.133234
-0.129902
-0.126629
-0.123421
-0.120286
-0.117231
-0.114263
-0.111385
-0.108602
-0.105916
-0.10333
-0.10085
-0.0984925
-0.0962584
-0.094163
-0.0922111
-0.0904006
-0.0887266
-0.0871824
-0.0857587
-0.0844464
-0.0832512
-0.0821801
-0.0812396
-0.0804468
-0.0798071
-0.0793213
-0.0789882
-0.0788046
-0.0787649
-0.0788625
-0.0790901
-0.079441
-0.0799084
-0.0804837
-0.0811573
-0.0819196
-0.0827648
-0.0836861
-0.0846777
-0.0857328
-0.0868423
-0.0879977
-0.0891853
-0.0903873
-0.0915921
-0.09278
-0.093942
-0.0950919
-0.096208
-0.0973211
-0.0984612
-0.0996491
-0.100873
-0.102139
-0.10343
-0.10476
-0.106168
-0.107686
-0.109322
-0.111086
-0.112993
-0.115087
-0.117344
-0.119808
-0.122515
-0.125408
-0.128327
-0.131061
-0.133335
-0.134832
-0.135258
-0.134334
-0.131789
-0.127495
-0.121335
-0.113287
-0.103601
-0.0925898
-0.080677
-0.068382
-0.0562636
-0.0448526
-0.0345876
-0.0257678
-0.0185322
-0.0128681
-0.00864219
-0.00564367
-0.00362877
-0.00235783
-0.0016205
-0.00124835
-0.00111693
-0.00114079
-0.00126509
-0.00145667
-0.00169621
-0.00197222
-0.0022769
-0.00260355
-0.00294514
-0.00329364
-0.00363992
-0.00397408
-0.00428594
-0.00456571
-0.00480469
-0.00499593
-0.00513472
-0.00521884
-0.00524864
-0.00522679
-0.00515791
-0.005048
-0.00490385
-0.00473243
-0.00454038
-0.00433356
-0.00411682
-0.00389389
-0.00366742
-0.00343914
-0.00321012
-0.00298103
-0.00275245
-0.00252512
-0.00230009
-0.00207884
-0.00186321
-0.00165529
-0.00145728
-0.00127122
-0.00109884
-0.000941435
-0.00079971
-0.000674051
-0.000563954
-0.000468507
-0.000386693
-0.000317306
-0.000259034
-0.00021054
-0.000170514
-0.000137726
-0.000111044
-8.94582e-05
-7.20796e-05
-5.81428e-05
-4.69982e-05
-3.81016e-05
-3.10037e-05
-2.53373e-05
-2.08054e-05
-1.71706e-05
-1.42438e-05
-1.18761e-05
-9.95051e-06
-8.37568e-06
-7.08026e-06
-6.00863e-06
-5.11737e-06
-4.37241e-06
-3.74696e-06
-3.21973e-06
-2.77375e-06
-2.39533e-06
-2.07333e-06
-1.79866e-06
-1.5638e-06
-1.36251e-06
-1.18959e-06
-1.04068e-06
-9.12104e-07
-8.00791e-07
-7.0414e-07
-6.19962e-07
-5.46413e-07
-4.8194e-07
-4.25236e-07
-3.75203e-07
-3.30918e-07
-2.9161e-07
-2.5663e-07
-2.25434e-07
-1.97569e-07
-1.72654e-07
-1.50369e-07
-1.30442e-07
-1.12646e-07
-9.67841e-08
-8.26859e-08
-7.0201e-08
-5.91949e-08
-4.95455e-08
-4.11386e-08
-3.3866e-08
-2.76238e-08
-2.23127e-08
-1.78358e-08
-1.4099e-08
-1.10127e-08
-8.49231e-09
-6.45786e-09
-4.83605e-09
-3.55986e-09
-2.56957e-09
-1.81286e-09
-1.24404e-09
-8.24448e-10
-5.21647e-10
-3.08998e-10
-1.64847e-10
-7.09217e-11
-1.30441e-11
1.92051e-11
3.49398e-11
4.04658e-11
4.1019e-11
3.91765e-11
3.69577e-11
3.53235e-11
3.43949e-11
3.44295e-11
-0.31597
-0.316167
-0.316362
-0.316553
-0.31674
-0.316913
-0.317072
-0.317216
-0.317344
-0.317451
-0.317536
-0.317597
-0.31763
-0.317632
-0.317602
-0.317536
-0.317431
-0.317283
-0.31709
-0.316852
-0.316556
-0.316202
-0.315789
-0.315317
-0.314782
-0.314181
-0.313512
-0.312774
-0.31196
-0.311067
-0.310094
-0.309037
-0.307899
-0.306675
-0.305364
-0.303962
-0.302466
-0.300875
-0.299182
-0.297386
-0.295483
-0.293471
-0.291341
-0.289091
-0.286716
-0.28421
-0.281568
-0.278784
-0.275852
-0.272766
-0.269519
-0.266105
-0.262519
-0.258753
-0.254803
-0.250672
-0.246354
-0.241845
-0.237164
-0.232331
-0.227363
-0.222278
-0.217096
-0.211837
-0.206519
-0.201164
-0.195789
-0.190413
-0.185053
-0.179724
-0.174441
-0.16922
-0.164096
-0.159038
-0.154084
-0.149257
-0.144566
-0.140019
-0.135621
-0.131375
-0.127286
-0.123353
-0.119577
-0.115954
-0.112478
-0.109141
-0.105944
-0.102884
-0.0999612
-0.0971738
-0.0945197
-0.0919968
-0.0896038
-0.0873394
-0.0852015
-0.0831882
-0.0812969
-0.0795254
-0.0778713
-0.0763337
-0.0749121
-0.0736033
-0.0724077
-0.0713249
-0.0703568
-0.0695029
-0.0687629
-0.0681362
-0.0676224
-0.0672206
-0.0669294
-0.066747
-0.0666704
-0.0666977
-0.0668265
-0.0670533
-0.0673796
-0.0678042
-0.0683229
-0.068931
-0.0696166
-0.0703756
-0.0712007
-0.072078
-0.0730214
-0.0739827
-0.0749856
-0.0760488
-0.0771777
-0.0783662
-0.0796105
-0.0809102
-0.0822612
-0.083678
-0.0851837
-0.0868086
-0.0885705
-0.0904898
-0.0926298
-0.0949715
-0.0975901
-0.100563
-0.103927
-0.107655
-0.111652
-0.115752
-0.119648
-0.123055
-0.125616
-0.126897
-0.126534
-0.124235
-0.119659
-0.112877
-0.104061
-0.0935271
-0.0817599
-0.069367
-0.0570042
-0.0452925
-0.0347423
-0.0256987
-0.0183209
-0.012595
-0.0083724
-0.00542171
-0.00347924
-0.00229042
-0.0016364
-0.00134591
-0.0012956
-0.00140309
-0.00161692
-0.00190654
-0.00225378
-0.00264661
-0.00307492
-0.00352808
-0.00399377
-0.00445779
-0.00490461
-0.00531832
-0.00568391
-0.00598857
-0.00622274
-0.00638089
-0.00646176
-0.00646815
-0.00640623
-0.00628461
-0.00611327
-0.00590246
-0.00566186
-0.00539992
-0.00512348
-0.00483774
-0.00454634
-0.00425165
-0.00395524
-0.00365823
-0.00336175
-0.00306717
-0.00277635
-0.00249163
-0.00221578
-0.00195177
-0.00170248
-0.00147088
-0.00125935
-0.00106806
-0.000897454
-0.000747361
-0.00061704
-0.000505294
-0.00041062
-0.000331321
-0.000265619
-0.000211739
-0.000167981
-0.000132762
-0.000104652
-8.23829e-05
-6.48554e-05
-5.11342e-05
-4.0436e-05
-3.21157e-05
-2.565e-05
-2.062e-05
-1.66951e-05
-1.36174e-05
-1.11881e-05
-9.25526e-06
-7.70368e-06
-6.44664e-06
-5.41899e-06
-4.57182e-06
-3.86829e-06
-3.28046e-06
-2.78692e-06
-2.37102e-06
-2.01963e-06
-1.72223e-06
-1.47022e-06
-1.25652e-06
-1.07521e-06
-9.21298e-07
-7.90559e-07
-6.79409e-07
-5.84801e-07
-5.0415e-07
-4.35266e-07
-3.76298e-07
-3.25685e-07
-2.8212e-07
-2.44507e-07
-2.11932e-07
-1.83634e-07
-1.58982e-07
-1.37452e-07
-1.1861e-07
-1.02096e-07
-8.76096e-08
-7.4902e-08
-6.37628e-08
-5.40143e-08
-4.55043e-08
-3.81011e-08
-3.16882e-08
-2.61621e-08
-2.1429e-08
-1.74032e-08
-1.40054e-08
-1.11622e-08
-8.80461e-09
-6.86922e-09
-5.29703e-09
-4.03409e-09
-3.03157e-09
-2.24577e-09
-1.63798e-09
-1.17468e-09
-8.26562e-10
-5.68908e-10
-3.81603e-10
-2.48235e-10
-1.55905e-10
-9.32732e-11
-5.17975e-11
-2.57181e-11
-1.04103e-11
-2.32801e-12
1.40053e-12
2.66774e-12
2.65982e-12
2.17881e-12
1.6043e-12
1.17463e-12
9.67832e-13
9.69718e-13
1.14388e-12
-0.527665
-0.525743
-0.523758
-0.52171
-0.519596
-0.517415
-0.515166
-0.512849
-0.510461
-0.508002
-0.505473
-0.502871
-0.500196
-0.497448
-0.494625
-0.491728
-0.488753
-0.485699
-0.482563
-0.479341
-0.476024
-0.472611
-0.469093
-0.465463
-0.461708
-0.457818
-0.453777
-0.449569
-0.445168
-0.440553
-0.435701
-0.430578
-0.425149
-0.419375
-0.41321
-0.406615
-0.399623
-0.392267
-0.38459
-0.37663
-0.368421
-0.360003
-0.35141
-0.34267
-0.333812
-0.324866
-0.315859
-0.30682
-0.297774
-0.288746
-0.279762
-0.270847
-0.262019
-0.253302
-0.24472
-0.2363
-0.228072
-0.22005
-0.21225
-0.204683
-0.19736
-0.190283
-0.183458
-0.176886
-0.170565
-0.164495
-0.158673
-0.153096
-0.147759
-0.142657
-0.137784
-0.133136
-0.128709
-0.124498
-0.120492
-0.116686
-0.113074
-0.109647
-0.106399
-0.103322
-0.100408
-0.0976511
-0.0950345
-0.0925441
-0.0901815
-0.0879486
-0.0858443
-0.0838611
-0.0819954
-0.0802418
-0.0785975
-0.0770588
-0.0756201
-0.0742763
-0.0730228
-0.071855
-0.0707685
-0.0697591
-0.0688221
-0.0679538
-0.0671508
-0.0664084
-0.0657247
-0.0650977
-0.064525
-0.0640051
-0.0635382
-0.063119
-0.0627483
-0.0624282
-0.0621598
-0.0619393
-0.0617687
-0.0616514
-0.0615854
-0.0615728
-0.0616159
-0.0617169
-0.061877
-0.0620994
-0.0623818
-0.0627249
-0.0631309
-0.0635983
-0.0641344
-0.0647298
-0.0653772
-0.0660925
-0.0668802
-0.0677388
-0.0686675
-0.0696662
-0.0707422
-0.0718923
-0.0731268
-0.07447
-0.0759531
-0.077599
-0.0794645
-0.0815591
-0.0839463
-0.08671
-0.0899174
-0.0936037
-0.0977553
-0.102304
-0.107014
-0.111632
-0.1158
-0.119037
-0.12086
-0.120811
-0.118399
-0.113514
-0.106233
-0.0968098
-0.0857029
-0.0735461
-0.0610605
-0.0489591
-0.037855
-0.0281914
-0.0202089
-0.01395
-0.00929669
-0.00602498
-0.00386282
-0.00253882
-0.00181514
-0.00150363
-0.00146798
-0.00161704
-0.00189388
-0.00226448
-0.00270795
-0.00320925
-0.00375436
-0.00432748
-0.00491008
-0.00548115
-0.00601847
-0.00650046
-0.00690824
-0.00722745
-0.00744955
-0.00757225
-0.00759914
-0.00753869
-0.00740262
-0.0072043
-0.00695718
-0.0066736
-0.00636398
-0.00603654
-0.0056973
-0.00535044
-0.0049988
-0.00464434
-0.00428873
-0.00393376
-0.00358162
-0.00323502
-0.00289726
-0.00257337
-0.00226565
-0.00197653
-0.00170849
-0.00146333
-0.00124204
-0.00104487
-0.000871419
-0.000720695
-0.000591264
-0.000481379
-0.000389108
-0.000312443
-0.00024939
-0.000198035
-0.000156598
-0.000123454
-9.71585e-05
-7.64502e-05
-6.02455e-05
-4.76305e-05
-3.78465e-05
-3.02729e-05
-2.44098e-05
-1.986e-05
-1.63124e-05
-1.35261e-05
-1.13169e-05
-9.54568e-06
-8.10804e-06
-6.92637e-06
-5.94325e-06
-5.11624e-06
-4.41396e-06
-3.81299e-06
-3.29569e-06
-2.84856e-06
-2.46101e-06
-2.12459e-06
-1.83236e-06
-1.57855e-06
-1.35821e-06
-1.1671e-06
-1.00152e-06
-8.58226e-07
-7.34365e-07
-6.2743e-07
-5.35216e-07
-4.55786e-07
-3.87444e-07
-3.28705e-07
-2.78276e-07
-2.35032e-07
-1.97996e-07
-1.66321e-07
-1.39273e-07
-1.16219e-07
-9.66097e-08
-7.99718e-08
-6.58951e-08
-5.40244e-08
-4.40519e-08
-3.57098e-08
-2.87654e-08
-2.30157e-08
-1.82836e-08
-1.44144e-08
-1.12736e-08
-8.744e-09
-6.72329e-09
-5.1235e-09
-3.86854e-09
-2.89394e-09
-2.14478e-09
-1.57511e-09
-1.14687e-09
-8.28545e-10
-5.94659e-10
-4.2455e-10
-3.02455e-10
-2.15359e-10
-1.54065e-10
-1.1148e-10
-8.13835e-11
-6.14176e-11
-4.91502e-11
-4.24398e-11
-3.87744e-11
-3.64128e-11
-3.47538e-11
-3.37525e-11
-3.32296e-11
-3.29863e-11
-3.28792e-11
-3.28323e-11
-3.28128e-11
-3.28054e-11
-0.653321
-0.646063
-0.638631
-0.63101
-0.623181
-0.615118
-0.606791
-0.598158
-0.589164
-0.579743
-0.569805
-0.559239
-0.547951
-0.536042
-0.523611
-0.510748
-0.497535
-0.484046
-0.470347
-0.456499
-0.442553
-0.428557
-0.414551
-0.400575
-0.386665
-0.37284
-0.359127
-0.345551
-0.332142
-0.318928
-0.305943
-0.293222
-0.280807
-0.26875
-0.257109
-0.245951
-0.235278
-0.225087
-0.215372
-0.206123
-0.197329
-0.188977
-0.18105
-0.173531
-0.166408
-0.159657
-0.153265
-0.147218
-0.141505
-0.136109
-0.131019
-0.126219
-0.121694
-0.117439
-0.113428
-0.109653
-0.106104
-0.102773
-0.0996474
-0.0967171
-0.0939709
-0.0913989
-0.0889916
-0.0867406
-0.0846374
-0.0826736
-0.0808412
-0.0791321
-0.0775389
-0.0760544
-0.0746728
-0.0733892
-0.0721948
-0.0710852
-0.0700547
-0.0690996
-0.0682151
-0.0673956
-0.0666364
-0.0659348
-0.0652854
-0.0646851
-0.0641386
-0.0636527
-0.063223
-0.0628438
-0.0625108
-0.0622203
-0.06197
-0.0617587
-0.0615793
-0.06143
-0.0613098
-0.0612167
-0.0611474
-0.061097
-0.0610644
-0.0610465
-0.0610423
-0.0610506
-0.0610692
-0.0610967
-0.0611315
-0.0611724
-0.0612183
-0.0612689
-0.0613246
-0.0613804
-0.0614379
-0.0614989
-0.0615644
-0.061636
-0.0617082
-0.0617819
-0.0618613
-0.0619499
-0.0620478
-0.0621578
-0.0622799
-0.0624171
-0.0625739
-0.062755
-0.0629594
-0.0631911
-0.0634561
-0.0637573
-0.0641012
-0.0644891
-0.0649224
-0.0654074
-0.0659531
-0.0665633
-0.0672492
-0.0680146
-0.0688639
-0.069817
-0.0709078
-0.0721677
-0.0736534
-0.0753856
-0.0774401
-0.0799007
-0.0828436
-0.0863245
-0.0903575
-0.0949
-0.0997664
-0.104687
-0.109291
-0.113069
-0.115474
-0.115975
-0.114034
-0.10948
-0.102399
-0.0930871
-0.0820551
-0.0699924
-0.0576674
-0.0458183
-0.0350573
-0.0258059
-0.0182695
-0.0124535
-0.008208
-0.0052886
-0.00341543
-0.0023204
-0.00177654
-0.00161011
-0.00169927
-0.00196496
-0.00235874
-0.00285102
-0.00342144
-0.00405207
-0.00472326
-0.00541185
-0.00609133
-0.00673342
-0.00731063
-0.0077991
-0.00818111
-0.00844669
-0.00859413
-0.00862916
-0.00856334
-0.00841179
-0.0081909
-0.00791656
-0.0076027
-0.00726068
-0.00689911
-0.00652418
-0.00614005
-0.00574965
-0.00535526
-0.0049591
-0.00456537
-0.00417574
-0.00379276
-0.00341984
-0.00306055
-0.00271821
-0.00239572
-0.00209543
-0.00181907
-0.00156761
-0.00134132
-0.00113983
-0.000962242
-0.000807237
-0.000673192
-0.000558299
-0.000460657
-0.000378348
-0.000309506
-0.000252357
-0.000205249
-0.000166678
-0.000135291
-0.000109896
-8.94506e-05
-7.30595e-05
-5.99618e-05
-4.95186e-05
-4.11995e-05
-3.45685e-05
-2.92712e-05
-2.50219e-05
-2.15926e-05
-1.88031e-05
-1.65115e-05
-1.46077e-05
-1.30061e-05
-1.16413e-05
-1.04631e-05
-9.43325e-06
-8.52288e-06
-7.71012e-06
-6.97841e-06
-6.31524e-06
-5.7111e-06
-5.15867e-06
-4.6523e-06
-4.18752e-06
-3.76075e-06
-3.36901e-06
-3.00979e-06
-2.6809e-06
-2.38039e-06
-2.10644e-06
-1.8574e-06
-1.63166e-06
-1.4277e-06
-1.24407e-06
-1.07935e-06
-9.32166e-07
-8.01201e-07
-6.85178e-07
-5.82867e-07
-4.93089e-07
-4.14715e-07
-3.46672e-07
-2.87939e-07
-2.37554e-07
-1.94611e-07
-1.58262e-07
-1.27719e-07
-1.0225e-07
-8.11849e-08
-6.39101e-08
-4.98702e-08
-3.85659e-08
-2.95527e-08
-2.24394e-08
-1.6884e-08
-1.25922e-08
-9.31272e-09
-6.83467e-09
-4.98253e-09
-3.61342e-09
-2.61142e-09
-1.88514e-09
-1.36232e-09
-9.8914e-10
-7.23304e-10
-5.33984e-10
-3.99651e-10
-3.04567e-10
-2.36428e-10
-1.86804e-10
-1.50022e-10
-1.22058e-10
-9.99858e-11
-8.19573e-11
-6.74607e-11
-5.74828e-11
-5.22286e-11
-5.07068e-11
-0.365598
-0.349681
-0.333984
-0.318533
-0.303351
-0.288463
-0.2739
-0.259701
-0.245917
-0.232614
-0.219884
-0.207853
-0.19665
-0.18623
-0.176545
-0.167549
-0.159196
-0.151442
-0.144246
-0.13757
-0.131375
-0.125628
-0.120297
-0.115352
-0.110764
-0.106509
-0.102564
-0.0988995
-0.0954978
-0.0923418
-0.0894144
-0.0866998
-0.0841831
-0.0818501
-0.0796888
-0.0776885
-0.0758389
-0.0741311
-0.0725572
-0.0711078
-0.0697757
-0.0685538
-0.0674356
-0.0664145
-0.0654836
-0.0646415
-0.0638813
-0.0631936
-0.0625728
-0.0620198
-0.0615308
-0.0611003
-0.0607243
-0.0604014
-0.0601347
-0.0599058
-0.0597177
-0.0595702
-0.0594605
-0.0593862
-0.0593426
-0.059328
-0.0593405
-0.0593776
-0.0594368
-0.0595162
-0.0596139
-0.0597281
-0.0598569
-0.0599987
-0.0601519
-0.0603149
-0.0604861
-0.0606646
-0.0608516
-0.0610371
-0.0612222
-0.0614049
-0.0615877
-0.0617699
-0.0619537
-0.0621515
-0.0623614
-0.062574
-0.0627899
-0.0630141
-0.0632436
-0.0634765
-0.0637122
-0.0639521
-0.064193
-0.064432
-0.0646684
-0.0649036
-0.0651361
-0.0653649
-0.0655915
-0.0658177
-0.0660325
-0.0662364
-0.0664291
-0.0666184
-0.0667963
-0.0669626
-0.0671182
-0.0672636
-0.0673992
-0.0675235
-0.0676343
-0.06773
-0.0678127
-0.0678831
-0.0679462
-0.0679927
-0.068021
-0.0680306
-0.0680297
-0.068019
-0.0680056
-0.0679792
-0.0679459
-0.0679156
-0.0678855
-0.0678585
-0.0678398
-0.0678346
-0.0678499
-0.0678904
-0.0679568
-0.0680547
-0.0681955
-0.0683913
-0.0686574
-0.0689959
-0.0694224
-0.0699612
-0.0706521
-0.0715361
-0.0726752
-0.0741054
-0.075918
-0.0782016
-0.0810292
-0.0844462
-0.0884448
-0.0929325
-0.0976998
-0.102411
-0.10661
-0.109746
-0.111281
-0.110628
-0.107442
-0.10164
-0.0934735
-0.0833787
-0.0719807
-0.0600292
-0.0482814
-0.0373987
-0.0278694
-0.0199708
-0.0137724
-0.0091729
-0.00595761
-0.00385877
-0.00260719
-0.00196708
-0.00175295
-0.00183178
-0.00211558
-0.00254946
-0.00309936
-0.00374144
-0.00445438
-0.00521467
-0.00599454
-0.0067624
-0.00748495
-0.00813043
-0.00867218
-0.00909153
-0.00937941
-0.00953654
-0.00957183
-0.00950026
-0.00933983
-0.00910897
-0.00882478
-0.00850155
-0.00815043
-0.00777961
-0.00739656
-0.00700451
-0.00660541
-0.00620138
-0.00579462
-0.00538751
-0.00498283
-0.0045835
-0.00419271
-0.00381373
-0.00344963
-0.00310312
-0.00277645
-0.00247129
-0.00218874
-0.0019293
-0.00169296
-0.00147925
-0.00128734
-0.00111611
-0.00096425
-0.000830343
-0.000712896
-0.000610406
-0.000521401
-0.00044446
-0.00037824
-0.000321486
-0.000273042
-0.00023185
-0.000196954
-0.000167499
-0.000142719
-0.00012194
-0.000104567
-9.00813e-05
-7.80299e-05
-6.80215e-05
-5.97186e-05
-5.28317e-05
-4.71139e-05
-4.23552e-05
-3.83787e-05
-3.50356e-05
-3.22019e-05
-2.97749e-05
-2.76702e-05
-2.58192e-05
-2.41665e-05
-2.26678e-05
-2.12885e-05
-2.00017e-05
-1.87869e-05
-1.76289e-05
-1.65171e-05
-1.5444e-05
-1.4405e-05
-1.33974e-05
-1.24203e-05
-1.14739e-05
-1.05592e-05
-9.6777e-06
-8.83133e-06
-8.02202e-06
-7.25169e-06
-6.52207e-06
-5.83467e-06
-5.19065e-06
-4.59081e-06
-4.03556e-06
-3.52486e-06
-3.05829e-06
-2.635e-06
-2.25378e-06
-1.91306e-06
-1.61095e-06
-1.34529e-06
-1.11372e-06
-9.13685e-07
-7.42538e-07
-5.97555e-07
-4.76011e-07
-3.75218e-07
-2.92578e-07
-2.25619e-07
-1.72028e-07
-1.29679e-07
-9.66515e-08
-7.12391e-08
-5.19532e-08
-3.75188e-08
-2.68637e-08
-1.91037e-08
-1.35242e-08
-9.55872e-09
-6.7677e-09
-4.81765e-09
-3.46058e-09
-2.51602e-09
-1.85502e-09
-1.38728e-09
-1.05183e-09
-8.06703e-10
-6.23906e-10
-4.84956e-10
-3.77888e-10
-2.94366e-10
-2.30601e-10
-0.0798135
-0.07741
-0.0752
-0.0731707
-0.0712991
-0.0695729
-0.0679802
-0.0665114
-0.0651563
-0.0639064
-0.0627544
-0.0616937
-0.060719
-0.0598251
-0.0590081
-0.0582626
-0.0575851
-0.0569725
-0.0564219
-0.0559306
-0.0554961
-0.0551159
-0.0547881
-0.0545106
-0.0542812
-0.0541001
-0.0539693
-0.0538753
-0.0538225
-0.0538117
-0.0538401
-0.0539112
-0.0540166
-0.0541566
-0.0543312
-0.0545404
-0.0547822
-0.0550548
-0.0553563
-0.0556849
-0.0560386
-0.0564156
-0.0568145
-0.0572338
-0.0576726
-0.0581296
-0.0586045
-0.0591024
-0.0596067
-0.0601203
-0.0606408
-0.0611718
-0.0617119
-0.0622585
-0.0628203
-0.0633781
-0.0639344
-0.0644915
-0.0650503
-0.0656114
-0.0661705
-0.0667229
-0.0672687
-0.0678077
-0.068344
-0.0688719
-0.0693909
-0.0699006
-0.0704
-0.0708878
-0.0713635
-0.0718266
-0.0722765
-0.0727127
-0.0731348
-0.0735418
-0.0739343
-0.0743151
-0.0746726
-0.075024
-0.0753747
-0.0757237
-0.0760717
-0.0764071
-0.0767272
-0.0770304
-0.0773167
-0.0775931
-0.0778568
-0.0781072
-0.0783444
-0.0785719
-0.0787821
-0.0789707
-0.0791352
-0.0792868
-0.0794267
-0.0795413
-0.0796323
-0.0797017
-0.0797465
-0.0797728
-0.0797756
-0.0797532
-0.079706
-0.0796299
-0.0795341
-0.0794176
-0.0792785
-0.0791164
-0.0789313
-0.0787261
-0.0785027
-0.0782503
-0.077974
-0.0776705
-0.0773405
-0.0769976
-0.0766468
-0.076285
-0.0759099
-0.0755217
-0.0751263
-0.0747309
-0.0743364
-0.0739509
-0.0735744
-0.0732125
-0.0728708
-0.0725639
-0.072303
-0.0721031
-0.0719708
-0.071928
-0.0720032
-0.0722386
-0.072677
-0.0733801
-0.0744188
-0.0758463
-0.0777506
-0.0802066
-0.0832448
-0.0868392
-0.0908823
-0.095159
-0.099335
-0.102968
-0.105561
-0.106607
-0.105578
-0.10221
-0.0964131
-0.0884299
-0.0787012
-0.0678216
-0.0564868
-0.0453954
-0.0351533
-0.0262048
-0.0187988
-0.0129932
-0.00868978
-0.00568697
-0.00373564
-0.00258606
-0.00201973
-0.00186482
-0.00199804
-0.00233759
-0.00283196
-0.00344816
-0.00416163
-0.00494895
-0.00578342
-0.00663357
-0.00746415
-0.00823891
-0.00892445
-0.00949408
-0.00993069
-0.0102281
-0.0103902
-0.0104292
-0.0103627
-0.0102107
-0.00999365
-0.00972799
-0.00942666
-0.00909963
-0.00875416
-0.00839523
-0.00802624
-0.00764984
-0.0072677
-0.0068816
-0.00649347
-0.00610551
-0.00572012
-0.00533974
-0.00496688
-0.00460394
-0.0042531
-0.00391625
-0.00359488
-0.00329012
-0.00300275
-0.00273317
-0.00248146
-0.00224746
-0.00203077
-0.00183083
-0.001647
-0.0014785
-0.00132453
-0.00118424
-0.00105679
-0.000941306
-0.000836968
-0.00074296
-0.0006585
-0.000582836
-0.000515254
-0.000455076
-0.000401663
-0.000354413
-0.000312763
-0.000276186
-0.000244189
-0.000216313
-0.00019213
-0.000171241
-0.000153278
-0.000137898
-0.000124784
-0.000113647
-0.000104219
-9.62568e-05
-8.95387e-05
-8.38654e-05
-7.90578e-05
-7.49565e-05
-7.14211e-05
-6.83287e-05
-6.55732e-05
-6.30639e-05
-6.07249e-05
-5.84932e-05
-5.63183e-05
-5.41604e-05
-5.199e-05
-4.9786e-05
-4.75357e-05
-4.52326e-05
-4.28766e-05
-4.04723e-05
-3.80285e-05
-3.55572e-05
-3.30731e-05
-3.05924e-05
-2.81328e-05
-2.57122e-05
-2.33485e-05
-2.10587e-05
-1.88591e-05
-1.67642e-05
-1.47864e-05
-1.29362e-05
-1.12216e-05
-9.64803e-06
-8.21829e-06
-6.93273e-06
-5.78922e-06
-4.7834e-06
-3.90895e-06
-3.15786e-06
-2.5208e-06
-1.98751e-06
-1.54714e-06
-1.18862e-06
-9.01008e-07
-6.73788e-07
-4.97092e-07
-3.61902e-07
-2.60172e-07
-1.84896e-07
-1.30116e-07
-9.08954e-08
-6.32376e-08
-4.39941e-08
-3.07457e-08
-2.16842e-08
-1.5493e-08
-1.12402e-08
-8.28325e-09
-6.18992e-09
-4.67528e-09
-3.55493e-09
-2.71066e-09
-2.06749e-09
-0.0500756
-0.0498741
-0.0497038
-0.0495666
-0.0494654
-0.0493924
-0.0493532
-0.04935
-0.0493829
-0.0494521
-0.0495581
-0.0497011
-0.049881
-0.0501
-0.0503585
-0.0506508
-0.0509815
-0.0513515
-0.0517594
-0.0522039
-0.0526843
-0.0531997
-0.0537491
-0.0543309
-0.0549431
-0.0555877
-0.0562623
-0.0569575
-0.057675
-0.0584169
-0.0591808
-0.0599632
-0.0607739
-0.0615933
-0.0624254
-0.0632676
-0.0641221
-0.0649879
-0.0658598
-0.0667352
-0.067612
-0.0684886
-0.0693637
-0.0702363
-0.0711041
-0.0719655
-0.0728195
-0.0736706
-0.0745087
-0.075333
-0.0761451
-0.0769372
-0.0777224
-0.0785024
-0.0792753
-0.08002
-0.0807424
-0.0814547
-0.0821622
-0.0828444
-0.0835046
-0.0841494
-0.0847767
-0.0853899
-0.0859918
-0.086569
-0.0871275
-0.0876603
-0.0881756
-0.088675
-0.0891547
-0.0896137
-0.0900518
-0.0904695
-0.0908678
-0.0912567
-0.0916352
-0.092012
-0.0923848
-0.0927345
-0.0930691
-0.0933869
-0.0936866
-0.0939522
-0.0941855
-0.0943819
-0.0945522
-0.094697
-0.0948188
-0.0949186
-0.0949801
-0.0950058
-0.0949968
-0.094962
-0.0948982
-0.09481
-0.0946942
-0.0945419
-0.0943487
-0.0941262
-0.0938796
-0.0936041
-0.0932928
-0.0929448
-0.0925637
-0.0921593
-0.0917315
-0.0912714
-0.0907767
-0.090246
-0.0896888
-0.0891091
-0.0885139
-0.0878909
-0.0872401
-0.08656
-0.085855
-0.0851453
-0.0844184
-0.0836743
-0.0829127
-0.082146
-0.0813754
-0.0806075
-0.0798401
-0.0790814
-0.0783388
-0.0776278
-0.0769592
-0.0763496
-0.0758077
-0.0753602
-0.0750342
-0.0748723
-0.0749163
-0.0752162
-0.0758359
-0.0768246
-0.0782426
-0.0801325
-0.0825235
-0.0853882
-0.0886298
-0.0920729
-0.0954536
-0.0984271
-0.100601
-0.101559
-0.100865
-0.0982554
-0.0935768
-0.0869093
-0.0785355
-0.0689193
-0.0586185
-0.0482357
-0.0383413
-0.029403
-0.0217384
-0.0154983
-0.0106798
-0.00716108
-0.00474781
-0.00321816
-0.00235913
-0.00198946
-0.00196954
-0.00220064
-0.00261774
-0.00317934
-0.00385742
-0.00462892
-0.00546981
-0.00635187
-0.00724202
-0.00810401
-0.00890169
-0.00960291
-0.0101832
-0.0106266
-0.0109343
-0.0111141
-0.0111796
-0.011148
-0.0110378
-0.0108664
-0.0106496
-0.0103993
-0.0101247
-0.0098326
-0.00952785
-0.00921345
-0.00889225
-0.00856594
-0.00823569
-0.00790281
-0.00756865
-0.00723472
-0.00690243
-0.00657323
-0.00624846
-0.00592938
-0.00561722
-0.00531285
-0.00501704
-0.00473045
-0.00445354
-0.00418663
-0.0039299
-0.0036834
-0.00344715
-0.00322109
-0.00300512
-0.00279907
-0.00260278
-0.00241607
-0.00223874
-0.00207064
-0.00191157
-0.00176137
-0.00161986
-0.00148685
-0.00136214
-0.00124554
-0.00113682
-0.00103578
-0.000942179
-0.000855773
-0.000776305
-0.000703503
-0.000637082
-0.00057675
-0.000522201
-0.000473127
-0.000429211
-0.000390134
-0.000355574
-0.000325208
-0.00029871
-0.000275757
-0.000256026
-0.000239195
-0.00022495
-0.00021298
-0.000202984
-0.000194672
-0.000187764
-0.000181995
-0.000177118
-0.000172901
-0.000169136
-0.000165632
-0.000162222
-0.000158762
-0.00015513
-0.000151229
-0.000146983
-0.000142341
-0.000137273
-0.000131768
-0.000125838
-0.000119508
-0.000112824
-0.00010584
-9.86256e-05
-9.12549e-05
-8.38093e-05
-7.63725e-05
-6.90281e-05
-6.1857e-05
-5.49351e-05
-4.83308e-05
-4.21035e-05
-3.6302e-05
-3.09635e-05
-2.61128e-05
-2.17625e-05
-1.79134e-05
-1.45551e-05
-1.16673e-05
-9.22134e-06
-7.18216e-06
-5.50985e-06
-4.16178e-06
-3.09438e-06
-2.26482e-06
-1.63241e-06
-1.15977e-06
-8.13569e-07
-5.64992e-07
-3.89899e-07
-2.68685e-07
-1.85938e-07
-1.29947e-07
-9.21229e-08
-6.63884e-08
-4.85962e-08
-3.60097e-08
-2.68769e-08
-2.01068e-08
-0.0479274
-0.0482868
-0.0486975
-0.0491616
-0.0496764
-0.0502423
-0.0508566
-0.0515211
-0.0522361
-0.0529994
-0.0538076
-0.0546577
-0.0555488
-0.0564862
-0.0574497
-0.0584433
-0.0594692
-0.0605269
-0.0616095
-0.0627126
-0.0638345
-0.0649731
-0.0661198
-0.0672773
-0.0684426
-0.069617
-0.070788
-0.0719553
-0.0731168
-0.074266
-0.0754062
-0.0765358
-0.0776545
-0.0787652
-0.0798501
-0.080919
-0.0819652
-0.0829849
-0.0839873
-0.0849679
-0.0859246
-0.0868571
-0.0877689
-0.0886651
-0.0895237
-0.0903569
-0.0911636
-0.0919389
-0.0926973
-0.0934342
-0.0941459
-0.0948336
-0.0954995
-0.0961558
-0.0967877
-0.0973917
-0.0979611
-0.0985222
-0.0990744
-0.0996031
-0.100112
-0.100595
-0.101064
-0.101519
-0.10197
-0.102399
-0.102806
-0.103187
-0.103569
-0.103925
-0.104266
-0.104593
-0.104917
-0.10523
-0.105546
-0.10585
-0.106136
-0.106395
-0.106621
-0.106817
-0.106995
-0.107128
-0.107214
-0.107269
-0.107295
-0.107299
-0.107268
-0.107199
-0.10709
-0.106947
-0.106779
-0.106582
-0.106364
-0.106104
-0.105808
-0.105468
-0.105102
-0.104704
-0.104279
-0.103824
-0.103323
-0.10278
-0.102206
-0.101599
-0.100952
-0.100269
-0.0995455
-0.098791
-0.0980037
-0.0971834
-0.0963415
-0.0954652
-0.0945583
-0.0936204
-0.0926481
-0.0916754
-0.0906786
-0.0896587
-0.0886254
-0.0875881
-0.0865509
-0.0855185
-0.0844926
-0.0834814
-0.0825047
-0.0815725
-0.0807042
-0.0799089
-0.0792099
-0.078631
-0.0782048
-0.077967
-0.0779524
-0.0782002
-0.0787493
-0.0796275
-0.080863
-0.0824611
-0.0843979
-0.0866131
-0.0889957
-0.0913786
-0.0935415
-0.0952219
-0.0961308
-0.0959632
-0.0944566
-0.0914333
-0.086792
-0.0805972
-0.0730517
-0.0645061
-0.0553853
-0.0461551
-0.0372703
-0.0291231
-0.0220013
-0.0160677
-0.0113608
-0.00781499
-0.00529215
-0.00361707
-0.00260873
-0.00210326
-0.00196688
-0.0020996
-0.00243222
-0.00291943
-0.00353154
-0.0042458
-0.00503982
-0.00589205
-0.00677562
-0.00765984
-0.0085122
-0.00930138
-0.0100005
-0.01059
-0.0110589
-0.0114056
-0.0116363
-0.0117624
-0.0117988
-0.0117615
-0.0116654
-0.0115252
-0.0113523
-0.0111553
-0.0109411
-0.0107146
-0.0104793
-0.010238
-0.00999283
-0.00974524
-0.00949606
-0.00924613
-0.00899623
-0.00874703
-0.00849907
-0.00825276
-0.00800839
-0.00776627
-0.00752658
-0.00728934
-0.00705462
-0.00682245
-0.00659281
-0.00636574
-0.00614114
-0.00591895
-0.00569921
-0.00548192
-0.00526711
-0.00505481
-0.00484505
-0.00463792
-0.00443353
-0.00423204
-0.00403358
-0.0038383
-0.0036463
-0.00345772
-0.00327269
-0.00309138
-0.00291405
-0.00274096
-0.00257244
-0.00240887
-0.00225061
-0.00209804
-0.00195152
-0.00181139
-0.00167794
-0.00155143
-0.00143207
-0.00132004
-0.00121545
-0.00111834
-0.00102873
-0.000946532
-0.000871651
-0.000803926
-0.000743152
-0.000689084
-0.000641438
-0.00059989
-0.000564082
-0.00053362
-0.000508076
-0.000486993
-0.000469887
-0.00045625
-0.000445559
-0.00043728
-0.000430876
-0.000425819
-0.000421594
-0.00041771
-0.000413712
-0.000409187
-0.000403774
-0.000397168
-0.000389129
-0.000379485
-0.000368132
-0.000355036
-0.000340232
-0.000323817
-0.000305949
-0.000286837
-0.000266731
-0.000245911
-0.00022468
-0.000203348
-0.000182221
-0.000161593
-0.000141734
-0.000122884
-0.000105247
-8.89855e-05
-7.4217e-05
-6.10129e-05
-4.93991e-05
-3.9358e-05
-3.0832e-05
-2.37296e-05
-1.79315e-05
-1.32986e-05
-9.67993e-06
-6.92017e-06
-4.86714e-06
-3.37798e-06
-2.32416e-06
-1.59508e-06
-1.09972e-06
-7.66741e-07
-5.42948e-07
-3.90675e-07
-2.84641e-07
-2.08786e-07
-0.0539665
-0.055063
-0.0562193
-0.0574297
-0.0586865
-0.0599863
-0.0613187
-0.0626825
-0.0640726
-0.0654844
-0.0669147
-0.0683586
-0.0698173
-0.0712676
-0.0727148
-0.0741594
-0.075588
-0.0770044
-0.0784049
-0.0797865
-0.0811582
-0.082492
-0.0837927
-0.0850478
-0.0862804
-0.0874826
-0.0886474
-0.0897744
-0.0908739
-0.0919187
-0.0929206
-0.0938703
-0.0947913
-0.0956736
-0.0965208
-0.0973421
-0.0981079
-0.0988385
-0.0995264
-0.100176
-0.100803
-0.101401
-0.10199
-0.102543
-0.103054
-0.103528
-0.103992
-0.104447
-0.104899
-0.105315
-0.105701
-0.106072
-0.106442
-0.106804
-0.107179
-0.107529
-0.10786
-0.108169
-0.108484
-0.108799
-0.109119
-0.109441
-0.109746
-0.110032
-0.110318
-0.110606
-0.110904
-0.111193
-0.111475
-0.111746
-0.112026
-0.112323
-0.112619
-0.112915
-0.113173
-0.113384
-0.113543
-0.113657
-0.113742
-0.113786
-0.113789
-0.113757
-0.113703
-0.113595
-0.113436
-0.113267
-0.113057
-0.112807
-0.112527
-0.112221
-0.111889
-0.111538
-0.111138
-0.110694
-0.110222
-0.109726
-0.109193
-0.108613
-0.107984
-0.107324
-0.106635
-0.105907
-0.105132
-0.104313
-0.103461
-0.102588
-0.101674
-0.100707
-0.0997175
-0.0987206
-0.0976911
-0.0966299
-0.0955326
-0.0944297
-0.0933208
-0.0922211
-0.0911083
-0.0899883
-0.0888856
-0.0878116
-0.0867705
-0.0857778
-0.0848336
-0.0839576
-0.0831677
-0.0824871
-0.0819328
-0.0815137
-0.0812604
-0.0811939
-0.0813321
-0.0816859
-0.0822635
-0.0830713
-0.0840821
-0.0852579
-0.086548
-0.0878628
-0.0890855
-0.0900743
-0.0906607
-0.090669
-0.0899137
-0.0882343
-0.0855041
-0.0816621
-0.076707
-0.0707049
-0.063831
-0.056335
-0.0485192
-0.0407073
-0.033216
-0.0263242
-0.0202444
-0.0151051
-0.0109484
-0.00773998
-0.00538797
-0.00376661
-0.00273842
-0.00217226
-0.0019553
-0.00199848
-0.0022367
-0.00262536
-0.00313486
-0.0037448
-0.00443878
-0.00520042
-0.00601111
-0.00684905
-0.00768951
-0.00850637
-0.00927434
-0.00997126
-0.0105801
-0.0110902
-0.011498
-0.0118056
-0.0120207
-0.0121539
-0.0122176
-0.0122241
-0.0121852
-0.0121117
-0.0120126
-0.0118944
-0.0117622
-0.0116204
-0.0114719
-0.0113193
-0.0111646
-0.0110095
-0.0108549
-0.0107014
-0.0105496
-0.0103998
-0.0102523
-0.0101068
-0.00996335
-0.00982148
-0.00968096
-0.00954127
-0.00940196
-0.00926254
-0.00912258
-0.00898157
-0.0088391
-0.00869473
-0.00854819
-0.00839923
-0.00824759
-0.00809299
-0.00793528
-0.0077743
-0.00761004
-0.0074425
-0.00727169
-0.00709754
-0.00691985
-0.0067385
-0.00655338
-0.00636452
-0.00617209
-0.00597631
-0.00577747
-0.00557585
-0.00537168
-0.00516513
-0.00495632
-0.0047454
-0.00453263
-0.00431845
-0.00410347
-0.00388849
-0.00367447
-0.00346251
-0.00325379
-0.0030496
-0.00285119
-0.00265978
-0.00247647
-0.00230219
-0.00213775
-0.00198377
-0.00184074
-0.00170899
-0.00158871
-0.00147995
-0.00138264
-0.00129662
-0.00122159
-0.00115716
-0.00110286
-0.00105808
-0.00102211
-0.000994148
-0.000973288
-0.000958532
-0.00094881
-0.000942997
-0.000939927
-0.00093842
-0.000937304
-0.000935444
-0.000931772
-0.00092532
-0.000915243
-0.000900853
-0.000881636
-0.000857272
-0.000827641
-0.000792832
-0.000753124
-0.000708983
-0.000661032
-0.000610033
-0.000556853
-0.000502429
-0.000447724
-0.000393697
-0.000341262
-0.000291267
-0.000244462
-0.000201478
-0.000162808
-0.000128794
-9.96047e-05
-7.52258e-05
-5.54557e-05
-3.99231e-05
-2.8121e-05
-1.94558e-05
-1.33046e-05
-9.06916e-06
-6.22021e-06
-4.32479e-06
-3.05618e-06
-2.1883e-06
-0.0654724
-0.0671557
-0.0688623
-0.0705763
-0.0722896
-0.0740103
-0.075713
-0.0773889
-0.0790342
-0.0806379
-0.0822327
-0.0838012
-0.085308
-0.0867614
-0.0881516
-0.089511
-0.0908376
-0.092104
-0.093288
-0.0944144
-0.0954907
-0.0965451
-0.0975059
-0.0983892
-0.0992228
-0.100009
-0.100778
-0.101484
-0.102098
-0.102649
-0.103178
-0.103677
-0.104167
-0.104591
-0.104978
-0.105314
-0.105616
-0.105918
-0.106207
-0.106505
-0.106771
-0.107016
-0.107227
-0.107431
-0.107645
-0.107856
-0.108078
-0.108332
-0.108545
-0.108733
-0.108938
-0.109163
-0.109425
-0.109702
-0.109963
-0.110199
-0.110447
-0.11073
-0.11103
-0.111378
-0.111677
-0.111989
-0.112311
-0.112667
-0.112983
-0.113257
-0.113471
-0.113667
-0.113851
-0.113987
-0.114056
-0.114066
-0.114084
-0.114122
-0.114128
-0.114084
-0.114031
-0.113967
-0.113915
-0.113808
-0.11365
-0.11346
-0.113262
-0.113035
-0.112796
-0.112532
-0.112202
-0.11183
-0.111434
-0.111022
-0.110587
-0.110115
-0.109598
-0.109041
-0.108447
-0.107832
-0.107183
-0.106503
-0.105765
-0.105003
-0.104214
-0.103385
-0.102533
-0.101669
-0.10078
-0.0998395
-0.0988804
-0.097911
-0.0969493
-0.0959707
-0.0949736
-0.093981
-0.0929987
-0.0920268
-0.09107
-0.0901344
-0.0892293
-0.0883631
-0.0875487
-0.0868078
-0.086119
-0.0855064
-0.0849683
-0.0845398
-0.0842134
-0.083997
-0.083895
-0.0839086
-0.0840356
-0.0842475
-0.0845288
-0.0848632
-0.0852184
-0.0855444
-0.0857611
-0.0857932
-0.0855672
-0.0849899
-0.0839687
-0.0824125
-0.0802401
-0.0773859
-0.0738124
-0.0695229
-0.064547
-0.0589663
-0.0529204
-0.0465798
-0.0401463
-0.0338278
-0.0278256
-0.0223156
-0.0174337
-0.0132652
-0.00984113
-0.00714306
-0.00511271
-0.0036657
-0.00270559
-0.00213614
-0.00187053
-0.00183667
-0.0019791
-0.0022579
-0.00264584
-0.00312473
-0.00368164
-0.00430571
-0.00498574
-0.00570872
-0.00645923
-0.00721967
-0.00797112
-0.00869459
-0.00937256
-0.00999038
-0.0105373
-0.0110072
-0.0113984
-0.0117131
-0.0119571
-0.012138
-0.0122646
-0.0123455
-0.0123892
-0.0124031
-0.0123941
-0.0123676
-0.0123279
-0.0122784
-0.012222
-0.0121611
-0.0120977
-0.0120336
-0.0119702
-0.0119083
-0.0118488
-0.011792
-0.0117383
-0.0116879
-0.0116406
-0.0115963
-0.0115547
-0.0115152
-0.0114775
-0.0114411
-0.0114055
-0.0113699
-0.0113339
-0.0112968
-0.0112582
-0.0112176
-0.0111747
-0.0111289
-0.0110795
-0.0110262
-0.0109687
-0.0109068
-0.0108403
-0.0107688
-0.0106919
-0.0106092
-0.0105199
-0.0104237
-0.01032
-0.0102089
-0.0100904
-0.00996426
-0.00983014
-0.00968727
-0.00953466
-0.00937119
-0.0091961
-0.009009
-0.00880986
-0.00859909
-0.00837738
-0.00814541
-0.00790381
-0.00765299
-0.00739313
-0.00712422
-0.00684611
-0.00655891
-0.00626312
-0.00595974
-0.00565042
-0.00533758
-0.00502429
-0.00471402
-0.00441027
-0.00411628
-0.00383497
-0.00356887
-0.00332004
-0.00308991
-0.0028794
-0.00268898
-0.0025188
-0.00236875
-0.00223848
-0.00212741
-0.0020348
-0.00195967
-0.00190084
-0.00185691
-0.00182626
-0.00180709
-0.00179749
-0.00179543
-0.00179883
-0.00180558
-0.0018136
-0.00182077
-0.00182502
-0.00182425
-0.00181639
-0.00179941
-0.00177138
-0.00173053
-0.00167538
-0.00160486
-0.00151847
-0.00141653
-0.00130025
-0.00117186
-0.00103469
-0.000892945
-0.000751502
-0.000615381
-0.000489252
-0.000376938
-0.000281035
-0.000202711
-0.000141705
-9.64879e-05
-6.45989e-05
-4.30985e-05
-2.90533e-05
-1.99542e-05
-0.0760065
-0.0778692
-0.0797081
-0.0814766
-0.0831869
-0.0848182
-0.0863916
-0.0879052
-0.0893707
-0.0907914
-0.0921547
-0.0934324
-0.0946287
-0.0957722
-0.0968559
-0.0978727
-0.09883
-0.0997304
-0.100551
-0.101291
-0.101947
-0.102533
-0.10305
-0.103517
-0.103914
-0.10428
-0.104632
-0.104915
-0.105137
-0.105263
-0.105427
-0.105615
-0.105804
-0.105923
-0.106012
-0.106114
-0.106228
-0.106344
-0.106461
-0.106585
-0.106726
-0.106896
-0.106984
-0.107031
-0.107152
-0.10729
-0.107463
-0.107631
-0.107764
-0.107858
-0.107994
-0.10815
-0.10832
-0.108523
-0.10871
-0.108771
-0.108872
-0.109007
-0.109156
-0.109291
-0.109396
-0.109467
-0.109532
-0.109606
-0.109689
-0.109768
-0.109792
-0.10981
-0.10977
-0.109764
-0.109757
-0.109732
-0.109689
-0.109628
-0.10956
-0.109477
-0.10935
-0.109201
-0.109004
-0.108801
-0.108584
-0.108355
-0.1081
-0.107803
-0.107464
-0.10711
-0.106738
-0.106349
-0.105942
-0.10547
-0.104969
-0.10447
-0.103941
-0.103392
-0.102826
-0.102227
-0.10159
-0.100917
-0.100235
-0.0995443
-0.0988348
-0.0981096
-0.0973829
-0.0966377
-0.095876
-0.0950981
-0.0943474
-0.0935785
-0.0928073
-0.0920576
-0.0913183
-0.0905943
-0.0898885
-0.0892124
-0.0885664
-0.0879417
-0.0873521
-0.0867876
-0.0862751
-0.0858096
-0.0853804
-0.0849887
-0.0846315
-0.0843117
-0.0840197
-0.0837276
-0.0834262
-0.0831023
-0.0827272
-0.0822517
-0.081665
-0.0809339
-0.0800195
-0.0788594
-0.0774094
-0.0756312
-0.0734804
-0.0709321
-0.0679587
-0.0645483
-0.0607066
-0.0564594
-0.0518617
-0.0469851
-0.0419224
-0.036788
-0.0317058
-0.0268013
-0.0221927
-0.0179813
-0.0142447
-0.0110312
-0.00835833
-0.00621397
-0.00456155
-0.00334693
-0.00250628
-0.00197362
-0.00168686
-0.0015921
-0.00164576
-0.00181492
-0.00207619
-0.0024138
-0.0028173
-0.00327927
-0.00379348
-0.00435343
-0.00495139
-0.00557803
-0.00622237
-0.0068722
-0.00751468
-0.00813718
-0.00872814
-0.00927785
-0.00977904
-0.0102271
-0.0106205
-0.0109597
-0.0112477
-0.0114887
-0.0116879
-0.0118508
-0.0119826
-0.0120884
-0.0121726
-0.0122395
-0.0122925
-0.0123345
-0.012368
-0.012395
-0.0124174
-0.0124368
-0.0124547
-0.0124724
-0.012491
-0.012511
-0.0125332
-0.0125581
-0.012586
-0.0126172
-0.0126518
-0.0126896
-0.0127305
-0.0127746
-0.0128214
-0.0128709
-0.0129226
-0.0129762
-0.0130313
-0.0130875
-0.0131446
-0.0132024
-0.0132604
-0.013318
-0.0133745
-0.0134298
-0.0134839
-0.0135367
-0.0135879
-0.0136365
-0.0136817
-0.0137237
-0.0137614
-0.0137947
-0.0138234
-0.0138465
-0.0138638
-0.0138746
-0.013878
-0.0138733
-0.0138601
-0.0138365
-0.0137996
-0.0137492
-0.0136859
-0.013611
-0.0135245
-0.0134238
-0.0133072
-0.0131734
-0.0130207
-0.0128466
-0.0126488
-0.0124257
-0.0121772
-0.0119062
-0.0116165
-0.0113101
-0.0109865
-0.0106434
-0.010279
-0.00989267
-0.00948394
-0.00905225
-0.00859863
-0.0081273
-0.00764518
-0.0071608
-0.00668295
-0.00621999
-0.00577954
-0.00536787
-0.0049891
-0.0046453
-0.00433702
-0.00406385
-0.00382491
-0.00361909
-0.00344521
-0.00330203
-0.0031881
-0.00310158
-0.00304019
-0.00300118
-0.0029813
-0.00297691
-0.00298399
-0.00299821
-0.00301498
-0.00302953
-0.00303697
-0.00303231
-0.00301036
-0.00296562
-0.00289231
-0.00278468
-0.00263733
-0.0024463
-0.00221058
-0.00193411
-0.00162735
-0.00130752
-0.000996757
-0.000717717
-0.000488042
-0.000315882
-0.00019851
-0.000124895
-0.0801277
-0.0818419
-0.0835129
-0.0851178
-0.0866695
-0.0881674
-0.0895792
-0.0909466
-0.0922665
-0.0935295
-0.0947309
-0.0958734
-0.0969544
-0.0979481
-0.0988483
-0.0996665
-0.100447
-0.101096
-0.101658
-0.102048
-0.10239
-0.102735
-0.103026
-0.103296
-0.103504
-0.103654
-0.103748
-0.103857
-0.103953
-0.104036
-0.10411
-0.104176
-0.104239
-0.104296
-0.104338
-0.104361
-0.104379
-0.104422
-0.104439
-0.104441
-0.104445
-0.104438
-0.104394
-0.104393
-0.104404
-0.104419
-0.104434
-0.104443
-0.104445
-0.104451
-0.104488
-0.104501
-0.104493
-0.104484
-0.104463
-0.104405
-0.104384
-0.104371
-0.104356
-0.104336
-0.104306
-0.104263
-0.104226
-0.104202
-0.104162
-0.104092
-0.104039
-0.104003
-0.103962
-0.103874
-0.103758
-0.103597
-0.103462
-0.103321
-0.103164
-0.102994
-0.102818
-0.102618
-0.102386
-0.102134
-0.101847
-0.101564
-0.101266
-0.100949
-0.100612
-0.100264
-0.0999149
-0.0995299
-0.0991179
-0.0986667
-0.0982046
-0.0977487
-0.0972775
-0.0967934
-0.0962967
-0.0957804
-0.0952192
-0.0946706
-0.0941156
-0.0935651
-0.0929906
-0.092404
-0.0917993
-0.0911995
-0.0906025
-0.090001
-0.0893999
-0.0887952
-0.0881909
-0.0875968
-0.0870136
-0.0864191
-0.0858278
-0.085233
-0.0846348
-0.0840447
-0.0834453
-0.0828344
-0.0822113
-0.0815703
-0.0809094
-0.0802073
-0.0794533
-0.0786451
-0.0777647
-0.0767921
-0.075708
-0.0744968
-0.0731399
-0.071606
-0.0698858
-0.0679661
-0.0658284
-0.0634488
-0.0608125
-0.0579322
-0.0547938
-0.0514201
-0.0478306
-0.0440566
-0.0401414
-0.0361391
-0.0321131
-0.0281317
-0.0242668
-0.0205892
-0.0171637
-0.014045
-0.0112738
-0.00887473
-0.00685551
-0.00520743
-0.0039076
-0.00292235
-0.00221118
-0.00173095
-0.00143957
-0.00129888
-0.00127654
-0.00134684
-0.0014906
-0.00169437
-0.00194928
-0.00224966
-0.00259178
-0.00297271
-0.00338948
-0.00383846
-0.00431504
-0.00481352
-0.00532718
-0.00584851
-0.0063696
-0.00688256
-0.00738001
-0.00785544
-0.00830359
-0.00872065
-0.00910434
-0.00945384
-0.00976963
-0.0100533
-0.0103068
-0.0105332
-0.0107358
-0.0109173
-0.0110805
-0.011228
-0.0113621
-0.0114849
-0.0115982
-0.0117037
-0.0118026
-0.0118964
-0.0119863
-0.0120734
-0.0121587
-0.0122432
-0.0123274
-0.0124121
-0.0124978
-0.0125853
-0.0126747
-0.0127666
-0.0128608
-0.0129578
-0.0130575
-0.0131604
-0.0132663
-0.0133753
-0.0134874
-0.0136026
-0.0137208
-0.0138418
-0.0139656
-0.0140923
-0.0142213
-0.0143523
-0.0144855
-0.0146209
-0.0147581
-0.0148971
-0.0150371
-0.0151792
-0.0153213
-0.015463
-0.0156054
-0.0157492
-0.0158919
-0.016033
-0.0161719
-0.016309
-0.0164452
-0.0165807
-0.016713
-0.0168388
-0.0169595
-0.0170763
-0.0171862
-0.017292
-0.0173918
-0.0174836
-0.0175655
-0.0176357
-0.0176955
-0.0177385
-0.0177569
-0.017752
-0.017729
-0.0176943
-0.0176475
-0.0175796
-0.0174856
-0.0173623
-0.0172057
-0.0170053
-0.0167556
-0.0164584
-0.0161238
-0.0157606
-0.0153695
-0.0149503
-0.014502
-0.0140235
-0.0135078
-0.0129462
-0.0123339
-0.0116743
-0.0109789
-0.010265
-0.00955332
-0.00886609
-0.00822094
-0.00762868
-0.00709352
-0.00661526
-0.00619118
-0.00581793
-0.00549239
-0.00521196
-0.00497418
-0.00477632
-0.00461498
-0.00448599
-0.00438431
-0.0043038
-0.00423707
-0.00417527
-0.00410759
-0.00402084
-0.00389941
-0.00372566
-0.00348119
-0.00315018
-0.00272566
-0.00221845
-0.00166534
-0.00112929
-0.000682058
-0.000371867
-0.0776444
-0.0794157
-0.0811018
-0.0827077
-0.08425
-0.0857509
-0.0872165
-0.0886329
-0.0899945
-0.0912943
-0.0925376
-0.0937798
-0.0949297
-0.0958944
-0.0967604
-0.0974169
-0.0980843
-0.0987218
-0.0992838
-0.0997764
-0.100201
-0.100555
-0.100848
-0.101097
-0.101313
-0.101495
-0.101646
-0.101768
-0.101865
-0.101938
-0.101993
-0.10206
-0.102144
-0.102136
-0.102097
-0.101966
-0.101842
-0.101763
-0.101677
-0.101585
-0.101488
-0.10139
-0.101291
-0.101213
-0.101162
-0.101061
-0.100942
-0.100793
-0.100607
-0.100473
-0.100341
-0.10021
-0.100078
-0.0999495
-0.0998237
-0.099694
-0.0995574
-0.099426
-0.0992956
-0.0991777
-0.0991024
-0.0990184
-0.0988866
-0.0987218
-0.0985062
-0.098339
-0.0981727
-0.098
-0.0978222
-0.0976333
-0.0974153
-0.0971972
-0.096981
-0.0967655
-0.0965432
-0.0962935
-0.0960294
-0.0957485
-0.0954377
-0.0951305
-0.0948157
-0.0944901
-0.0941644
-0.093839
-0.0934771
-0.0930963
-0.0926778
-0.0922648
-0.0918466
-0.0914139
-0.0909691
-0.0905147
-0.0900485
-0.0895748
-0.0890997
-0.0886001
-0.088078
-0.087544
-0.0869886
-0.0864407
-0.0858791
-0.0853009
-0.0847085
-0.0841043
-0.0834886
-0.0828611
-0.0822248
-0.0815709
-0.0808924
-0.0802001
-0.0794884
-0.0787394
-0.0779655
-0.0771653
-0.0763258
-0.0754482
-0.074525
-0.073553
-0.0725309
-0.0714461
-0.0702914
-0.0690632
-0.0677475
-0.0663329
-0.0648233
-0.0631955
-0.0614419
-0.0595603
-0.0575445
-0.0553872
-0.0530867
-0.0506445
-0.0480644
-0.0453494
-0.0425086
-0.0395667
-0.0365385
-0.0334523
-0.0303387
-0.0272322
-0.0241709
-0.0211945
-0.0183427
-0.0156532
-0.0131599
-0.0108908
-0.00886658
-0.00709922
-0.00559173
-0.00433829
-0.00332518
-0.00253226
-0.00193484
-0.00150587
-0.00121793
-0.00104507
-0.000964184
-0.000955854
-0.00100469
-0.00109923
-0.00123147
-0.00139621
-0.00159031
-0.00181198
-0.00206014
-0.00233384
-0.00263197
-0.00295295
-0.00329447
-0.00365226
-0.00402352
-0.00440465
-0.00479139
-0.00517932
-0.00556412
-0.00594178
-0.00630879
-0.0066623
-0.00700015
-0.00732097
-0.00762407
-0.00790943
-0.00817754
-0.00842925
-0.00866564
-0.00888787
-0.00909718
-0.00929482
-0.00948203
-0.00965995
-0.00982965
-0.00999221
-0.0101484
-0.0102993
-0.0104456
-0.010588
-0.0107272
-0.010864
-0.0109989
-0.0111325
-0.0112654
-0.0113981
-0.0115312
-0.0116649
-0.0117995
-0.0119352
-0.0120725
-0.0122115
-0.0123526
-0.012496
-0.0126419
-0.0127905
-0.0129418
-0.0130959
-0.0132529
-0.013413
-0.013576
-0.0137422
-0.0139115
-0.0140841
-0.0142596
-0.0144387
-0.0146204
-0.0148052
-0.0149923
-0.0151825
-0.0153762
-0.0155723
-0.0157701
-0.01597
-0.0161732
-0.0163787
-0.0165862
-0.0167952
-0.0170068
-0.0172203
-0.017437
-0.0176535
-0.0178704
-0.0180869
-0.0183036
-0.0185237
-0.0187472
-0.0189752
-0.019198
-0.0194187
-0.0196375
-0.0198565
-0.0200666
-0.020268
-0.0204708
-0.0206723
-0.0208666
-0.0210512
-0.0212282
-0.0213904
-0.0215281
-0.0216323
-0.0217072
-0.0217602
-0.0217974
-0.0218093
-0.0217945
-0.0217542
-0.0216813
-0.0215523
-0.0213557
-0.0210956
-0.020778
-0.0203981
-0.0199673
-0.0195073
-0.0190345
-0.018543
-0.0180017
-0.0173738
-0.0166328
-0.0157788
-0.0148398
-0.0138616
-0.0128923
-0.0119693
-0.0111142
-0.0103343
-0.00962668
-0.00898431
-0.00839999
-0.00786778
-0.00738225
-0.00693701
-0.00652309
-0.00612743
-0.00573101
-0.00530677
-0.00481846
-0.00422168
-0.00347557
-0.00257487
-0.00160162
-0.000750913
-0.0695668
-0.0713314
-0.0730235
-0.0746654
-0.0762943
-0.077903
-0.0794841
-0.0810327
-0.0825421
-0.0840056
-0.0854232
-0.0868216
-0.0881879
-0.0894226
-0.0904554
-0.0914975
-0.0925171
-0.0934638
-0.0943564
-0.0951809
-0.0958136
-0.0963845
-0.0969377
-0.097431
-0.0978667
-0.098247
-0.098575
-0.0988507
-0.0990763
-0.0992635
-0.0994548
-0.0996109
-0.0996822
-0.0997202
-0.0996755
-0.0995909
-0.0995363
-0.0994589
-0.0993582
-0.0992346
-0.0990869
-0.098921
-0.0987603
-0.0986186
-0.098429
-0.0982178
-0.0979983
-0.0977218
-0.0974622
-0.0972227
-0.0969791
-0.0967327
-0.0964867
-0.0962426
-0.0960018
-0.0957656
-0.0955349
-0.0953259
-0.0951502
-0.0949301
-0.0946777
-0.0944086
-0.0941165
-0.093755
-0.093418
-0.0930912
-0.0927604
-0.0924276
-0.0920937
-0.0917585
-0.0914217
-0.0910824
-0.0907385
-0.090391
-0.0900425
-0.0896705
-0.0892787
-0.0888744
-0.0884456
-0.0880177
-0.0875934
-0.0871771
-0.0867363
-0.0862653
-0.0857685
-0.0852415
-0.0847288
-0.0842119
-0.0836897
-0.0831595
-0.0826181
-0.0820644
-0.0815033
-0.0809333
-0.0803281
-0.0797021
-0.0790569
-0.0783775
-0.077697
-0.0770126
-0.076315
-0.0755999
-0.0748642
-0.0741051
-0.0733223
-0.0725202
-0.0716886
-0.0708184
-0.0699183
-0.0689859
-0.0680106
-0.0670102
-0.065973
-0.0648933
-0.063764
-0.0625811
-0.0613419
-0.060045
-0.0586915
-0.057277
-0.0557916
-0.054237
-0.0526109
-0.0509146
-0.0491416
-0.0472861
-0.0453494
-0.0433349
-0.0412456
-0.0390856
-0.0368612
-0.0345809
-0.032256
-0.0298997
-0.0275269
-0.0251552
-0.022803
-0.0204912
-0.0182411
-0.0160743
-0.0140117
-0.012073
-0.0102754
-0.00863324
-0.00715704
-0.00585293
-0.00472244
-0.00376247
-0.00296558
-0.00232057
-0.0018133
-0.00142768
-0.00114671
-0.00095356
-0.000832378
-0.000769057
-0.000751645
-0.000770351
-0.000817112
-0.00088671
-0.000975785
-0.00108227
-0.001205
-0.0013434
-0.00149717
-0.00166609
-0.00184984
-0.00204788
-0.0022594
-0.00248332
-0.00271837
-0.00296292
-0.00321513
-0.003473
-0.00373448
-0.00399753
-0.00426023
-0.00452086
-0.00477793
-0.00503024
-0.00527689
-0.00551725
-0.00575095
-0.00597784
-0.00619796
-0.00641145
-0.0066186
-0.00681974
-0.0070153
-0.00720573
-0.00739145
-0.00757287
-0.00775043
-0.00792458
-0.00809578
-0.00826442
-0.00843084
-0.0085954
-0.00875844
-0.00892023
-0.00908124
-0.0092418
-0.00940229
-0.00956304
-0.00972423
-0.00988603
-0.0100487
-0.0102123
-0.0103771
-0.0105435
-0.0107115
-0.0108814
-0.0110534
-0.0112277
-0.0114042
-0.0115831
-0.0117643
-0.0119482
-0.0121348
-0.0123242
-0.0125165
-0.0127119
-0.0129098
-0.013111
-0.0133144
-0.0135209
-0.0137311
-0.0139439
-0.0141592
-0.0143769
-0.0145982
-0.0148231
-0.0150504
-0.0152801
-0.015513
-0.0157504
-0.0159923
-0.0162364
-0.0164812
-0.0167287
-0.0169784
-0.0172348
-0.0174974
-0.0177666
-0.0180379
-0.0183087
-0.0185835
-0.0188675
-0.0191584
-0.019453
-0.0197554
-0.0200584
-0.0203677
-0.02068
-0.0210013
-0.0213278
-0.0216592
-0.0219874
-0.0223103
-0.0226309
-0.0229485
-0.0232647
-0.0235759
-0.0238779
-0.024171
-0.0244509
-0.024711
-0.0249394
-0.0251408
-0.0253113
-0.0254446
-0.0255378
-0.025625
-0.0256932
-0.0257416
-0.025744
-0.0256947
-0.0255443
-0.0252731
-0.0249022
-0.0244936
-0.0241007
-0.0237336
-0.0233415
-0.0228329
-0.0221266
-0.0211996
-0.0200869
-0.0188591
-0.01759
-0.0163371
-0.0151314
-0.0139788
-0.0128651
-0.0117566
-0.0105869
-0.00922829
-0.00746506
-0.00506632
-0.00217511
-0.0565498
-0.0580449
-0.059532
-0.06103
-0.062562
-0.0641226
-0.0657024
-0.0672958
-0.0688971
-0.0705003
-0.0721014
-0.0736922
-0.0752448
-0.0767808
-0.0782991
-0.0797784
-0.0812321
-0.0826585
-0.0839589
-0.0851697
-0.08626
-0.0873752
-0.0884518
-0.0894598
-0.0903952
-0.0912695
-0.0920804
-0.0927783
-0.0933904
-0.0939203
-0.0944454
-0.0949275
-0.0953622
-0.0957477
-0.0960812
-0.0963595
-0.0965799
-0.0967547
-0.0969221
-0.0970262
-0.0970384
-0.097004
-0.0969291
-0.096809
-0.0965964
-0.096404
-0.0962091
-0.0959949
-0.0957628
-0.0955208
-0.0952872
-0.0950236
-0.094731
-0.0944219
-0.0940716
-0.0937384
-0.0934089
-0.0930729
-0.0927284
-0.0923709
-0.0919992
-0.0916361
-0.0912655
-0.0908358
-0.0903836
-0.0899144
-0.089383
-0.0888548
-0.0883459
-0.087832
-0.0873132
-0.0867897
-0.0862607
-0.0857249
-0.0851803
-0.0846246
-0.0840564
-0.0834798
-0.0828864
-0.0822763
-0.0816501
-0.0810067
-0.0803542
-0.0796915
-0.0790077
-0.0782892
-0.0775484
-0.0767941
-0.076055
-0.0753118
-0.074561
-0.0737991
-0.0730219
-0.0722244
-0.071404
-0.0705637
-0.0696885
-0.0687917
-0.0678673
-0.0669396
-0.0660147
-0.0650785
-0.0641249
-0.0631493
-0.0621484
-0.0611194
-0.0600587
-0.058964
-0.0578387
-0.0566784
-0.0554839
-0.0542705
-0.0530407
-0.0517795
-0.0504798
-0.0491388
-0.0477558
-0.0463318
-0.0448681
-0.0433667
-0.0418259
-0.0402444
-0.0386305
-0.0369883
-0.0353108
-0.0335994
-0.0318585
-0.0300935
-0.0283103
-0.0265155
-0.0247162
-0.0229206
-0.021138
-0.0193784
-0.0176522
-0.0159703
-0.0143439
-0.0127839
-0.0113011
-0.00990541
-0.00860554
-0.00740882
-0.00632078
-0.0053449
-0.00448245
-0.0037324
-0.00309143
-0.00255414
-0.00211391
-0.00176686
-0.00149701
-0.00129218
-0.00114234
-0.00103817
-0.000971252
-0.000934245
-0.000921012
-0.000926632
-0.00094738
-0.000980638
-0.00102463
-0.00107823
-0.00114076
-0.00121187
-0.0012914
-0.00137928
-0.00147546
-0.00157986
-0.00169232
-0.00181258
-0.00194029
-0.00207495
-0.00221597
-0.00236268
-0.00251431
-0.0026701
-0.00282925
-0.00299098
-0.00315457
-0.00331935
-0.00348474
-0.00365025
-0.00381545
-0.00398002
-0.00414373
-0.00430642
-0.00446798
-0.00462838
-0.00478763
-0.00494581
-0.005103
-0.00525931
-0.00541485
-0.00556977
-0.00572425
-0.00587845
-0.00603254
-0.00618667
-0.006341
-0.00649568
-0.00665089
-0.00680678
-0.00696357
-0.00712145
-0.0072806
-0.00744115
-0.0076032
-0.00776687
-0.00793224
-0.00809946
-0.00826862
-0.00843989
-0.00861339
-0.00878932
-0.00896778
-0.00914876
-0.00933232
-0.0095186
-0.00970754
-0.00989923
-0.0100937
-0.0102911
-0.0104914
-0.0106947
-0.0109007
-0.0111098
-0.0113219
-0.0115367
-0.0117541
-0.0119741
-0.0121976
-0.0124246
-0.0126542
-0.0128864
-0.0131214
-0.0133604
-0.0136035
-0.0138488
-0.0140959
-0.014344
-0.0145948
-0.0148508
-0.0151136
-0.0153827
-0.0156538
-0.0159269
-0.0162022
-0.0164823
-0.016772
-0.0170719
-0.0173807
-0.0176935
-0.018015
-0.0183409
-0.0186753
-0.0190224
-0.0193823
-0.0197537
-0.0201373
-0.0205272
-0.0209252
-0.0213377
-0.0217627
-0.0221933
-0.0226284
-0.023068
-0.0235167
-0.0239649
-0.0244108
-0.0248456
-0.0252678
-0.0256762
-0.0260748
-0.0264661
-0.0268493
-0.0272196
-0.0275803
-0.0279159
-0.0282158
-0.0284638
-0.0286789
-0.0288775
-0.0290867
-0.0293034
-0.0295069
-0.0296503
-0.0296797
-0.0295825
-0.0293865
-0.029134
-0.0288604
-0.0285616
-0.0281776
-0.0276144
-0.0267893
-0.0256481
-0.0241112
-0.0218717
-0.0178812
-0.00921235
)
;

boundaryField
{
    Inlet
    {
        type            zeroGradient;
    }
    BotOutlet1
    {
        type            zeroGradient;
    }
    BotOutlet2
    {
        type            zeroGradient;
    }
    TopInlet
    {
        type            zeroGradient;
    }
    FreeStream
    {
        type            zeroGradient;
    }
    FrontNBack
    {
        type            empty;
    }
    LeftSide
    {
        type            zeroGradient;
    }
    procBoundary2to1
    {
        type            processor;
        value           nonuniform List<scalar> 
400
(
-11929.7
-11327.9
-10722.1
-10109.9
-9489.85
-8860.61
-8221.7
-7573.23
-6916.2
-6252.93
-5587.26
-4924.69
-4271.09
-3630.98
-3016.67
-2442.86
-1914.7
-1361.62
-791.003
-243.65
-1.45743
-0.0476337
-0.0302143
-0.020581
-0.0112615
-0.352816
-0.711908
-1.05984
-1.33612
-1.52517
-1.62462
-1.6392
-1.58645
-1.48778
-1.35651
-1.21543
-1.06957
-0.923218
-0.783546
-0.649835
-0.527627
-0.421152
-0.334623
-0.269482
-0.223674
-0.193269
-0.174103
-0.162761
-0.156791
-0.154288
-0.153646
-0.154392
-0.156
-0.157934
-0.159673
-0.160975
-0.162224
-0.163403
-0.164278
-0.164796
-0.164932
-0.164674
-0.164026
-0.162991
-0.161516
-0.15963
-0.157396
-0.154736
-0.151617
-0.148024
-0.143955
-0.13942
-0.134439
-0.129044
-0.12328
-0.117199
-0.110864
-0.104343
-0.0977088
-0.0910354
-0.084395
-0.0778567
-0.0714841
-0.0653342
-0.0594559
-0.0538899
-0.0486682
-0.0438143
-0.0393439
-0.0352649
-0.0315785
-0.0282797
-0.0253585
-0.0228
-0.020586
-0.0186952
-0.0171044
-0.0157892
-0.0147245
-0.0138854
-0.0133302
-0.0130233
-0.012784
-0.0126023
-0.0124702
-0.012382
-0.0123332
-0.0123204
-0.0123409
-0.0123924
-0.0124731
-0.0125817
-0.0127168
-0.0128777
-0.0130638
-0.0132746
-0.0135096
-0.0137686
-0.0140514
-0.0143589
-0.0146915
-0.0150494
-0.0154334
-0.0158442
-0.0162829
-0.0167504
-0.0172479
-0.0177765
-0.018337
-0.0189315
-0.0195612
-0.0202262
-0.0209288
-0.0216712
-0.0224548
-0.023282
-0.024152
-0.0250671
-0.0260292
-0.0270395
-0.0281023
-0.0292201
-0.0303897
-0.0316133
-0.0328912
-0.0342315
-0.0356342
-0.0371027
-0.0386357
-0.0402368
-0.0419034
-0.0436398
-0.0454431
-0.0473251
-0.0492865
-0.0513292
-0.0534546
-0.0556633
-0.0579668
-0.0603492
-0.0628223
-0.065375
-0.0680359
-0.0707958
-0.0736612
-0.0766354
-0.0797249
-0.0829298
-0.0862474
-0.0896619
-0.0931451
-0.0967744
-0.100556
-0.104442
-0.108434
-0.112539
-0.116785
-0.12116
-0.125664
-0.13031
-0.135066
-0.139918
-0.144862
-0.149933
-0.15511
-0.160399
-0.1658
-0.171271
-0.176784
-0.182313
-0.187922
-0.193568
-0.199255
-0.204867
-0.210349
-0.215636
-0.220745
-0.225698
-0.230409
-0.234825
-0.238899
-0.24259
-0.245859
-0.248664
-0.250967
-0.252726
-0.253916
-0.25446
-0.254161
-0.252981
-0.250946
-0.247979
-0.244014
-0.239012
-0.232858
-0.22531
-0.216464
-0.206174
-0.194648
-0.182166
-0.168968
-0.155078
-0.140597
-0.125524
-0.110248
-0.0951493
-0.0805816
-0.0668393
-0.054184
-0.0428503
-0.0330189
-0.0247828
-0.0181275
-0.0129372
-0.00902257
-0.00615835
-0.00412151
-0.00271143
-0.00175926
-0.00113084
-0.000724838
-0.000467947
-0.000309024
-0.000213356
-0.000157827
-0.000127277
-0.000111906
-0.000105494
-0.000104178
-0.00010562
-0.000108445
-0.000111867
-0.000115446
-0.00011894
-0.000122212
-0.000125187
-0.00012782
-0.000130085
-0.000131964
-0.000133449
-0.000134534
-0.00013522
-0.00013551
-0.00013541
-0.00013493
-0.000134082
-0.00013288
-0.000131341
-0.000129482
-0.000127325
-0.000124888
-0.000122196
-0.00011927
-0.000116133
-0.000112811
-0.000109327
-0.000105704
-0.000101968
-9.81409e-05
-9.42458e-05
-9.03048e-05
-8.63387e-05
-8.23675e-05
-7.84098e-05
-7.44826e-05
-7.06017e-05
-6.67815e-05
-6.30347e-05
-5.93724e-05
-5.58047e-05
-5.23397e-05
-4.89847e-05
-4.57455e-05
-4.26269e-05
-3.96325e-05
-3.67651e-05
-3.40266e-05
-3.14183e-05
-2.89406e-05
-2.65933e-05
-2.43758e-05
-2.22869e-05
-2.03247e-05
-1.84871e-05
-1.67715e-05
-1.51747e-05
-1.36934e-05
-1.23236e-05
-1.10613e-05
-9.90179e-06
-8.84045e-06
-7.87225e-06
-6.99201e-06
-6.19445e-06
-5.47421e-06
-4.82592e-06
-4.24426e-06
-3.72399e-06
-3.26003e-06
-2.84748e-06
-2.48165e-06
-2.15812e-06
-1.87273e-06
-1.6216e-06
-1.40113e-06
-1.20803e-06
-1.03928e-06
-8.92143e-07
-7.64135e-07
-6.53023e-07
-5.56804e-07
-4.73683e-07
-4.02058e-07
-3.40504e-07
-2.87753e-07
-2.42677e-07
-2.0428e-07
-1.71677e-07
-1.44086e-07
-1.20816e-07
-1.01258e-07
-8.48757e-08
-7.12008e-08
-5.98216e-08
-5.03803e-08
-4.25664e-08
-3.61125e-08
-3.07888e-08
-2.63988e-08
-2.27766e-08
-1.97819e-08
-1.72981e-08
-1.52287e-08
-1.34938e-08
-1.20282e-08
-1.07791e-08
-9.70399e-09
-8.76924e-09
-7.94769e-09
-7.2184e-09
-6.56394e-09
-5.97101e-09
-5.42976e-09
-4.93195e-09
-4.4706e-09
-4.04168e-09
-3.64055e-09
-3.26527e-09
-2.91407e-09
-2.58508e-09
-2.27744e-09
-1.99052e-09
-1.72463e-09
-1.48051e-09
-1.25769e-09
-1.05604e-09
-8.75669e-10
-7.16326e-10
-5.772e-10
-4.57189e-10
-3.55211e-10
-2.69632e-10
-1.9886e-10
-1.41143e-10
-9.49725e-11
-5.85319e-11
-3.00453e-11
-8.1105e-12
8.22295e-12
1.94196e-11
2.69706e-11
3.18403e-11
3.47779e-11
3.63766e-11
3.72498e-11
3.74653e-11
3.75706e-11
3.76615e-11
3.77653e-11
3.78882e-11
)
;
    }
    procBoundary2to3
    {
        type            processor;
        value           nonuniform List<scalar> 
400
(
-11992.3
-11519.1
-11052.2
-10594.7
-10149.2
-9717.36
-9300.57
-8899.59
-8514.78
-8146.02
-7792.85
-7454.45
-7129.71
-6817.27
-6515.56
-6222.87
-5937.41
-5657.36
-5380.89
-5106.28
-4831.92
-4556.41
-4278.54
-3997.4
-3712.32
-3422.94
-3129.14
-2831.02
-2528.9
-2223.27
-1914.81
-1604.73
-1293.42
-981.158
-680.292
-369.952
-11.4881
-0.0802253
-1.52007
-1.44858
-1.24971
-1.01359
-0.80864
-0.648692
-0.533023
-0.451055
-0.387928
-0.336201
-0.293524
-0.258534
-0.229868
-0.206272
-0.186666
-0.170172
-0.156125
-0.144036
-0.133524
-0.124488
-0.116645
-0.109702
-0.10345
-0.097746
-0.0924978
-0.0876503
-0.0831721
-0.0790456
-0.0752598
-0.0718055
-0.068672
-0.0658457
-0.06331
-0.0610454
-0.0590302
-0.0572411
-0.0556544
-0.0542468
-0.0529958
-0.051879
-0.0508764
-0.0499703
-0.0491442
-0.0483836
-0.047676
-0.0470108
-0.0463808
-0.0457799
-0.0452046
-0.0446535
-0.0441279
-0.0436322
-0.0431727
-0.0427571
-0.0423981
-0.0421138
-0.0419239
-0.0418455
-0.0418987
-0.0421077
-0.0425004
-0.0430959
-0.0438414
-0.0444155
-0.0450606
-0.0457848
-0.0465923
-0.0474778
-0.048442
-0.0494811
-0.050602
-0.0517992
-0.0530675
-0.0544013
-0.0557815
-0.0571985
-0.0586568
-0.0601465
-0.0616568
-0.0631847
-0.0647301
-0.0662841
-0.067828
-0.0693835
-0.0709268
-0.0724602
-0.0739454
-0.0753521
-0.0767138
-0.0780115
-0.0792696
-0.0805226
-0.0817353
-0.0829001
-0.0840108
-0.0850717
-0.0860696
-0.0869683
-0.0877918
-0.0885192
-0.0892082
-0.0898395
-0.090401
-0.0908922
-0.0913127
-0.0916761
-0.0920135
-0.0923137
-0.0925139
-0.0926591
-0.0927358
-0.0927348
-0.0927456
-0.0927207
-0.0926809
-0.0925999
-0.0924571
-0.0922818
-0.0920725
-0.091802
-0.0915297
-0.0912452
-0.0909371
-0.0906046
-0.0902463
-0.0898581
-0.0894411
-0.0890087
-0.0885706
-0.0880771
-0.0875453
-0.0869457
-0.0863623
-0.0857951
-0.0852154
-0.0845777
-0.0838903
-0.0832042
-0.0825184
-0.0818135
-0.0810903
-0.0803527
-0.0795911
-0.0787952
-0.0779804
-0.0771501
-0.0762943
-0.0754146
-0.0745119
-0.0735805
-0.0726306
-0.0716634
-0.0706715
-0.0696683
-0.0686538
-0.067622
-0.0665705
-0.0654968
-0.0643971
-0.0632736
-0.0621274
-0.0609605
-0.0597799
-0.0585815
-0.0573761
-0.0561601
-0.0549286
-0.0536795
-0.0524107
-0.051121
-0.0498098
-0.0484768
-0.0471245
-0.0457544
-0.0443764
-0.0429905
-0.0415928
-0.0401804
-0.0387531
-0.0373118
-0.0358585
-0.0343955
-0.0329251
-0.0314495
-0.0299731
-0.0284991
-0.0270281
-0.0255624
-0.0241057
-0.022662
-0.0212358
-0.0198316
-0.0184543
-0.0171089
-0.0158004
-0.0145342
-0.0133154
-0.0121492
-0.0110404
-0.0099934
-0.00901232
-0.00810044
-0.00726014
-0.00650533
-0.00583235
-0.00523322
-0.00470551
-0.00424643
-0.00385231
-0.00351865
-0.00324026
-0.00301087
-0.0028239
-0.0026735
-0.00255427
-0.00246127
-0.00239006
-0.00233677
-0.00229814
-0.00227154
-0.00225489
-0.00224661
-0.00224552
-0.00225078
-0.00226182
-0.00227823
-0.00229976
-0.00232626
-0.00235762
-0.00239379
-0.00243468
-0.00248024
-0.00253036
-0.00258493
-0.0026438
-0.00270678
-0.00277368
-0.00284428
-0.00291831
-0.00299555
-0.00307572
-0.00315858
-0.00324387
-0.00333136
-0.00342083
-0.00351208
-0.00360495
-0.00369928
-0.00379497
-0.00389192
-0.00399006
-0.00408934
-0.00418973
-0.00429123
-0.00439383
-0.00449756
-0.00460245
-0.00470855
-0.00481593
-0.00492465
-0.00503478
-0.00514641
-0.00525962
-0.00537448
-0.00549109
-0.00560956
-0.00572998
-0.00585246
-0.00597709
-0.00610398
-0.00623323
-0.00636495
-0.00649922
-0.00663613
-0.00677579
-0.00691834
-0.00706387
-0.00721249
-0.00736427
-0.00751928
-0.0076776
-0.0078393
-0.00800441
-0.00817296
-0.00834502
-0.00852061
-0.00869983
-0.00888271
-0.00906932
-0.00925961
-0.00945344
-0.0096507
-0.00985168
-0.0100567
-0.0102654
-0.0104779
-0.0106936
-0.0109133
-0.0111373
-0.0113649
-0.0115955
-0.0118283
-0.0120641
-0.0123033
-0.012547
-0.0127957
-0.0130494
-0.0133067
-0.0135665
-0.0138292
-0.0140952
-0.0143684
-0.014651
-0.0149429
-0.0152427
-0.0155469
-0.0158586
-0.0161782
-0.016506
-0.0168478
-0.0172035
-0.0175736
-0.0179581
-0.0183543
-0.0187662
-0.0191941
-0.0196385
-0.0200971
-0.0205664
-0.0210473
-0.0215417
-0.0220424
-0.022549
-0.0230523
-0.0235542
-0.0240542
-0.0245533
-0.0250467
-0.0255365
-0.0260225
-0.0265023
-0.0269664
-0.0274171
-0.0278537
-0.0282871
-0.0287257
-0.0291709
-0.0296115
-0.0300263
-0.0304082
-0.0307606
-0.0310974
-0.0314292
-0.0317595
-0.0320811
-0.0323564
-0.0325561
-0.0326528
-0.0326026
-0.0322235
-0.0305281
-0.0220535
)
;
    }
}


// ************************************************************************* //
