/*--------------------------------*- C++ -*----------------------------------*\
| =========                 |                                                 |
| \\      /  F ield         | OpenFOAM: The Open Source CFD Toolbox           |
|  \\    /   O peration     | Version:  2.4.0                                 |
|   \\  /    A nd           | Web:      www.OpenFOAM.org                      |
|    \\/     M anipulation  |                                                 |
\*---------------------------------------------------------------------------*/
FoamFile
{
    version     2.0;
    format      ascii;
    class       volScalarField;
    location    "2.5";
    object      p_rgh;
}
// * * * * * * * * * * * * * * * * * * * * * * * * * * * * * * * * * * * * * //

dimensions      [1 -1 -2 0 0 0 0];

internalField   nonuniform List<scalar> 
8000
(
0.495025
0.498342
0.50139
0.503883
0.506018
0.507936
0.509679
0.511282
0.51276
0.514152
0.515469
0.516751
0.518
0.519259
0.520528
0.521863
0.52324
0.524622
0.525792
0.527097
0.530954
0.542272
0.553926
0.502575
0.272335
-0.32345
-0.000327651
0.000350685
0.00018381
0.000147901
0.000150165
0.000154559
0.000155634
0.000155486
0.000155353
0.000155414
0.000155583
0.000155806
0.000156074
0.000156386
0.00015674
0.000157133
0.000157561
0.000158022
0.000158513
0.000159031
0.000159573
0.000160138
0.000160723
0.000161325
1.92857
1.93186
1.93563
1.9391
1.94223
1.9451
1.94775
1.9502
1.95244
1.95451
1.95638
1.95809
1.95962
1.961
1.96221
1.9633
1.96421
1.96488
1.96499
1.96491
1.96775
1.98012
1.99394
1.92787
1.62332
0.0290217
-6.72707e-05
0.000627815
0.000449248
0.000416596
0.000419754
0.000424078
0.000425062
0.00042498
0.000425022
0.000425333
0.000425819
0.000426426
0.000427142
0.000427965
0.000428888
0.000429906
0.000431011
0.000432197
0.000433458
0.000434786
0.000436176
0.000437621
0.000439115
0.000440653
3.18502
3.18809
3.19136
3.1944
3.19728
3.20007
3.20277
3.2054
3.20794
3.2104
3.21277
3.21506
3.21725
3.21936
3.22137
3.22332
3.22516
3.22678
3.22781
3.22863
3.23279
3.24821
3.26884
3.19722
2.84979
0.60869
0.000172103
0.000871157
0.000698764
0.000665744
0.000669806
0.000675634
0.000678297
0.000679986
0.000681906
0.000684203
0.000686775
0.000689557
0.000692525
0.000695665
0.000698963
0.000702402
0.000705967
0.000709643
0.000713415
0.000717269
0.000721193
0.000725173
0.000729198
0.000733257
4.55297
4.55516
4.55763
4.5601
4.56259
4.56513
4.56773
4.57039
4.57311
4.5759
4.57876
4.58169
4.5847
4.58781
4.59102
4.5944
4.59792
4.60146
4.60458
4.60764
4.61514
4.63796
4.67083
4.59464
4.14921
1.68436
0.000410238
0.0011006
0.000925679
0.000895407
0.000900853
0.000908109
0.000912644
0.000916547
0.000920917
0.000925857
0.000931235
0.00093696
0.00094298
0.000949256
0.000955751
0.000962429
0.000969254
0.000976196
0.000983224
0.000990311
0.000997433
0.00100457
0.00101169
0.00101879
5.93919
5.94146
5.94445
5.94771
5.95116
5.95484
5.95876
5.9629
5.96725
5.97181
5.97654
5.98146
5.9865
5.99168
5.99695
6.00232
6.0077
6.01287
6.01709
6.02059
6.029
6.05741
6.10138
6.00747
5.3978
3.39625
0.00561053
0.000989098
0.00108792
0.00102872
0.0010158
0.00102486
0.00103736
0.00104987
0.00106295
0.00107698
0.00109183
0.0011073
0.00112319
0.00113935
0.00115565
0.001172
0.0011883
0.00120448
0.00122047
0.00123621
0.00125167
0.0012668
0.00128158
0.00129598
7.06274
7.06951
7.0763
7.0821
7.08702
7.09128
7.09492
7.09796
7.10041
7.10228
7.10362
7.10443
7.10475
7.1046
7.10406
7.10309
7.10192
7.10048
7.0989
7.09697
7.09391
7.09639
7.11142
7.10562
6.9496
6.57162
0.624403
0.00113558
0.000436044
0.000430275
0.000530425
0.000641456
0.00074475
0.00083862
0.000924115
0.00100254
0.00107465
0.00114098
0.00120205
0.00125832
0.00131021
0.0013581
0.00140234
0.00144325
0.00148111
0.00151618
0.00154869
0.00157884
0.00160684
0.00163285
8.57667
8.58084
8.58571
8.59057
8.59542
8.60034
8.60537
8.61047
8.61566
8.62092
8.62623
8.63158
8.63695
8.6423
8.64762
8.65284
8.65798
8.6629
8.66743
8.6711
8.67407
8.67987
8.69824
8.71711
8.64831
8.29065
3.40302
0.0050852
0.00220651
0.00214454
0.00211853
0.00212036
0.00212835
0.00213633
0.00214456
0.00215351
0.00216314
0.00217324
0.00218363
0.00219417
0.00220475
0.00221528
0.00222568
0.0022359
0.00224587
0.00225557
0.00226495
0.002274
0.00228269
0.00229102
9.99344
9.99588
9.99886
10.0019
10.0049
10.008
10.0111
10.0143
10.0176
10.0209
10.0243
10.0278
10.0315
10.0352
10.0392
10.0433
10.0477
10.0525
10.0574
10.062
10.0665
10.077
10.1114
10.162
10.0778
9.44608
7.17035
0.123394
0.00311147
0.0031982
0.00310279
0.00308295
0.00308485
0.00308588
0.00308344
0.00307923
0.00307423
0.00306871
0.00306276
0.00305647
0.00304994
0.00304325
0.00303646
0.00302964
0.00302283
0.00301606
0.00300936
0.00300275
0.00299626
0.00298988
11.2421
11.2469
11.2519
11.2567
11.2614
11.266
11.2707
11.2753
11.28
11.2846
11.2892
11.2938
11.2983
11.3027
11.307
11.3112
11.3152
11.3189
11.3223
11.325
11.3268
11.3285
11.3325
11.3442
11.3493
11.3022
11.1294
3.30608
0.0210367
0.00465759
0.00455354
0.00444607
0.00436677
0.0043003
0.00423921
0.00418203
0.00412889
0.00407967
0.00403403
0.00399161
0.00395207
0.00391515
0.00388062
0.00384824
0.00381784
0.00378925
0.0037623
0.00373688
0.00371285
0.00369012
12.7708
12.7736
12.777
12.7804
12.7836
12.7867
12.7897
12.7926
12.7954
12.7981
12.8007
12.8033
12.8059
12.8084
12.811
12.8136
12.8162
12.8191
12.8223
12.8256
12.8286
12.8317
12.8405
12.8703
12.9151
12.8387
12.2706
9.34253
0.207048
0.00468035
0.00465761
0.00454811
0.00451874
0.0045074
0.00449339
0.004475
0.00445408
0.00443181
0.00440859
0.00438469
0.00436034
0.00433576
0.00431113
0.0042866
0.0042623
0.00423832
0.00421474
0.00419163
0.00416905
0.00414701
13.9874
13.9912
13.9952
13.9991
14.003
14.007
14.0112
14.0154
14.0198
14.0244
14.029
14.0337
14.0386
14.0435
14.0485
14.0535
14.0585
14.0635
14.0684
14.073
14.0771
14.0804
14.0837
14.0905
14.1039
14.1096
14.0601
13.9033
4.37367
0.031515
0.00571134
0.00558287
0.00545548
0.00536152
0.00528161
0.00520831
0.00513993
0.0050765
0.0050178
0.00496343
0.00491294
0.00486596
0.00482217
0.00478127
0.004743
0.00470714
0.00467348
0.00464183
0.00461203
0.00458393
15.5273
15.5297
15.5328
15.536
15.5391
15.5422
15.5453
15.5483
15.5513
15.5543
15.5573
15.5603
15.5632
15.5661
15.569
15.5719
15.5748
15.5777
15.5807
15.5838
15.5868
15.5893
15.5914
15.5993
15.6257
15.6677
15.5914
15.0358
12.0063
0.327938
0.00593594
0.00500167
0.00488516
0.00486076
0.00485449
0.00484691
0.00483659
0.0048251
0.00481318
0.00480104
0.00478878
0.00477647
0.00476422
0.00475209
0.00474013
0.00472838
0.00471689
0.00470567
0.00469474
0.00468411
16.703
16.7061
16.7091
16.7119
16.7145
16.7172
16.7199
16.7226
16.7253
16.7279
16.7306
16.7334
16.7361
16.7389
16.7418
16.7447
16.7477
16.7508
16.754
16.7573
16.7608
16.7644
16.7678
16.771
16.7787
16.7958
16.8087
16.7234
16.4092
5.37785
0.0331278
0.00476447
0.00471897
0.00469647
0.00470316
0.00471615
0.0047284
0.00473915
0.00474894
0.00475809
0.00476669
0.00477477
0.00478233
0.00478941
0.00479604
0.00480225
0.00480805
0.00481346
0.00481851
0.00482321
18.2592
18.2604
18.2624
18.2648
18.2675
18.2704
18.2737
18.2772
18.281
18.2851
18.2895
18.2941
18.299
18.3042
18.3096
18.3153
18.3211
18.3272
18.3334
18.3397
18.3461
18.3524
18.3579
18.3628
18.3714
18.3946
18.4293
18.3617
17.893
13.8772
0.147983
0.00629021
0.0047396
0.00466963
0.00466156
0.00467512
0.0046915
0.0047079
0.00472498
0.004743
0.00476174
0.00478093
0.00480034
0.00481979
0.00483914
0.00485827
0.00487708
0.00489549
0.00491343
0.00493085
19.4062
19.4096
19.4128
19.4154
19.4177
19.4195
19.4211
19.4224
19.4233
19.424
19.4243
19.4243
19.424
19.4233
19.4225
19.4213
19.4199
19.4182
19.4164
19.4143
19.4123
19.4102
19.4084
19.4065
19.4043
19.4021
19.4051
19.4196
19.3903
19.2065
3.34212
0.0185
0.00391509
0.00407096
0.00418016
0.00429315
0.00440212
0.00450184
0.00459255
0.00467544
0.00475143
0.0048212
0.00488535
0.0049444
0.00499882
0.00504903
0.00509542
0.00513831
0.00517802
0.00521482
20.878
20.8807
20.8837
20.8867
20.8897
20.8925
20.8954
20.8983
20.9012
20.9041
20.907
20.9099
20.9128
20.9156
20.9185
20.9213
20.924
20.9267
20.9292
20.9316
20.9338
20.9358
20.9373
20.938
20.9382
20.9397
20.9499
20.9636
20.9082
20.6163
10.8102
0.0185613
0.0055788
0.00558048
0.00556704
0.00557477
0.00559083
0.00560835
0.0056264
0.00564509
0.00566437
0.00568402
0.00570384
0.00572365
0.00574331
0.00576271
0.00578175
0.00580036
0.00581848
0.00583606
22.2459
22.2462
22.2466
22.2472
22.2481
22.2491
22.2504
22.2519
22.2536
22.2556
22.2577
22.2601
22.2627
22.2656
22.2686
22.272
22.2756
22.2794
22.2836
22.2881
22.2929
22.2981
22.3035
22.3089
22.3146
22.3235
22.3455
22.3761
22.3261
21.9692
16.4316
0.0099461
0.00669414
0.00664126
0.00661535
0.00661357
0.00661723
0.00662017
0.00662242
0.00662463
0.00662698
0.00662946
0.006632
0.00663457
0.00663716
0.00663974
0.0066423
0.00664482
0.00664729
0.00664969
23.593
23.5939
23.595
23.596
23.5971
23.5981
23.5991
23.6001
23.6011
23.6021
23.603
23.6039
23.6048
23.6056
23.6064
23.6071
23.6078
23.6084
23.609
23.6096
23.6101
23.6106
23.611
23.6109
23.6106
23.6136
23.6315
23.6601
23.5961
23.1667
20.8824
0.00899563
0.0075502
0.00746568
0.00743662
0.00743254
0.00743045
0.00742557
0.0074191
0.00741207
0.00740482
0.00739744
0.00739001
0.0073826
0.00737529
0.00736811
0.00736111
0.00735429
0.00734768
0.00734129
24.8977
24.8991
24.9006
24.9019
24.9032
24.9044
24.9056
24.9067
24.9078
24.9089
24.9099
24.911
24.9119
24.9129
24.9138
24.9147
24.9155
24.9163
24.917
24.9176
24.9181
24.9184
24.9186
24.9182
24.9176
24.9168
24.9207
24.9294
24.9075
24.7927
24.6701
0.0990109
0.0087399
0.0087618
0.00867496
0.00861402
0.0085614
0.00851357
0.0084698
0.00842969
0.00839284
0.00835886
0.00832744
0.00829829
0.00827115
0.00824581
0.00822208
0.0081998
0.00817881
0.00815899
26.2816
26.2825
26.2835
26.2846
26.2855
26.2865
26.2875
26.2884
26.2893
26.2902
26.291
26.2918
26.2925
26.2932
26.2939
26.2945
26.295
26.2955
26.2959
26.2963
26.2967
26.2971
26.2974
26.2971
26.2966
26.2996
26.3174
26.3463
26.2824
25.8496
25.0807
0.00862301
0.00892506
0.00882419
0.00879066
0.008784
0.00877919
0.00877128
0.00876159
0.00875121
0.00874049
0.00872953
0.00871838
0.00870714
0.00869587
0.00868462
0.00867343
0.00866233
0.00865133
0.00864046
0.000161942
0.000162573
0.000163215
0.000163867
0.000164526
0.000165192
0.000165861
0.000166534
0.000167208
0.000167881
0.000168554
0.000169224
0.00016989
0.000170551
0.000171206
0.000171854
0.000172495
0.000173127
0.000173749
0.000174361
0.000174963
0.000175553
0.000176131
0.000176697
0.000177249
0.000177788
0.000178313
0.000178825
0.000179321
0.000179803
0.00018027
0.000180722
0.000181158
0.000181579
0.000181984
0.000182374
0.000182748
0.000183106
0.000183448
0.000183775
0.000184086
0.000184381
0.00018466
0.000184924
0.000185173
0.000185406
0.000185621
0.000185818
0.000186006
0.000186229
0.00044223
0.000443838
0.000445475
0.000447134
0.00044881
0.000450501
0.0004522
0.000453905
0.000455611
0.000457314
0.000459012
0.000460702
0.00046238
0.000464043
0.00046569
0.000467317
0.000468924
0.000470506
0.000472064
0.000473594
0.000475097
0.000476569
0.000478011
0.000479421
0.000480797
0.00048214
0.000483448
0.000484721
0.000485959
0.00048716
0.000488324
0.000489452
0.000490542
0.000491596
0.000492612
0.000493591
0.000494533
0.000495437
0.000496305
0.000497136
0.00049793
0.000498688
0.000499409
0.000500095
0.000500746
0.000501361
0.000501944
0.000502495
0.000503006
0.000503442
0.000737339
0.000741434
0.000745532
0.000749626
0.000753706
0.000757766
0.000761798
0.000765795
0.000769752
0.000773664
0.000777524
0.000781329
0.000785074
0.000788755
0.00079237
0.000795915
0.000799386
0.000802783
0.000806103
0.000809343
0.000812504
0.000815582
0.000818577
0.000821489
0.000824317
0.000827059
0.000829717
0.000832289
0.000834776
0.000837179
0.000839496
0.00084173
0.000843879
0.000845946
0.00084793
0.000849832
0.000851654
0.000853395
0.000855058
0.000856643
0.000858152
0.000859584
0.000860942
0.000862227
0.00086344
0.000864582
0.000865653
0.000866654
0.000867589
0.000868493
0.00102584
0.00103283
0.00103974
0.00104656
0.00105329
0.0010599
0.0010664
0.00107277
0.001079
0.0010851
0.00109105
0.00109686
0.00110252
0.00110802
0.00111337
0.00111856
0.0011236
0.00112847
0.00113319
0.00113776
0.00114216
0.00114642
0.00115051
0.00115446
0.00115825
0.0011619
0.0011654
0.00116876
0.00117197
0.00117505
0.00117798
0.00118079
0.00118346
0.00118601
0.00118843
0.00119072
0.0011929
0.00119496
0.0011969
0.00119873
0.00120045
0.00120206
0.00120357
0.00120497
0.00120628
0.00120749
0.00120861
0.00120963
0.00121056
0.00121137
0.00130998
0.00132358
0.00133676
0.00134952
0.00136185
0.00137376
0.00138525
0.00139631
0.00140696
0.0014172
0.00142704
0.00143648
0.00144554
0.00145423
0.00146255
0.00147051
0.00147813
0.00148541
0.00149236
0.001499
0.00150533
0.00151136
0.00151711
0.00152258
0.00152778
0.00153272
0.00153741
0.00154186
0.00154607
0.00155006
0.00155383
0.00155739
0.00156074
0.0015639
0.00156687
0.00156966
0.00157226
0.0015747
0.00157697
0.00157908
0.00158104
0.00158285
0.00158451
0.00158603
0.00158742
0.00158868
0.00158981
0.00159082
0.00159171
0.00159251
0.00165704
0.00167955
0.0017005
0.00172001
0.00173821
0.00175517
0.001771
0.00178577
0.00179957
0.00181245
0.00182449
0.00183574
0.00184625
0.00185607
0.00186525
0.00187383
0.00188185
0.00188934
0.00189633
0.00190286
0.00190895
0.00191463
0.00191992
0.00192485
0.00192943
0.00193369
0.00193764
0.0019413
0.00194468
0.0019478
0.00195068
0.00195332
0.00195573
0.00195794
0.00195994
0.00196175
0.00196338
0.00196483
0.00196612
0.00196725
0.00196822
0.00196905
0.00196974
0.0019703
0.00197073
0.00197104
0.00197123
0.0019713
0.00197127
0.00197111
0.00229898
0.00230657
0.00231378
0.00232063
0.0023271
0.00233322
0.00233899
0.00234441
0.0023495
0.00235427
0.00235873
0.00236288
0.00236675
0.00237034
0.00237366
0.00237673
0.00237955
0.00238213
0.00238449
0.00238663
0.00238857
0.0023903
0.00239185
0.00239322
0.00239442
0.00239545
0.00239632
0.00239704
0.00239762
0.00239806
0.00239836
0.00239854
0.0023986
0.00239854
0.00239837
0.00239809
0.00239771
0.00239723
0.00239665
0.00239598
0.00239522
0.00239438
0.00239345
0.00239244
0.00239136
0.0023902
0.00238897
0.00238767
0.00238632
0.00238491
0.00298364
0.00297754
0.00297158
0.00296576
0.00296008
0.00295454
0.00294915
0.00294388
0.00293875
0.00293375
0.00292887
0.0029241
0.00291945
0.00291491
0.00291046
0.00290612
0.00290186
0.00289769
0.00289361
0.0028896
0.00288566
0.0028818
0.00287799
0.00287425
0.00287057
0.00286693
0.00286335
0.00285981
0.00285632
0.00285287
0.00284945
0.00284607
0.00284272
0.00283939
0.0028361
0.00283282
0.00282957
0.00282634
0.00282313
0.00281993
0.00281675
0.00281358
0.00281042
0.00280727
0.00280412
0.00280098
0.00279785
0.00279472
0.00279161
0.00278846
0.00366857
0.00364813
0.0036287
0.00361023
0.00359265
0.00357588
0.00355989
0.00354462
0.00353003
0.00351606
0.00350269
0.00348987
0.00347758
0.00346578
0.00345445
0.00344355
0.00343306
0.00342296
0.00341323
0.00340384
0.00339478
0.00338603
0.00337756
0.00336937
0.00336144
0.00335376
0.0033463
0.00333906
0.00333203
0.00332519
0.00331854
0.00331206
0.00330573
0.00329957
0.00329354
0.00328765
0.00328189
0.00327625
0.00327072
0.0032653
0.00325998
0.00325475
0.0032496
0.00324454
0.00323955
0.00323464
0.00322979
0.003225
0.0032203
0.00321566
0.00412556
0.00410472
0.00408449
0.00406488
0.00404589
0.00402751
0.00400975
0.00399258
0.00397601
0.00396
0.00394455
0.00392965
0.00391526
0.00390139
0.003888
0.00387508
0.0038626
0.00385057
0.00383894
0.00382771
0.00381686
0.00380637
0.00379623
0.00378642
0.00377692
0.00376772
0.0037588
0.00375015
0.00374176
0.00373361
0.00372569
0.00371798
0.00371049
0.00370319
0.00369607
0.00368913
0.00368235
0.00367573
0.00366925
0.00366291
0.0036567
0.00365062
0.00364465
0.00363878
0.00363302
0.00362735
0.00362177
0.00361628
0.00361089
0.00360551
0.0045574
0.00453231
0.00450856
0.00448604
0.00446468
0.00444438
0.00442507
0.00440668
0.00438916
0.00437244
0.00435647
0.0043412
0.0043266
0.0043126
0.00429918
0.00428631
0.00427394
0.00426205
0.0042506
0.00423958
0.00422895
0.00421869
0.00420877
0.00419919
0.00418991
0.00418093
0.00417221
0.00416375
0.00415552
0.00414753
0.00413974
0.00413215
0.00412474
0.00411751
0.00411044
0.00410352
0.00409675
0.0040901
0.00408358
0.00407718
0.00407088
0.00406468
0.00405857
0.00405255
0.00404661
0.00404074
0.00403494
0.0040292
0.00402356
0.00401798
0.00467379
0.00466378
0.00465408
0.00464469
0.0046356
0.0046268
0.00461829
0.00461004
0.00460207
0.00459434
0.00458686
0.00457961
0.00457257
0.00456575
0.00455911
0.00455266
0.00454638
0.00454027
0.00453431
0.00452848
0.00452279
0.00451722
0.00451177
0.00450642
0.00450116
0.004496
0.00449091
0.0044859
0.00448096
0.00447607
0.00447124
0.00446646
0.00446173
0.00445703
0.00445236
0.00444772
0.00444311
0.00443851
0.00443393
0.00442936
0.0044248
0.00442024
0.00441569
0.00441113
0.00440657
0.004402
0.00439743
0.00439285
0.00438827
0.00438362
0.00482758
0.00483163
0.00483537
0.00483882
0.00484199
0.00484488
0.00484752
0.0048499
0.00485203
0.00485393
0.0048556
0.00485705
0.00485829
0.00485931
0.00486013
0.00486076
0.00486119
0.00486144
0.00486151
0.0048614
0.00486112
0.00486067
0.00486005
0.00485928
0.00485835
0.00485726
0.00485603
0.00485466
0.00485314
0.00485148
0.00484968
0.00484776
0.0048457
0.00484351
0.0048412
0.00483876
0.00483621
0.00483353
0.00483075
0.00482784
0.00482483
0.0048217
0.00481847
0.00481513
0.00481169
0.00480814
0.00480449
0.00480074
0.00479693
0.00479305
0.00494771
0.00496399
0.00497965
0.00499469
0.00500909
0.00502286
0.00503599
0.00504849
0.00506037
0.00507162
0.00508228
0.00509234
0.00510182
0.00511074
0.00511912
0.00512696
0.00513428
0.0051411
0.00514744
0.00515331
0.00515872
0.0051637
0.00516825
0.00517239
0.00517614
0.00517951
0.00518251
0.00518515
0.00518745
0.00518942
0.00519107
0.00519241
0.00519345
0.0051942
0.00519467
0.00519488
0.00519482
0.00519451
0.00519396
0.00519317
0.00519215
0.00519091
0.00518945
0.00518778
0.00518591
0.00518385
0.00518159
0.00517915
0.00517655
0.00517372
0.00524894
0.00528061
0.00531001
0.00533734
0.00536274
0.00538637
0.00540835
0.0054288
0.00544783
0.00546553
0.005482
0.00549731
0.00551153
0.00552475
0.00553701
0.00554837
0.0055589
0.00556862
0.00557759
0.00558586
0.00559345
0.0056004
0.00560674
0.00561251
0.00561773
0.00562243
0.00562663
0.00563036
0.00563363
0.00563647
0.00563889
0.00564092
0.00564256
0.00564384
0.00564477
0.00564536
0.00564562
0.00564557
0.00564522
0.00564457
0.00564365
0.00564245
0.005641
0.00563929
0.00563733
0.00563513
0.00563271
0.00563006
0.00562723
0.00562421
0.00585306
0.00586946
0.00588523
0.00590036
0.00591484
0.00592867
0.00594186
0.0059544
0.00596631
0.00597759
0.00598826
0.00599832
0.00600779
0.00601668
0.00602501
0.00603279
0.00604005
0.00604678
0.00605302
0.00605876
0.00606404
0.00606886
0.00607323
0.00607718
0.00608071
0.00608384
0.00608657
0.00608893
0.00609092
0.00609256
0.00609385
0.00609481
0.00609545
0.00609577
0.00609579
0.00609551
0.00609495
0.0060941
0.00609299
0.00609161
0.00608998
0.00608809
0.00608597
0.00608361
0.00608102
0.0060782
0.00607517
0.00607193
0.0060685
0.00606482
0.00665201
0.00665424
0.00665638
0.0066584
0.00666031
0.0066621
0.00666375
0.00666527
0.00666664
0.00666787
0.00666894
0.00666985
0.0066706
0.00667119
0.00667161
0.00667187
0.00667195
0.00667185
0.00667158
0.00667113
0.0066705
0.0066697
0.00666871
0.00666754
0.0066662
0.00666467
0.00666296
0.00666107
0.00665901
0.00665676
0.00665433
0.00665173
0.00664895
0.006646
0.00664287
0.00663956
0.00663609
0.00663245
0.00662863
0.00662465
0.0066205
0.00661619
0.00661172
0.00660708
0.00660229
0.00659734
0.00659223
0.00658696
0.00658159
0.00657609
0.0073351
0.00732912
0.00732333
0.00731774
0.00731232
0.00730706
0.00730196
0.00729698
0.00729213
0.00728738
0.00728271
0.00727812
0.00727359
0.00726911
0.00726466
0.00726024
0.00725582
0.0072514
0.00724697
0.00724252
0.00723804
0.00723353
0.00722897
0.00722435
0.00721968
0.00721494
0.00721013
0.00720524
0.00720028
0.00719523
0.00719009
0.00718486
0.00717953
0.00717411
0.00716858
0.00716296
0.00715722
0.00715138
0.00714543
0.00713937
0.0071332
0.00712691
0.00712051
0.007114
0.00710737
0.00710063
0.00709377
0.0070868
0.00707975
0.00707253
0.00814023
0.00812243
0.00810549
0.00808933
0.0080739
0.00805912
0.00804493
0.00803129
0.00801815
0.00800546
0.00799319
0.0079813
0.00796975
0.00795853
0.00794759
0.00793692
0.0079265
0.00791629
0.00790627
0.00789644
0.00788677
0.00787724
0.00786784
0.00785855
0.00784936
0.00784026
0.00783123
0.00782227
0.00781335
0.00780447
0.00779563
0.00778681
0.007778
0.0077692
0.0077604
0.00775159
0.00774276
0.00773392
0.00772504
0.00771614
0.00770719
0.00769821
0.00768918
0.00768009
0.00767096
0.00766176
0.00765251
0.0076432
0.00763388
0.0076245
0.00862972
0.00861911
0.00860864
0.00859829
0.00858808
0.00857798
0.008568
0.00855813
0.00854836
0.00853867
0.00852907
0.00851954
0.00851008
0.00850067
0.0084913
0.00848198
0.00847269
0.00846342
0.00845418
0.00844494
0.00843571
0.00842648
0.00841724
0.00840798
0.00839871
0.00838942
0.00838011
0.00837076
0.00836137
0.00835195
0.00834249
0.00833298
0.00832342
0.0083138
0.00830414
0.00829441
0.00828463
0.00827478
0.00826487
0.00825489
0.00824484
0.00823472
0.00822453
0.00821426
0.00820392
0.0081935
0.00818301
0.00817244
0.00816185
0.00815111
0.000186473
0.000186596
0.000186677
0.000186748
0.000186816
0.000186882
0.000186945
0.000187004
0.00018706
0.000187112
0.00018716
0.000187205
0.000187246
0.000187284
0.000187317
0.000187347
0.000187373
0.000187395
0.000187414
0.000187428
0.000187438
0.000187445
0.000187447
0.000187446
0.00018744
0.00018743
0.000187417
0.000187399
0.000187377
0.000187351
0.00018732
0.000187286
0.000187247
0.000187204
0.000187157
0.000187105
0.000187049
0.000186989
0.000186925
0.000186856
0.000186783
0.000186706
0.000186624
0.000186538
0.000186448
0.000186353
0.000186254
0.00018615
0.000186042
0.00018593
0.000185814
0.000185692
0.000185567
0.000185437
0.000185303
0.000185164
0.000185021
0.000184873
0.000184721
0.000184565
0.000184404
0.000184239
0.00018407
0.000183896
0.000183717
0.000183535
0.000183348
0.000183156
0.00018296
0.00018276
0.000182556
0.000182347
0.000182134
0.000181916
0.000181694
0.000181468
0.000181238
0.000181003
0.000180764
0.000180521
0.000180274
0.000180022
0.000179766
0.000179506
0.000179242
0.000178974
0.000178701
0.000178425
0.000178144
0.000177859
0.00017757
0.000177278
0.000176981
0.00017668
0.000176375
0.000176066
0.000175753
0.000175437
0.000175116
0.000174791
0.000174463
0.000174131
0.000173795
0.000173455
0.000173111
0.000172763
0.000172412
0.000172057
0.000171699
0.000171336
0.00017097
0.000170601
0.000170227
0.00016985
0.00016947
0.000169086
0.000168698
0.000168307
0.000167912
0.000167514
0.000167112
0.000166707
0.000166298
0.000165886
0.000165471
0.000165052
0.000164629
0.000164204
0.000163774
0.000163342
0.000162906
0.000162467
0.000162024
0.000161578
0.000161129
0.000160676
0.00016022
0.000159761
0.000159298
0.000158832
0.000158363
0.00015789
0.000157414
0.000156935
0.000156453
0.000155967
0.000155478
0.000154985
0.000154489
0.00015399
0.000153488
0.000152982
0.000152473
0.00015196
0.000151444
0.000150925
0.000150402
0.000149876
0.000149346
0.000148813
0.000148277
0.000147737
0.000147194
0.000146647
0.000146097
0.000145543
0.000144985
0.000144424
0.00014386
0.000143292
0.00014272
0.000142145
0.000141566
0.000140983
0.000140397
0.000139807
0.000139213
0.000138616
0.000138015
0.00013741
0.000136801
0.000136189
0.000135572
0.000134952
0.000134328
0.0001337
0.000133069
0.000132433
0.000131793
0.00013115
0.000130502
0.000129851
0.000129195
0.000128535
0.000127872
0.000127204
0.000126532
0.000125857
0.000125177
0.000124493
0.000123805
0.000123112
0.000122416
0.000121715
0.000121011
0.000120302
0.000119589
0.000118871
0.00011815
0.000117424
0.000116694
0.00011596
0.000115222
0.00011448
0.000113733
0.000112982
0.000112227
0.000111467
0.000110704
0.000109936
0.000109164
0.000108388
0.000107608
0.000106824
0.000106035
0.000105243
0.000104446
0.000103645
0.00010284
0.000102032
0.000101219
0.000100402
9.95814e-05
9.87568e-05
9.79284e-05
9.70961e-05
9.62601e-05
9.54204e-05
9.4577e-05
9.37299e-05
9.28793e-05
9.20252e-05
9.11676e-05
9.03066e-05
8.94422e-05
8.85746e-05
8.77039e-05
8.683e-05
8.5953e-05
8.50732e-05
8.41904e-05
8.33049e-05
8.24167e-05
8.15259e-05
8.06326e-05
7.97369e-05
7.8839e-05
7.79389e-05
7.70367e-05
7.61326e-05
7.52267e-05
7.43191e-05
7.341e-05
7.24995e-05
7.15877e-05
7.06747e-05
6.97608e-05
6.8846e-05
6.79305e-05
6.70145e-05
6.60981e-05
6.51815e-05
6.42648e-05
6.33482e-05
6.24319e-05
6.1516e-05
6.06007e-05
5.96862e-05
5.87726e-05
5.78601e-05
5.69488e-05
5.6039e-05
5.51307e-05
5.42242e-05
5.33195e-05
5.24169e-05
5.15164e-05
5.06182e-05
4.97224e-05
4.88291e-05
4.79384e-05
4.70503e-05
4.61649e-05
4.52822e-05
4.44022e-05
4.35248e-05
4.2649e-05
4.17738e-05
4.09027e-05
4.0055e-05
0.000503698
0.000503902
0.000504133
0.000504365
0.00050459
0.000504807
0.000505016
0.000505219
0.000505414
0.000505602
0.000505782
0.000505955
0.000506119
0.000506277
0.000506426
0.000506568
0.000506701
0.000506827
0.000506945
0.000507055
0.000507157
0.000507251
0.000507337
0.000507415
0.000507484
0.000507546
0.000507599
0.000507644
0.000507681
0.000507709
0.000507729
0.000507741
0.000507744
0.000507739
0.000507725
0.000507703
0.000507672
0.000507633
0.000507585
0.000507529
0.000507464
0.00050739
0.000507308
0.000507217
0.000507117
0.000507008
0.000506891
0.000506765
0.00050663
0.000506486
0.000506334
0.000506172
0.000506002
0.000505823
0.000505634
0.000505437
0.000505231
0.000505015
0.000504791
0.000504558
0.000504315
0.000504064
0.000503803
0.000503533
0.000503254
0.000502965
0.000502668
0.000502361
0.000502045
0.000501719
0.000501385
0.00050104
0.000500687
0.000500324
0.000499951
0.000499569
0.000499178
0.000498777
0.000498366
0.000497946
0.000497516
0.000497076
0.000496627
0.000496168
0.000495699
0.00049522
0.000494731
0.000494233
0.000493724
0.000493206
0.000492677
0.000492138
0.000491589
0.000491031
0.000490461
0.000489882
0.000489292
0.000488692
0.000488081
0.00048746
0.000486829
0.000486187
0.000485534
0.000484871
0.000484197
0.000483512
0.000482816
0.00048211
0.000481392
0.000480664
0.000479924
0.000479173
0.000478412
0.000477639
0.000476854
0.000476059
0.000475252
0.000474433
0.000473603
0.000472761
0.000471908
0.000471043
0.000470166
0.000469278
0.000468378
0.000467465
0.000466541
0.000465604
0.000464656
0.000463695
0.000462722
0.000461737
0.000460739
0.000459729
0.000458707
0.000457672
0.000456624
0.000455564
0.000454491
0.000453405
0.000452306
0.000451195
0.00045007
0.000448933
0.000447782
0.000446619
0.000445442
0.000444252
0.000443049
0.000441833
0.000440603
0.00043936
0.000438103
0.000436833
0.000435549
0.000434252
0.000432941
0.000431616
0.000430278
0.000428926
0.00042756
0.000426181
0.000424787
0.00042338
0.000421958
0.000420523
0.000419074
0.000417611
0.000416133
0.000414642
0.000413136
0.000411616
0.000410082
0.000408534
0.000406972
0.000405395
0.000403804
0.000402199
0.000400579
0.000398945
0.000397297
0.000395635
0.000393958
0.000392267
0.000390561
0.000388841
0.000387106
0.000385358
0.000383594
0.000381817
0.000380025
0.000378218
0.000376398
0.000374563
0.000372713
0.000370849
0.000368971
0.000367079
0.000365172
0.000363251
0.000361315
0.000359366
0.000357402
0.000355424
0.000353432
0.000351426
0.000349406
0.000347372
0.000345324
0.000343262
0.000341186
0.000339096
0.000336993
0.000334875
0.000332745
0.0003306
0.000328442
0.000326271
0.000324086
0.000321888
0.000319677
0.000317453
0.000315216
0.000312966
0.000310703
0.000308428
0.00030614
0.000303839
0.000301526
0.000299201
0.000296864
0.000294515
0.000292154
0.000289781
0.000287397
0.000285001
0.000282594
0.000280176
0.000277747
0.000275307
0.000272857
0.000270397
0.000267926
0.000265445
0.000262955
0.000260454
0.000257945
0.000255426
0.000252899
0.000250362
0.000247818
0.000245265
0.000242704
0.000240135
0.000237559
0.000234976
0.000232386
0.00022979
0.000227187
0.000224578
0.000221964
0.000219344
0.00021672
0.00021409
0.000211457
0.000208819
0.000206178
0.000203534
0.000200887
0.000198237
0.000195586
0.000192933
0.000190278
0.000187623
0.000184968
0.000182313
0.000179658
0.000177005
0.000174353
0.000171703
0.000169055
0.000166411
0.00016377
0.000161133
0.000158501
0.000155874
0.000153252
0.000150637
0.000148029
0.000145428
0.000142834
0.00014025
0.000137674
0.000135107
0.000132551
0.000130005
0.000127468
0.000124938
0.000122426
0.000119989
0.000869229
0.000869712
0.00087016
0.000870587
0.000870997
0.000871388
0.000871763
0.000872122
0.000872464
0.00087279
0.0008731
0.000873392
0.000873669
0.000873928
0.000874171
0.000874397
0.000874607
0.000874799
0.000874975
0.000875134
0.000875276
0.000875401
0.000875509
0.0008756
0.000875674
0.000875731
0.00087577
0.000875793
0.000875798
0.000875787
0.000875758
0.000875711
0.000875648
0.000875567
0.000875469
0.000875354
0.000875222
0.000875072
0.000874904
0.00087472
0.000874518
0.000874299
0.000874062
0.000873808
0.000873536
0.000873247
0.000872941
0.000872617
0.000872276
0.000871917
0.000871541
0.000871148
0.000870737
0.000870308
0.000869862
0.000869399
0.000868918
0.000868419
0.000867903
0.00086737
0.000866819
0.00086625
0.000865664
0.00086506
0.000864439
0.0008638
0.000863144
0.00086247
0.000861779
0.00086107
0.000860343
0.000859599
0.000858838
0.000858058
0.000857262
0.000856447
0.000855615
0.000854765
0.000853898
0.000853013
0.00085211
0.00085119
0.000850252
0.000849297
0.000848323
0.000847332
0.000846324
0.000845297
0.000844253
0.000843191
0.000842111
0.000841014
0.000839899
0.000838766
0.000837615
0.000836446
0.00083526
0.000834055
0.000832833
0.000831593
0.000830334
0.000829058
0.000827764
0.000826452
0.000825122
0.000823773
0.000822407
0.000821022
0.00081962
0.000818199
0.00081676
0.000815302
0.000813827
0.000812333
0.000810821
0.00080929
0.000807741
0.000806173
0.000804587
0.000802982
0.000801359
0.000799717
0.000798057
0.000796377
0.000794679
0.000792962
0.000791227
0.000789472
0.000787698
0.000785906
0.000784094
0.000782263
0.000780413
0.000778543
0.000776654
0.000774746
0.000772819
0.000770872
0.000768905
0.000766919
0.000764913
0.000762887
0.000760841
0.000758776
0.00075669
0.000754585
0.000752459
0.000750314
0.000748148
0.000745961
0.000743755
0.000741528
0.00073928
0.000737012
0.000734723
0.000732413
0.000730083
0.000727732
0.000725359
0.000722966
0.000720552
0.000718116
0.00071566
0.000713181
0.000710682
0.000708161
0.000705619
0.000703055
0.000700469
0.000697862
0.000695233
0.000692582
0.000689909
0.000687215
0.000684498
0.000681759
0.000678999
0.000676216
0.00067341
0.000670583
0.000667733
0.000664861
0.000661966
0.000659049
0.00065611
0.000653148
0.000650164
0.000647156
0.000644127
0.000641075
0.000638
0.000634902
0.000631782
0.000628639
0.000625473
0.000622285
0.000619074
0.000615841
0.000612584
0.000609305
0.000606004
0.000602679
0.000599332
0.000595963
0.000592571
0.000589156
0.000585719
0.00058226
0.000578778
0.000575274
0.000571748
0.000568199
0.000564628
0.000561036
0.000557421
0.000553785
0.000550126
0.000546447
0.000542745
0.000539022
0.000535278
0.000531513
0.000527727
0.000523919
0.000520091
0.000516243
0.000512374
0.000508484
0.000504575
0.000500646
0.000496697
0.000492729
0.000488741
0.000484735
0.000480709
0.000476665
0.000472603
0.000468523
0.000464425
0.000460309
0.000456176
0.000452026
0.00044786
0.000443678
0.000439479
0.000435265
0.000431036
0.000426792
0.000422533
0.00041826
0.000413974
0.000409674
0.000405361
0.000401036
0.0003967
0.000392351
0.000387992
0.000383622
0.000379242
0.000374852
0.000370454
0.000366047
0.000361632
0.00035721
0.000352781
0.000348347
0.000343906
0.000339461
0.000335012
0.000330559
0.000326104
0.000321646
0.000317187
0.000312728
0.000308268
0.000303809
0.000299352
0.000294898
0.000290446
0.000285999
0.000281556
0.000277119
0.000272689
0.000268266
0.000263852
0.000259447
0.000255052
0.000250669
0.000246297
0.000241939
0.000237595
0.000233265
0.000228952
0.000224657
0.000220379
0.000216121
0.000211879
0.00020765
0.000203454
0.000199384
0.00121194
0.00121233
0.00121273
0.00121312
0.00121349
0.00121383
0.00121416
0.00121447
0.00121476
0.00121502
0.00121527
0.00121549
0.0012157
0.00121588
0.00121604
0.00121619
0.00121631
0.00121641
0.00121649
0.00121655
0.00121659
0.0012166
0.0012166
0.00121658
0.00121653
0.00121647
0.00121638
0.00121628
0.00121615
0.00121601
0.00121584
0.00121565
0.00121544
0.00121521
0.00121496
0.00121469
0.0012144
0.00121409
0.00121375
0.0012134
0.00121303
0.00121263
0.00121222
0.00121178
0.00121132
0.00121085
0.00121035
0.00120983
0.00120929
0.00120873
0.00120815
0.00120755
0.00120693
0.00120628
0.00120562
0.00120494
0.00120423
0.0012035
0.00120276
0.00120199
0.0012012
0.00120039
0.00119956
0.00119871
0.00119784
0.00119694
0.00119603
0.00119509
0.00119414
0.00119316
0.00119216
0.00119114
0.0011901
0.00118904
0.00118795
0.00118684
0.00118572
0.00118457
0.0011834
0.0011822
0.00118099
0.00117975
0.0011785
0.00117722
0.00117591
0.00117459
0.00117324
0.00117187
0.00117048
0.00116907
0.00116763
0.00116617
0.00116469
0.00116319
0.00116166
0.00116011
0.00115854
0.00115694
0.00115532
0.00115368
0.00115201
0.00115032
0.00114861
0.00114687
0.00114511
0.00114332
0.00114151
0.00113968
0.00113782
0.00113594
0.00113403
0.0011321
0.00113014
0.00112816
0.00112615
0.00112412
0.00112206
0.00111998
0.00111787
0.00111573
0.00111357
0.00111138
0.00110917
0.00110693
0.00110467
0.00110238
0.00110006
0.00109771
0.00109534
0.00109294
0.00109051
0.00108806
0.00108558
0.00108307
0.00108053
0.00107797
0.00107537
0.00107275
0.0010701
0.00106743
0.00106472
0.00106199
0.00105922
0.00105643
0.00105361
0.00105076
0.00104788
0.00104497
0.00104203
0.00103906
0.00103606
0.00103304
0.00102998
0.00102689
0.00102377
0.00102062
0.00101744
0.00101423
0.00101099
0.00100772
0.00100442
0.00100109
0.000997722
0.000994326
0.0009909
0.000987441
0.000983952
0.000980431
0.000976878
0.000973293
0.000969677
0.000966029
0.000962349
0.000958637
0.000954893
0.000951116
0.000947307
0.000943467
0.000939593
0.000935688
0.00093175
0.000927779
0.000923776
0.00091974
0.000915672
0.000911571
0.000907437
0.000903271
0.000899072
0.00089484
0.000890576
0.000886279
0.000881949
0.000877586
0.00087319
0.000868762
0.000864301
0.000859808
0.000855282
0.000850723
0.000846131
0.000841507
0.000836851
0.000832162
0.000827441
0.000822687
0.000817902
0.000813084
0.000808234
0.000803352
0.000798439
0.000793493
0.000788517
0.000783508
0.000778468
0.000773398
0.000768296
0.000763163
0.000757999
0.000752805
0.000747581
0.000742326
0.000737042
0.000731728
0.000726384
0.000721011
0.000715609
0.000710178
0.000704719
0.000699232
0.000693716
0.000688173
0.000682603
0.000677006
0.000671382
0.000665731
0.000660055
0.000654353
0.000648626
0.000642874
0.000637098
0.000631298
0.000625475
0.000619628
0.000613759
0.000607867
0.000601954
0.00059602
0.000590066
0.000584091
0.000578097
0.000572085
0.000566053
0.000560005
0.000553939
0.000547857
0.000541759
0.000535646
0.000529519
0.000523379
0.000517225
0.00051106
0.000504883
0.000498696
0.000492499
0.000486293
0.00048008
0.000473859
0.000467633
0.000461401
0.000455165
0.000448925
0.000442684
0.000436441
0.000430198
0.000423956
0.000417716
0.000411479
0.000405247
0.00039902
0.000392799
0.000386586
0.000380383
0.00037419
0.000368008
0.00036184
0.000355686
0.000349547
0.000343426
0.000337323
0.00033124
0.000325178
0.00031914
0.000313126
0.000307138
0.000301177
0.00029524
0.000289322
0.000283452
0.000277759
0.00159314
0.00159356
0.00159393
0.00159427
0.00159459
0.00159487
0.00159512
0.00159534
0.00159554
0.00159571
0.00159585
0.00159596
0.00159604
0.0015961
0.00159613
0.00159613
0.0015961
0.00159605
0.00159596
0.00159585
0.00159572
0.00159555
0.00159536
0.00159514
0.00159489
0.00159461
0.00159431
0.00159398
0.00159363
0.00159324
0.00159283
0.00159239
0.00159193
0.00159144
0.00159092
0.00159037
0.0015898
0.0015892
0.00158858
0.00158792
0.00158724
0.00158654
0.0015858
0.00158504
0.00158426
0.00158344
0.0015826
0.00158174
0.00158084
0.00157992
0.00157897
0.001578
0.001577
0.00157597
0.00157492
0.00157384
0.00157273
0.00157159
0.00157043
0.00156924
0.00156803
0.00156679
0.00156552
0.00156422
0.0015629
0.00156155
0.00156017
0.00155877
0.00155734
0.00155588
0.00155439
0.00155288
0.00155134
0.00154977
0.00154817
0.00154655
0.0015449
0.00154322
0.00154152
0.00153978
0.00153802
0.00153623
0.00153442
0.00153257
0.0015307
0.00152879
0.00152686
0.00152491
0.00152292
0.0015209
0.00151886
0.00151679
0.00151469
0.00151255
0.00151039
0.00150821
0.00150599
0.00150374
0.00150146
0.00149916
0.00149682
0.00149446
0.00149206
0.00148964
0.00148718
0.00148469
0.00148218
0.00147963
0.00147706
0.00147445
0.00147181
0.00146914
0.00146644
0.00146371
0.00146095
0.00145815
0.00145533
0.00145247
0.00144958
0.00144666
0.0014437
0.00144072
0.0014377
0.00143465
0.00143156
0.00142845
0.0014253
0.00142212
0.0014189
0.00141565
0.00141237
0.00140905
0.0014057
0.00140232
0.0013989
0.00139545
0.00139196
0.00138844
0.00138488
0.00138129
0.00137766
0.001374
0.0013703
0.00136657
0.0013628
0.001359
0.00135515
0.00135128
0.00134736
0.00134341
0.00133943
0.0013354
0.00133134
0.00132724
0.00132311
0.00131894
0.00131473
0.00131048
0.00130619
0.00130187
0.00129751
0.0012931
0.00128867
0.00128419
0.00127967
0.00127512
0.00127052
0.00126589
0.00126121
0.0012565
0.00125175
0.00124696
0.00124213
0.00123725
0.00123234
0.00122739
0.0012224
0.00121737
0.00121229
0.00120718
0.00120203
0.00119683
0.0011916
0.00118632
0.001181
0.00117565
0.00117025
0.00116481
0.00115933
0.0011538
0.00114824
0.00114264
0.00113699
0.0011313
0.00112558
0.00111981
0.001114
0.00110814
0.00110225
0.00109632
0.00109034
0.00108433
0.00107827
0.00107217
0.00106603
0.00105985
0.00105363
0.00104737
0.00104106
0.00103472
0.00102834
0.00102192
0.00101545
0.00100895
0.00100241
0.000995825
0.000989203
0.000982542
0.000975842
0.000969103
0.000962326
0.000955511
0.000948657
0.000941766
0.000934837
0.000927872
0.000920869
0.00091383
0.000906754
0.000899643
0.000892496
0.000885314
0.000878097
0.000870846
0.000863561
0.000856243
0.000848891
0.000841507
0.000834091
0.000826644
0.000819165
0.000811656
0.000804118
0.000796549
0.000788953
0.000781328
0.000773675
0.000765996
0.000758291
0.00075056
0.000742805
0.000735026
0.000727223
0.000719399
0.000711552
0.000703685
0.000695799
0.000687893
0.000679969
0.000672028
0.000664071
0.000656098
0.000648112
0.000640112
0.0006321
0.000624078
0.000616045
0.000608004
0.000599955
0.0005919
0.00058384
0.000575777
0.00056771
0.000559643
0.000551575
0.000543509
0.000535447
0.000527388
0.000519336
0.000511291
0.000503255
0.00049523
0.000487217
0.000479217
0.000471233
0.000463267
0.000455319
0.000447393
0.000439489
0.000431609
0.000423755
0.00041593
0.000408135
0.000400372
0.000392644
0.000384952
0.000377291
0.000369655
0.000362082
0.000354737
0.00197093
0.00197079
0.00197063
0.00197046
0.00197027
0.00197005
0.00196981
0.00196954
0.00196924
0.00196891
0.00196856
0.00196819
0.00196778
0.00196735
0.0019669
0.00196642
0.00196591
0.00196538
0.00196482
0.00196423
0.00196362
0.00196298
0.00196232
0.00196163
0.00196092
0.00196018
0.00195941
0.00195862
0.00195781
0.00195696
0.0019561
0.0019552
0.00195429
0.00195334
0.00195237
0.00195138
0.00195036
0.00194931
0.00194824
0.00194714
0.00194602
0.00194487
0.0019437
0.0019425
0.00194127
0.00194002
0.00193874
0.00193744
0.00193611
0.00193475
0.00193337
0.00193196
0.00193052
0.00192906
0.00192758
0.00192606
0.00192452
0.00192295
0.00192136
0.00191974
0.00191809
0.00191641
0.00191471
0.00191298
0.00191122
0.00190944
0.00190763
0.00190579
0.00190392
0.00190202
0.00190009
0.00189814
0.00189616
0.00189415
0.00189211
0.00189004
0.00188794
0.00188581
0.00188366
0.00188147
0.00187926
0.00187701
0.00187473
0.00187243
0.00187009
0.00186772
0.00186532
0.00186289
0.00186043
0.00185794
0.00185541
0.00185285
0.00185027
0.00184764
0.00184499
0.0018423
0.00183959
0.00183683
0.00183405
0.00183123
0.00182837
0.00182549
0.00182256
0.00181961
0.00181662
0.00181359
0.00181053
0.00180743
0.0018043
0.00180113
0.00179792
0.00179468
0.0017914
0.00178809
0.00178474
0.00178135
0.00177792
0.00177445
0.00177095
0.00176741
0.00176383
0.00176021
0.00175655
0.00175285
0.00174912
0.00174534
0.00174152
0.00173766
0.00173377
0.00172983
0.00172585
0.00172182
0.00171776
0.00171365
0.00170951
0.00170532
0.00170109
0.00169681
0.00169249
0.00168813
0.00168373
0.00167928
0.00167478
0.00167025
0.00166567
0.00166104
0.00165637
0.00165165
0.00164689
0.00164209
0.00163723
0.00163233
0.00162739
0.0016224
0.00161736
0.00161228
0.00160715
0.00160197
0.00159674
0.00159147
0.00158615
0.00158078
0.00157536
0.0015699
0.00156438
0.00155882
0.00155321
0.00154755
0.00154184
0.00153609
0.00153028
0.00152442
0.00151852
0.00151256
0.00150655
0.0015005
0.00149439
0.00148824
0.00148203
0.00147577
0.00146947
0.00146311
0.0014567
0.00145024
0.00144373
0.00143717
0.00143056
0.0014239
0.00141719
0.00141042
0.00140361
0.00139674
0.00138982
0.00138285
0.00137584
0.00136876
0.00136164
0.00135447
0.00134725
0.00133997
0.00133265
0.00132527
0.00131784
0.00131037
0.00130284
0.00129526
0.00128763
0.00127995
0.00127222
0.00126444
0.00125661
0.00124874
0.00124081
0.00123283
0.00122481
0.00121673
0.00120861
0.00120043
0.00119222
0.00118395
0.00117563
0.00116727
0.00115886
0.00115041
0.0011419
0.00113336
0.00112476
0.00111613
0.00110744
0.00109872
0.00108995
0.00108113
0.00107228
0.00106338
0.00105444
0.00104545
0.00103643
0.00102737
0.00101827
0.00100913
0.000999948
0.000990732
0.000981479
0.00097219
0.000962866
0.000953507
0.000944114
0.000934688
0.000925231
0.000915741
0.000906222
0.000896673
0.000887096
0.000877491
0.00086786
0.000858203
0.000848521
0.000838817
0.00082909
0.000819342
0.000809574
0.000799787
0.000789983
0.000780163
0.000770328
0.000760479
0.000750618
0.000740747
0.000730866
0.000720977
0.000711083
0.000701183
0.000691281
0.000681376
0.000671473
0.000661571
0.000651673
0.00064178
0.000631894
0.000622018
0.000612153
0.000602301
0.000592464
0.000582644
0.000572843
0.000563064
0.000553308
0.000543578
0.000533876
0.000524204
0.000514564
0.00050496
0.000495392
0.000485865
0.000476381
0.000466941
0.000457539
0.000448169
0.000438876
0.000429865
0.00238387
0.00238309
0.00238227
0.00238142
0.00238056
0.00237967
0.00237876
0.00237783
0.00237688
0.0023759
0.0023749
0.00237388
0.00237283
0.00237176
0.00237067
0.00236956
0.00236843
0.00236727
0.00236609
0.00236488
0.00236366
0.00236241
0.00236113
0.00235984
0.00235852
0.00235717
0.00235581
0.00235442
0.002353
0.00235156
0.0023501
0.00234862
0.0023471
0.00234557
0.00234401
0.00234243
0.00234082
0.00233918
0.00233752
0.00233584
0.00233413
0.0023324
0.00233064
0.00232885
0.00232704
0.0023252
0.00232333
0.00232144
0.00231953
0.00231758
0.00231561
0.00231361
0.00231159
0.00230953
0.00230745
0.00230535
0.00230321
0.00230105
0.00229885
0.00229663
0.00229438
0.0022921
0.00228979
0.00228745
0.00228509
0.00228269
0.00228026
0.0022778
0.00227532
0.0022728
0.00227025
0.00226767
0.00226505
0.00226241
0.00225973
0.00225703
0.00225428
0.00225151
0.00224871
0.00224587
0.00224299
0.00224009
0.00223715
0.00223417
0.00223117
0.00222812
0.00222505
0.00222193
0.00221879
0.0022156
0.00221238
0.00220913
0.00220584
0.00220251
0.00219914
0.00219574
0.0021923
0.00218882
0.00218531
0.00218175
0.00217816
0.00217453
0.00217086
0.00216715
0.0021634
0.00215961
0.00215578
0.00215191
0.002148
0.00214405
0.00214006
0.00213602
0.00213195
0.00212783
0.00212367
0.00211946
0.00211522
0.00211093
0.00210659
0.00210222
0.00209779
0.00209333
0.00208882
0.00208426
0.00207966
0.00207501
0.00207032
0.00206558
0.0020608
0.00205597
0.00205109
0.00204616
0.00204119
0.00203617
0.0020311
0.00202598
0.00202081
0.0020156
0.00201033
0.00200502
0.00199966
0.00199424
0.00198878
0.00198326
0.00197769
0.00197208
0.00196641
0.00196069
0.00195491
0.00194909
0.00194321
0.00193728
0.0019313
0.00192526
0.00191917
0.00191303
0.00190683
0.00190057
0.00189427
0.0018879
0.00188149
0.00187501
0.00186849
0.0018619
0.00185526
0.00184857
0.00184181
0.00183501
0.00182814
0.00182122
0.00181424
0.0018072
0.00180011
0.00179295
0.00178574
0.00177847
0.00177115
0.00176376
0.00175632
0.00174882
0.00174125
0.00173363
0.00172596
0.00171822
0.00171042
0.00170256
0.00169465
0.00168667
0.00167864
0.00167054
0.00166239
0.00165417
0.0016459
0.00163756
0.00162917
0.00162072
0.0016122
0.00160363
0.001595
0.0015863
0.00157755
0.00156874
0.00155987
0.00155094
0.00154195
0.0015329
0.00152379
0.00151463
0.0015054
0.00149611
0.00148677
0.00147737
0.00146791
0.00145839
0.00144882
0.00143919
0.0014295
0.00141975
0.00140995
0.00140009
0.00139018
0.00138021
0.00137018
0.0013601
0.00134997
0.00133978
0.00132954
0.00131925
0.0013089
0.0012985
0.00128805
0.00127755
0.001267
0.0012564
0.00124575
0.00123505
0.00122431
0.00121351
0.00120267
0.00119179
0.00118086
0.00116988
0.00115887
0.00114781
0.00113671
0.00112556
0.00111438
0.00110316
0.0010919
0.00108061
0.00106928
0.00105791
0.00104651
0.00103508
0.00102362
0.00101213
0.00100061
0.000989057
0.000977483
0.000965883
0.000954261
0.000942616
0.000930951
0.000919268
0.000907567
0.00089585
0.000884119
0.000872376
0.000860621
0.000848858
0.000837088
0.000825313
0.000813534
0.000801754
0.000789975
0.000778198
0.000766425
0.00075466
0.000742903
0.000731158
0.000719427
0.000707711
0.000696013
0.000684337
0.000672683
0.000661055
0.000649456
0.000637887
0.000626352
0.000614853
0.000603394
0.000591976
0.000580603
0.000569278
0.000558005
0.000546785
0.000535611
0.000524475
0.00051343
0.000502721
0.00278601
0.00278428
0.00278251
0.00278077
0.00277902
0.00277726
0.00277549
0.00277371
0.00277192
0.00277012
0.0027683
0.00276648
0.00276464
0.00276279
0.00276093
0.00275905
0.00275716
0.00275526
0.00275335
0.00275142
0.00274947
0.00274751
0.00274554
0.00274355
0.00274155
0.00273953
0.00273749
0.00273544
0.00273337
0.00273129
0.00272918
0.00272706
0.00272493
0.00272277
0.0027206
0.0027184
0.00271619
0.00271396
0.00271171
0.00270944
0.00270714
0.00270483
0.0027025
0.00270014
0.00269777
0.00269537
0.00269295
0.0026905
0.00268804
0.00268555
0.00268303
0.00268049
0.00267793
0.00267535
0.00267273
0.0026701
0.00266743
0.00266474
0.00266203
0.00265929
0.00265652
0.00265372
0.00265089
0.00264804
0.00264516
0.00264224
0.0026393
0.00263633
0.00263333
0.0026303
0.00262724
0.00262414
0.00262102
0.00261786
0.00261467
0.00261145
0.00260819
0.0026049
0.00260158
0.00259822
0.00259483
0.0025914
0.00258794
0.00258444
0.0025809
0.00257733
0.00257372
0.00257007
0.00256638
0.00256266
0.0025589
0.0025551
0.00255125
0.00254737
0.00254345
0.00253949
0.00253548
0.00253144
0.00252735
0.00252322
0.00251905
0.00251483
0.00251057
0.00250627
0.00250192
0.00249753
0.00249309
0.0024886
0.00248407
0.0024795
0.00247487
0.0024702
0.00246548
0.00246072
0.0024559
0.00245104
0.00244612
0.00244116
0.00243615
0.00243108
0.00242597
0.0024208
0.00241558
0.00241031
0.00240499
0.00239961
0.00239418
0.0023887
0.00238316
0.00237757
0.00237193
0.00236622
0.00236047
0.00235465
0.00234879
0.00234286
0.00233688
0.00233084
0.00232474
0.00231858
0.00231237
0.00230609
0.00229976
0.00229337
0.00228692
0.00228041
0.00227383
0.0022672
0.0022605
0.00225375
0.00224693
0.00224005
0.00223311
0.0022261
0.00221904
0.0022119
0.00220471
0.00219745
0.00219013
0.00218274
0.00217529
0.00216777
0.00216019
0.00215255
0.00214483
0.00213705
0.00212921
0.0021213
0.00211332
0.00210528
0.00209717
0.00208899
0.00208074
0.00207243
0.00206405
0.0020556
0.00204708
0.0020385
0.00202984
0.00202112
0.00201233
0.00200347
0.00199454
0.00198555
0.00197648
0.00196734
0.00195814
0.00194886
0.00193952
0.00193011
0.00192063
0.00191107
0.00190145
0.00189176
0.001882
0.00187217
0.00186227
0.0018523
0.00184226
0.00183216
0.00182198
0.00181173
0.00180142
0.00179103
0.00178058
0.00177006
0.00175947
0.00174881
0.00173808
0.00172728
0.00171642
0.00170549
0.00169449
0.00168343
0.00167229
0.0016611
0.00164983
0.0016385
0.0016271
0.00161564
0.00160412
0.00159253
0.00158087
0.00156916
0.00155737
0.00154553
0.00153363
0.00152166
0.00150963
0.00149755
0.0014854
0.00147319
0.00146093
0.00144861
0.00143623
0.00142379
0.0014113
0.00139876
0.00138616
0.00137351
0.0013608
0.00134805
0.00133524
0.00132239
0.00130948
0.00129654
0.00128354
0.0012705
0.00125741
0.00124429
0.00123112
0.00121791
0.00120466
0.00119138
0.00117806
0.0011647
0.00115131
0.00113789
0.00112444
0.00111096
0.00109746
0.00108393
0.00107037
0.00105679
0.0010432
0.00102958
0.00101595
0.0010023
0.000988646
0.000974978
0.000961301
0.000947619
0.000933932
0.000920244
0.000906557
0.000892873
0.000879194
0.000865524
0.000851864
0.000838218
0.000824587
0.000810975
0.000797385
0.000783818
0.000770279
0.00075677
0.000743294
0.000729854
0.000716454
0.000703096
0.000689784
0.00067652
0.00066331
0.000650155
0.000637061
0.000624028
0.00061105
0.000598117
0.000585289
0.000572853
0.00321218
0.00320969
0.00320712
0.00320457
0.00320202
0.00319947
0.00319691
0.00319435
0.00319178
0.00318921
0.00318664
0.00318406
0.00318148
0.00317888
0.00317629
0.00317368
0.00317107
0.00316845
0.00316582
0.00316318
0.00316053
0.00315787
0.0031552
0.00315252
0.00314983
0.00314712
0.00314441
0.00314168
0.00313894
0.00313618
0.00313341
0.00313063
0.00312783
0.00312501
0.00312218
0.00311933
0.00311646
0.00311358
0.00311068
0.00310776
0.00310482
0.00310186
0.00309888
0.00309588
0.00309286
0.00308982
0.00308676
0.00308367
0.00308057
0.00307743
0.00307428
0.0030711
0.0030679
0.00306467
0.00306141
0.00305813
0.00305482
0.00305148
0.00304812
0.00304473
0.00304131
0.00303786
0.00303438
0.00303087
0.00302733
0.00302376
0.00302016
0.00301653
0.00301286
0.00300916
0.00300543
0.00300166
0.00299786
0.00299402
0.00299015
0.00298624
0.0029823
0.00297832
0.0029743
0.00297025
0.00296615
0.00296202
0.00295785
0.00295364
0.00294939
0.0029451
0.00294076
0.00293639
0.00293197
0.00292751
0.00292301
0.00291847
0.00291388
0.00290925
0.00290457
0.00289984
0.00289508
0.00289026
0.0028854
0.00288049
0.00287553
0.00287053
0.00286548
0.00286037
0.00285522
0.00285002
0.00284477
0.00283947
0.00283412
0.00282871
0.00282325
0.00281774
0.00281218
0.00280657
0.0028009
0.00279517
0.00278939
0.00278356
0.00277767
0.00277172
0.00276572
0.00275966
0.00275354
0.00274737
0.00274114
0.00273484
0.00272849
0.00272208
0.00271561
0.00270908
0.00270249
0.00269584
0.00268912
0.00268234
0.00267551
0.0026686
0.00266164
0.00265461
0.00264751
0.00264036
0.00263313
0.00262584
0.00261849
0.00261107
0.00260358
0.00259603
0.00258841
0.00258072
0.00257296
0.00256514
0.00255724
0.00254928
0.00254124
0.00253314
0.00252497
0.00251672
0.00250841
0.00250002
0.00249157
0.00248304
0.00247443
0.00246576
0.00245701
0.00244819
0.0024393
0.00243033
0.00242129
0.00241217
0.00240298
0.00239372
0.00238438
0.00237496
0.00236547
0.0023559
0.00234626
0.00233654
0.00232674
0.00231687
0.00230692
0.00229689
0.00228679
0.0022766
0.00226634
0.00225601
0.00224559
0.0022351
0.00222453
0.00221388
0.00220315
0.00219234
0.00218146
0.0021705
0.00215946
0.00214834
0.00213714
0.00212586
0.0021145
0.00210307
0.00209156
0.00207997
0.0020683
0.00205655
0.00204472
0.00203282
0.00202084
0.00200878
0.00199664
0.00198443
0.00197214
0.00195977
0.00194732
0.0019348
0.0019222
0.00190953
0.00189678
0.00188395
0.00187105
0.00185808
0.00184503
0.00183191
0.00181871
0.00180544
0.0017921
0.00177869
0.00176521
0.00175165
0.00173803
0.00172433
0.00171057
0.00169674
0.00168284
0.00166887
0.00165484
0.00164074
0.00162658
0.00161236
0.00159807
0.00158372
0.00156931
0.00155484
0.00154031
0.00152572
0.00151108
0.00149638
0.00148162
0.00146681
0.00145195
0.00143704
0.00142208
0.00140707
0.00139202
0.00137692
0.00136177
0.00134658
0.00133135
0.00131609
0.00130078
0.00128544
0.00127007
0.00125466
0.00123922
0.00122375
0.00120826
0.00119274
0.0011772
0.00116164
0.00114606
0.00113046
0.00111485
0.00109923
0.0010836
0.00106797
0.00105233
0.00103668
0.00102104
0.00100541
0.000989775
0.000974154
0.000958546
0.000942953
0.000927378
0.000911825
0.000896297
0.000880797
0.000865328
0.000849893
0.000834497
0.000819143
0.000803834
0.000788574
0.000773366
0.000758215
0.000743124
0.000728098
0.000713141
0.000698255
0.000683432
0.00066866
0.000654008
0.000639806
0.00360137
0.00359845
0.0035955
0.00359259
0.00358968
0.00358678
0.00358387
0.00358097
0.00357806
0.00357515
0.00357224
0.00356932
0.0035664
0.00356347
0.00356054
0.0035576
0.00355466
0.00355171
0.00354875
0.00354578
0.0035428
0.00353982
0.00353682
0.00353382
0.0035308
0.00352777
0.00352473
0.00352168
0.00351861
0.00351553
0.00351243
0.00350932
0.00350619
0.00350305
0.00349989
0.00349671
0.00349352
0.0034903
0.00348707
0.00348382
0.00348054
0.00347725
0.00347393
0.00347059
0.00346723
0.00346385
0.00346044
0.00345701
0.00345355
0.00345007
0.00344656
0.00344303
0.00343947
0.00343588
0.00343226
0.00342861
0.00342493
0.00342123
0.00341749
0.00341372
0.00340992
0.00340609
0.00340222
0.00339832
0.00339439
0.00339042
0.00338642
0.00338238
0.0033783
0.00337419
0.00337004
0.00336585
0.00336163
0.00335736
0.00335305
0.00334871
0.00334432
0.00333989
0.00333542
0.00333091
0.00332635
0.00332175
0.00331711
0.00331242
0.00330768
0.0033029
0.00329808
0.0032932
0.00328828
0.00328331
0.00327829
0.00327322
0.0032681
0.00326293
0.00325771
0.00325244
0.00324712
0.00324174
0.00323631
0.00323083
0.00322529
0.00321969
0.00321405
0.00320834
0.00320258
0.00319676
0.00319089
0.00318495
0.00317896
0.00317291
0.0031668
0.00316062
0.00315439
0.0031481
0.00314174
0.00313532
0.00312884
0.0031223
0.00311569
0.00310901
0.00310227
0.00309547
0.0030886
0.00308166
0.00307466
0.00306759
0.00306045
0.00305324
0.00304596
0.00303862
0.0030312
0.00302372
0.00301616
0.00300853
0.00300083
0.00299305
0.00298521
0.00297729
0.0029693
0.00296123
0.00295309
0.00294487
0.00293658
0.00292821
0.00291977
0.00291124
0.00290265
0.00289397
0.00288522
0.00287638
0.00286747
0.00285848
0.00284941
0.00284027
0.00283104
0.00282173
0.00281233
0.00280286
0.00279331
0.00278367
0.00277395
0.00276415
0.00275427
0.0027443
0.00273425
0.00272412
0.0027139
0.0027036
0.00269321
0.00268274
0.00267218
0.00266153
0.00265081
0.00263999
0.00262909
0.0026181
0.00260703
0.00259587
0.00258462
0.00257328
0.00256186
0.00255035
0.00253876
0.00252707
0.0025153
0.00250344
0.00249149
0.00247945
0.00246733
0.00245511
0.00244281
0.00243042
0.00241794
0.00240538
0.00239272
0.00237998
0.00236715
0.00235423
0.00234122
0.00232812
0.00231494
0.00230167
0.0022883
0.00227486
0.00226132
0.0022477
0.00223399
0.00222019
0.00220631
0.00219234
0.00217828
0.00216414
0.00214991
0.0021356
0.0021212
0.00210672
0.00209215
0.0020775
0.00206277
0.00204795
0.00203305
0.00201807
0.00200301
0.00198787
0.00197265
0.00195735
0.00194197
0.00192651
0.00191097
0.00189536
0.00187967
0.00186391
0.00184807
0.00183216
0.00181618
0.00180013
0.001784
0.00176781
0.00175155
0.00173522
0.00171882
0.00170236
0.00168584
0.00166925
0.0016526
0.0016359
0.00161913
0.00160231
0.00158543
0.00156849
0.00155151
0.00153447
0.00151738
0.00150025
0.00148307
0.00146585
0.00144858
0.00143127
0.00141393
0.00139655
0.00137913
0.00136169
0.00134421
0.0013267
0.00130917
0.00129162
0.00127405
0.00125646
0.00123885
0.00122123
0.0012036
0.00118596
0.00116832
0.00115068
0.00113303
0.0011154
0.00109777
0.00108015
0.00106255
0.00104496
0.00102739
0.00100985
0.000992339
0.000974858
0.000957412
0.000940006
0.000922642
0.000905327
0.000888062
0.000870853
0.000853704
0.000836619
0.000819602
0.000802658
0.000785793
0.000769009
0.000752296
0.00073564
0.00071912
0.000703108
0.0040138
0.00401081
0.00400772
0.00400464
0.00400156
0.00399848
0.00399539
0.00399229
0.00398918
0.00398607
0.00398294
0.0039798
0.00397666
0.0039735
0.00397033
0.00396714
0.00396395
0.00396074
0.00395751
0.00395427
0.00395102
0.00394775
0.00394446
0.00394116
0.00393784
0.0039345
0.00393114
0.00392776
0.00392436
0.00392094
0.0039175
0.00391404
0.00391056
0.00390705
0.00390352
0.00389997
0.00389639
0.00389278
0.00388915
0.0038855
0.00388181
0.0038781
0.00387436
0.0038706
0.0038668
0.00386298
0.00385912
0.00385523
0.00385131
0.00384736
0.00384338
0.00383936
0.00383531
0.00383123
0.00382711
0.00382295
0.00381876
0.00381453
0.00381027
0.00380596
0.00380162
0.00379724
0.00379282
0.00378836
0.00378386
0.00377932
0.00377473
0.00377011
0.00376544
0.00376073
0.00375597
0.00375117
0.00374632
0.00374143
0.00373649
0.0037315
0.00372647
0.00372139
0.00371626
0.00371108
0.00370585
0.00370057
0.00369524
0.00368986
0.00368443
0.00367894
0.0036734
0.00366781
0.00366216
0.00365646
0.0036507
0.00364489
0.00363902
0.0036331
0.00362711
0.00362107
0.00361497
0.00360881
0.00360259
0.00359631
0.00358997
0.00358357
0.0035771
0.00357058
0.00356399
0.00355734
0.00355062
0.00354384
0.00353699
0.00353008
0.0035231
0.00351605
0.00350894
0.00350176
0.00349451
0.00348719
0.0034798
0.00347234
0.00346482
0.00345722
0.00344954
0.0034418
0.00343398
0.0034261
0.00341813
0.0034101
0.00340198
0.0033938
0.00338553
0.00337719
0.00336878
0.00336028
0.00335171
0.00334306
0.00333434
0.00332553
0.00331664
0.00330767
0.00329862
0.0032895
0.00328028
0.00327099
0.00326161
0.00325216
0.00324261
0.00323299
0.00322327
0.00321348
0.0032036
0.00319363
0.00318357
0.00317343
0.0031632
0.00315289
0.00314249
0.00313199
0.00312141
0.00311074
0.00309998
0.00308913
0.00307819
0.00306716
0.00305604
0.00304483
0.00303352
0.00302212
0.00301063
0.00299905
0.00298737
0.0029756
0.00296374
0.00295178
0.00293973
0.00292758
0.00291534
0.002903
0.00289057
0.00287804
0.00286542
0.0028527
0.00283988
0.00282697
0.00281396
0.00280085
0.00278765
0.00277435
0.00276095
0.00274746
0.00273387
0.00272018
0.00270639
0.0026925
0.00267852
0.00266444
0.00265026
0.00263598
0.00262161
0.00260714
0.00259257
0.0025779
0.00256314
0.00254828
0.00253332
0.00251827
0.00250311
0.00248786
0.00247252
0.00245708
0.00244154
0.00242591
0.00241018
0.00239435
0.00237844
0.00236242
0.00234632
0.00233012
0.00231382
0.00229744
0.00228096
0.00226439
0.00224773
0.00223098
0.00221414
0.00219721
0.00218019
0.00216308
0.00214589
0.00212861
0.00211124
0.00209379
0.00207625
0.00205864
0.00204094
0.00202315
0.00200529
0.00198735
0.00196933
0.00195124
0.00193307
0.00191482
0.0018965
0.00187811
0.00185965
0.00184112
0.00182252
0.00180386
0.00178513
0.00176633
0.00174748
0.00172856
0.00170959
0.00169056
0.00167147
0.00165234
0.00163315
0.00161391
0.00159463
0.0015753
0.00155593
0.00153652
0.00151707
0.00149758
0.00147807
0.00145852
0.00143894
0.00141934
0.00139971
0.00138007
0.00136041
0.00134073
0.00132105
0.00130135
0.00128165
0.00126195
0.00124226
0.00122256
0.00120288
0.0011832
0.00116355
0.00114391
0.0011243
0.00110471
0.00108516
0.00106564
0.00104617
0.00102673
0.00100735
0.000988015
0.00096874
0.000949528
0.000930383
0.00091131
0.000892313
0.000873398
0.000854572
0.000835836
0.000817181
0.000798589
0.000780149
0.000762278
0.00438002
0.00437748
0.00437491
0.00437235
0.00436979
0.00436719
0.00436458
0.00436194
0.00435928
0.0043566
0.00435389
0.00435116
0.0043484
0.00434562
0.00434281
0.00433997
0.00433711
0.00433422
0.0043313
0.00432836
0.00432538
0.00432238
0.00431934
0.00431628
0.00431318
0.00431006
0.0043069
0.00430371
0.00430049
0.00429723
0.00429394
0.00429062
0.00428726
0.00428387
0.00428044
0.00427698
0.00427348
0.00426994
0.00426636
0.00426275
0.0042591
0.00425541
0.00425168
0.00424791
0.0042441
0.00424024
0.00423635
0.00423242
0.00422844
0.00422442
0.00422036
0.00421625
0.0042121
0.0042079
0.00420366
0.00419937
0.00419503
0.00419065
0.00418622
0.00418174
0.00417721
0.00417264
0.00416801
0.00416333
0.00415861
0.00415383
0.004149
0.00414411
0.00413918
0.00413419
0.00412915
0.00412405
0.00411889
0.00411369
0.00410842
0.0041031
0.00409772
0.00409228
0.00408679
0.00408123
0.00407562
0.00406994
0.00406421
0.00405841
0.00405256
0.00404664
0.00404065
0.00403461
0.0040285
0.00402232
0.00401608
0.00400977
0.0040034
0.00399696
0.00399046
0.00398388
0.00397724
0.00397053
0.00396374
0.00395689
0.00394997
0.00394297
0.00393591
0.00392877
0.00392155
0.00391427
0.00390691
0.00389947
0.00389196
0.00388438
0.00387671
0.00386897
0.00386116
0.00385326
0.00384529
0.00383723
0.0038291
0.00382089
0.00381259
0.00380421
0.00379576
0.00378721
0.00377859
0.00376988
0.00376109
0.00375221
0.00374325
0.0037342
0.00372507
0.00371585
0.00370654
0.00369714
0.00368766
0.00367808
0.00366842
0.00365866
0.00364882
0.00363888
0.00362886
0.00361874
0.00360853
0.00359822
0.00358783
0.00357734
0.00356675
0.00355607
0.00354529
0.00353442
0.00352346
0.00351239
0.00350123
0.00348997
0.00347862
0.00346716
0.00345561
0.00344396
0.0034322
0.00342035
0.0034084
0.00339635
0.00338419
0.00337194
0.00335958
0.00334712
0.00333456
0.0033219
0.00330913
0.00329626
0.00328329
0.00327021
0.00325703
0.00324374
0.00323035
0.00321686
0.00320325
0.00318955
0.00317573
0.00316182
0.00314779
0.00313366
0.00311942
0.00310508
0.00309063
0.00307607
0.0030614
0.00304663
0.00303175
0.00301676
0.00300167
0.00298647
0.00297116
0.00295574
0.00294021
0.00292458
0.00290884
0.00289299
0.00287703
0.00286097
0.0028448
0.00282852
0.00281213
0.00279564
0.00277904
0.00276234
0.00274552
0.0027286
0.00271158
0.00269445
0.00267721
0.00265987
0.00264242
0.00262487
0.00260721
0.00258945
0.00257159
0.00255362
0.00253556
0.00251739
0.00249911
0.00248074
0.00246227
0.0024437
0.00242503
0.00240626
0.00238739
0.00236843
0.00234937
0.00233022
0.00231097
0.00229163
0.00227219
0.00225267
0.00223305
0.00221335
0.00219356
0.00217368
0.00215371
0.00213366
0.00211353
0.00209331
0.00207301
0.00205264
0.00203218
0.00201165
0.00199105
0.00197037
0.00194962
0.0019288
0.00190792
0.00188696
0.00186595
0.00184487
0.00182373
0.00180253
0.00178128
0.00175997
0.00173861
0.0017172
0.00169575
0.00167425
0.0016527
0.00163112
0.00160951
0.00158786
0.00156617
0.00154446
0.00152273
0.00150097
0.0014792
0.00145741
0.0014356
0.00141379
0.00139197
0.00137016
0.00134834
0.00132653
0.00130473
0.00128294
0.00126117
0.00123943
0.00121771
0.00119602
0.00117436
0.00115275
0.00113118
0.00110965
0.00108819
0.00106678
0.00104543
0.00102416
0.00100296
0.000981836
0.0009608
0.000939855
0.000919009
0.000898263
0.000877606
0.000857021
0.000836602
0.000816815
0.00479015
0.00478805
0.00478583
0.00478359
0.00478132
0.004779
0.00477665
0.00477425
0.00477181
0.00476933
0.00476681
0.00476424
0.00476163
0.00475898
0.00475629
0.00475355
0.00475077
0.00474795
0.00474508
0.00474217
0.00473921
0.00473621
0.00473316
0.00473007
0.00472693
0.00472375
0.00472052
0.00471724
0.00471391
0.00471054
0.00470712
0.00470365
0.00470013
0.00469657
0.00469295
0.00468929
0.00468558
0.00468181
0.004678
0.00467413
0.00467021
0.00466624
0.00466222
0.00465815
0.00465402
0.00464984
0.00464561
0.00464133
0.00463698
0.00463259
0.00462814
0.00462363
0.00461907
0.00461445
0.00460978
0.00460505
0.00460026
0.00459541
0.0045905
0.00458554
0.00458051
0.00457543
0.00457029
0.00456508
0.00455982
0.00455449
0.0045491
0.00454365
0.00453814
0.00453256
0.00452692
0.00452121
0.00451544
0.00450961
0.00450371
0.00449774
0.00449171
0.00448561
0.00447944
0.00447321
0.0044669
0.00446053
0.00445409
0.00444758
0.00444099
0.00443434
0.00442761
0.00442082
0.00441395
0.00440701
0.00439999
0.0043929
0.00438574
0.0043785
0.00437118
0.00436379
0.00435633
0.00434878
0.00434116
0.00433346
0.00432568
0.00431782
0.00430989
0.00430187
0.00429377
0.00428559
0.00427733
0.00426898
0.00426056
0.00425205
0.00424345
0.00423477
0.00422601
0.00421716
0.00420822
0.0041992
0.00419009
0.00418089
0.0041716
0.00416223
0.00415276
0.00414321
0.00413357
0.00412383
0.004114
0.00410408
0.00409407
0.00408396
0.00407376
0.00406347
0.00405308
0.0040426
0.00403202
0.00402134
0.00401057
0.0039997
0.00398873
0.00397766
0.00396649
0.00395523
0.00394386
0.00393239
0.00392082
0.00390915
0.00389738
0.00388551
0.00387353
0.00386145
0.00384926
0.00383697
0.00382458
0.00381208
0.00379947
0.00378676
0.00377394
0.00376101
0.00374798
0.00373483
0.00372158
0.00370822
0.00369475
0.00368117
0.00366748
0.00365367
0.00363976
0.00362574
0.0036116
0.00359735
0.00358299
0.00356852
0.00355393
0.00353923
0.00352441
0.00350949
0.00349444
0.00347929
0.00346401
0.00344863
0.00343312
0.0034175
0.00340177
0.00338592
0.00336995
0.00335387
0.00333767
0.00332135
0.00330492
0.00328837
0.0032717
0.00325491
0.00323801
0.00322099
0.00320386
0.0031866
0.00316923
0.00315174
0.00313414
0.00311641
0.00309857
0.00308062
0.00306254
0.00304435
0.00302605
0.00300762
0.00298908
0.00297043
0.00295166
0.00293277
0.00291377
0.00289465
0.00287542
0.00285608
0.00283662
0.00281705
0.00279736
0.00277757
0.00275766
0.00273764
0.00271751
0.00269727
0.00267692
0.00265647
0.0026359
0.00261523
0.00259445
0.00257357
0.00255258
0.00253149
0.00251029
0.002489
0.0024676
0.0024461
0.00242451
0.00240281
0.00238103
0.00235914
0.00233716
0.00231509
0.00229293
0.00227068
0.00224834
0.00222591
0.0022034
0.00218081
0.00215813
0.00213538
0.00211254
0.00208963
0.00206665
0.00204359
0.00202046
0.00199727
0.00197401
0.00195068
0.0019273
0.00190385
0.00188035
0.00185679
0.00183319
0.00180953
0.00178583
0.00176208
0.0017383
0.00171448
0.00169062
0.00166674
0.00164283
0.00161889
0.00159493
0.00157096
0.00154697
0.00152297
0.00149897
0.00147496
0.00145096
0.00142697
0.00140298
0.00137901
0.00135506
0.00133114
0.00130724
0.00128338
0.00125955
0.00123577
0.00121204
0.00118836
0.00116475
0.00114119
0.00111771
0.0010943
0.00107098
0.00104774
0.0010246
0.00100156
0.000978626
0.000955805
0.000933081
0.000910435
0.000887973
0.000866208
0.00517148
0.00516991
0.00516829
0.00516663
0.00516494
0.00516318
0.00516136
0.00515949
0.00515755
0.00515556
0.00515351
0.0051514
0.00514924
0.00514701
0.00514472
0.00514238
0.00513997
0.00513751
0.00513499
0.0051324
0.00512976
0.00512705
0.00512429
0.00512146
0.00511858
0.00511563
0.00511262
0.00510955
0.00510642
0.00510323
0.00509997
0.00509665
0.00509327
0.00508983
0.00508632
0.00508276
0.00507912
0.00507543
0.00507167
0.00506784
0.00506396
0.00506
0.00505598
0.0050519
0.00504775
0.00504354
0.00503926
0.00503491
0.0050305
0.00502601
0.00502147
0.00501685
0.00501217
0.00500741
0.00500259
0.0049977
0.00499274
0.00498771
0.00498261
0.00497744
0.0049722
0.00496689
0.0049615
0.00495604
0.00495052
0.00494491
0.00493924
0.00493349
0.00492767
0.00492177
0.00491579
0.00490975
0.00490362
0.00489742
0.00489114
0.00488479
0.00487836
0.00487185
0.00486526
0.00485859
0.00485184
0.00484502
0.00483811
0.00483112
0.00482405
0.0048169
0.00480966
0.00480235
0.00479494
0.00478746
0.00477989
0.00477223
0.00476449
0.00475667
0.00474876
0.00474076
0.00473267
0.00472449
0.00471623
0.00470788
0.00469943
0.0046909
0.00468228
0.00467356
0.00466475
0.00465585
0.00464686
0.00463777
0.00462859
0.00461932
0.00460995
0.00460048
0.00459092
0.00458126
0.0045715
0.00456165
0.0045517
0.00454164
0.00453149
0.00452124
0.00451089
0.00450043
0.00448988
0.00447922
0.00446846
0.00445759
0.00444662
0.00443555
0.00442437
0.00441309
0.0044017
0.0043902
0.0043786
0.00436689
0.00435507
0.00434314
0.0043311
0.00431896
0.0043067
0.00429433
0.00428185
0.00426926
0.00425655
0.00424374
0.00423081
0.00421776
0.0042046
0.00419133
0.00417794
0.00416444
0.00415082
0.00413708
0.00412323
0.00410926
0.00409517
0.00408096
0.00406664
0.00405219
0.00403763
0.00402294
0.00400814
0.00399321
0.00397817
0.003963
0.00394771
0.0039323
0.00391676
0.00390111
0.00388533
0.00386942
0.0038534
0.00383725
0.00382097
0.00380457
0.00378804
0.00377139
0.00375462
0.00373772
0.00372069
0.00370354
0.00368626
0.00366885
0.00365132
0.00363366
0.00361588
0.00359796
0.00357993
0.00356176
0.00354346
0.00352504
0.0035065
0.00348782
0.00346902
0.00345009
0.00343103
0.00341184
0.00339253
0.00337309
0.00335353
0.00333383
0.00331401
0.00329407
0.00327399
0.00325379
0.00323347
0.00321302
0.00319244
0.00317174
0.00315092
0.00312997
0.00310889
0.00308769
0.00306637
0.00304493
0.00302336
0.00300167
0.00297987
0.00295794
0.00293589
0.00291372
0.00289143
0.00286903
0.00284651
0.00282387
0.00280112
0.00277825
0.00275527
0.00273217
0.00270897
0.00268565
0.00266223
0.0026387
0.00261506
0.00259131
0.00256746
0.0025435
0.00251945
0.00249529
0.00247104
0.00244668
0.00242224
0.00239769
0.00237306
0.00234833
0.00232352
0.00229862
0.00227363
0.00224856
0.00222341
0.00219818
0.00217287
0.00214749
0.00212204
0.00209652
0.00207093
0.00204528
0.00201957
0.00199379
0.00196796
0.00194208
0.00191615
0.00189017
0.00186415
0.00183809
0.00181198
0.00178585
0.00175969
0.0017335
0.00170728
0.00168105
0.00165481
0.00162855
0.00160229
0.00157602
0.00154976
0.00152351
0.00149726
0.00147104
0.00144483
0.00141865
0.0013925
0.00136639
0.00134033
0.0013143
0.00128834
0.00126243
0.00123659
0.00121081
0.00118512
0.00115951
0.00113399
0.00110856
0.00108324
0.00105803
0.00103293
0.00100796
0.000983097
0.000958319
0.00093374
0.000909926
0.00562196
0.00562032
0.00561855
0.00561672
0.00561483
0.00561287
0.00561084
0.00560874
0.00560658
0.00560434
0.00560204
0.00559967
0.00559723
0.00559472
0.00559214
0.00558949
0.00558678
0.00558399
0.00558114
0.00557822
0.00557523
0.00557216
0.00556903
0.00556583
0.00556256
0.00555922
0.00555581
0.00555233
0.00554878
0.00554515
0.00554146
0.0055377
0.00553386
0.00552996
0.00552598
0.00552193
0.00551781
0.00551361
0.00550934
0.00550501
0.00550059
0.00549611
0.00549155
0.00548692
0.00548221
0.00547743
0.00547258
0.00546765
0.00546264
0.00545756
0.0054524
0.00544717
0.00544187
0.00543648
0.00543102
0.00542548
0.00541987
0.00541417
0.0054084
0.00540255
0.00539662
0.00539061
0.00538452
0.00537835
0.0053721
0.00536577
0.00535936
0.00535287
0.0053463
0.00533964
0.0053329
0.00532608
0.00531917
0.00531218
0.00530511
0.00529795
0.0052907
0.00528337
0.00527596
0.00526845
0.00526086
0.00525319
0.00524542
0.00523757
0.00522962
0.00522159
0.00521347
0.00520526
0.00519695
0.00518856
0.00518007
0.0051715
0.00516282
0.00515406
0.0051452
0.00513625
0.0051272
0.00511806
0.00510882
0.00509949
0.00509005
0.00508053
0.0050709
0.00506117
0.00505135
0.00504143
0.0050314
0.00502128
0.00501105
0.00500072
0.00499029
0.00497976
0.00496913
0.00495839
0.00494754
0.00493659
0.00492554
0.00491438
0.00490311
0.00489173
0.00488025
0.00486866
0.00485696
0.00484515
0.00483323
0.0048212
0.00480906
0.00479681
0.00478444
0.00477196
0.00475937
0.00474666
0.00473384
0.00472091
0.00470786
0.00469469
0.0046814
0.004668
0.00465448
0.00464084
0.00462709
0.00461321
0.00459921
0.0045851
0.00457086
0.0045565
0.00454201
0.00452741
0.00451268
0.00449783
0.00448285
0.00446775
0.00445253
0.00443717
0.00442169
0.00440609
0.00439036
0.0043745
0.00435851
0.00434239
0.00432615
0.00430977
0.00429327
0.00427663
0.00425987
0.00424297
0.00422595
0.00420879
0.00419149
0.00417407
0.00415651
0.00413882
0.004121
0.00410304
0.00408495
0.00406672
0.00404836
0.00402986
0.00401123
0.00399247
0.00397356
0.00395453
0.00393535
0.00391604
0.00389659
0.00387701
0.00385729
0.00383743
0.00381744
0.00379731
0.00377704
0.00375663
0.00373609
0.00371541
0.0036946
0.00367364
0.00365255
0.00363133
0.00360996
0.00358846
0.00356682
0.00354505
0.00352314
0.00350109
0.00347891
0.0034566
0.00343414
0.00341156
0.00338884
0.00336598
0.00334299
0.00331987
0.00329662
0.00327323
0.00324971
0.00322606
0.00320228
0.00317837
0.00315433
0.00313016
0.00310586
0.00308144
0.00305689
0.00303222
0.00300742
0.00298249
0.00295745
0.00293228
0.00290699
0.00288159
0.00285606
0.00283042
0.00280466
0.00277879
0.0027528
0.00272671
0.0027005
0.00267419
0.00264776
0.00262124
0.0025946
0.00256787
0.00254104
0.0025141
0.00248708
0.00245995
0.00243274
0.00240544
0.00237804
0.00235057
0.00232301
0.00229536
0.00226765
0.00223985
0.00221198
0.00218405
0.00215604
0.00212797
0.00209985
0.00207166
0.00204342
0.00201513
0.00198679
0.0019584
0.00192998
0.00190151
0.00187302
0.0018445
0.00181595
0.00178738
0.0017588
0.0017302
0.0017016
0.00167299
0.00164439
0.00161579
0.00158721
0.00155864
0.0015301
0.00150158
0.0014731
0.00144466
0.00141627
0.00138792
0.00135964
0.00133142
0.00130326
0.00127519
0.0012472
0.0012193
0.0011915
0.0011638
0.00113622
0.00110875
0.00108142
0.00105422
0.00102713
0.00100014
0.000973365
0.000947423
0.00606194
0.00605992
0.00605783
0.0060557
0.00605352
0.00605127
0.00604895
0.00604656
0.0060441
0.00604158
0.00603898
0.00603632
0.00603358
0.00603078
0.0060279
0.00602496
0.00602194
0.00601885
0.00601569
0.00601246
0.00600915
0.00600578
0.00600233
0.00599881
0.00599522
0.00599155
0.00598781
0.005984
0.00598011
0.00597615
0.00597211
0.005968
0.00596381
0.00595955
0.00595521
0.0059508
0.00594631
0.00594174
0.00593709
0.00593237
0.00592757
0.00592269
0.00591774
0.0059127
0.00590759
0.00590239
0.00589712
0.00589176
0.00588633
0.00588081
0.00587522
0.00586954
0.00586377
0.00585793
0.005852
0.00584599
0.0058399
0.00583372
0.00582745
0.0058211
0.00581467
0.00580815
0.00580154
0.00579484
0.00578806
0.00578119
0.00577423
0.00576719
0.00576005
0.00575282
0.00574551
0.0057381
0.0057306
0.00572301
0.00571533
0.00570755
0.00569968
0.00569172
0.00568366
0.00567551
0.00566726
0.00565892
0.00565048
0.00564194
0.0056333
0.00562457
0.00561574
0.00560681
0.00559778
0.00558865
0.00557942
0.00557008
0.00556065
0.00555111
0.00554147
0.00553172
0.00552187
0.00551192
0.00550186
0.0054917
0.00548142
0.00547105
0.00546056
0.00544996
0.00543926
0.00542844
0.00541752
0.00540648
0.00539534
0.00538408
0.00537271
0.00536122
0.00534963
0.00533791
0.00532609
0.00531414
0.00530209
0.00528991
0.00527762
0.00526521
0.00525268
0.00524003
0.00522726
0.00521437
0.00520136
0.00518823
0.00517498
0.0051616
0.0051481
0.00513448
0.00512073
0.00510686
0.00509286
0.00507874
0.00506449
0.00505011
0.0050356
0.00502097
0.00500621
0.00499132
0.0049763
0.00496114
0.00494586
0.00493045
0.0049149
0.00489922
0.00488341
0.00486746
0.00485138
0.00483517
0.00481882
0.00480233
0.00478571
0.00476895
0.00475206
0.00473503
0.00471786
0.00470055
0.0046831
0.00466552
0.00464779
0.00462992
0.00461192
0.00459377
0.00457548
0.00455706
0.00453848
0.00451977
0.00450092
0.00448192
0.00446277
0.00444349
0.00442406
0.00440449
0.00438477
0.00436491
0.0043449
0.00432475
0.00430445
0.004284
0.00426341
0.00424268
0.0042218
0.00420077
0.00417959
0.00415827
0.0041368
0.00411519
0.00409343
0.00407152
0.00404946
0.00402726
0.00400491
0.00398241
0.00395977
0.00393697
0.00391404
0.00389095
0.00386772
0.00384434
0.00382082
0.00379714
0.00377333
0.00374936
0.00372525
0.003701
0.0036766
0.00365206
0.00362737
0.00360254
0.00357756
0.00355245
0.00352719
0.00350178
0.00347624
0.00345056
0.00342473
0.00339877
0.00337266
0.00334642
0.00332004
0.00329353
0.00326688
0.00324009
0.00321317
0.00318612
0.00315894
0.00313163
0.00310418
0.00307661
0.00304891
0.00302109
0.00299314
0.00296506
0.00293687
0.00290855
0.00288012
0.00285157
0.0028229
0.00279412
0.00276523
0.00273623
0.00270712
0.00267791
0.00264859
0.00261917
0.00258965
0.00256003
0.00253031
0.00250051
0.00247061
0.00244063
0.00241056
0.00238042
0.00235019
0.00231989
0.00228951
0.00225906
0.00222855
0.00219798
0.00216734
0.00213665
0.00210591
0.00207512
0.00204429
0.00201341
0.0019825
0.00195156
0.00192059
0.0018896
0.00185859
0.00182757
0.00179653
0.0017655
0.00173447
0.00170344
0.00167243
0.00164143
0.00161046
0.00157952
0.00154862
0.00151776
0.00148695
0.00145619
0.0014255
0.00139487
0.00136432
0.00133386
0.00130348
0.00127321
0.00124303
0.00121298
0.00118304
0.00115323
0.00112357
0.00109404
0.00106465
0.00103535
0.00100629
0.000978136
0.00657195
0.00656899
0.00656588
0.00656273
0.00655953
0.00655626
0.00655293
0.00654954
0.00654608
0.00654256
0.00653897
0.00653531
0.00653159
0.00652781
0.00652395
0.00652003
0.00651605
0.00651199
0.00650786
0.00650367
0.00649941
0.00649507
0.00649067
0.0064862
0.00648165
0.00647703
0.00647234
0.00646758
0.00646275
0.00645784
0.00645286
0.0064478
0.00644267
0.00643746
0.00643218
0.00642682
0.00642139
0.00641588
0.00641029
0.00640462
0.00639887
0.00639305
0.00638714
0.00638116
0.00637509
0.00636894
0.00636272
0.0063564
0.00635001
0.00634353
0.00633697
0.00633033
0.0063236
0.00631679
0.00630988
0.0063029
0.00629582
0.00628866
0.00628142
0.00627408
0.00626665
0.00625914
0.00625153
0.00624384
0.00623605
0.00622817
0.0062202
0.00621213
0.00620398
0.00619573
0.00618738
0.00617894
0.0061704
0.00616177
0.00615304
0.00614422
0.00613529
0.00612627
0.00611715
0.00610793
0.00609861
0.00608918
0.00607966
0.00607003
0.00606031
0.00605047
0.00604054
0.0060305
0.00602036
0.00601011
0.00599975
0.00598929
0.00597872
0.00596804
0.00595725
0.00594636
0.00593535
0.00592424
0.00591301
0.00590167
0.00589022
0.00587866
0.00586698
0.00585519
0.00584328
0.00583126
0.00581912
0.00580687
0.0057945
0.00578201
0.0057694
0.00575667
0.00574383
0.00573086
0.00571777
0.00570456
0.00569123
0.00567777
0.0056642
0.00565049
0.00563667
0.00562271
0.00560863
0.00559443
0.0055801
0.00556563
0.00555104
0.00553633
0.00552148
0.0055065
0.00549139
0.00547615
0.00546077
0.00544527
0.00542962
0.00541385
0.00539794
0.0053819
0.00536571
0.0053494
0.00533294
0.00531635
0.00529962
0.00528275
0.00526574
0.00524859
0.0052313
0.00521387
0.0051963
0.00517858
0.00516072
0.00514272
0.00512457
0.00510628
0.00508785
0.00506927
0.00505054
0.00503167
0.00501265
0.00499348
0.00497416
0.0049547
0.00493509
0.00491532
0.00489541
0.00487535
0.00485513
0.00483477
0.00481425
0.00479358
0.00477276
0.00475179
0.00473067
0.00470939
0.00468795
0.00466637
0.00464463
0.00462273
0.00460068
0.00457847
0.00455611
0.0045336
0.00451093
0.0044881
0.00446511
0.00444197
0.00441868
0.00439522
0.00437162
0.00434785
0.00432393
0.00429985
0.00427561
0.00425122
0.00422666
0.00420196
0.00417709
0.00415207
0.0041269
0.00410156
0.00407607
0.00405043
0.00402462
0.00399867
0.00397255
0.00394629
0.00391986
0.00389329
0.00386655
0.00383967
0.00381263
0.00378544
0.0037581
0.0037306
0.00370296
0.00367516
0.00364721
0.00361912
0.00359087
0.00356248
0.00353394
0.00350526
0.00347643
0.00344746
0.00341834
0.00338908
0.00335968
0.00333014
0.00330046
0.00327064
0.00324069
0.0032106
0.00318038
0.00315002
0.00311954
0.00308892
0.00305818
0.00302731
0.00299632
0.00296521
0.00293398
0.00290262
0.00287116
0.00283957
0.00280788
0.00277607
0.00274416
0.00271215
0.00268003
0.00264781
0.00261549
0.00258308
0.00255058
0.00251799
0.00248532
0.00245256
0.00241972
0.00238681
0.00235383
0.00232078
0.00228766
0.00225448
0.00222125
0.00218796
0.00215463
0.00212125
0.00208783
0.00205438
0.00202089
0.00198738
0.00195385
0.00192031
0.00188675
0.00185319
0.00181963
0.00178608
0.00175254
0.00171902
0.00168553
0.00165207
0.00161865
0.00158527
0.00155194
0.00151867
0.00148547
0.00145235
0.0014193
0.00138634
0.00135348
0.00132073
0.00128809
0.00125557
0.00122318
0.00119094
0.00115884
0.0011269
0.00109509
0.0010634
0.00103195
0.00100149
0.00706696
0.00706305
0.00705904
0.00705503
0.00705098
0.00704688
0.00704271
0.00703849
0.00703421
0.00702987
0.00702547
0.00702101
0.00701648
0.0070119
0.00700725
0.00700254
0.00699776
0.00699292
0.00698801
0.00698304
0.006978
0.0069729
0.00696772
0.00696248
0.00695717
0.00695178
0.00694633
0.00694081
0.00693521
0.00692954
0.0069238
0.00691799
0.0069121
0.00690614
0.0069001
0.00689398
0.00688779
0.00688152
0.00687518
0.00686875
0.00686224
0.00685566
0.00684899
0.00684224
0.00683542
0.0068285
0.00682151
0.00681443
0.00680727
0.00680002
0.00679268
0.00678526
0.00677775
0.00677015
0.00676247
0.0067547
0.00674683
0.00673888
0.00673083
0.00672269
0.00671446
0.00670614
0.00669772
0.00668921
0.0066806
0.0066719
0.0066631
0.0066542
0.00664521
0.00663611
0.00662692
0.00661763
0.00660823
0.00659874
0.00658914
0.00657944
0.00656963
0.00655972
0.00654971
0.00653959
0.00652937
0.00651903
0.00650859
0.00649804
0.00648739
0.00647662
0.00646574
0.00645475
0.00644365
0.00643243
0.00642111
0.00640966
0.00639811
0.00638643
0.00637464
0.00636274
0.00635071
0.00633857
0.00632631
0.00631393
0.00630143
0.0062888
0.00627606
0.00626319
0.0062502
0.00623708
0.00622384
0.00621048
0.00619698
0.00618336
0.00616962
0.00615574
0.00614174
0.0061276
0.00611334
0.00609894
0.00608441
0.00606975
0.00605495
0.00604003
0.00602496
0.00600976
0.00599443
0.00597896
0.00596335
0.0059476
0.00593172
0.00591569
0.00589953
0.00588322
0.00586678
0.00585019
0.00583345
0.00581658
0.00579956
0.0057824
0.00576509
0.00574764
0.00573003
0.00571229
0.00569439
0.00567635
0.00565816
0.00563981
0.00562132
0.00560268
0.00558389
0.00556494
0.00554585
0.0055266
0.0055072
0.00548764
0.00546793
0.00544806
0.00542804
0.00540786
0.00538753
0.00536704
0.00534639
0.00532559
0.00530463
0.00528351
0.00526222
0.00524078
0.00521918
0.00519742
0.0051755
0.00515342
0.00513118
0.00510877
0.0050862
0.00506347
0.00504058
0.00501752
0.0049943
0.00497092
0.00494737
0.00492366
0.00489978
0.00487574
0.00485153
0.00482716
0.00480262
0.00477791
0.00475304
0.00472801
0.0047028
0.00467744
0.0046519
0.0046262
0.00460033
0.00457429
0.00454809
0.00452172
0.00449519
0.00446849
0.00444162
0.00441458
0.00438738
0.00436002
0.00433248
0.00430478
0.00427692
0.00424889
0.00422069
0.00419233
0.0041638
0.00413511
0.00410626
0.00407724
0.00404806
0.00401872
0.00398922
0.00395955
0.00392972
0.00389973
0.00386959
0.00383928
0.00380881
0.00377819
0.00374741
0.00371648
0.00368539
0.00365415
0.00362275
0.0035912
0.0035595
0.00352765
0.00349566
0.00346351
0.00343122
0.00339879
0.00336621
0.00333349
0.00330063
0.00326763
0.0032345
0.00320123
0.00316783
0.0031343
0.00310064
0.00306685
0.00303293
0.0029989
0.00296474
0.00293046
0.00289607
0.00286157
0.00282696
0.00279223
0.00275741
0.00272248
0.00268745
0.00265233
0.00261711
0.00258181
0.00254642
0.00251095
0.0024754
0.00243977
0.00240408
0.00236832
0.0023325
0.00229662
0.00226068
0.0022247
0.00218867
0.00215261
0.00211651
0.00208038
0.00204423
0.00200806
0.00197188
0.00193569
0.00189951
0.00186333
0.00182716
0.00179101
0.00175489
0.0017188
0.00168275
0.00164675
0.0016108
0.00157492
0.0015391
0.00150337
0.00146772
0.00143216
0.00139671
0.00136137
0.00132615
0.00129107
0.00125612
0.00122132
0.00118669
0.00115222
0.0011179
0.00108369
0.00104975
0.00101687
0.00761742
0.00761238
0.00760718
0.00760195
0.00759669
0.00759138
0.00758601
0.00758058
0.0075751
0.00756956
0.00756396
0.00755831
0.0075526
0.00754683
0.00754099
0.0075351
0.00752914
0.00752313
0.00751704
0.0075109
0.00750469
0.00749841
0.00749207
0.00748566
0.00747918
0.00747264
0.00746602
0.00745933
0.00745258
0.00744575
0.00743885
0.00743187
0.00742483
0.0074177
0.00741051
0.00740323
0.00739588
0.00738845
0.00738094
0.00737335
0.00736569
0.00735794
0.00735011
0.00734219
0.0073342
0.00732612
0.00731795
0.0073097
0.00730137
0.00729294
0.00728443
0.00727583
0.00726715
0.00725837
0.0072495
0.00724053
0.00723148
0.00722233
0.00721309
0.00720376
0.00719432
0.0071848
0.00717517
0.00716545
0.00715563
0.00714571
0.00713569
0.00712557
0.00711534
0.00710502
0.00709459
0.00708406
0.00707342
0.00706268
0.00705183
0.00704087
0.00702981
0.00701864
0.00700735
0.00699596
0.00698446
0.00697285
0.00696112
0.00694928
0.00693733
0.00692526
0.00691308
0.00690078
0.00688836
0.00687583
0.00686318
0.00685041
0.00683752
0.00682451
0.00681137
0.00679812
0.00678474
0.00677124
0.00675761
0.00674386
0.00672999
0.00671598
0.00670185
0.00668759
0.00667321
0.00665869
0.00664404
0.00662926
0.00661435
0.00659931
0.00658413
0.00656882
0.00655338
0.0065378
0.00652208
0.00650623
0.00649024
0.00647411
0.00645784
0.00644143
0.00642488
0.00640819
0.00639136
0.00637439
0.00635727
0.00634001
0.0063226
0.00630505
0.00628735
0.0062695
0.00625151
0.00623337
0.00621508
0.00619664
0.00617805
0.00615931
0.00614042
0.00612137
0.00610217
0.00608282
0.00606332
0.00604365
0.00602384
0.00600386
0.00598373
0.00596345
0.005943
0.0059224
0.00590163
0.00588071
0.00585962
0.00583838
0.00581697
0.0057954
0.00577367
0.00575177
0.00572971
0.00570748
0.00568509
0.00566254
0.00563982
0.00561693
0.00559387
0.00557065
0.00554725
0.00552369
0.00549996
0.00547606
0.00545199
0.00542775
0.00540334
0.00537875
0.005354
0.00532907
0.00530397
0.0052787
0.00525326
0.00522764
0.00520184
0.00517588
0.00514974
0.00512342
0.00509693
0.00507026
0.00504342
0.0050164
0.00498921
0.00496184
0.0049343
0.00490658
0.00487868
0.00485061
0.00482236
0.00479393
0.00476533
0.00473655
0.0047076
0.00467847
0.00464916
0.00461968
0.00459002
0.00456018
0.00453017
0.00449999
0.00446963
0.00443909
0.00440838
0.0043775
0.00434644
0.00431521
0.0042838
0.00425222
0.00422047
0.00418855
0.00415646
0.0041242
0.00409177
0.00405917
0.0040264
0.00399346
0.00396036
0.00392709
0.00389366
0.00386006
0.0038263
0.00379238
0.00375829
0.00372405
0.00368965
0.00365509
0.00362038
0.00358551
0.00355049
0.00351532
0.00348
0.00344453
0.00340892
0.00337316
0.00333726
0.00330122
0.00326504
0.00322872
0.00319227
0.00315569
0.00311898
0.00308214
0.00304517
0.00300809
0.00297089
0.00293357
0.00289613
0.00285859
0.00282094
0.00278319
0.00274534
0.00270739
0.00266934
0.00263121
0.002593
0.0025547
0.00251632
0.00247788
0.00243936
0.00240078
0.00236215
0.00232345
0.00228471
0.00224593
0.00220711
0.00216826
0.00212938
0.00209048
0.00205156
0.00201264
0.00197371
0.00193479
0.00189588
0.00185699
0.00181813
0.0017793
0.00174051
0.00170177
0.00166308
0.00162447
0.00158592
0.00154746
0.00150909
0.00147082
0.00143266
0.00139462
0.0013567
0.00131893
0.00128131
0.00124384
0.00120655
0.00116944
0.00113248
0.00109564
0.00105909
0.00102369
0.00814285
0.00813704
0.0081311
0.00812516
0.0081192
0.00811317
0.00810709
0.00810095
0.00809475
0.00808848
0.00808216
0.00807577
0.00806932
0.0080628
0.00805622
0.00804957
0.00804286
0.00803608
0.00802923
0.00802231
0.00801532
0.00800826
0.00800113
0.00799393
0.00798666
0.00797931
0.00797189
0.0079644
0.00795682
0.00794917
0.00794145
0.00793365
0.00792576
0.0079178
0.00790976
0.00790164
0.00789343
0.00788514
0.00787677
0.00786832
0.00785978
0.00785115
0.00784244
0.00783364
0.00782475
0.00781577
0.00780671
0.00779755
0.0077883
0.00777896
0.00776953
0.00776
0.00775038
0.00774066
0.00773085
0.00772094
0.00771093
0.00770082
0.00769062
0.00768031
0.00766991
0.0076594
0.00764879
0.00763807
0.00762725
0.00761633
0.0076053
0.00759416
0.00758292
0.00757157
0.0075601
0.00754853
0.00753685
0.00752506
0.00751315
0.00750113
0.007489
0.00747675
0.00746438
0.0074519
0.0074393
0.00742658
0.00741375
0.00740079
0.00738771
0.00737451
0.00736119
0.00734775
0.00733418
0.00732049
0.00730667
0.00729272
0.00727865
0.00726444
0.00725011
0.00723565
0.00722106
0.00720634
0.00719148
0.00717649
0.00716137
0.00714611
0.00713072
0.00711518
0.00709952
0.00708371
0.00706777
0.00705168
0.00703545
0.00701909
0.00700258
0.00698593
0.00696913
0.00695219
0.0069351
0.00691787
0.00690049
0.00688296
0.00686529
0.00684746
0.00682949
0.00681136
0.00679308
0.00677465
0.00675607
0.00673733
0.00671844
0.00669939
0.00668019
0.00666083
0.00664131
0.00662164
0.0066018
0.00658181
0.00656165
0.00654133
0.00652086
0.00650022
0.00647941
0.00645845
0.00643731
0.00641602
0.00639456
0.00637293
0.00635113
0.00632917
0.00630704
0.00628474
0.00626227
0.00623963
0.00621681
0.00619383
0.00617068
0.00614735
0.00612385
0.00610018
0.00607634
0.00605231
0.00602812
0.00600375
0.0059792
0.00595448
0.00592957
0.0059045
0.00587924
0.0058538
0.00582819
0.0058024
0.00577642
0.00575027
0.00572394
0.00569742
0.00567073
0.00564385
0.00561679
0.00558955
0.00556212
0.00553452
0.00550673
0.00547875
0.00545059
0.00542225
0.00539372
0.00536501
0.00533612
0.00530704
0.00527777
0.00524832
0.00521868
0.00518886
0.00515885
0.00512865
0.00509827
0.00506771
0.00503695
0.00500602
0.00497489
0.00494358
0.00491209
0.0048804
0.00484854
0.00481648
0.00478424
0.00475182
0.00471921
0.00468642
0.00465344
0.00462028
0.00458693
0.0045534
0.00451969
0.00448579
0.00445172
0.00441746
0.00438302
0.0043484
0.0043136
0.00427862
0.00424346
0.00420813
0.00417262
0.00413693
0.00410107
0.00406503
0.00402882
0.00399244
0.00395589
0.00391916
0.00388227
0.00384521
0.00380799
0.0037706
0.00373305
0.00369534
0.00365747
0.00361944
0.00358125
0.00354291
0.00350442
0.00346578
0.00342698
0.00338805
0.00334897
0.00330974
0.00327038
0.00323088
0.00319125
0.00315149
0.0031116
0.00307158
0.00303144
0.00299118
0.00295081
0.00291033
0.00286973
0.00282903
0.00278824
0.00274734
0.00270635
0.00266527
0.00262411
0.00258287
0.00254155
0.00250017
0.00245871
0.0024172
0.00237564
0.00233402
0.00229237
0.00225067
0.00220895
0.0021672
0.00212543
0.00208365
0.00204187
0.00200009
0.00195832
0.00191656
0.00187483
0.00183314
0.00179149
0.00174988
0.00170834
0.00166686
0.00162546
0.00158415
0.00154293
0.00150182
0.00146082
0.00141995
0.00137921
0.00133862
0.00129819
0.00125793
0.00121785
0.00117796
0.00113824
0.00109865
0.00105935
0.00102129
)
;

boundaryField
{
    Inlet
    {
        type            fixedFluxPressure;
        gradient        nonuniform 0();
        value           nonuniform 0();
    }
    BotOutlet1
    {
        type            totalPressure;
        rho             rho;
        psi             none;
        gamma           1;
        p0              uniform 0;
        value           uniform 0;
    }
    BotOutlet2
    {
        type            totalPressure;
        rho             rho;
        psi             none;
        gamma           1;
        p0              uniform 0;
        value           uniform 0;
    }
    TopInlet
    {
        type            fixedFluxPressure;
        gradient        nonuniform 0();
        value           nonuniform 0();
    }
    FreeStream
    {
        type            fixedFluxPressure;
        gradient        nonuniform List<scalar> 
20
(
-0.0150868
-0.0432693
-0.072211
-0.100955
-0.130185
-0.159652
-0.18964
-0.220134
-0.251294
-0.283187
-0.315942
-0.349659
-0.384466
-0.420486
-0.457857
-0.496724
-0.537242
-0.579579
-0.623916
-0.670447
)
;
        value           nonuniform List<scalar> 
20
(
3.96506e-05
0.000118829
0.000197448
0.000275053
0.000351247
0.000425585
0.000497638
0.000566952
0.00063307
0.000695517
0.000753809
0.000807443
0.000855902
0.000898654
0.00093515
0.000964822
0.000987085
0.00100134
0.00100696
0.00100332
)
;
    }
    FrontNBack
    {
        type            empty;
    }
    LeftSide
    {
        type            zeroGradient;
    }
    procBoundary0to1
    {
        type            processor;
        value           nonuniform List<scalar> 
400
(
27.606
27.6065
27.6072
27.608
27.6088
27.6097
27.6107
27.6118
27.613
27.6143
27.6156
27.6171
27.6187
27.6205
27.6223
27.6243
27.6264
27.6288
27.6313
27.634
27.6369
27.6401
27.6434
27.6464
27.6495
27.6561
27.6755
27.7034
27.6474
27.2753
22.888
0.00903497
0.0094738
0.00937579
0.00934571
0.00934411
0.00934513
0.00934332
0.00933975
0.00933541
0.00933054
0.00932513
0.0093192
0.00931279
0.00930594
0.00929869
0.00929108
0.00928314
0.00927491
0.00926641
0.00925768
0.00924874
0.0092396
0.0092303
0.00922085
0.00921126
0.00920155
0.00919174
0.00918183
0.00917183
0.00916176
0.00915161
0.0091414
0.00913114
0.00912081
0.00911044
0.00910001
0.00908954
0.00907902
0.00906845
0.00905784
0.00904719
0.00903648
0.00902574
0.00901494
0.0090041
0.00899321
0.00898226
0.00897126
0.00896021
0.00894911
0.00893794
0.00892671
0.00891543
0.00890408
0.00889266
0.00888118
0.00886963
0.00885801
0.00884632
0.00883456
0.00882272
0.00881081
0.00879881
0.00878674
0.00877459
0.00876236
0.00875005
0.00873775
0.00872534
0.00871594
0.00870927
0.0087024
0.0086955
0.00868857
0.00868157
0.00867451
0.00866738
0.00866018
0.00865292
0.00864558
0.00863818
0.00863071
0.00862317
0.00861555
0.00860787
0.00860011
0.00859228
0.00858438
0.0085764
0.00856835
0.00856022
0.00855201
0.00854373
0.00853537
0.00852693
0.0085184
0.0085098
0.00850112
0.00849236
0.00848351
0.00847458
0.00846556
0.00845646
0.00844728
0.00843801
0.00842865
0.0084192
0.00840966
0.00840003
0.00839031
0.0083805
0.0083706
0.00836061
0.00835052
0.00834033
0.00833005
0.00831968
0.0083092
0.00829863
0.00828796
0.00827719
0.00826632
0.00825535
0.00824428
0.0082331
0.00822182
0.00821043
0.00819894
0.00818734
0.00817564
0.00816382
0.0081519
0.00813987
0.00812773
0.00811548
0.00810311
0.00809063
0.00807804
0.00806533
0.00805251
0.00803957
0.00802651
0.00801333
0.00800004
0.00798662
0.00797309
0.00795943
0.00794566
0.00793175
0.00791773
0.00790358
0.0078893
0.0078749
0.00786037
0.00784571
0.00783092
0.00781601
0.00780096
0.00778578
0.00777047
0.00775502
0.00773944
0.00772373
0.00770788
0.0076919
0.00767578
0.00765952
0.00764312
0.00762658
0.0076099
0.00759308
0.00757612
0.00755901
0.00754176
0.00752437
0.00750683
0.00748914
0.00747131
0.00745333
0.00743521
0.00741693
0.0073985
0.00737993
0.0073612
0.00734232
0.00732328
0.0073041
0.00728475
0.00726525
0.0072456
0.00722579
0.00720582
0.00718569
0.00716541
0.00714496
0.00712436
0.00710359
0.00708266
0.00706157
0.00704031
0.00701889
0.0069973
0.00697555
0.00695363
0.00693155
0.00690929
0.00688687
0.00686428
0.00684152
0.00681859
0.00679548
0.00677221
0.00674876
0.00672514
0.00670134
0.00667737
0.00665323
0.0066289
0.0066044
0.00657973
0.00655487
0.00652984
0.00650462
0.00647923
0.00645366
0.0064279
0.00640197
0.00637585
0.00634955
0.00632306
0.00629639
0.00626954
0.0062425
0.00621527
0.00618786
0.00616026
0.00613248
0.0061045
0.00607634
0.00604799
0.00601945
0.00599072
0.0059618
0.00593269
0.00590339
0.0058739
0.00584421
0.00581434
0.00578427
0.00575401
0.00572355
0.0056929
0.00566206
0.00563103
0.0055998
0.00556837
0.00553675
0.00550494
0.00547293
0.00544073
0.00540833
0.00537574
0.00534295
0.00530996
0.00527678
0.0052434
0.00520983
0.00517606
0.0051421
0.00510794
0.00507358
0.00503903
0.00500429
0.00496935
0.00493421
0.00489888
0.00486336
0.00482764
0.00479173
0.00475563
0.00471933
0.00468284
0.00464616
0.00460928
0.00457222
0.00453497
0.00449752
0.00445989
0.00442207
0.00438406
0.00434587
0.00430749
0.00426893
0.00423018
0.00419125
0.00415214
0.00411285
0.00407338
0.00403373
0.0039939
0.0039539
0.00391373
0.00387338
0.00383287
0.00379218
0.00375133
0.00371032
0.00366914
0.0036278
0.0035863
0.00354464
0.00350283
0.00346087
0.00341876
0.0033765
0.0033341
0.00329156
0.00324888
0.00320606
0.00316311
0.00312003
0.00307683
0.00303351
0.00299007
0.00294651
0.00290285
0.00285907
0.0028152
0.00277123
0.00272717
0.00268302
0.00263878
0.00259447
0.00255009
0.00250564
0.00246113
0.00241656
0.00237195
0.00232729
0.0022826
0.00223787
0.00219313
0.00214837
0.0021036
0.00205883
0.00201406
0.00196932
0.00192459
0.0018799
0.00183525
0.00179065
0.00174611
0.00170164
0.00165725
0.00161295
0.00156874
0.00152465
0.00148067
0.00143683
0.00139313
0.00134959
0.00130621
0.00126301
0.00122
0.0011772
0.00113457
0.00109207
0.0010499
0.00100904
)
;
    }
}


// ************************************************************************* //
