/*--------------------------------*- C++ -*----------------------------------*\
| =========                 |                                                 |
| \\      /  F ield         | OpenFOAM: The Open Source CFD Toolbox           |
|  \\    /   O peration     | Version:  2.4.0                                 |
|   \\  /    A nd           | Web:      www.OpenFOAM.org                      |
|    \\/     M anipulation  |                                                 |
\*---------------------------------------------------------------------------*/
FoamFile
{
    version     2.0;
    format      ascii;
    class       volScalarField;
    location    "4.7";
    object      H;
}
// * * * * * * * * * * * * * * * * * * * * * * * * * * * * * * * * * * * * * //

dimensions      [0 2 -2 0 0 0 0];

internalField   nonuniform List<scalar> 
8000
(
-11377.7
-9665.09
-7925.38
-6128
-4221.83
-2169.38
-13.9802
-21.1392
-17.0179
-15.1269
-13.3173
-11.712
-10.2029
-8.80621
-7.50124
-6.28549
-5.17877
-4.19882
-3.35584
-2.64957
-2.07129
-1.60699
-1.24026
-0.95445
-0.734116
-0.56575
-0.437967
-0.341398
-0.26855
-0.213538
-0.171804
-0.139867
-0.115106
-0.0955911
-0.079927
-0.0671239
-0.0564878
-0.047536
-0.0399319
-0.0334381
-0.0278827
-0.0231364
-0.0190973
-0.0156807
-0.0128131
-0.0104283
-0.00846526
-0.00686737
-0.00558193
-0.00456042
-11456.8
-9913.03
-8374.4
-6837.33
-5293.45
-3732.35
-2151.33
-27.5571
-1.79526
-2.30709
-2.20349
-2.33287
-2.43839
-2.56998
-2.69905
-2.73442
-2.64286
-2.44521
-2.18331
-1.89862
-1.6187
-1.35777
-1.12353
-0.920013
-0.748444
-0.607723
-0.495036
-0.406569
-0.338081
-0.285456
-0.245053
-0.213543
-0.187615
-0.165328
-0.145579
-0.127764
-0.111565
-0.0968264
-0.0834623
-0.0714137
-0.0606222
-0.0510281
-0.0425702
-0.0351857
-0.0288084
-0.0233672
-0.0187851
-0.0149794
-0.0118634
-0.00934907
-11569.6
-10255.1
-8953.41
-7663.18
-6378.52
-5088.08
-3771.47
-2398.25
-1076.41
-577.869
-10.8515
-2.35618
-0.693908
-0.348831
-0.6822
-0.960322
-1.15839
-1.29023
-1.3586
-1.36532
-1.33679
-1.28853
-1.22516
-1.15091
-1.07058
-0.988748
-0.908903
-0.833045
-0.761677
-0.693527
-0.626802
-0.560638
-0.496135
-0.435231
-0.379866
-0.330204
-0.286115
-0.24728
-0.213274
-0.183604
-0.157452
-0.13421
-0.113464
-0.0949666
-0.0785894
-0.0642499
-0.0518701
-0.0413511
-0.0325635
-0.0253486
-11751.8
-10802.1
-9869.55
-8960.39
-8076.73
-7217.5
-6378.34
-5550.77
-4720.39
-3864.65
-2958.45
-1994.82
-1056.68
-513.059
-5.1916
-0.97333
-1.13863
-1.62778
-1.88037
-0.298986
-0.0320884
-0.232292
-0.395952
-0.506915
-0.573662
-0.609889
-0.626627
-0.630824
-0.62876
-0.622884
-0.61404
-0.602703
-0.589453
-0.574799
-0.558753
-0.540758
-0.519903
-0.495251
-0.466139
-0.43229
-0.394337
-0.353287
-0.310421
-0.267158
-0.225955
-0.187989
-0.153906
-0.12405
-0.0984877
-0.0770649
-11907.4
-11268.4
-10644.7
-10041.4
-9460.23
-8900.33
-8358.96
-7832.18
-7315.27
-6803.05
-6290.26
-5771.99
-5243.56
-4699.04
-4127.9
-3517.57
-2856.32
-2133.82
-1330.56
-366.032
-3.55026
-0.494735
-0.277225
-0.112736
-0.115707
-0.0708771
-0.00667353
-0.0616279
-0.121357
-0.181052
-0.233634
-0.275659
-0.305693
-0.327971
-0.345264
-0.358683
-0.368325
-0.373732
-0.374749
-0.371444
-0.364089
-0.353046
-0.338673
-0.321336
-0.30139
-0.279206
-0.255201
-0.229843
-0.203666
-0.177267
-11993.9
-11524
-11060.4
-10605.3
-10159.7
-9723.44
-9295.81
-8875.52
-8461.04
-8050.62
-7642.43
-7234.51
-6824.77
-6410.97
-5990.7
-5561.46
-5120.78
-4666.33
-4195.84
-3706.86
-3196.76
-2659.9
-2087.85
-1474.67
-829.679
-220.984
-1.85003
-0.0700879
-0.0452366
-0.0368641
-0.0255308
-0.0570011
-0.0785336
-0.104835
-0.134053
-0.161611
-0.18281
-0.199392
-0.213068
-0.224416
-0.233459
-0.239895
-0.243576
-0.24455
-0.242824
-0.238413
-0.231402
-0.221928
-0.210186
-0.196433
-12020.4
-11601.2
-11182.2
-10763.8
-10346.4
-9930.61
-9516.85
-9105.75
-8697.92
-8293.94
-7894.35
-7499.56
-7109.88
-6725.37
-6345.79
-5970.62
-5599
-5229.76
-4861.37
-4492.2
-4121.57
-3747.36
-3368.06
-2982.57
-2590.25
-2190.63
-1782.51
-1361.79
-931.359
-505.217
-153.288
-1.27812
-0.0411813
-0.0241719
-0.0204857
-0.048403
-0.0608596
-0.0736618
-0.0862128
-0.0969261
-0.106278
-0.115518
-0.124354
-0.132634
-0.14001
-0.14599
-0.15022
-0.152461
-0.152568
-0.15049
-12016
-11587.3
-11156.8
-10724.2
-10289.9
-9854.57
-9419.48
-8986.12
-8556.18
-8131.45
-7713.73
-7304.7
-6905.85
-6518.4
-6143.28
-5781.04
-5431.82
-5095.32
-4770.76
-4457.38
-4154.64
-3861.28
-3575.66
-3296.16
-3021.03
-2748.52
-2476.9
-2204.59
-1930.23
-1652.7
-1371.21
-1085.49
-795.604
-507.07
-228.295
-1.87244
-0.0416092
-0.0139475
-0.00947822
-0.0222727
-0.0277918
-0.0341319
-0.0422459
-0.0499653
-0.0569085
-0.0639863
-0.0711014
-0.0778684
-0.0838519
-0.0887225
-11998.7
-11535.4
-11069.9
-10602
-10132.1
-9661.26
-9190.97
-8723.21
-8260.19
-7804.24
-7357.7
-6922.8
-6501.55
-6095.69
-5706.59
-5335.25
-4982.29
-4647.89
-4331.9
-4033.8
-3752.78
-3487.75
-3237.46
-3000.48
-2775.24
-2560.09
-2353.28
-2153.2
-1958.66
-1768.73
-1582.48
-1398.79
-1216.48
-1034.86
-853.618
-673.195
-494.917
-320.476
-152.635
-1.1061
-0.0216043
-0.00573293
-0.00338444
-0.00860486
-0.0128366
-0.0178653
-0.022963
-0.0281138
-0.0335558
-0.0391301
-11980.3
-11480.2
-10978.5
-10475.1
-9970.73
-9466.51
-8964.25
-8466.06
-7974.33
-7491.57
-7020.26
-6562.8
-6121.34
-5697.76
-5293.58
-4909.94
-4547.56
-4206.8
-3887.62
-3589.64
-3312.22
-3054.42
-2815.13
-2593.09
-2386.92
-2195.2
-2016.46
-1849.27
-1692.25
-1544.07
-1403.52
-1269.47
-1140.91
-1016.91
-896.383
-779.163
-665.055
-553.819
-445.11
-338.444
-233.982
-134.173
-47.6523
-0.350462
-0.00693966
-0.00175324
-0.00495199
-0.0080701
-0.0111539
-0.0142244
-11964.3
-11432.6
-10899.9
-10366.6
-9833.69
-9302.59
-8775.29
-8254.05
-7741.34
-7239.7
-6751.63
-6279.45
-5825.27
-5390.86
-4977.67
-4586.72
-4218.68
-3873.8
-3552.01
-3252.92
-2975.86
-2719.92
-2484.06
-2267.06
-2067.65
-1884.51
-1716.3
-1561.69
-1419.4
-1288.2
-1166.93
-1054.5
-949.919
-852.275
-760.745
-674.605
-593.23
-516.106
-442.828
-373.094
-306.684
-243.43
-183.222
-126.088
-72.4399
-24.9629
-0.172788
-0.0103339
-0.0209339
-0.0205012
-11954.8
-11404.6
-10854.8
-10306.4
-9760.58
-9219.16
-8684.06
-8157.48
-7641.67
-7138.88
-6651.29
-6180.86
-5729.32
-5298.11
-4888.33
-4500.75
-4135.8
-3793.59
-3473.95
-3176.43
-2900.37
-2644.96
-2409.21
-2192.06
-1992.38
-1809.02
-1640.8
-1486.59
-1345.26
-1215.74
-1097.03
-988.159
-888.25
-796.477
-712.084
-634.377
-562.725
-496.555
-435.35
-378.64
-326.007
-277.077
-231.516
-189.012
-149.212
-111.594
-75.3174
-38.9524
-0.254611
-0.0161476
-11956.7
-11410.6
-10866.3
-10325.2
-9788.99
-9259.31
-8738.04
-8227.05
-7728.2
-7243.25
-6773.82
-6321.37
-5887.08
-5471.94
-5076.64
-4701.63
-4347.11
-4013.04
-3699.19
-3405.13
-3130.29
-2873.99
-2635.43
-2413.78
-2208.15
-2017.63
-1841.31
-1678.3
-1527.72
-1388.71
-1260.46
-1142.2
-1033.17
-932.683
-840.062
-754.682
-675.948
-603.297
-536.197
-474.139
-416.639
-363.228
-313.463
-266.946
-223.357
-182.45
-143.973
-107.556
-72.5135
-37.6147
-11967.8
-11444.2
-10923.4
-10407
-9896.72
-9394.28
-8901.25
-8419.16
-7949.38
-7493.18
-7051.63
-6625.65
-6215.97
-5823.1
-5447.39
-5089.01
-4747.96
-4424.11
-4117.18
-3826.81
-3552.54
-3293.85
-3050.17
-2820.9
-2605.44
-2403.15
-2213.43
-2035.65
-1869.24
-1713.59
-1568.15
-1432.36
-1305.71
-1187.67
-1077.73
-975.42
-880.252
-791.764
-709.501
-633.021
-561.891
-495.686
-433.976
-376.335
-322.375
-271.919
-224.644
-180.363
-139.076
-100.897
-11985.7
-11498.1
-11013.4
-10533.5
-10059.8
-9593.89
-9137.1
-8690.57
-8255.28
-7832.09
-7421.65
-7024.47
-6640.92
-6271.22
-5915.46
-5573.64
-5245.65
-4931.29
-4630.33
-4342.46
-4067.36
-3804.69
-3554.07
-3315.16
-3087.58
-2871
-2665.07
-2469.47
-2283.88
-2108
-1941.52
-1784.16
-1635.6
-1495.56
-1363.73
-1239.79
-1123.43
-1014.29
-912.027
-816.271
-726.64
-642.739
-564.166
-490.516
-421.393
-356.42
-295.256
-237.606
-183.223
-132.034
-12005
-11556.1
-11109.9
-10668.2
-10232.3
-9803.38
-9382.56
-8970.63
-8568.25
-8175.96
-7794.12
-7423
-7062.75
-6713.42
-6374.97
-6047.31
-5730.31
-5423.77
-5127.5
-4841.28
-4564.9
-4298.15
-4040.84
-3792.78
-3553.82
-3323.83
-3102.7
-2890.31
-2686.6
-2491.48
-2304.88
-2126.73
-1956.94
-1795.42
-1642.05
-1496.68
-1359.12
-1229.16
-1106.54
-990.945
-882.019
-779.352
-682.486
-590.917
-504.121
-421.57
-342.781
-267.359
-195.077
-125.974
-12018.7
-11596.8
-11177.2
-10761.3
-10350.3
-9945.13
-9546.84
-9156.16
-8773.67
-8399.82
-8034.92
-7679.16
-7332.59
-6995.21
-6666.91
-6347.54
-6036.93
-5734.88
-5441.17
-5155.61
-4878.03
-4608.28
-4346.23
-4091.81
-3844.96
-3605.69
-3373.99
-3149.93
-2933.57
-2724.99
-2524.28
-2331.52
-2146.79
-1970.14
-1801.58
-1641.09
-1488.6
-1343.99
-1207.04
-1077.48
-954.941
-838.963
-728.974
-624.309
-524.223
-427.925
-334.622
-243.514
-153.698
-63.8711
-12017.4
-11592.8
-11170.5
-10752
-10339.1
-9932.96
-9534.8
-9145.46
-8765.56
-8395.42
-8035.19
-7684.79
-7344.07
-7012.72
-6690.41
-6376.78
-6071.44
-5774.05
-5484.28
-5201.84
-4926.51
-4658.12
-4396.53
-4141.7
-3893.62
-3652.34
-3417.94
-3190.56
-2970.36
-2757.51
-2552.21
-2354.63
-2164.95
-1983.3
-1809.79
-1644.46
-1487.31
-1338.22
-1197.03
-1063.43
-937
-817.184
-703.244
-594.28
-489.26
-387.149
-287.101
-188.642
-91.7314
-0.578807
-11980.9
-11484.7
-10995.8
-10518.4
-10056
-9610.44
-9182.5
-8772.18
-8378.88
-8001.67
-7639.44
-7291.02
-6955.26
-6631.07
-6317.44
-6013.49
-5718.45
-5431.66
-5152.59
-4880.78
-4615.93
-4357.79
-4106.22
-3861.15
-3622.6
-3390.63
-3165.38
-2947
-2735.71
-2531.71
-2335.23
-2146.49
-1965.68
-1792.96
-1628.44
-1472.17
-1324.12
-1184.17
-1052.13
-927.699
-810.408
-699.599
-594.335
-493.296
-394.646
-296.554
-197.864
-97.7075
-0.602627
-0.480506
-11774.8
-11013.8
-10358.4
-9780.74
-9261.88
-8788.78
-8352.09
-7944.93
-7562.13
-7199.77
-6854.78
-6524.75
-6207.78
-5902.36
-5607.26
-5321.51
-5044.32
-4775.11
-4513.38
-4258.81
-4011.14
-3770.23
-3536.01
-3308.49
-3087.73
-2873.85
-2667.02
-2467.43
-2275.29
-2090.83
-1914.26
-1745.79
-1585.58
-1433.75
-1290.36
-1155.39
-1028.73
-910.091
-799.4
-696.892
-602.107
-514.514
-433.503
-358.393
-288.44
-222.841
-160.702
-100.918
-41.9227
-0.327305
-0.00375877
-0.00313763
-0.00266247
-0.00230362
-0.00203604
-0.00183903
-0.00169578
-0.00159291
-0.00151996
-0.00146888
-0.0014336
-0.0014096
-0.00139358
-0.00138317
-0.00137669
-0.00137297
-0.00137121
-0.00137086
-0.00137157
-0.0013731
-0.0013753
-0.00137808
-0.00138137
-0.00138514
-0.00138937
-0.00139405
-0.00139917
-0.00140473
-0.00141073
-0.00141716
-0.00142403
-0.00143134
-0.00143909
-0.00144727
-0.00145589
-0.00146495
-0.00147445
-0.00148438
-0.00149475
-0.00150557
-0.00151682
-0.00152852
-0.00154066
-0.00155325
-0.00156628
-0.00157976
-0.0015937
-0.00160809
-0.00162294
-0.00163825
-0.00734987
-0.00578334
-0.00457349
-0.00365233
-0.00296067
-0.00244833
-0.00207377
-0.00180339
-0.00161055
-0.00147459
-0.00137976
-0.00131426
-0.00126944
-0.00123903
-0.00121857
-0.00120493
-0.00119596
-0.00119019
-0.00118665
-0.00118467
-0.00118383
-0.00118387
-0.0011846
-0.00118591
-0.00118775
-0.00119006
-0.00119282
-0.00119601
-0.00119961
-0.00120363
-0.00120806
-0.00121288
-0.0012181
-0.0012237
-0.0012297
-0.00123607
-0.00124283
-0.00124996
-0.00125746
-0.00126533
-0.00127356
-0.00128215
-0.00129111
-0.00130042
-0.00131008
-0.0013201
-0.00133047
-0.00134119
-0.00135226
-0.00136368
-0.0195268
-0.0149089
-0.0113064
-0.0085412
-0.00645156
-0.00489602
-0.00375468
-0.00292878
-0.00233899
-0.00192305
-0.00163313
-0.00143322
-0.00129668
-0.00120417
-0.00114189
-0.00110014
-0.00107223
-0.00105359
-0.00104115
-0.00103286
-0.00102739
-0.00102385
-0.00102169
-0.00102054
-0.00102018
-0.00102047
-0.00102131
-0.00102265
-0.00102445
-0.00102669
-0.00102934
-0.0010324
-0.00103585
-0.00103968
-0.00104388
-0.00104844
-0.00105336
-0.00105862
-0.00106422
-0.00107015
-0.0010764
-0.00108296
-0.00108984
-0.00109701
-0.00110447
-0.00111223
-0.00112026
-0.00112857
-0.00113714
-0.00114598
-0.0594685
-0.0452878
-0.0340663
-0.0253409
-0.0186692
-0.0136498
-0.00993191
-0.00721958
-0.00526969
-0.00388771
-0.00292153
-0.00225477
-0.0018002
-0.00149368
-0.00128849
-0.00115144
-0.00106022
-0.000999744
-0.000959769
-0.000933404
-0.000916037
-0.000904613
-0.000897133
-0.000892306
-0.000889305
-0.000887607
-0.000886883
-0.000886929
-0.000887615
-0.000888859
-0.000890608
-0.000892825
-0.000895484
-0.000898565
-0.000902052
-0.000905931
-0.000910188
-0.000914811
-0.000919788
-0.000925105
-0.000930751
-0.000936715
-0.000942983
-0.000949546
-0.000956393
-0.000963512
-0.000970894
-0.000978527
-0.000986403
-0.00099451
-0.151287
-0.126373
-0.103423
-0.0831606
-0.0657022
-0.0510152
-0.0389459
-0.0292526
-0.0216404
-0.0157927
-0.0113957
-0.00815748
-0.00582009
-0.00416557
-0.0030169
-0.00223476
-0.00171178
-0.00136801
-0.00114565
-0.00100398
-0.000915008
-0.000859919
-0.000826314
-0.000806186
-0.000794456
-0.000787957
-0.000784745
-0.000783643
-0.000783947
-0.000785238
-0.00078727
-0.000789896
-0.000793025
-0.000796603
-0.000800594
-0.000805002
-0.000809849
-0.000815129
-0.00082083
-0.000826935
-0.000833427
-0.000840291
-0.00084751
-0.00085507
-0.000862958
-0.000871159
-0.000879661
-0.000888451
-0.000897516
-0.000906844
-0.180999
-0.164292
-0.146778
-0.128952
-0.111298
-0.0942657
-0.0782515
-0.0635752
-0.0504671
-0.0393091
-0.0301136
-0.0227058
-0.0168696
-0.0123706
-0.00897561
-0.00646606
-0.00464796
-0.00335624
-0.00245574
-0.00183948
-0.00142527
-0.00115179
-0.00097443
-0.000861538
-0.000791171
-0.000748447
-0.00072348
-0.000709827
-0.000703369
-0.000701512
-0.000702651
-0.000705798
-0.000710356
-0.00071596
-0.000722388
-0.000729468
-0.000737068
-0.000745114
-0.000753564
-0.000762392
-0.000771583
-0.000781123
-0.000791005
-0.000801221
-0.000811766
-0.000822635
-0.000833824
-0.00084533
-0.000857149
-0.000869279
-0.14628
-0.14007
-0.132068
-0.12255
-0.111845
-0.100326
-0.0883874
-0.076424
-0.0648113
-0.0538824
-0.0438934
-0.035013
-0.0273262
-0.0209266
-0.0157936
-0.0117641
-0.00866609
-0.00633224
-0.00460863
-0.00336027
-0.00247314
-0.00185433
-0.00143054
-0.00114558
-0.00095758
-0.000836074
-0.000759422
-0.000712588
-0.000685338
-0.000670838
-0.00066461
-0.000663766
-0.000666469
-0.000671568
-0.000678348
-0.000686363
-0.000695341
-0.000705111
-0.000715565
-0.000726633
-0.000738266
-0.000750429
-0.000763094
-0.000776239
-0.000789843
-0.000803889
-0.000818359
-0.000833238
-0.000848512
-0.000864166
-0.0921969
-0.0940809
-0.0942944
-0.0928531
-0.089851
-0.0854441
-0.0798424
-0.0732983
-0.0660931
-0.0585194
-0.0508634
-0.0433879
-0.0363187
-0.0298355
-0.0240589
-0.0190484
-0.0148113
-0.0113147
-0.00849537
-0.00632341
-0.00468379
-0.00346837
-0.00258341
-0.00195037
-0.00150549
-0.00119844
-0.0009905
-0.0008526
-0.00076342
-0.000707657
-0.000674547
-0.000656658
-0.000648947
-0.000648046
-0.000651736
-0.000658573
-0.000667627
-0.000678302
-0.000690216
-0.000703124
-0.000716867
-0.000731338
-0.000746465
-0.000762198
-0.000778498
-0.000795336
-0.00081269
-0.000830541
-0.000848874
-0.000867675
-0.0445063
-0.0494018
-0.053559
-0.0567326
-0.0587551
-0.0595631
-0.0591693
-0.0576471
-0.0551169
-0.051737
-0.0476921
-0.0431818
-0.0384078
-0.0335627
-0.0288182
-0.0243174
-0.02017
-0.0164512
-0.0132028
-0.0104377
-0.00813958
-0.00627215
-0.00478695
-0.0036299
-0.00274609
-0.00209638
-0.00162735
-0.00129411
-0.00106134
-0.000901816
-0.000794968
-0.000725529
-0.000682374
-0.000657525
-0.000645347
-0.000641915
-0.000644536
-0.000651379
-0.000661216
-0.000673224
-0.000686857
-0.000701752
-0.000717666
-0.000734436
-0.00075195
-0.000770131
-0.000788922
-0.000808284
-0.000828186
-0.000848607
-0.0176202
-0.0213124
-0.0251226
-0.0288316
-0.0322204
-0.0350797
-0.0372386
-0.0385999
-0.0391322
-0.0388566
-0.0378338
-0.0361553
-0.0339352
-0.0313011
-0.0283856
-0.0253189
-0.0222208
-0.0191963
-0.0163311
-0.0136896
-0.0113145
-0.00922824
-0.00743572
-0.00592781
-0.00468514
-0.00368181
-0.00288713
-0.0022691
-0.0017969
-0.00144244
-0.00118113
-0.000992173
-0.000859403
-0.00076928
-0.000710019
-0.000672934
-0.000651698
-0.000641755
-0.000639857
-0.000643704
-0.000651686
-0.000662676
-0.000675895
-0.000690798
-0.00070701
-0.000724268
-0.000742387
-0.000761238
-0.000780725
-0.000800782
-0.0204288
-0.019712
-0.0193642
-0.0199897
-0.0211864
-0.0226316
-0.0241315
-0.0255184
-0.0266424
-0.0273967
-0.0277175
-0.0275816
-0.0269982
-0.0260031
-0.0246522
-0.0230145
-0.0211663
-0.0191853
-0.0171461
-0.015116
-0.0131525
-0.0113013
-0.00959615
-0.00805876
-0.0067001
-0.0055218
-0.00451796
-0.00367707
-0.00298396
-0.00242152
-0.00197201
-0.0016182
-0.00134403
-0.00113498
-0.000978244
-0.00086291
-0.000779928
-0.000721948
-0.000683107
-0.000658807
-0.000645492
-0.000640446
-0.000641619
-0.000647482
-0.00065683
-0.000668757
-0.000682639
-0.000698031
-0.000714615
-0.000732162
-0.0287489
-0.0261995
-0.0246806
-0.0223116
-0.0201869
-0.0194374
-0.019388
-0.0196375
-0.0200219
-0.0204277
-0.0207571
-0.0209331
-0.0209041
-0.0206419
-0.0201394
-0.0194073
-0.0184701
-0.0173622
-0.0161237
-0.0147971
-0.0134246
-0.0120454
-0.010694
-0.0093994
-0.008184
-0.00706397
-0.00604938
-0.00514487
-0.00435047
-0.00366254
-0.00307474
-0.00257887
-0.00216567
-0.00182544
-0.00154854
-0.0013258
-0.00114873
-0.00100975
-0.000902159
-0.000820211
-0.000759029
-0.000714538
-0.000683376
-0.000662798
-0.000650583
-0.000644948
-0.000644482
-0.000648072
-0.000654845
-0.000664113
-0.252036
-0.01663
-0.0321508
-0.0384857
-0.0360613
-0.0309286
-0.0287831
-0.0270909
-0.0254422
-0.0239301
-0.0225958
-0.0214413
-0.0204359
-0.0195333
-0.0186854
-0.0178508
-0.0169994
-0.0161129
-0.0151841
-0.0142146
-0.0132128
-0.0121913
-0.0111649
-0.0101495
-0.00915985
-0.00820944
-0.00730941
-0.00646841
-0.00569245
-0.00498503
-0.00434737
-0.00377873
-0.00327678
-0.00283795
-0.00245782
-0.0021314
-0.00185347
-0.00161873
-0.00142208
-0.00125864
-0.00112392
-0.00101383
-0.000924707
-0.000853324
-0.000796861
-0.000752883
-0.000719311
-0.000694379
-0.000676602
-0.000664736
-65.8132
-33.2751
-0.222423
-0.209247
-0.183559
-0.137709
-0.116948
-0.102407
-0.0887615
-0.0761734
-0.064924
-0.0551949
-0.0469908
-0.0402046
-0.0346576
-0.0301448
-0.026467
-0.0234463
-0.0209338
-0.0188102
-0.0169831
-0.0153831
-0.0139591
-0.0126748
-0.0115043
-0.0104303
-0.00944074
-0.00852763
-0.00768552
-0.00691049
-0.00619947
-0.00554978
-0.00495879
-0.00442379
-0.00394188
-0.00350997
-0.00312479
-0.00278298
-0.00248109
-0.00221569
-0.00198343
-0.00178105
-0.00160545
-0.00145375
-0.00132324
-0.00121147
-0.00111621
-0.0010355
-0.000967663
-0.000911359
-83.954
-38.777
-0.263236
-0.257292
-0.224343
-0.178034
-0.163102
-0.150241
-0.137352
-0.124415
-0.111725
-0.0995633
-0.0881823
-0.0777266
-0.0682904
-0.0599123
-0.0525581
-0.0461579
-0.0406196
-0.0358422
-0.0317247
-0.0281723
-0.0250995
-0.0224313
-0.0201039
-0.0180633
-0.0162648
-0.0146717
-0.0132538
-0.0119867
-0.0108503
-0.00982828
-0.00890717
-0.00807573
-0.00732452
-0.00664549
-0.00603168
-0.00547699
-0.00497603
-0.00452394
-0.00411635
-0.00374927
-0.00341906
-0.00312239
-0.00285621
-0.00261776
-0.00240462
-0.00221472
-0.00204655
-0.0018995
-60.4992
-0.404201
-0.393281
-0.358702
-0.286107
-0.257496
-0.242163
-0.227377
-0.212799
-0.198348
-0.184019
-0.169868
-0.15593
-0.142297
-0.129208
-0.116797
-0.10522
-0.0945197
-0.0847178
-0.075815
-0.0677917
-0.0606105
-0.0542182
-0.0485533
-0.0435458
-0.0391235
-0.0352179
-0.0317656
-0.0287097
-0.0259996
-0.023591
-0.0214454
-0.0195295
-0.0178145
-0.016276
-0.0148926
-0.0136462
-0.012521
-0.0115035
-0.0105819
-0.00974609
-0.00898705
-0.00829703
-0.00766918
-0.00709753
-0.00657689
-0.00610294
-0.00567236
-0.0052834
-0.00493715
-0.412372
-0.417431
-0.369024
-0.311103
-0.297143
-0.286981
-0.276082
-0.264632
-0.252856
-0.240908
-0.228897
-0.216885
-0.204953
-0.192968
-0.18101
-0.169078
-0.157233
-0.145606
-0.134344
-0.123594
-0.113504
-0.104126
-0.0954311
-0.0874144
-0.0800542
-0.0733169
-0.0671642
-0.0615566
-0.0564551
-0.0518201
-0.0476123
-0.0437941
-0.0403297
-0.0371856
-0.034331
-0.0317373
-0.0293787
-0.0272319
-0.0252758
-0.0234913
-0.0218616
-0.0203714
-0.0190072
-0.017757
-0.0166103
-0.0155577
-0.0145918
-0.013707
-0.0129012
-0.0121786
-0.567915
-0.491922
-0.390627
-0.365653
-0.343449
-0.322967
-0.304412
-0.287776
-0.272911
-0.259577
-0.2475
-0.236404
-0.22605
-0.216237
-0.206796
-0.197602
-0.188559
-0.179596
-0.170726
-0.161885
-0.153022
-0.14425
-0.135621
-0.127229
-0.119146
-0.111437
-0.104153
-0.0972923
-0.0908531
-0.0848282
-0.0792073
-0.0739767
-0.0691198
-0.0646178
-0.0604505
-0.0565969
-0.0530358
-0.0497463
-0.0467081
-0.0439018
-0.0413092
-0.0389132
-0.0366982
-0.0346499
-0.0327556
-0.0310039
-0.0293852
-0.0278931
-0.0265255
-0.0252894
-0.336696
-0.292259
-0.258327
-0.236616
-0.223181
-0.216153
-0.21364
-0.213927
-0.215599
-0.217591
-0.219169
-0.219891
-0.219536
-0.218034
-0.215424
-0.21181
-0.207324
-0.202107
-0.196295
-0.19001
-0.183358
-0.176441
-0.169335
-0.162105
-0.154798
-0.147443
-0.140085
-0.132814
-0.125699
-0.1188
-0.112213
-0.106011
-0.100214
-0.0948003
-0.0897483
-0.0850367
-0.080644
-0.0765499
-0.0727347
-0.06918
-0.0658684
-0.0627851
-0.059915
-0.0572424
-0.0547562
-0.0524437
-0.0502971
-0.0483082
-0.0464726
-0.0447915
-0.246754
-0.251153
-0.254505
-0.256968
-0.258834
-0.260155
-0.260939
-0.261155
-0.260755
-0.259684
-0.257905
-0.255413
-0.252217
-0.24835
-0.243868
-0.238836
-0.233334
-0.227441
-0.221241
-0.214815
-0.20824
-0.201584
-0.194909
-0.188266
-0.181693
-0.17523
-0.168893
-0.162704
-0.156674
-0.150815
-0.145126
-0.139602
-0.13424
-0.129067
-0.124098
-0.119347
-0.114817
-0.110505
-0.10642
-0.102554
-0.0989053
-0.0954639
-0.092222
-0.0891685
-0.0863401
-0.0837194
-0.0812887
-0.0790329
-0.0769376
-0.0749923
-0.00165234
-0.00166175
-0.00167103
-0.00168032
-0.0016897
-0.00169923
-0.00170894
-0.00171883
-0.00172892
-0.00173922
-0.00174972
-0.00176045
-0.0017714
-0.00178257
-0.00179398
-0.00180563
-0.00181751
-0.00182964
-0.00184203
-0.00185467
-0.00186757
-0.00188075
-0.00189419
-0.00190792
-0.00192194
-0.00193625
-0.00195085
-0.00196577
-0.001981
-0.00199655
-0.00201243
-0.00202865
-0.00204521
-0.00206212
-0.0020794
-0.00209705
-0.00211508
-0.0021335
-0.00215232
-0.00217155
-0.0021912
-0.00221128
-0.0022318
-0.00225277
-0.00227422
-0.00229614
-0.00231855
-0.00234147
-0.0023649
-0.00238886
-0.00241338
-0.00243845
-0.0024641
-0.00249033
-0.00251718
-0.00254465
-0.00257277
-0.00260154
-0.00263099
-0.00266114
-0.002692
-0.00272359
-0.00275594
-0.00278907
-0.00282299
-0.00285774
-0.00289332
-0.00292977
-0.0029671
-0.00300535
-0.00304453
-0.00308468
-0.00312581
-0.00316795
-0.00321113
-0.00325537
-0.00330071
-0.00334717
-0.00339477
-0.00344356
-0.00349355
-0.00354477
-0.00359727
-0.00365105
-0.00370617
-0.00376264
-0.00382049
-0.00387976
-0.00394049
-0.00400269
-0.0040664
-0.00413164
-0.00419846
-0.00426689
-0.00433694
-0.00440865
-0.00448205
-0.00455716
-0.00463402
-0.00471265
-0.00479308
-0.00487533
-0.00495942
-0.00504537
-0.00513322
-0.00522297
-0.00531464
-0.00540825
-0.00550381
-0.00560134
-0.00570083
-0.0058023
-0.00590574
-0.00601116
-0.00611856
-0.00622792
-0.00633923
-0.00645249
-0.00656767
-0.00668474
-0.00680369
-0.00692447
-0.00704705
-0.00717138
-0.00729741
-0.0074251
-0.00755437
-0.00768517
-0.0078174
-0.007951
-0.00808588
-0.00822194
-0.00835907
-0.00849717
-0.00863611
-0.00877576
-0.00891601
-0.00905668
-0.00919764
-0.00933872
-0.00947976
-0.00962058
-0.00976099
-0.00990081
-0.0100398
-0.0101778
-0.0103147
-0.01045
-0.0105837
-0.0107155
-0.0108452
-0.0109725
-0.0110972
-0.011219
-0.0113377
-0.011453
-0.0115647
-0.0116725
-0.0117763
-0.0118758
-0.0119707
-0.0120609
-0.0121462
-0.0122263
-0.0123012
-0.0123707
-0.0124347
-0.012493
-0.0125457
-0.0125927
-0.012634
-0.0126697
-0.0126999
-0.0127246
-0.012744
-0.0127584
-0.0127681
-0.0127734
-0.0127747
-0.0127724
-0.0127671
-0.0127593
-0.0127496
-0.0127387
-0.0127274
-0.0127165
-0.0127068
-0.0126993
-0.0126949
-0.0126947
-0.0126996
-0.0127107
-0.012729
-0.0127575
-0.0127985
-0.0128536
-0.0129244
-0.0130125
-0.0131195
-0.0132456
-0.0133881
-0.0135464
-0.0137208
-0.0139121
-0.0141213
-0.0143491
-0.0145965
-0.0148645
-0.0151539
-0.0154658
-0.0158009
-0.0161588
-0.0165297
-0.0169186
-0.017327
-0.0177548
-0.0182016
-0.0186666
-0.0191491
-0.019648
-0.0201621
-0.0206902
-0.0212309
-0.0217827
-0.022344
-0.0229131
-0.0234884
-0.0240679
-0.0246499
-0.0252323
-0.0258132
-0.0263908
-0.026963
-0.0275281
-0.0280842
-0.0286296
-0.0291625
-0.0296812
-0.0301843
-0.0306703
-0.0311379
-0.0315859
-0.0320134
-0.0324194
-0.0328033
-0.0331645
-0.0335025
-0.0338172
-0.0341085
-0.0343764
-0.0346212
-0.0348431
-0.0350426
-0.0352203
-0.0353768
-0.0355129
-0.0356293
-0.035727
-0.0358068
-0.0358698
-0.035917
-0.0359493
-0.0359679
-0.0359738
-0.035968
-0.0359515
-0.0359253
-0.0358906
-0.0358482
-0.035799
-0.035744
-0.0356841
-0.03562
-0.0355526
-0.0354827
-0.0354108
-0.0353378
-0.0352641
-0.0351904
-0.0351172
-0.0350449
-0.034974
-0.0349049
-0.0348379
-0.0347733
-0.0347113
-0.0346521
-0.0345958
-0.0345426
-0.0344924
-0.0344454
-0.0344015
-0.0343606
-0.0343225
-0.034287
-0.0342535
-0.034217
-0.0341316
-0.0335445
-0.0279364
-0.00137422
-0.00138124
-0.00138815
-0.00139507
-0.00140206
-0.00140916
-0.00141638
-0.00142374
-0.00143124
-0.00143889
-0.00144669
-0.00145465
-0.00146276
-0.00147103
-0.00147947
-0.00148807
-0.00149684
-0.00150579
-0.0015149
-0.0015242
-0.00153368
-0.00154334
-0.00155319
-0.00156324
-0.00157348
-0.00158392
-0.00159457
-0.00160542
-0.00161649
-0.00162778
-0.00163929
-0.00165103
-0.001663
-0.00167522
-0.00168768
-0.00170039
-0.00171336
-0.00172659
-0.0017401
-0.00175388
-0.00176795
-0.00178231
-0.00179698
-0.00181196
-0.00182725
-0.00184287
-0.00185883
-0.00187514
-0.00189181
-0.00190885
-0.00192626
-0.00194407
-0.00196228
-0.0019809
-0.00199996
-0.00201946
-0.00203942
-0.00205985
-0.00208076
-0.00210218
-0.00212412
-0.00214659
-0.00216962
-0.00219322
-0.00221741
-0.00224222
-0.00226765
-0.00229374
-0.0023205
-0.00234796
-0.00237614
-0.00240507
-0.00243476
-0.00246525
-0.00249655
-0.00252871
-0.00256174
-0.00259568
-0.00263055
-0.00266639
-0.00270322
-0.00274108
-0.00278
-0.00282002
-0.00286116
-0.00290347
-0.00294697
-0.00299172
-0.00303774
-0.00308507
-0.00313374
-0.00318381
-0.00323531
-0.00328828
-0.00334276
-0.0033988
-0.00345643
-0.00351569
-0.00357664
-0.00363931
-0.00370374
-0.00376998
-0.00383807
-0.00390806
-0.00397999
-0.00405389
-0.00412981
-0.0042078
-0.00428789
-0.00437012
-0.00445454
-0.00454117
-0.00463006
-0.00472125
-0.00481475
-0.00491061
-0.00500886
-0.00510953
-0.00521263
-0.00531819
-0.00542623
-0.00553677
-0.00564982
-0.00576539
-0.00588348
-0.0060041
-0.00612724
-0.00625289
-0.00638104
-0.00651168
-0.00664477
-0.00678028
-0.00691819
-0.00705843
-0.00720097
-0.00734575
-0.00749269
-0.00764173
-0.00779278
-0.00794575
-0.00810054
-0.00825705
-0.00841515
-0.00857471
-0.00873561
-0.00889768
-0.00906078
-0.00922472
-0.00938934
-0.00955443
-0.0097198
-0.00988522
-0.0100505
-0.0102153
-0.0103794
-0.0105427
-0.0107048
-0.0108655
-0.0110245
-0.0111815
-0.0113362
-0.0114883
-0.0116376
-0.0117838
-0.0119265
-0.0120656
-0.0122006
-0.0123314
-0.0124576
-0.0125791
-0.0126956
-0.0128069
-0.0129128
-0.0130131
-0.0131076
-0.0131964
-0.0132793
-0.0133563
-0.0134275
-0.0134928
-0.0135525
-0.0136067
-0.0136556
-0.0136995
-0.0137388
-0.0137739
-0.0138053
-0.0138336
-0.0138593
-0.0138833
-0.0139062
-0.0139289
-0.0139523
-0.0139774
-0.0140052
-0.0140369
-0.0140734
-0.0141159
-0.0141657
-0.0142247
-0.0142966
-0.0143833
-0.0144859
-0.0146055
-0.0147429
-0.014899
-0.0150739
-0.015264
-0.0154681
-0.015686
-0.0159178
-0.0161633
-0.0164224
-0.0166954
-0.0169822
-0.0172828
-0.017597
-0.0179244
-0.0182647
-0.0186175
-0.0189823
-0.0193584
-0.0197454
-0.0201425
-0.0205491
-0.0209645
-0.021388
-0.0218192
-0.022257
-0.0227011
-0.0231375
-0.0235707
-0.0240026
-0.0244328
-0.0248605
-0.0252846
-0.0257039
-0.0261175
-0.0265242
-0.0269231
-0.0273132
-0.0276935
-0.0280633
-0.0284216
-0.0287679
-0.0291014
-0.0294215
-0.0297279
-0.0300199
-0.0302972
-0.0305597
-0.0308071
-0.0310393
-0.0312565
-0.0314587
-0.031646
-0.0318187
-0.0319771
-0.0321216
-0.0322525
-0.0323704
-0.0324756
-0.0325688
-0.0326504
-0.0327211
-0.0327814
-0.032832
-0.0328733
-0.0329061
-0.0329309
-0.0329483
-0.0329589
-0.0329633
-0.0329619
-0.0329554
-0.0329443
-0.0329289
-0.0329098
-0.0328873
-0.0328619
-0.0328339
-0.0328035
-0.0327712
-0.032737
-0.0327012
-0.0326639
-0.0326253
-0.0325854
-0.0325442
-0.0325018
-0.032458
-0.0324127
-0.0323657
-0.0323169
-0.0322656
-0.0322099
-0.032138
-0.031964
-0.0310473
-0.0245333
-0.00115413
-0.00115955
-0.00116489
-0.00117023
-0.00117561
-0.00118107
-0.00118661
-0.00119225
-0.00119799
-0.00120382
-0.00120976
-0.0012158
-0.00122195
-0.0012282
-0.00123456
-0.00124102
-0.00124759
-0.00125427
-0.00126106
-0.00126796
-0.00127497
-0.0012821
-0.00128933
-0.00129669
-0.00130415
-0.00131174
-0.00131944
-0.00132726
-0.0013352
-0.00134327
-0.00135146
-0.00135977
-0.00136822
-0.00137679
-0.0013855
-0.00139434
-0.00140332
-0.00141244
-0.0014217
-0.00143111
-0.00144067
-0.00145038
-0.00146025
-0.00147028
-0.00148047
-0.00149083
-0.00150136
-0.00151208
-0.00152297
-0.00153406
-0.00154534
-0.00155683
-0.00156852
-0.00158043
-0.00159256
-0.00160492
-0.00161753
-0.00163038
-0.00164349
-0.00165687
-0.00167052
-0.00168447
-0.00169872
-0.00171328
-0.00172817
-0.0017434
-0.00175899
-0.00177494
-0.00179128
-0.00180802
-0.00182518
-0.00184278
-0.00186083
-0.00187936
-0.00189839
-0.00191794
-0.00193803
-0.00195868
-0.00197992
-0.00200178
-0.00202428
-0.00204746
-0.00207133
-0.00209593
-0.00212128
-0.00214744
-0.00217441
-0.00220225
-0.00223098
-0.00226065
-0.00229129
-0.00232294
-0.00235563
-0.00238943
-0.00242435
-0.00246046
-0.00249779
-0.0025364
-0.00257632
-0.00261762
-0.00266033
-0.00270451
-0.00275021
-0.00279749
-0.00284639
-0.00289698
-0.00294931
-0.00300343
-0.00305941
-0.0031173
-0.00317715
-0.00323904
-0.00330301
-0.00336913
-0.00343746
-0.00350806
-0.00358098
-0.00365629
-0.00373405
-0.00381431
-0.00389714
-0.00398259
-0.00407072
-0.00416158
-0.00425523
-0.00435172
-0.00445111
-0.00455344
-0.00465875
-0.0047671
-0.00487853
-0.00499307
-0.00511076
-0.00523163
-0.00535572
-0.00548304
-0.00561361
-0.00574746
-0.0058846
-0.00602502
-0.00616872
-0.00631571
-0.00646596
-0.00661945
-0.00677617
-0.00693606
-0.0070991
-0.00726523
-0.00743437
-0.00760646
-0.00778141
-0.00795913
-0.00813951
-0.00832244
-0.00850778
-0.00869539
-0.00888514
-0.00907684
-0.00927034
-0.00946543
-0.00966193
-0.0098596
-0.0100582
-0.0102576
-0.0104574
-0.0106574
-0.0108573
-0.0110569
-0.0112559
-0.0114539
-0.0116506
-0.0118457
-0.012039
-0.01223
-0.0124185
-0.0126041
-0.0127865
-0.0129655
-0.0131406
-0.0133117
-0.0134785
-0.0136406
-0.013798
-0.0139504
-0.0140976
-0.0142395
-0.0143761
-0.0145072
-0.0146328
-0.0147531
-0.0148681
-0.0149779
-0.0150828
-0.0151831
-0.0152791
-0.0153712
-0.01546
-0.0155459
-0.0156296
-0.0157118
-0.0157932
-0.0158746
-0.0159569
-0.016041
-0.0161278
-0.0162183
-0.0163137
-0.0164177
-0.0165321
-0.0166575
-0.0167947
-0.0169441
-0.017106
-0.0172807
-0.0174682
-0.0176662
-0.0178737
-0.0180905
-0.0183164
-0.0185512
-0.0187944
-0.0190457
-0.0193049
-0.0195713
-0.0198445
-0.0201239
-0.0204089
-0.0206987
-0.0209925
-0.0212894
-0.0215885
-0.0218896
-0.0221922
-0.022496
-0.0228002
-0.0231041
-0.0234073
-0.0237089
-0.0240084
-0.0243053
-0.0245988
-0.0248885
-0.0251739
-0.0254546
-0.0257303
-0.0260006
-0.0262653
-0.0265248
-0.0267752
-0.0270108
-0.027236
-0.0274518
-0.0276584
-0.0278556
-0.0280435
-0.028222
-0.028391
-0.0285505
-0.0287006
-0.0288414
-0.028973
-0.0290954
-0.0292089
-0.0293136
-0.0294098
-0.0294976
-0.0295773
-0.0296492
-0.0297135
-0.0297704
-0.0298203
-0.0298634
-0.0298999
-0.02993
-0.0299541
-0.0299721
-0.0299845
-0.0299912
-0.0299924
-0.0299883
-0.0299787
-0.0299638
-0.0299435
-0.0299176
-0.0298861
-0.0298486
-0.0298049
-0.0297546
-0.0296974
-0.0296326
-0.0295595
-0.0294774
-0.0293854
-0.0292819
-0.0291642
-0.0290232
-0.0288208
-0.0283735
-0.0267546
-0.0191822
-0.00100195
-0.00100691
-0.00101179
-0.00101667
-0.00102158
-0.00102655
-0.00103158
-0.0010367
-0.00104188
-0.00104715
-0.00105249
-0.00105791
-0.00106341
-0.00106899
-0.00107464
-0.00108037
-0.00108617
-0.00109204
-0.00109799
-0.00110401
-0.00111009
-0.00111625
-0.00112248
-0.00112877
-0.00113512
-0.00114154
-0.00114803
-0.00115457
-0.00116118
-0.00116784
-0.00117456
-0.00118134
-0.00118817
-0.00119506
-0.001202
-0.00120898
-0.00121602
-0.00122311
-0.00123024
-0.00123742
-0.00124465
-0.00125192
-0.00125923
-0.00126658
-0.00127397
-0.0012814
-0.00128887
-0.00129638
-0.00130393
-0.00131152
-0.00131914
-0.0013268
-0.0013345
-0.00134224
-0.00135002
-0.00135784
-0.0013657
-0.0013736
-0.00138154
-0.00138954
-0.00139758
-0.00140567
-0.00141382
-0.00142203
-0.0014303
-0.00143864
-0.00144705
-0.00145554
-0.00146412
-0.00147278
-0.00148155
-0.00149042
-0.00149941
-0.00150853
-0.00151778
-0.00152718
-0.00153674
-0.00154647
-0.00155639
-0.00156651
-0.00157685
-0.00158742
-0.00159825
-0.00160934
-0.00162073
-0.00163244
-0.00164448
-0.00165688
-0.00166967
-0.00168287
-0.00169651
-0.00171063
-0.00172524
-0.0017404
-0.00175612
-0.00177245
-0.00178942
-0.00180707
-0.00182545
-0.00184459
-0.00186454
-0.00188534
-0.00190705
-0.0019297
-0.00195336
-0.00197807
-0.00200389
-0.00203087
-0.00205907
-0.00208855
-0.00211937
-0.00215159
-0.00218527
-0.00222049
-0.0022573
-0.00229578
-0.00233598
-0.002378
-0.00242188
-0.00246772
-0.00251557
-0.00256552
-0.00261764
-0.00267201
-0.0027287
-0.00278779
-0.00284936
-0.00291349
-0.00298025
-0.00304973
-0.00312201
-0.00319715
-0.00327525
-0.00335638
-0.00344061
-0.00352803
-0.0036187
-0.00371271
-0.00381013
-0.00391103
-0.00401548
-0.00412355
-0.00423531
-0.00435082
-0.00447015
-0.00459336
-0.0047205
-0.00485163
-0.00498679
-0.00512603
-0.0052694
-0.00541692
-0.00556863
-0.00572455
-0.0058847
-0.00604911
-0.00621777
-0.00639068
-0.00656783
-0.00674922
-0.0069348
-0.00712455
-0.00731842
-0.00751636
-0.0077183
-0.00792415
-0.00813383
-0.00834724
-0.00856426
-0.00878477
-0.00900862
-0.00923564
-0.00946566
-0.0096985
-0.00993395
-0.0101718
-0.0104118
-0.0106538
-0.0108974
-0.0111424
-0.0113885
-0.0116354
-0.0118829
-0.0121305
-0.0123779
-0.0126249
-0.0128711
-0.0131162
-0.0133597
-0.0136014
-0.0138408
-0.0140778
-0.0143119
-0.0145427
-0.0147702
-0.0149938
-0.0152135
-0.0154289
-0.01564
-0.0158464
-0.016048
-0.0162449
-0.0164369
-0.0166239
-0.0168061
-0.0169836
-0.0171564
-0.0173248
-0.0174889
-0.0176491
-0.0178058
-0.0179592
-0.0181098
-0.0182582
-0.0184047
-0.0185518
-0.0187002
-0.0188504
-0.0190025
-0.019157
-0.0193138
-0.0194732
-0.0196349
-0.0197993
-0.0199679
-0.0201409
-0.020318
-0.020499
-0.0206834
-0.0208709
-0.0210613
-0.0212542
-0.0214493
-0.0216462
-0.0218445
-0.022044
-0.022244
-0.0224443
-0.0226443
-0.0228437
-0.023042
-0.0232387
-0.0234335
-0.0236258
-0.0238152
-0.0240012
-0.0241833
-0.0243609
-0.0245333
-0.0247003
-0.0248619
-0.0250181
-0.0251686
-0.0253133
-0.0254518
-0.0255841
-0.0257098
-0.0258288
-0.0259409
-0.0260458
-0.0261435
-0.0262337
-0.0263161
-0.0263908
-0.0264575
-0.026516
-0.026566
-0.0266075
-0.0266402
-0.0266636
-0.0266761
-0.0266779
-0.0266687
-0.0266483
-0.0266163
-0.026572
-0.0265149
-0.0264441
-0.0263589
-0.0262583
-0.026141
-0.026006
-0.0258518
-0.025677
-0.0254798
-0.0252583
-0.0250106
-0.0247342
-0.0244268
-0.0240854
-0.0237068
-0.0232869
-0.0228205
-0.0222986
-0.021704
-0.0209955
-0.0200656
-0.0186138
-0.015774
-0.00901412
-0.000915358
-0.000921063
-0.000926685
-0.000932303
-0.00093796
-0.00094368
-0.000949475
-0.000955353
-0.000961315
-0.000967364
-0.000973499
-0.00097972
-0.000986025
-0.000992412
-0.000998882
-0.00100543
-0.00101206
-0.00101876
-0.00102554
-0.00103239
-0.00103931
-0.0010463
-0.00105335
-0.00106047
-0.00106764
-0.00107488
-0.00108216
-0.0010895
-0.00109689
-0.00110432
-0.0011118
-0.00111931
-0.00112686
-0.00113444
-0.00114205
-0.00114968
-0.00115733
-0.001165
-0.00117268
-0.00118036
-0.00118805
-0.00119573
-0.00120341
-0.00121107
-0.00121872
-0.00122635
-0.00123395
-0.00124152
-0.00124904
-0.00125653
-0.00126397
-0.00127135
-0.00127867
-0.00128593
-0.00129312
-0.00130023
-0.00130726
-0.00131419
-0.00132104
-0.00132779
-0.00133442
-0.00134095
-0.00134737
-0.00135366
-0.00135982
-0.00136585
-0.00137175
-0.0013775
-0.0013831
-0.00138856
-0.00139386
-0.001399
-0.00140398
-0.0014088
-0.00141345
-0.00141793
-0.00142225
-0.00142639
-0.00143036
-0.00143416
-0.00143779
-0.00144126
-0.00144455
-0.00144769
-0.00145068
-0.00145351
-0.0014562
-0.00145875
-0.00146117
-0.00146348
-0.00146568
-0.00146778
-0.00146981
-0.00147178
-0.00147369
-0.00147558
-0.00147747
-0.00147936
-0.0014813
-0.0014833
-0.00148539
-0.0014876
-0.00148996
-0.00149251
-0.00149528
-0.00149831
-0.00150163
-0.0015053
-0.00150934
-0.00151382
-0.00151877
-0.00152425
-0.0015303
-0.00153699
-0.00154437
-0.00155249
-0.00156142
-0.00157122
-0.00158196
-0.00159369
-0.00160649
-0.00162043
-0.00163558
-0.001652
-0.00166978
-0.00168899
-0.00170971
-0.00173201
-0.00175598
-0.00178169
-0.00180923
-0.00183868
-0.00187011
-0.00190362
-0.00193929
-0.0019772
-0.00201743
-0.00206008
-0.00210522
-0.00215295
-0.00220335
-0.0022565
-0.00231249
-0.00237141
-0.00243333
-0.00249836
-0.00256656
-0.00263803
-0.00271285
-0.0027911
-0.00287288
-0.00295825
-0.00304731
-0.00314013
-0.0032368
-0.0033374
-0.00344201
-0.00355071
-0.00366357
-0.00378067
-0.00390209
-0.0040279
-0.00415817
-0.00429298
-0.00443238
-0.00457644
-0.00472523
-0.00487879
-0.00503719
-0.00520047
-0.00536868
-0.00554185
-0.00572002
-0.00590321
-0.00609144
-0.00628473
-0.00648307
-0.00668645
-0.00689487
-0.00710829
-0.00732668
-0.00754998
-0.00777814
-0.00801108
-0.00824871
-0.00849092
-0.00873761
-0.00898863
-0.00924384
-0.00950308
-0.00976614
-0.0100328
-0.010303
-0.0105763
-0.0108525
-0.0111315
-0.0114128
-0.0116962
-0.0119814
-0.0122681
-0.0125559
-0.0128445
-0.0131335
-0.0134225
-0.0137111
-0.013999
-0.0142857
-0.0145709
-0.0148541
-0.0151349
-0.015413
-0.0156878
-0.0159591
-0.0162264
-0.0164893
-0.0167475
-0.0170006
-0.0172482
-0.01749
-0.0177258
-0.0179552
-0.0181779
-0.0183937
-0.018602
-0.0188013
-0.0189912
-0.0191712
-0.0193413
-0.019501
-0.01965
-0.0197877
-0.0199137
-0.0200274
-0.0201365
-0.020244
-0.02035
-0.0204544
-0.0205569
-0.020657
-0.0207545
-0.020849
-0.0209401
-0.0210276
-0.0211109
-0.0211897
-0.0212635
-0.0213319
-0.0213944
-0.0214505
-0.0214998
-0.0215418
-0.0215761
-0.021602
-0.0216191
-0.0216267
-0.0216243
-0.0216113
-0.021587
-0.0215508
-0.0215019
-0.0214397
-0.0213634
-0.0212721
-0.0211652
-0.0210416
-0.0209005
-0.0207409
-0.020562
-0.0203627
-0.0201419
-0.0198985
-0.0196318
-0.0193407
-0.0190243
-0.0186817
-0.0183123
-0.0179151
-0.0174895
-0.0170349
-0.0165509
-0.016037
-0.0154934
-0.0149201
-0.0143175
-0.0136861
-0.0130268
-0.0123405
-0.0116287
-0.0108926
-0.0101331
-0.00935096
-0.0085464
-0.00771871
-0.00686544
-0.0059817
-0.00505992
-0.00408987
-0.0030609
-0.00197214
-0.00086694
-0.000880244
-0.000887645
-0.000894961
-0.00090228
-0.000909655
-0.000917114
-0.000924676
-0.00093235
-0.000940142
-0.000948054
-0.000956087
-0.000964241
-0.000972517
-0.000980912
-0.000989427
-0.00099806
-0.00100681
-0.00101567
-0.00102465
-0.00103374
-0.00104294
-0.00105225
-0.00106166
-0.00107118
-0.0010808
-0.00109051
-0.00110032
-0.00111022
-0.0011202
-0.00113027
-0.00114043
-0.00115066
-0.00116096
-0.00117134
-0.00118177
-0.00119227
-0.00120283
-0.00121343
-0.00122409
-0.00123478
-0.00124551
-0.00125626
-0.00126704
-0.00127783
-0.00128864
-0.00129945
-0.00131025
-0.00132104
-0.00133181
-0.00134256
-0.00135326
-0.00136393
-0.00137454
-0.00138509
-0.00139556
-0.00140596
-0.00141626
-0.00142646
-0.00143655
-0.00144651
-0.00145634
-0.00146602
-0.00147554
-0.0014849
-0.00149407
-0.00150304
-0.0015118
-0.00152035
-0.00152865
-0.00153671
-0.0015445
-0.00155202
-0.00155925
-0.00156617
-0.00157277
-0.00157903
-0.00158494
-0.00159049
-0.00159567
-0.00160044
-0.00160481
-0.00160876
-0.00161227
-0.00161534
-0.00161794
-0.00162006
-0.0016217
-0.00162283
-0.00162346
-0.00162356
-0.00162313
-0.00162215
-0.00162063
-0.00161855
-0.00161592
-0.00161271
-0.00160894
-0.00160459
-0.00159967
-0.00159419
-0.00158813
-0.00158152
-0.00157435
-0.00156664
-0.00155839
-0.00154962
-0.00154035
-0.00153059
-0.00152037
-0.00150971
-0.00149863
-0.00148716
-0.00147534
-0.0014632
-0.00145078
-0.00143812
-0.00142525
-0.00141223
-0.00139911
-0.00138593
-0.00137275
-0.00135963
-0.00134663
-0.0013338
-0.00132121
-0.00130894
-0.00129704
-0.00128559
-0.00127466
-0.00126433
-0.00125466
-0.00124574
-0.00123765
-0.00123045
-0.00122424
-0.00121909
-0.00121507
-0.00121228
-0.00121078
-0.00121067
-0.001212
-0.00121487
-0.00121935
-0.00122552
-0.00123344
-0.00124319
-0.00125485
-0.00126847
-0.00128414
-0.0013019
-0.00132184
-0.00134401
-0.00136847
-0.00139528
-0.0014245
-0.00145618
-0.00149039
-0.00152717
-0.00156657
-0.00160866
-0.00165347
-0.00170106
-0.00175148
-0.00180477
-0.00186099
-0.00192019
-0.00198241
-0.00204771
-0.00211612
-0.00218771
-0.00226251
-0.00234058
-0.00242197
-0.00250673
-0.0025949
-0.00268654
-0.0027817
-0.00288041
-0.00298273
-0.0030887
-0.00319838
-0.00331179
-0.00342897
-0.00354997
-0.00367482
-0.00380355
-0.00393617
-0.00407272
-0.00421319
-0.00435762
-0.00450598
-0.00465828
-0.00481451
-0.00497464
-0.00513864
-0.00530647
-0.00547808
-0.0056534
-0.00583237
-0.00601488
-0.00620086
-0.00639017
-0.0065827
-0.00677831
-0.00697684
-0.00717812
-0.00738196
-0.00758817
-0.00779654
-0.00800683
-0.00821879
-0.00843217
-0.00864668
-0.00886205
-0.00907795
-0.00929408
-0.00951011
-0.00972568
-0.00994045
-0.010154
-0.0103661
-0.0105762
-0.010784
-0.010989
-0.0111909
-0.0113893
-0.0115837
-0.0117739
-0.0119593
-0.0121397
-0.0123147
-0.0124838
-0.0126469
-0.0127969
-0.0129309
-0.0130482
-0.0131483
-0.0132307
-0.0132949
-0.0133406
-0.0133671
-0.0133741
-0.0133624
-0.0133397
-0.0133069
-0.0132638
-0.0132102
-0.0131459
-0.0130703
-0.0129834
-0.0128848
-0.0127742
-0.0126513
-0.0125158
-0.0123675
-0.0122062
-0.0120315
-0.0118434
-0.0116417
-0.0114263
-0.0111971
-0.010954
-0.0106973
-0.010427
-0.0101433
-0.00984655
-0.00953717
-0.00921567
-0.00888267
-0.00853892
-0.00818531
-0.00782284
-0.00745263
-0.00707597
-0.00669427
-0.00630901
-0.0059218
-0.00553434
-0.00514841
-0.00476584
-0.00438849
-0.00401825
-0.00365699
-0.00330648
-0.00296845
-0.0026445
-0.00233605
-0.00204436
-0.00177046
-0.00151518
-0.00127911
-0.00106265
-0.000866034
-0.000689313
-0.000532496
-0.000395645
-0.000279013
-0.000183209
-0.000109369
-5.91906e-05
-0.000878132
-0.000887626
-0.000897031
-0.000906438
-0.000915905
-0.000925469
-0.000935154
-0.000944975
-0.000954944
-0.000965067
-0.000975349
-0.000985795
-0.000996407
-0.00100719
-0.00101814
-0.00102927
-0.00104057
-0.00105205
-0.00106371
-0.00107555
-0.00108758
-0.00109979
-0.00111219
-0.00112477
-0.00113754
-0.00115048
-0.00116359
-0.00117686
-0.00119029
-0.00120388
-0.00121763
-0.00123153
-0.00124559
-0.0012598
-0.00127416
-0.00128867
-0.00130332
-0.00131811
-0.00133303
-0.00134809
-0.00136328
-0.00137859
-0.00139402
-0.00140957
-0.00142523
-0.00144099
-0.00145684
-0.00147279
-0.00148883
-0.00150495
-0.00152114
-0.00153739
-0.0015537
-0.00157006
-0.00158646
-0.0016029
-0.00161935
-0.00163581
-0.00165228
-0.00166874
-0.00168517
-0.00170157
-0.00171792
-0.00173421
-0.00175042
-0.00176655
-0.00178257
-0.00179847
-0.00181423
-0.00182984
-0.00184527
-0.0018605
-0.00187553
-0.00189032
-0.00190485
-0.00191911
-0.00193306
-0.00194669
-0.00195998
-0.00197288
-0.00198539
-0.00199747
-0.00200909
-0.00202023
-0.00203085
-0.00204094
-0.00205045
-0.00205935
-0.00206762
-0.00207523
-0.00208213
-0.00208831
-0.00209372
-0.00209833
-0.00210212
-0.00210504
-0.00210707
-0.00210818
-0.00210833
-0.0021075
-0.00210565
-0.00210276
-0.0020988
-0.00209375
-0.00208758
-0.00208026
-0.00207178
-0.00206213
-0.00205128
-0.00203923
-0.00202596
-0.00201147
-0.00199576
-0.00197882
-0.00196066
-0.00194128
-0.00192071
-0.00189896
-0.00187604
-0.00185198
-0.00182682
-0.00180058
-0.00177332
-0.00174506
-0.00171586
-0.00168578
-0.00165487
-0.0016232
-0.00159084
-0.00155785
-0.00152431
-0.0014903
-0.00145592
-0.00142123
-0.00138634
-0.00135134
-0.00131632
-0.00128139
-0.00124663
-0.00121214
-0.00117804
-0.00114441
-0.00111136
-0.00107898
-0.00104737
-0.00101663
-0.000986849
-0.000958111
-0.000930504
-0.00090411
-0.000879006
-0.000855265
-0.000832954
-0.000812135
-0.000792866
-0.000775198
-0.000759177
-0.000744843
-0.00073223
-0.000721368
-0.000712278
-0.00070498
-0.000699486
-0.000695804
-0.000693937
-0.000693884
-0.00069564
-0.000699198
-0.000704545
-0.000711667
-0.000720548
-0.00073117
-0.000743512
-0.000757553
-0.000773271
-0.000790645
-0.000809651
-0.000830266
-0.00085247
-0.000876239
-0.000901553
-0.000928391
-0.000956733
-0.00098656
-0.00101785
-0.0010506
-0.00108477
-0.00112036
-0.00115735
-0.00119573
-0.00123546
-0.00127655
-0.00131897
-0.0013627
-0.00140773
-0.00145402
-0.00150157
-0.00155035
-0.00160032
-0.00165146
-0.00170374
-0.00175713
-0.00181158
-0.00186705
-0.00192351
-0.00198089
-0.00203916
-0.00209824
-0.00215808
-0.00221862
-0.00227978
-0.00234149
-0.00240368
-0.00246625
-0.00252913
-0.00259222
-0.00265542
-0.00271864
-0.00278178
-0.00284472
-0.00290737
-0.0029696
-0.00303132
-0.00309239
-0.00315271
-0.00321216
-0.00327062
-0.00332796
-0.00338406
-0.0034388
-0.00349207
-0.00354373
-0.00359368
-0.00364178
-0.00368794
-0.00373209
-0.00377415
-0.00381406
-0.00385176
-0.00388721
-0.00392036
-0.00395119
-0.00397864
-0.00399595
-0.00400231
-0.00399766
-0.00398208
-0.00395568
-0.00391863
-0.00387112
-0.00381339
-0.00374604
-0.00367141
-0.00359005
-0.00350229
-0.00340847
-0.00330895
-0.00320414
-0.00309444
-0.00298032
-0.00286226
-0.00274077
-0.00261639
-0.00248967
-0.00236121
-0.0022316
-0.00210147
-0.00197144
-0.00184214
-0.0017142
-0.00158825
-0.00146488
-0.00134467
-0.00122819
-0.00111593
-0.00100837
-0.000905922
-0.000808939
-0.000717715
-0.000632475
-0.000553374
-0.000480496
-0.000413853
-0.000353385
-0.000298969
-0.000250416
-0.000207485
-0.000169887
-0.000137293
-0.000109348
-8.56734e-05
-6.58844e-05
-4.95931e-05
-3.64182e-05
-2.59912e-05
-1.79601e-05
-1.19904e-05
-7.76328e-06
-4.96776e-06
-3.28899e-06
-0.000884199
-0.000895562
-0.00090689
-0.000918255
-0.000929709
-0.000941285
-0.00095301
-0.000964899
-0.000976964
-0.000989212
-0.00100165
-0.00101428
-0.00102711
-0.00104013
-0.00105335
-0.00106678
-0.0010804
-0.00109422
-0.00110825
-0.00112247
-0.0011369
-0.00115152
-0.00116635
-0.00118138
-0.00119662
-0.00121208
-0.00122777
-0.0012437
-0.00125987
-0.00127628
-0.00129294
-0.00130984
-0.00132699
-0.0013444
-0.00136206
-0.00137997
-0.00139815
-0.00141658
-0.00143527
-0.00145423
-0.00147345
-0.00149292
-0.00151265
-0.00153262
-0.00155283
-0.00157327
-0.00159395
-0.00161486
-0.001636
-0.00165738
-0.00167898
-0.00170081
-0.00172286
-0.00174513
-0.00176763
-0.00179034
-0.00181326
-0.0018364
-0.00185974
-0.00188329
-0.00190704
-0.00193097
-0.0019551
-0.0019794
-0.00200388
-0.00202852
-0.00205332
-0.00207827
-0.00210336
-0.00212857
-0.00215389
-0.00217931
-0.00220482
-0.0022304
-0.00225603
-0.0022817
-0.00230738
-0.00233306
-0.00235871
-0.00238431
-0.00240983
-0.00243524
-0.00246052
-0.00248563
-0.00251054
-0.00253522
-0.00255962
-0.00258371
-0.00260745
-0.00263079
-0.0026537
-0.00267611
-0.00269798
-0.00271926
-0.00273989
-0.00275983
-0.002779
-0.00279735
-0.00281482
-0.00283135
-0.00284686
-0.0028613
-0.00287459
-0.00288666
-0.00289745
-0.00290689
-0.0029149
-0.00292141
-0.00292636
-0.00292966
-0.00293127
-0.0029311
-0.00292909
-0.00292518
-0.00291931
-0.00291141
-0.00290145
-0.00288936
-0.0028751
-0.00285864
-0.00283994
-0.00281897
-0.0027957
-0.00277014
-0.00274226
-0.00271208
-0.0026796
-0.00264484
-0.00260784
-0.00256861
-0.00252723
-0.00248373
-0.0024382
-0.00239069
-0.00234131
-0.00229015
-0.0022373
-0.0021829
-0.00212705
-0.00206989
-0.00201155
-0.0019522
-0.00189196
-0.00183101
-0.0017695
-0.0017076
-0.00164548
-0.0015833
-0.00152123
-0.00145945
-0.00139812
-0.00133741
-0.00127747
-0.00121847
-0.00116054
-0.00110383
-0.00104849
-0.000994616
-0.000942341
-0.000891765
-0.000842981
-0.000796072
-0.000751106
-0.000708143
-0.000667227
-0.000628393
-0.000591662
-0.000557045
-0.000524541
-0.000494138
-0.000465814
-0.000439539
-0.000415273
-0.00039297
-0.000372574
-0.000354027
-0.000337263
-0.000322213
-0.000308806
-0.000296967
-0.00028662
-0.000277689
-0.000270097
-0.000263767
-0.000258626
-0.0002546
-0.000251619
-0.000249613
-0.000248516
-0.000248265
-0.000248801
-0.000250065
-0.000252004
-0.000254566
-0.000257704
-0.00026137
-0.000265523
-0.000270121
-0.000275127
-0.000280504
-0.000286219
-0.000292239
-0.000298533
-0.000305072
-0.000311827
-0.000318773
-0.000325882
-0.000333129
-0.00034049
-0.000347941
-0.000355459
-0.000363019
-0.000370601
-0.000378181
-0.000385736
-0.000393246
-0.000400688
-0.000408041
-0.000415284
-0.000422395
-0.000429352
-0.000436137
-0.000442727
-0.000449104
-0.000455246
-0.000461135
-0.000466752
-0.000472079
-0.000477096
-0.000481788
-0.000486138
-0.00049013
-0.000493748
-0.000496978
-0.000499808
-0.000502223
-0.000504214
-0.000505769
-0.000506878
-0.000507533
-0.000507727
-0.000507454
-0.000506707
-0.000505489
-0.000503818
-0.000501723
-0.000499234
-0.000496385
-0.000493211
-0.00048975
-0.000486042
-0.000481844
-0.000475465
-0.00046684
-0.000456104
-0.000443427
-0.000428991
-0.000412987
-0.000395612
-0.000377162
-0.000357935
-0.000338128
-0.000317924
-0.000297501
-0.000277031
-0.00025668
-0.000236602
-0.000216943
-0.000197834
-0.000179396
-0.000161733
-0.000144934
-0.000129074
-0.000114209
-0.000100381
-8.76142e-05
-7.59187e-05
-6.5289e-05
-5.57064e-05
-4.71397e-05
-3.95471e-05
-3.28776e-05
-2.70729e-05
-2.2069e-05
-1.77985e-05
-1.41919e-05
-1.11793e-05
-8.69217e-06
-6.66428e-06
-5.03297e-06
-3.73984e-06
-2.73133e-06
-1.95904e-06
-1.37983e-06
-9.55769e-07
-6.53866e-07
-4.45799e-07
-3.07514e-07
-2.18844e-07
-1.63221e-07
-0.000866177
-0.0008784
-0.000890665
-0.000903015
-0.000915481
-0.000928088
-0.000940858
-0.000953805
-0.000966942
-0.000980278
-0.00099382
-0.00100758
-0.00102155
-0.00103575
-0.00105017
-0.00106482
-0.00107971
-0.00109484
-0.00111021
-0.00112582
-0.00114167
-0.00115778
-0.00117414
-0.00119075
-0.00120763
-0.00122476
-0.00124216
-0.00125982
-0.00127776
-0.00129596
-0.00131443
-0.00133318
-0.0013522
-0.00137149
-0.00139106
-0.00141091
-0.00143104
-0.00145145
-0.00147214
-0.0014931
-0.00151435
-0.00153588
-0.00155772
-0.00157986
-0.00160232
-0.0016251
-0.0016482
-0.00167162
-0.00169536
-0.00171942
-0.00174381
-0.00176851
-0.00179353
-0.00181886
-0.00184452
-0.00187053
-0.00189692
-0.0019237
-0.00195088
-0.00197846
-0.00200646
-0.00203487
-0.00206371
-0.00209298
-0.0021227
-0.00215287
-0.0021835
-0.0022146
-0.00224618
-0.00227824
-0.0023108
-0.00234386
-0.00237742
-0.00241149
-0.00244608
-0.00248119
-0.00251681
-0.00255296
-0.00258962
-0.0026268
-0.0026645
-0.0027027
-0.00274141
-0.0027806
-0.00282027
-0.00286041
-0.00290099
-0.002942
-0.0029834
-0.00302519
-0.00306731
-0.00310975
-0.00315245
-0.00319539
-0.00323851
-0.00328175
-0.00332507
-0.00336841
-0.00341169
-0.00345484
-0.00349779
-0.00354045
-0.00358275
-0.00362457
-0.00366582
-0.00370641
-0.00374621
-0.0037851
-0.00382298
-0.0038597
-0.00389515
-0.00392917
-0.00396162
-0.00399237
-0.00402126
-0.00404814
-0.00407286
-0.00409525
-0.00411516
-0.00413244
-0.00414692
-0.00415844
-0.00416687
-0.00417204
-0.00417381
-0.00417206
-0.00416663
-0.00415742
-0.0041443
-0.00412719
-0.00410599
-0.00408062
-0.00405102
-0.00401715
-0.00397899
-0.00393652
-0.00388974
-0.0038387
-0.00378344
-0.00372403
-0.00366056
-0.00359315
-0.00352192
-0.00344704
-0.00336868
-0.00328704
-0.00320234
-0.0031148
-0.00302469
-0.00293227
-0.00283782
-0.00274164
-0.00264403
-0.00254531
-0.00244579
-0.0023458
-0.00224567
-0.00214572
-0.00204626
-0.00194761
-0.00185007
-0.00175393
-0.00165948
-0.00156697
-0.00147665
-0.00138874
-0.00130344
-0.00122095
-0.0011414
-0.00106495
-0.000991684
-0.0009217
-0.000855054
-0.00079178
-0.000731891
-0.000675375
-0.000622203
-0.000572323
-0.000525669
-0.000482157
-0.000441691
-0.000404161
-0.000369449
-0.00033743
-0.000307972
-0.000280939
-0.000256194
-0.000233598
-0.000213014
-0.000194306
-0.000177343
-0.000161996
-0.000148142
-0.000135665
-0.000124451
-0.000114397
-0.000105402
-9.73733e-05
-9.02249e-05
-8.38761e-05
-7.82526e-05
-7.32856e-05
-6.89116e-05
-6.50726e-05
-6.17152e-05
-5.87902e-05
-5.6253e-05
-5.40624e-05
-5.21811e-05
-5.05746e-05
-4.92117e-05
-4.80639e-05
-4.7105e-05
-4.63111e-05
-4.56606e-05
-4.51337e-05
-4.47124e-05
-4.43801e-05
-4.41219e-05
-4.39243e-05
-4.37748e-05
-4.36625e-05
-4.35771e-05
-4.35096e-05
-4.34517e-05
-4.33962e-05
-4.33364e-05
-4.32666e-05
-4.31815e-05
-4.30767e-05
-4.2948e-05
-4.27922e-05
-4.26061e-05
-4.23874e-05
-4.21339e-05
-4.1844e-05
-4.15162e-05
-4.11497e-05
-4.07438e-05
-4.0298e-05
-3.98123e-05
-3.92869e-05
-3.87222e-05
-3.81189e-05
-3.74777e-05
-3.67997e-05
-3.60858e-05
-3.53373e-05
-3.45553e-05
-3.37408e-05
-3.28952e-05
-3.20195e-05
-3.11159e-05
-3.01915e-05
-2.92548e-05
-2.83141e-05
-2.73777e-05
-2.64534e-05
-2.55486e-05
-2.45854e-05
-2.3485e-05
-2.2263e-05
-2.0945e-05
-1.9557e-05
-1.8124e-05
-1.66713e-05
-1.5225e-05
-1.38042e-05
-1.2425e-05
-1.11013e-05
-9.84436e-06
-8.66324e-06
-7.56455e-06
-6.55268e-06
-5.62992e-06
-4.79667e-06
-4.05163e-06
-3.39202e-06
-2.81389e-06
-2.31228e-06
-1.88156e-06
-1.51559e-06
-1.208e-06
-9.52336e-07
-7.42278e-07
-5.71744e-07
-4.35017e-07
-3.26826e-07
-2.42394e-07
-1.77468e-07
-1.28319e-07
-9.17353e-08
-6.49882e-08
-4.58006e-08
-3.23021e-08
-2.29837e-08
-1.6652e-08
-1.23852e-08
-9.49238e-09
-7.47635e-09
-0.000817565
-0.000829367
-0.000841292
-0.000853346
-0.000865537
-0.000877872
-0.000890358
-0.000903001
-0.000915806
-0.00092878
-0.000941925
-0.000955246
-0.000968746
-0.000982429
-0.000996297
-0.00101035
-0.0010246
-0.00103904
-0.00105367
-0.00106851
-0.00108354
-0.00109878
-0.00111423
-0.00112989
-0.00114576
-0.00116185
-0.00117817
-0.00119471
-0.00121148
-0.00122849
-0.00124574
-0.00126324
-0.00128099
-0.001299
-0.00131728
-0.00133583
-0.00135466
-0.00137378
-0.00139319
-0.00141291
-0.00143293
-0.00145328
-0.00147395
-0.00149496
-0.00151631
-0.00153802
-0.00156008
-0.00158252
-0.00160534
-0.00162854
-0.00165215
-0.00167616
-0.00170058
-0.00172544
-0.00175071
-0.00177638
-0.0018024
-0.00182878
-0.00185549
-0.00188252
-0.00190986
-0.00193749
-0.00196542
-0.00199361
-0.00202206
-0.00205093
-0.00208033
-0.00211031
-0.00214094
-0.00217224
-0.00220425
-0.00223701
-0.00227054
-0.00230488
-0.00234008
-0.00237616
-0.00241317
-0.00245114
-0.00249012
-0.00253013
-0.00257121
-0.00261341
-0.00265675
-0.00270128
-0.00274703
-0.00279403
-0.00284232
-0.00289192
-0.00294287
-0.00299519
-0.00304892
-0.00310406
-0.00316065
-0.00321869
-0.00327821
-0.0033392
-0.00340167
-0.00346561
-0.00353102
-0.00359789
-0.00366619
-0.00373589
-0.00380695
-0.00387933
-0.00395298
-0.00402782
-0.00410379
-0.00418079
-0.00425873
-0.0043375
-0.00441697
-0.004497
-0.00457744
-0.00465814
-0.0047389
-0.00481954
-0.00489984
-0.00497958
-0.00505852
-0.00513641
-0.00521297
-0.00528792
-0.00536097
-0.00543182
-0.00550013
-0.00556557
-0.00562782
-0.00568653
-0.00574134
-0.00579189
-0.00583785
-0.00587884
-0.00591452
-0.00594455
-0.0059686
-0.00598633
-0.00599745
-0.00600166
-0.00599871
-0.00598835
-0.00597036
-0.00594458
-0.00591084
-0.00586904
-0.00581912
-0.00576102
-0.00569479
-0.00562046
-0.00553816
-0.00544802
-0.00535027
-0.00524515
-0.00513295
-0.00501404
-0.00488878
-0.00475763
-0.00462106
-0.00447958
-0.00433373
-0.0041841
-0.00403128
-0.00387589
-0.00371855
-0.00355993
-0.00340065
-0.00324135
-0.00308268
-0.00292523
-0.00276961
-0.00261638
-0.00246607
-0.00231917
-0.00217615
-0.0020374
-0.00190329
-0.00177413
-0.00165017
-0.00153163
-0.00141865
-0.00131134
-0.00120975
-0.00111389
-0.00102373
-0.000939188
-0.000860152
-0.000786476
-0.000717989
-0.000654495
-0.000595779
-0.000541613
-0.000491758
-0.000445968
-0.000403997
-0.000365596
-0.000330522
-0.000298538
-0.000269412
-0.000242923
-0.000218862
-0.000197029
-0.000177237
-0.000159312
-0.00014309
-0.000128421
-0.000115167
-0.000103201
-9.24041e-05
-8.26712e-05
-7.39042e-05
-6.60141e-05
-5.89199e-05
-5.25475e-05
-4.68296e-05
-4.17049e-05
-3.71174e-05
-3.30163e-05
-2.93551e-05
-2.60915e-05
-2.31868e-05
-2.06057e-05
-1.8316e-05
-1.62883e-05
-1.44958e-05
-1.29138e-05
-1.15202e-05
-1.02946e-05
-9.21838e-06
-8.27491e-06
-7.4489e-06
-6.72658e-06
-6.09551e-06
-5.54448e-06
-5.06343e-06
-4.64334e-06
-4.27617e-06
-3.95476e-06
-3.67274e-06
-3.42452e-06
-3.20517e-06
-3.01036e-06
-2.83633e-06
-2.67983e-06
-2.53804e-06
-2.40855e-06
-2.28932e-06
-2.1786e-06
-2.07496e-06
-1.97717e-06
-1.88424e-06
-1.79538e-06
-1.70992e-06
-1.62738e-06
-1.54736e-06
-1.46958e-06
-1.39382e-06
-1.3199e-06
-1.2477e-06
-1.17709e-06
-1.10797e-06
-1.04023e-06
-9.74081e-07
-9.09998e-07
-8.48491e-07
-7.90013e-07
-7.34949e-07
-6.81901e-07
-6.26759e-07
-5.70315e-07
-5.13773e-07
-4.58237e-07
-4.04718e-07
-3.54016e-07
-3.06688e-07
-2.63119e-07
-2.23538e-07
-1.88039e-07
-1.56599e-07
-1.29095e-07
-1.05326e-07
-8.50349e-08
-6.79222e-08
-5.36663e-08
-4.19368e-08
-3.24068e-08
-2.47627e-08
-1.87111e-08
-1.39845e-08
-1.03433e-08
-7.57804e-09
-5.50809e-09
-3.98104e-09
-2.87039e-09
-2.07309e-09
-1.50687e-09
-1.10739e-09
-8.25754e-10
-6.25799e-10
-4.81773e-10
-3.75992e-10
-2.9674e-10
-0.000746533
-0.00075679
-0.000767276
-0.000777971
-0.00078886
-0.000799929
-0.00081117
-0.000822573
-0.000834132
-0.000845842
-0.000857697
-0.000869694
-0.000881829
-0.000894099
-0.000906502
-0.000919034
-0.000931693
-0.000944476
-0.000957382
-0.000970408
-0.000983551
-0.00099681
-0.00101018
-0.00102367
-0.00103726
-0.00105097
-0.00106477
-0.00107869
-0.00109271
-0.00110683
-0.00112106
-0.00113538
-0.00114981
-0.00116434
-0.00117898
-0.00119371
-0.00120855
-0.0012235
-0.00123856
-0.00125373
-0.00126901
-0.00128442
-0.00129995
-0.00131562
-0.00133142
-0.00134738
-0.0013635
-0.00137978
-0.00139626
-0.00141293
-0.00142982
-0.00144695
-0.00146433
-0.001482
-0.00149997
-0.00151827
-0.00153693
-0.001556
-0.0015755
-0.00159547
-0.00161596
-0.00163701
-0.00165868
-0.00168101
-0.00170404
-0.00172761
-0.00175161
-0.00177593
-0.00180051
-0.00182527
-0.00185015
-0.00187509
-0.00190008
-0.0019254
-0.00195125
-0.0019778
-0.00200516
-0.00203342
-0.00206268
-0.00209301
-0.00212448
-0.00215719
-0.0021912
-0.00222661
-0.00226349
-0.00230192
-0.002342
-0.00238381
-0.00242744
-0.00247299
-0.00252055
-0.0025702
-0.00262205
-0.0026762
-0.00273274
-0.00279177
-0.0028534
-0.00291771
-0.00298481
-0.00305479
-0.00312776
-0.00320379
-0.00328299
-0.00336544
-0.00345121
-0.00354039
-0.00363304
-0.00372922
-0.00382899
-0.00393239
-0.00403944
-0.00415017
-0.00426457
-0.00438264
-0.00450432
-0.00462958
-0.00475833
-0.00489047
-0.00502589
-0.00516441
-0.00530588
-0.00545008
-0.00559675
-0.00574563
-0.0058964
-0.00604871
-0.00620219
-0.0063564
-0.00651089
-0.00666517
-0.0068187
-0.00697091
-0.00712121
-0.00726896
-0.00741349
-0.00755411
-0.00769011
-0.00782074
-0.00794525
-0.00806288
-0.00817285
-0.00827438
-0.00836671
-0.00844907
-0.00852073
-0.00858096
-0.0086291
-0.00866449
-0.00868656
-0.00869475
-0.00868861
-0.00866774
-0.00863182
-0.00858061
-0.00851397
-0.00843187
-0.00833435
-0.00822157
-0.00809382
-0.00795147
-0.00779501
-0.00762503
-0.00744224
-0.00724744
-0.00704155
-0.00682555
-0.00660051
-0.00636758
-0.00612796
-0.00588289
-0.00563366
-0.00538158
-0.00512793
-0.00487402
-0.0046211
-0.00437039
-0.00412304
-0.00388013
-0.00364268
-0.00341159
-0.00318768
-0.00297165
-0.0027641
-0.00256552
-0.00237627
-0.00219662
-0.00202672
-0.00186662
-0.00171628
-0.00157558
-0.00144431
-0.00132221
-0.00120897
-0.00110421
-0.00100754
-0.00091853
-0.000836738
-0.000761715
-0.000693011
-0.000630178
-0.000572778
-0.000520389
-0.000472606
-0.00042905
-0.000389361
-0.000353202
-0.000320264
-0.000290262
-0.000262934
-0.000238041
-0.000215366
-0.000194711
-0.000175897
-0.00015876
-0.000143154
-0.000128945
-0.000116013
-0.000104249
-9.35527e-05
-8.38355e-05
-7.50151e-05
-6.70166e-05
-5.97712e-05
-5.32162e-05
-4.72937e-05
-4.19505e-05
-3.71376e-05
-3.28098e-05
-2.89252e-05
-2.54451e-05
-2.23337e-05
-1.95579e-05
-1.70869e-05
-1.48924e-05
-1.29482e-05
-1.12299e-05
-9.7152e-06
-8.38352e-06
-7.21592e-06
-6.19503e-06
-5.30494e-06
-4.53113e-06
-3.8604e-06
-3.28073e-06
-2.78127e-06
-2.35223e-06
-1.9848e-06
-1.67109e-06
-1.40405e-06
-1.17742e-06
-9.85648e-07
-8.23837e-07
-6.87678e-07
-5.73406e-07
-4.77738e-07
-3.97831e-07
-3.31226e-07
-2.75812e-07
-2.29777e-07
-1.91583e-07
-1.59922e-07
-1.33693e-07
-1.11966e-07
-9.39634e-08
-7.90322e-08
-6.66279e-08
-5.63034e-08
-4.77055e-08
-4.05462e-08
-3.45879e-08
-2.95561e-08
-2.52457e-08
-2.15464e-08
-1.83391e-08
-1.55077e-08
-1.30138e-08
-1.08309e-08
-8.93707e-09
-7.30968e-09
-5.92506e-09
-4.75879e-09
-3.78653e-09
-2.98456e-09
-2.33021e-09
-1.80236e-09
-1.38155e-09
-1.05015e-09
-7.9242e-10
-5.94586e-10
-4.44735e-10
-3.32777e-10
-2.50205e-10
-1.90032e-10
-1.4668e-10
-1.15638e-10
-9.34837e-11
-7.76331e-11
-6.61116e-11
-5.75806e-11
-5.18132e-11
-0.000672732
-0.000679448
-0.000686632
-0.000694237
-0.000702223
-0.000710551
-0.000719189
-0.000728108
-0.000737283
-0.00074669
-0.00075631
-0.000766124
-0.000776116
-0.000786272
-0.000796578
-0.000807023
-0.000817596
-0.000828286
-0.000839084
-0.000849982
-0.00086097
-0.000872042
-0.000883189
-0.000894404
-0.00090568
-0.000917009
-0.000928385
-0.0009398
-0.000951243
-0.00096268
-0.000974112
-0.000985538
-0.000996954
-0.00100836
-0.00101974
-0.0010311
-0.00104242
-0.00105371
-0.00106496
-0.00107615
-0.00108728
-0.00109836
-0.00110936
-0.00112028
-0.00113112
-0.00114187
-0.00115252
-0.00116308
-0.00117353
-0.00118387
-0.0011941
-0.00120422
-0.00121422
-0.00122411
-0.00123388
-0.00124355
-0.00125311
-0.00126259
-0.00127198
-0.00128131
-0.00129061
-0.00129989
-0.0013092
-0.00131858
-0.00132807
-0.00133775
-0.00134769
-0.00135797
-0.00136872
-0.00138006
-0.00139214
-0.00140514
-0.00141919
-0.00143406
-0.00144954
-0.00146541
-0.0014815
-0.00149762
-0.00151358
-0.00152955
-0.00154572
-0.0015623
-0.00157946
-0.00159736
-0.00161614
-0.00163596
-0.00165692
-0.00167917
-0.00170282
-0.00172799
-0.00175482
-0.00178343
-0.00181395
-0.00184652
-0.0018813
-0.00191842
-0.00195804
-0.00200033
-0.00204546
-0.0020936
-0.00214494
-0.00219968
-0.002258
-0.00232011
-0.00238623
-0.00245657
-0.00253135
-0.00261081
-0.00269518
-0.0027847
-0.0028796
-0.00298013
-0.00308653
-0.00319904
-0.00331791
-0.00344334
-0.00357558
-0.00371484
-0.0038613
-0.00401516
-0.00417658
-0.00434569
-0.00452261
-0.00470741
-0.00490014
-0.0051008
-0.00530935
-0.00552572
-0.00574975
-0.00598126
-0.00622
-0.00646564
-0.00671781
-0.00697606
-0.00723985
-0.00750859
-0.0077816
-0.00805812
-0.00833732
-0.00861828
-0.00890001
-0.00918143
-0.00946139
-0.00973866
-0.010012
-0.0102799
-0.0105411
-0.0107941
-0.0110373
-0.0112692
-0.0114883
-0.0116929
-0.0118815
-0.0120527
-0.0122048
-0.0123365
-0.0124463
-0.012533
-0.0125954
-0.0126323
-0.0126428
-0.0126262
-0.0125816
-0.0125088
-0.0124075
-0.0122777
-0.0121196
-0.0119336
-0.0117206
-0.0114813
-0.0112171
-0.0109294
-0.0106199
-0.0102906
-0.00994353
-0.00958098
-0.00920536
-0.00881917
-0.00842499
-0.00802545
-0.00762317
-0.00722071
-0.00682055
-0.00642506
-0.00603645
-0.00565672
-0.00528769
-0.00493094
-0.00458782
-0.00425939
-0.00394649
-0.00364973
-0.00336949
-0.00310595
-0.00285908
-0.00262868
-0.00241436
-0.00221563
-0.00203191
-0.00186253
-0.00170671
-0.00156365
-0.00143254
-0.00131252
-0.00120277
-0.00110246
-0.0010108
-0.000927054
-0.000850511
-0.000780526
-0.0007165
-0.000657884
-0.000604175
-0.000554914
-0.000509685
-0.000468114
-0.000429862
-0.000394629
-0.000362147
-0.000332182
-0.000304521
-0.000278977
-0.000255377
-0.00023357
-0.000213418
-0.000194796
-0.000177594
-0.000161709
-0.000147049
-0.000133529
-0.000121071
-0.000109604
-9.90596e-05
-8.93768e-05
-8.04973e-05
-7.23667e-05
-6.49337e-05
-5.81501e-05
-5.19709e-05
-4.63532e-05
-4.12563e-05
-3.66416e-05
-3.24724e-05
-2.87143e-05
-2.53347e-05
-2.23029e-05
-1.95897e-05
-1.71678e-05
-1.50113e-05
-1.30965e-05
-1.14008e-05
-9.9033e-06
-8.58426e-06
-7.42552e-06
-6.41033e-06
-5.52336e-06
-4.75056e-06
-4.07904e-06
-3.49703e-06
-2.9938e-06
-2.5597e-06
-2.18607e-06
-1.86522e-06
-1.59031e-06
-1.35526e-06
-1.15468e-06
-9.83795e-07
-8.38435e-07
-7.14949e-07
-6.10165e-07
-5.21332e-07
-4.46081e-07
-3.82373e-07
-3.285e-07
-2.83025e-07
-2.43847e-07
-2.09153e-07
-1.78385e-07
-1.51188e-07
-1.27254e-07
-1.063e-07
-8.8061e-08
-7.2291e-08
-5.87573e-08
-4.72407e-08
-3.75338e-08
-2.944e-08
-2.27726e-08
-1.73551e-08
-1.30207e-08
-9.6123e-09
-6.98371e-09
-4.99977e-09
-3.53759e-09
-2.48691e-09
-1.7511e-09
-1.24765e-09
-9.08508e-10
-6.80004e-10
-5.22362e-10
-0.000659372
-0.000656634
-0.000655053
-0.000654525
-0.000654952
-0.000656249
-0.000658334
-0.000661136
-0.000664588
-0.00066863
-0.000673207
-0.00067827
-0.000683773
-0.000689675
-0.000695938
-0.000702527
-0.000709411
-0.00071656
-0.000723949
-0.000731552
-0.000739347
-0.000747312
-0.000755428
-0.000763675
-0.000772036
-0.000780495
-0.000789035
-0.00079764
-0.000806298
-0.000814992
-0.000823711
-0.000832441
-0.000841173
-0.000849894
-0.000858593
-0.00086726
-0.000875884
-0.000884455
-0.000892961
-0.000901394
-0.000909742
-0.000917994
-0.000926142
-0.000934175
-0.000942082
-0.000949854
-0.00095748
-0.000964951
-0.000972257
-0.000979388
-0.000986334
-0.000993085
-0.000999633
-0.00100597
-0.00101208
-0.00101796
-0.00102361
-0.001029
-0.00103414
-0.00103902
-0.00104363
-0.00104796
-0.00105201
-0.00105578
-0.00105925
-0.00106243
-0.00106532
-0.00106791
-0.00107021
-0.00107223
-0.00107399
-0.0010755
-0.0010768
-0.00107794
-0.00107899
-0.00108009
-0.00108139
-0.00108315
-0.0010857
-0.00108906
-0.00109314
-0.00109783
-0.00110297
-0.00110835
-0.00111399
-0.00111994
-0.00112623
-0.00113291
-0.00114007
-0.0011478
-0.0011562
-0.00116538
-0.00117546
-0.00118657
-0.00119885
-0.00121243
-0.00122748
-0.00124415
-0.00126261
-0.00128305
-0.00130564
-0.0013306
-0.00135813
-0.00138846
-0.00142182
-0.00145846
-0.00149866
-0.00154268
-0.00159084
-0.00164345
-0.00170084
-0.00176337
-0.0018314
-0.00190532
-0.00198554
-0.00207248
-0.00216658
-0.00226829
-0.00237807
-0.0024964
-0.00262376
-0.00276064
-0.00290752
-0.00306489
-0.00323324
-0.00341302
-0.00360469
-0.00380868
-0.0040254
-0.00425522
-0.00449846
-0.00475542
-0.00502632
-0.00531136
-0.00561063
-0.00592419
-0.00625199
-0.00659391
-0.00694976
-0.00731921
-0.00770186
-0.00809721
-0.00850461
-0.00892334
-0.0093525
-0.00979111
-0.010238
-0.0106919
-0.0111514
-0.0116147
-0.0120801
-0.0125455
-0.0130089
-0.0134684
-0.0139217
-0.0143667
-0.014801
-0.0152221
-0.0156274
-0.0160144
-0.0163801
-0.016722
-0.0170372
-0.0173228
-0.0175763
-0.0177948
-0.0179759
-0.018117
-0.0182159
-0.0182706
-0.0182792
-0.0182402
-0.0181526
-0.0180158
-0.0178295
-0.0175942
-0.0173104
-0.0169795
-0.0166031
-0.0161836
-0.015724
-0.0152278
-0.0146989
-0.0141417
-0.0135608
-0.0129612
-0.012348
-0.0117263
-0.0111012
-0.0104776
-0.00986005
-0.00925266
-0.00865933
-0.00808354
-0.0075283
-0.00699602
-0.00648856
-0.00600735
-0.0055534
-0.00512726
-0.00472909
-0.00435869
-0.00401552
-0.00369876
-0.0034073
-0.00313978
-0.00289472
-0.00267056
-0.00246574
-0.00227869
-0.00210795
-0.00195212
-0.00180985
-0.00167986
-0.00156098
-0.00145209
-0.00135217
-0.00126028
-0.00117558
-0.00109735
-0.00102495
-0.000957811
-0.000895411
-0.000837296
-0.000783061
-0.000732348
-0.00068485
-0.000640295
-0.000598445
-0.000559092
-0.000522051
-0.000487155
-0.000454258
-0.000423237
-0.000393981
-0.000366387
-0.000340359
-0.000315813
-0.000292679
-0.000270896
-0.000250405
-0.000231146
-0.000213061
-0.000196094
-0.0001802
-0.000165335
-0.000151454
-0.000138507
-0.000126449
-0.000115244
-0.000104854
-9.52422e-05
-8.6368e-05
-7.81882e-05
-7.06608e-05
-6.37501e-05
-5.74229e-05
-5.16458e-05
-4.63841e-05
-4.1602e-05
-3.72634e-05
-3.33322e-05
-2.9777e-05
-2.65702e-05
-2.36855e-05
-2.10963e-05
-1.87764e-05
-1.67014e-05
-1.48483e-05
-1.31958e-05
-1.17239e-05
-1.04139e-05
-9.2489e-06
-8.21343e-06
-7.2934e-06
-6.47765e-06
-5.7338e-06
-5.05261e-06
-4.4296e-06
-3.86124e-06
-3.34436e-06
-2.87606e-06
-2.45369e-06
-2.07473e-06
-1.73685e-06
-1.43778e-06
-1.17534e-06
-9.4734e-07
-7.51579e-07
-5.858e-07
-4.47659e-07
-3.34706e-07
-2.44378e-07
-1.74002e-07
-1.20818e-07
-8.20269e-08
-5.48562e-08
-3.66502e-08
-2.4971e-08
-1.7704e-08
-0.000876293
-0.000851762
-0.000829552
-0.000809509
-0.000791486
-0.000775347
-0.000760961
-0.000748206
-0.000736968
-0.000727139
-0.000718617
-0.000711309
-0.000705126
-0.000699984
-0.000695808
-0.000692524
-0.000690065
-0.000688368
-0.000687375
-0.00068703
-0.000687281
-0.000688082
-0.000689386
-0.000691152
-0.000693341
-0.000695915
-0.00069884
-0.000702084
-0.000705615
-0.000709406
-0.000713428
-0.000717657
-0.000722069
-0.000726641
-0.000731351
-0.000736179
-0.000741106
-0.000746113
-0.000751182
-0.000756296
-0.00076144
-0.000766597
-0.000771752
-0.000776891
-0.000782001
-0.000787067
-0.000792076
-0.000797016
-0.000801875
-0.000806641
-0.000811302
-0.000815848
-0.000820267
-0.00082455
-0.000828686
-0.000832666
-0.000836481
-0.000840121
-0.000843579
-0.000846846
-0.000849916
-0.00085278
-0.000855432
-0.000857866
-0.000860077
-0.000862059
-0.00086381
-0.000865324
-0.0008666
-0.000867636
-0.000868432
-0.000868989
-0.000869309
-0.000869397
-0.000869258
-0.000868904
-0.000868344
-0.000867595
-0.000866678
-0.000865619
-0.000864461
-0.000863269
-0.000862157
-0.000861303
-0.0008607
-0.000860329
-0.000860149
-0.00086016
-0.000860401
-0.000860916
-0.000861756
-0.000862976
-0.000864639
-0.000866817
-0.000869586
-0.000873035
-0.000877257
-0.000882359
-0.000888456
-0.000895677
-0.000904159
-0.000914056
-0.000925534
-0.000938774
-0.000953974
-0.000971347
-0.000991128
-0.00101357
-0.00103894
-0.00106754
-0.00109968
-0.00113571
-0.00117598
-0.0012209
-0.00127089
-0.00132637
-0.00138784
-0.00145579
-0.00153075
-0.00161328
-0.00170394
-0.00180336
-0.00191216
-0.00203099
-0.00216052
-0.00230142
-0.0024544
-0.00262015
-0.00279937
-0.00299276
-0.00320101
-0.00342479
-0.00366477
-0.00392157
-0.00419578
-0.00448795
-0.00479861
-0.00512819
-0.00547709
-0.00584566
-0.00623415
-0.00664275
-0.00707157
-0.00752066
-0.00798998
-0.00847941
-0.00898877
-0.00951784
-0.0100664
-0.0106341
-0.0112198
-0.0118195
-0.0124324
-0.0130576
-0.0136938
-0.0143396
-0.0149934
-0.0156533
-0.0163174
-0.0169834
-0.017649
-0.0183115
-0.0189684
-0.0196166
-0.0202533
-0.0208751
-0.0214786
-0.0220605
-0.0226169
-0.0231441
-0.0236378
-0.0240944
-0.0245094
-0.0248789
-0.0251987
-0.0254649
-0.0256735
-0.0258204
-0.0259018
-0.0259136
-0.0258531
-0.0257174
-0.0255048
-0.0252143
-0.0248457
-0.0244006
-0.0238811
-0.0232909
-0.0226347
-0.0219182
-0.0211479
-0.0203313
-0.0194759
-0.0185902
-0.0176833
-0.0167636
-0.0158395
-0.0149189
-0.0140091
-0.0131171
-0.0122494
-0.0114118
-0.0106096
-0.00984768
-0.00912919
-0.00845597
-0.00782854
-0.00724643
-0.00670842
-0.00621293
-0.0057581
-0.00534178
-0.00496166
-0.00461526
-0.00430009
-0.00401361
-0.0037532
-0.00351637
-0.00330079
-0.00310431
-0.00292498
-0.00276099
-0.00261063
-0.00247246
-0.0023451
-0.00222735
-0.00211812
-0.0020165
-0.00192167
-0.00183287
-0.00174946
-0.00167086
-0.00159654
-0.00152604
-0.001459
-0.00139508
-0.00133394
-0.00127525
-0.00121881
-0.0011645
-0.00111223
-0.00106184
-0.0010132
-0.000966163
-0.000920609
-0.000876521
-0.000833853
-0.000792519
-0.000752387
-0.000713457
-0.000675778
-0.000639395
-0.000604298
-0.000570432
-0.00053772
-0.000506126
-0.000475709
-0.00044653
-0.000418632
-0.00039202
-0.000366644
-0.000342457
-0.000319367
-0.000297399
-0.000276587
-0.000256944
-0.00023844
-0.000221043
-0.00020473
-0.000189471
-0.000175225
-0.000161943
-0.000149577
-0.000138077
-0.000127241
-0.000116948
-0.000107187
-9.79349e-05
-8.9165e-05
-8.08531e-05
-7.29781e-05
-6.55225e-05
-5.84727e-05
-5.18191e-05
-4.55563e-05
-3.96825e-05
-3.41996e-05
-2.91128e-05
-2.44302e-05
-2.01615e-05
-1.63177e-05
-1.29087e-05
-9.94248e-06
-7.42175e-06
-5.34188e-06
-3.68808e-06
-2.43325e-06
-1.53661e-06
-9.43716e-07
-5.8847e-07
-0.00180357
-0.00173216
-0.0016648
-0.0016013
-0.00154148
-0.00148518
-0.00143221
-0.00138242
-0.00133565
-0.00129175
-0.00125057
-0.00121197
-0.00117582
-0.00114198
-0.00111035
-0.0010808
-0.00105321
-0.00102749
-0.00100353
-0.000981229
-0.000960499
-0.000941251
-0.000923401
-0.000906869
-0.00089158
-0.00087746
-0.000864441
-0.000852459
-0.00084145
-0.000831357
-0.000822122
-0.000813694
-0.00080602
-0.000799054
-0.000792749
-0.000787062
-0.000781952
-0.00077738
-0.000773308
-0.000769701
-0.000766525
-0.000763748
-0.000761339
-0.00075927
-0.000757512
-0.000756039
-0.000754826
-0.000753849
-0.000753085
-0.000752513
-0.000752111
-0.000751861
-0.000751744
-0.000751741
-0.000751837
-0.000752015
-0.00075226
-0.000752559
-0.000752898
-0.000753263
-0.000753645
-0.000754031
-0.000754412
-0.000754779
-0.000755122
-0.000755435
-0.00075571
-0.000755942
-0.000756124
-0.000756254
-0.000756327
-0.000756341
-0.000756294
-0.000756185
-0.000756015
-0.000755786
-0.000755499
-0.000755158
-0.000754768
-0.000754335
-0.000753868
-0.000753377
-0.000752879
-0.000752395
-0.000751958
-0.000751626
-0.0007515
-0.000751685
-0.000752325
-0.000753489
-0.000755219
-0.000757561
-0.000760569
-0.000764305
-0.00076884
-0.000774254
-0.000780635
-0.000788085
-0.000796716
-0.000806651
-0.000818029
-0.000831001
-0.000845734
-0.000862411
-0.000881233
-0.000902421
-0.000926214
-0.000952872
-0.000982678
-0.00101594
-0.00105298
-0.00109417
-0.00113988
-0.00119053
-0.00124655
-0.00130841
-0.0013766
-0.00145165
-0.0015341
-0.00162455
-0.00172359
-0.00183186
-0.00195002
-0.00207873
-0.00221871
-0.00237066
-0.00253531
-0.00271339
-0.00290565
-0.00311282
-0.00333563
-0.0035748
-0.00383104
-0.00410503
-0.00439741
-0.0047088
-0.00503977
-0.00539086
-0.00576255
-0.00615525
-0.00656934
-0.00700513
-0.00746286
-0.00794272
-0.00844482
-0.0089692
-0.00951584
-0.0100846
-0.0106754
-0.011288
-0.0119219
-0.0125766
-0.0132514
-0.0139452
-0.0146572
-0.0153862
-0.0161311
-0.0168908
-0.0176637
-0.0184484
-0.0192429
-0.0200454
-0.0208539
-0.0216665
-0.0224811
-0.0232955
-0.0241074
-0.0249146
-0.0257145
-0.0265044
-0.0272817
-0.0280437
-0.0287876
-0.0295106
-0.0302104
-0.0308846
-0.0315308
-0.0321456
-0.0327254
-0.0332669
-0.0337654
-0.0342162
-0.0346121
-0.0349464
-0.035213
-0.0354053
-0.0355172
-0.0355428
-0.0354775
-0.0353174
-0.0350602
-0.0347034
-0.0342474
-0.0336937
-0.0330441
-0.0323026
-0.0314735
-0.030562
-0.0295723
-0.0285108
-0.0273839
-0.026196
-0.0249478
-0.0236806
-0.0224078
-0.0211433
-0.0198994
-0.0186868
-0.0175141
-0.0163879
-0.0153137
-0.0142961
-0.0133379
-0.012441
-0.0116064
-0.0108338
-0.0101219
-0.00946858
-0.00887112
-0.008326
-0.00782966
-0.00737821
-0.00696858
-0.0065962
-0.00625715
-0.00594831
-0.00566714
-0.00541109
-0.00517776
-0.00496504
-0.00477075
-0.00459273
-0.00442921
-0.00427894
-0.00414075
-0.00401324
-0.00389476
-0.00378412
-0.00368063
-0.00358373
-0.00349292
-0.00340751
-0.00332672
-0.00324986
-0.00317653
-0.0031064
-0.00303889
-0.00297324
-0.00290897
-0.0028458
-0.00278354
-0.00272209
-0.0026612
-0.00260043
-0.00253935
-0.00247775
-0.00241554
-0.00235271
-0.0022893
-0.00222533
-0.00216069
-0.00209519
-0.00202886
-0.00196187
-0.00189444
-0.00182678
-0.00175914
-0.00169176
-0.00162486
-0.00155864
-0.0014933
-0.00142897
-0.00136576
-0.00130374
-0.00124317
-0.00118414
-0.00112658
-0.00107038
-0.00101536
-0.000961321
-0.000908077
-0.000855414
-0.000803106
-0.000750953
-0.00069877
-0.000646381
-0.000593652
-0.000540505
-0.000486931
-0.000433021
-0.000378997
-0.000325259
-0.000272425
-0.000221344
-0.000173079
-0.000128867
-9.00309e-05
-5.78436e-05
-3.33353e-05
-1.70705e-05
-0.00470914
-0.00453407
-0.00436644
-0.00420596
-0.00405235
-0.00390535
-0.0037647
-0.00363015
-0.00350145
-0.00337838
-0.00326071
-0.00314823
-0.00304072
-0.00293798
-0.00283982
-0.00274606
-0.00265651
-0.00257099
-0.00248935
-0.00241142
-0.00233705
-0.00226608
-0.00219838
-0.0021338
-0.00207222
-0.0020135
-0.00195752
-0.00190417
-0.00185333
-0.0018049
-0.00175876
-0.00171482
-0.00167299
-0.00163317
-0.00159527
-0.0015592
-0.00152489
-0.00149226
-0.00146124
-0.00143174
-0.00140371
-0.00137708
-0.00135177
-0.00132775
-0.00130493
-0.00128328
-0.00126274
-0.00124325
-0.00122477
-0.00120725
-0.00119065
-0.00117493
-0.00116005
-0.00114596
-0.00113263
-0.00112003
-0.00110812
-0.00109688
-0.00108627
-0.00107626
-0.00106683
-0.00105796
-0.00104961
-0.00104178
-0.00103443
-0.00102755
-0.00102113
-0.00101514
-0.00100957
-0.00100441
-0.000999644
-0.000995264
-0.00099126
-0.000987624
-0.00098435
-0.000981433
-0.000978869
-0.000976656
-0.000974794
-0.000973283
-0.000972127
-0.000971331
-0.000970904
-0.000970861
-0.000971229
-0.000972057
-0.000973444
-0.000975596
-0.000978949
-0.000983951
-0.000990664
-0.000999162
-0.00100953
-0.00102186
-0.00103627
-0.00105289
-0.00107184
-0.0010933
-0.00111743
-0.00114442
-0.00117449
-0.00120786
-0.00124478
-0.00128552
-0.00133036
-0.00137961
-0.00143361
-0.00149272
-0.00155732
-0.00162782
-0.00170464
-0.00178825
-0.00187912
-0.00197776
-0.00208469
-0.00220048
-0.00232569
-0.00246092
-0.00260678
-0.0027639
-0.00293294
-0.00311456
-0.00330943
-0.00351823
-0.00374167
-0.00398041
-0.00423515
-0.00450655
-0.00479529
-0.00510201
-0.00542735
-0.00577191
-0.00613624
-0.00652087
-0.00692626
-0.00735282
-0.00780089
-0.0082708
-0.00876276
-0.00927693
-0.00981337
-0.0103721
-0.010953
-0.0115561
-0.0121813
-0.0128283
-0.0134967
-0.0141864
-0.014897
-0.0156285
-0.0163811
-0.0171546
-0.0179484
-0.0187614
-0.0195924
-0.0204404
-0.0213041
-0.0221827
-0.0230753
-0.0239805
-0.0248962
-0.0258203
-0.0267505
-0.0276845
-0.0286202
-0.0295554
-0.0304882
-0.0314167
-0.0323384
-0.0332503
-0.0341495
-0.0350329
-0.0358978
-0.0367415
-0.0375622
-0.0383587
-0.0391309
-0.0398791
-0.0406032
-0.0413042
-0.0419823
-0.0426326
-0.043255
-0.0438499
-0.0444166
-0.0449484
-0.0454393
-0.045883
-0.0462727
-0.0466015
-0.0468623
-0.0470484
-0.0471543
-0.0471763
-0.047112
-0.0469602
-0.0467187
-0.0463866
-0.0459654
-0.0454591
-0.0448711
-0.0442093
-0.0434729
-0.0426616
-0.0417797
-0.0408448
-0.0398681
-0.0388539
-0.0378071
-0.0367321
-0.0356333
-0.0345146
-0.0333804
-0.0322349
-0.0310827
-0.0299288
-0.0287785
-0.0276371
-0.02651
-0.0254022
-0.0243183
-0.0232624
-0.0222381
-0.021248
-0.0202943
-0.0193785
-0.0185017
-0.0176649
-0.0168687
-0.0161133
-0.0153984
-0.014723
-0.0140836
-0.0134803
-0.0129159
-0.0123886
-0.0118966
-0.0114385
-0.0110126
-0.0106172
-0.0102506
-0.00991119
-0.00959709
-0.00930655
-0.00903774
-0.00878882
-0.00855798
-0.00834347
-0.00814363
-0.00795691
-0.00778186
-0.00761712
-0.00746145
-0.00731367
-0.00717272
-0.0070376
-0.0069074
-0.00678128
-0.00665855
-0.00653879
-0.00642199
-0.00630859
-0.00619875
-0.00609245
-0.00598965
-0.00589029
-0.00579426
-0.00570133
-0.00561141
-0.00552445
-0.00544029
-0.00535872
-0.00527967
-0.00520308
-0.00512894
-0.00505699
-0.00498687
-0.0049188
-0.00485258
-0.00478788
-0.00472456
-0.00466249
-0.00460096
-0.00453898
-0.00447581
-0.00440993
-0.00433883
-0.0042592
-0.00416642
-0.00405387
-0.00391315
-0.00373395
-0.00350593
-0.00321941
-0.00286736
-0.00244734
-0.00196432
-0.0014339
-0.000884883
-0.000367954
-0.0117007
-0.01133
-0.0109728
-0.0106287
-0.0102972
-0.00997792
-0.00967033
-0.00937402
-0.00908858
-0.00881362
-0.00854875
-0.00829361
-0.00804784
-0.0078111
-0.00758307
-0.00736344
-0.0071519
-0.00694817
-0.00675195
-0.006563
-0.00638103
-0.00620581
-0.00603709
-0.00587465
-0.00571825
-0.00556769
-0.00542276
-0.00528326
-0.005149
-0.00501978
-0.00489545
-0.00477582
-0.00466072
-0.00455001
-0.00444353
-0.00434112
-0.00424266
-0.00414801
-0.00405703
-0.00396959
-0.00388559
-0.0038049
-0.00372741
-0.00365301
-0.00358161
-0.00351309
-0.00344738
-0.00338437
-0.00332398
-0.00326613
-0.00321073
-0.00315771
-0.003107
-0.00305852
-0.00301222
-0.00296802
-0.00292586
-0.0028857
-0.00284746
-0.00281111
-0.00277658
-0.00274384
-0.00271284
-0.00268354
-0.0026559
-0.00262988
-0.00260545
-0.00258258
-0.00256124
-0.00254141
-0.00252305
-0.00250616
-0.0024907
-0.00247667
-0.00246405
-0.00245283
-0.002443
-0.00243456
-0.00242749
-0.00242182
-0.00241754
-0.00241466
-0.00241324
-0.00241332
-0.00241508
-0.00241881
-0.00242521
-0.00243599
-0.00245138
-0.00247119
-0.00249558
-0.00252474
-0.00255888
-0.00259822
-0.002643
-0.00269348
-0.00274993
-0.00281265
-0.00288197
-0.00295823
-0.00304179
-0.00313302
-0.00323228
-0.00333991
-0.00345629
-0.00358188
-0.00371714
-0.00386257
-0.00401864
-0.00418584
-0.0043647
-0.00455572
-0.00475945
-0.00497643
-0.00520721
-0.00545235
-0.00571241
-0.00598795
-0.00627951
-0.00658767
-0.00691296
-0.00725596
-0.00761723
-0.00799735
-0.00839689
-0.00881636
-0.00925622
-0.00971695
-0.010199
-0.0107027
-0.0112286
-0.011777
-0.0123483
-0.0129427
-0.0135604
-0.0142013
-0.0148654
-0.0155529
-0.0162638
-0.0169978
-0.0177544
-0.0185329
-0.0193331
-0.0201547
-0.0209974
-0.0218604
-0.0227427
-0.0236429
-0.0245601
-0.025494
-0.026445
-0.0274137
-0.0284002
-0.0294038
-0.030423
-0.0314562
-0.0325019
-0.0335594
-0.0346278
-0.0357061
-0.0367926
-0.0378848
-0.0389796
-0.0400742
-0.0411656
-0.0422514
-0.0433299
-0.0443986
-0.045455
-0.0464962
-0.0475185
-0.048517
-0.0494874
-0.0504262
-0.0513317
-0.0522033
-0.0530436
-0.0538524
-0.0546293
-0.0553727
-0.0560807
-0.0567527
-0.0573876
-0.057982
-0.0585426
-0.0590726
-0.0595754
-0.0600494
-0.0604927
-0.0609032
-0.0612741
-0.0615977
-0.0618683
-0.0620845
-0.0622429
-0.0623403
-0.0623731
-0.0623391
-0.0622381
-0.0620761
-0.0618687
-0.0616254
-0.0613477
-0.0610364
-0.0606867
-0.0602847
-0.0598245
-0.0593078
-0.058737
-0.058117
-0.0574495
-0.0567401
-0.0559923
-0.0552076
-0.054387
-0.0535325
-0.0526463
-0.0517314
-0.0507912
-0.0498299
-0.0488528
-0.0478641
-0.0468708
-0.0458722
-0.0448695
-0.0438644
-0.0428616
-0.0418675
-0.0408889
-0.0399275
-0.0389837
-0.0380573
-0.037148
-0.0362556
-0.0353801
-0.0345217
-0.0336804
-0.032856
-0.0320485
-0.0312584
-0.0304861
-0.0297326
-0.0289986
-0.0282848
-0.0275916
-0.0269184
-0.0262647
-0.0256301
-0.0250146
-0.0244182
-0.0238412
-0.0232837
-0.0227452
-0.0222249
-0.021722
-0.0212355
-0.0207647
-0.0203091
-0.0198682
-0.0194417
-0.0190294
-0.0186307
-0.0182453
-0.0178727
-0.0175126
-0.0171648
-0.016828
-0.0165023
-0.0161882
-0.0158855
-0.0155941
-0.0153128
-0.0150416
-0.0147809
-0.0145299
-0.0142873
-0.0140546
-0.0138317
-0.0136172
-0.0134113
-0.013215
-0.0130282
-0.0128504
-0.0126822
-0.0125242
-0.0123744
-0.0122319
-0.0120964
-0.0119684
-0.0118489
-0.0117328
-0.011616
-0.0114946
-0.0113632
-0.011209
-0.011
-0.0106556
-0.00996156
-0.00836734
-0.00453354
-0.0244592
-0.023821
-0.0232037
-0.0226068
-0.0220296
-0.0214714
-0.0209316
-0.0204096
-0.0199049
-0.0194168
-0.0189448
-0.0184884
-0.0180472
-0.0176205
-0.017208
-0.0168091
-0.0164235
-0.0160506
-0.0156901
-0.0153417
-0.0150048
-0.0146791
-0.0143644
-0.0140601
-0.0137661
-0.0134819
-0.0132073
-0.012942
-0.0126856
-0.012438
-0.0121988
-0.0119678
-0.0117448
-0.0115295
-0.0113216
-0.011121
-0.0109274
-0.0107407
-0.0105606
-0.010387
-0.0102197
-0.0100585
-0.00990326
-0.00975379
-0.00960995
-0.0094716
-0.0093386
-0.00921083
-0.00908815
-0.00897045
-0.00885761
-0.00874952
-0.00864608
-0.0085472
-0.00845277
-0.00836271
-0.00827694
-0.00819538
-0.00811795
-0.00804458
-0.00797522
-0.0079098
-0.00784827
-0.00779057
-0.00773667
-0.00768651
-0.00764007
-0.00759731
-0.0075582
-0.00752272
-0.00749085
-0.00746258
-0.0074379
-0.00741681
-0.00739931
-0.00738545
-0.00737526
-0.00736878
-0.00736609
-0.00736727
-0.00737252
-0.00738219
-0.0073972
-0.00741981
-0.00745424
-0.00750046
-0.00755816
-0.00762603
-0.00770384
-0.00779187
-0.00789044
-0.00799985
-0.00812041
-0.00825243
-0.00839624
-0.00855213
-0.00872039
-0.0089013
-0.0090951
-0.00930208
-0.00952255
-0.00975679
-0.0100048
-0.0102666
-0.0105423
-0.0108324
-0.0111376
-0.0114585
-0.0117954
-0.0121489
-0.0125193
-0.012907
-0.0133123
-0.0137358
-0.0141776
-0.0146381
-0.0151175
-0.0156162
-0.0161345
-0.0166727
-0.0172312
-0.0178101
-0.0184099
-0.0190314
-0.0196752
-0.0203417
-0.0210313
-0.0217446
-0.0224818
-0.023243
-0.0240285
-0.0248386
-0.0256739
-0.0265346
-0.0274201
-0.0283299
-0.0292638
-0.0302224
-0.031206
-0.0322139
-0.0332443
-0.0342958
-0.0353682
-0.0364621
-0.0375769
-0.0387119
-0.039865
-0.0410338
-0.0422159
-0.0434101
-0.0446162
-0.0458351
-0.0470678
-0.0483141
-0.0495717
-0.0508376
-0.0521095
-0.0533871
-0.0546675
-0.0559489
-0.057229
-0.0585049
-0.0597724
-0.0610276
-0.0622684
-0.0634933
-0.0647001
-0.0658845
-0.067043
-0.0681716
-0.069265
-0.0703156
-0.0713136
-0.0722679
-0.0731776
-0.0740444
-0.0748688
-0.0756548
-0.0764018
-0.0771055
-0.0777637
-0.078375
-0.078932
-0.0794355
-0.0798976
-0.0803258
-0.0807169
-0.081072
-0.0813988
-0.0816933
-0.0819515
-0.082167
-0.0823421
-0.0824759
-0.0825693
-0.0826233
-0.0826367
-0.0826093
-0.082545
-0.0824516
-0.0823068
-0.0821017
-0.0818418
-0.0815358
-0.0811861
-0.080793
-0.0803584
-0.0798846
-0.0793748
-0.0788344
-0.0782691
-0.0776833
-0.0770748
-0.0764444
-0.0757925
-0.0751201
-0.0744273
-0.0737153
-0.072985
-0.0722374
-0.0714737
-0.0706965
-0.0699007
-0.0690857
-0.0682492
-0.0673915
-0.0665212
-0.0656544
-0.0647991
-0.0639558
-0.0631276
-0.0623125
-0.0615086
-0.0607142
-0.0599274
-0.0591463
-0.058369
-0.0575937
-0.0568187
-0.0560425
-0.0552644
-0.0544851
-0.0537093
-0.0529424
-0.0521866
-0.0514409
-0.0507026
-0.04997
-0.0492437
-0.0485273
-0.0478273
-0.0471469
-0.0464869
-0.0458459
-0.0452209
-0.0446091
-0.0440079
-0.0434155
-0.0428316
-0.0422573
-0.0416948
-0.0411432
-0.0406014
-0.0400683
-0.0395431
-0.039025
-0.0385132
-0.0380069
-0.0375064
-0.0370125
-0.0365282
-0.0360549
-0.0355923
-0.0351393
-0.0346944
-0.0342568
-0.0338257
-0.0334002
-0.0329784
-0.0325578
-0.0321362
-0.0317126
-0.0312923
-0.0308969
-0.0305385
-0.0302185
-0.0299318
-0.0296695
-0.0294213
-0.0291771
-0.0289325
-0.0286842
-0.0284297
-0.0281661
-0.0278863
-0.0275666
-0.0271208
-0.0262306
-0.0237134
-0.0152004
-0.0436257
-0.0427616
-0.0419234
-0.0411106
-0.0403224
-0.0395581
-0.0388171
-0.0380988
-0.0374024
-0.0367275
-0.0360733
-0.0354393
-0.034825
-0.0342298
-0.0336531
-0.0330944
-0.0325533
-0.0320293
-0.0315218
-0.0310305
-0.0305549
-0.0300945
-0.029649
-0.0292179
-0.0288009
-0.0283977
-0.0280078
-0.0276309
-0.0272667
-0.0269148
-0.026575
-0.026247
-0.0259305
-0.0256252
-0.0253308
-0.0250472
-0.0247739
-0.0245109
-0.0242579
-0.0240147
-0.023781
-0.0235566
-0.0233414
-0.0231352
-0.0229379
-0.0227493
-0.0225694
-0.0223979
-0.0222348
-0.0220799
-0.0219332
-0.0217944
-0.0216636
-0.0215406
-0.0214254
-0.0213178
-0.0212178
-0.0211254
-0.0210405
-0.020963
-0.020893
-0.0208305
-0.0207754
-0.0207277
-0.0206874
-0.0206546
-0.0206292
-0.0206113
-0.0206009
-0.020598
-0.0206028
-0.0206153
-0.020636
-0.0206653
-0.0207047
-0.0207577
-0.0208282
-0.0209166
-0.0210232
-0.0211481
-0.0212913
-0.0214525
-0.0216306
-0.0218237
-0.0220282
-0.0222445
-0.0224731
-0.0227144
-0.0229686
-0.023236
-0.0235168
-0.0238114
-0.02412
-0.0244428
-0.0247802
-0.0251322
-0.0254988
-0.0258798
-0.026275
-0.0266835
-0.0271035
-0.0275332
-0.0279714
-0.0284179
-0.0288739
-0.0293413
-0.0298217
-0.0303166
-0.0308272
-0.0313543
-0.0318986
-0.0324608
-0.0330416
-0.0336418
-0.0342616
-0.0349014
-0.0355612
-0.0362409
-0.0369414
-0.0376636
-0.0384082
-0.0391764
-0.0399692
-0.0407879
-0.0416345
-0.0425113
-0.0434197
-0.0443608
-0.0453344
-0.0463385
-0.0473733
-0.0484392
-0.0495365
-0.050665
-0.051824
-0.0530133
-0.0542349
-0.0554896
-0.0567767
-0.0580911
-0.0594307
-0.0607925
-0.0621758
-0.0635818
-0.0650087
-0.0664554
-0.067917
-0.0693916
-0.070877
-0.0723659
-0.0738532
-0.0753411
-0.0768316
-0.0783219
-0.0798067
-0.08128
-0.0827306
-0.0841505
-0.0855386
-0.0868919
-0.0882053
-0.0894759
-0.0907026
-0.0918814
-0.0930105
-0.0940906
-0.0951182
-0.0960886
-0.0969884
-0.0978153
-0.0985649
-0.0992437
-0.099848
-0.100375
-0.100835
-0.101245
-0.101607
-0.10192
-0.102183
-0.1024
-0.102568
-0.102691
-0.102776
-0.102821
-0.102827
-0.102796
-0.102733
-0.102629
-0.102489
-0.102315
-0.102114
-0.101885
-0.101626
-0.101339
-0.101029
-0.100698
-0.100346
-0.0999694
-0.0995604
-0.0991061
-0.0986137
-0.0980815
-0.0975213
-0.0969337
-0.0963323
-0.095717
-0.095089
-0.0944491
-0.0937982
-0.0931369
-0.0924668
-0.0917852
-0.0910979
-0.0903963
-0.0896926
-0.0889806
-0.0882697
-0.0875614
-0.08685
-0.0861327
-0.0854074
-0.0846715
-0.0839233
-0.0831651
-0.0823842
-0.0816061
-0.0808321
-0.0800722
-0.0793346
-0.0786185
-0.0779197
-0.0772338
-0.0765566
-0.0758845
-0.0752142
-0.0745433
-0.0738698
-0.0731917
-0.0725074
-0.0718156
-0.0711176
-0.0704117
-0.0697127
-0.0690254
-0.0683517
-0.0676872
-0.0670264
-0.0663684
-0.0657103
-0.0650674
-0.0644415
-0.0638395
-0.0632592
-0.0626943
-0.0621399
-0.061591
-0.0610428
-0.0604937
-0.0599426
-0.0593983
-0.0588596
-0.0583282
-0.0578041
-0.0572852
-0.0567703
-0.0562582
-0.055748
-0.0552388
-0.0547306
-0.0542234
-0.053718
-0.0532145
-0.0527134
-0.0522144
-0.0517172
-0.0512218
-0.0507286
-0.050238
-0.0497507
-0.0492677
-0.0487899
-0.04832
-0.0478576
-0.0474032
-0.0469581
-0.0465231
-0.0460992
-0.0456847
-0.0452776
-0.0448761
-0.0444781
-0.0440808
-0.0436797
-0.0432651
-0.0428136
-0.0422618
-0.0414242
-0.039718
-0.0352316
-0.0216456
-0.0736056
-0.0726361
-0.071694
-0.0707792
-0.0698902
-0.0690269
-0.0681881
-0.067374
-0.0665835
-0.0658165
-0.0650724
-0.0643505
-0.0636505
-0.0629717
-0.0623136
-0.0616756
-0.0610574
-0.0604583
-0.0598779
-0.0593159
-0.0587719
-0.0582457
-0.057737
-0.0572456
-0.0567712
-0.0563134
-0.0558721
-0.0554469
-0.0550375
-0.0546437
-0.0542652
-0.0539017
-0.0535529
-0.0532186
-0.0528983
-0.0525918
-0.052299
-0.0520195
-0.0517531
-0.0514995
-0.0512583
-0.051029
-0.0508118
-0.0506058
-0.0504107
-0.0502268
-0.0500546
-0.0498953
-0.0497487
-0.0496148
-0.0494936
-0.0493851
-0.0492893
-0.0492063
-0.0491359
-0.0490783
-0.0490332
-0.0490006
-0.0489805
-0.0489727
-0.0489773
-0.0489945
-0.0490249
-0.0490691
-0.0491273
-0.0491996
-0.0492862
-0.0493875
-0.0495034
-0.049634
-0.0497793
-0.0499392
-0.0501134
-0.0503007
-0.0504999
-0.0507073
-0.0509193
-0.0511358
-0.0513571
-0.0515833
-0.0518147
-0.0520516
-0.0522945
-0.0525432
-0.052798
-0.0530592
-0.0533274
-0.053603
-0.0538861
-0.0541772
-0.0544764
-0.0547843
-0.055101
-0.055427
-0.0557627
-0.0561083
-0.0564644
-0.0568313
-0.0572096
-0.0575997
-0.0580026
-0.0584196
-0.0588492
-0.059293
-0.0597516
-0.0602277
-0.0607222
-0.0612362
-0.0617712
-0.0623288
-0.0629107
-0.0635186
-0.0641541
-0.0648191
-0.0655154
-0.0662447
-0.0670092
-0.0678097
-0.068648
-0.0695259
-0.070446
-0.0714096
-0.0724179
-0.0734729
-0.0745762
-0.0757295
-0.0769339
-0.0781906
-0.0795015
-0.0808659
-0.0822817
-0.0837473
-0.0852654
-0.0868343
-0.0884482
-0.0901041
-0.0917996
-0.0935318
-0.0952964
-0.0970838
-0.0988852
-0.10069
-0.102496
-0.10429
-0.106061
-0.107795
-0.109482
-0.11111
-0.112668
-0.114143
-0.115527
-0.116813
-0.117976
-0.119008
-0.119904
-0.120661
-0.121277
-0.121747
-0.122082
-0.122282
-0.122352
-0.122303
-0.12214
-0.121872
-0.12151
-0.121061
-0.120536
-0.119946
-0.119294
-0.11859
-0.117843
-0.117064
-0.116257
-0.115428
-0.114583
-0.113724
-0.112857
-0.111984
-0.111107
-0.110227
-0.10935
-0.108476
-0.107607
-0.106743
-0.105885
-0.105032
-0.104188
-0.103352
-0.102524
-0.101703
-0.100889
-0.100083
-0.0992837
-0.0984934
-0.0977109
-0.0969347
-0.0961658
-0.0954058
-0.0946574
-0.0939186
-0.0931898
-0.0924716
-0.0917646
-0.0910665
-0.0903739
-0.0896853
-0.0890001
-0.0883183
-0.0876404
-0.0869688
-0.086307
-0.0856543
-0.0850116
-0.0843782
-0.0837545
-0.08313
-0.0825058
-0.0818823
-0.0812602
-0.0806407
-0.0800232
-0.0794088
-0.0787971
-0.0781884
-0.0775816
-0.0769778
-0.0763713
-0.0757617
-0.0751503
-0.0745385
-0.0739276
-0.0733195
-0.0727172
-0.0721236
-0.0715392
-0.0709638
-0.0703983
-0.0698384
-0.0692827
-0.0687303
-0.068181
-0.067635
-0.0670932
-0.0665546
-0.0660205
-0.0654917
-0.0649685
-0.0644509
-0.0639386
-0.0634328
-0.0629315
-0.0624343
-0.0619414
-0.0614527
-0.0609647
-0.0604805
-0.0600002
-0.0595243
-0.059053
-0.0585862
-0.0581237
-0.0576653
-0.0572104
-0.0567589
-0.0563105
-0.0558651
-0.0554225
-0.0549827
-0.0545457
-0.0541119
-0.0536813
-0.053253
-0.0528279
-0.0524072
-0.0519917
-0.0515814
-0.0511762
-0.050776
-0.0503808
-0.0499906
-0.0496055
-0.0492257
-0.0488514
-0.0484826
-0.0481195
-0.0477613
-0.0474073
-0.0470561
-0.0467047
-0.0463473
-0.0459711
-0.0455499
-0.0450312
-0.0443134
-0.0432059
-0.0413689
-0.0382222
-0.0328542
-0.0239626
-0.010003
)
;

boundaryField
{
    Inlet
    {
        type            zeroGradient;
    }
    BotOutlet1
    {
        type            zeroGradient;
    }
    BotOutlet2
    {
        type            zeroGradient;
    }
    TopInlet
    {
        type            zeroGradient;
    }
    FreeStream
    {
        type            zeroGradient;
    }
    FrontNBack
    {
        type            empty;
    }
    LeftSide
    {
        type            zeroGradient;
    }
    procBoundary3to2
    {
        type            processor;
        value           nonuniform List<scalar> 
400
(
-11479.1
-9974.93
-8465.51
-6951.19
-5430.78
-3890.46
-2278.89
-456.399
-19.5297
-15.2527
-14.763
-14.0038
-13.0777
-12.0487
-10.9564
-9.83036
-8.69399
-7.57015
-6.49485
-5.48655
-4.56111
-3.73072
-3.00292
-2.37993
-1.85886
-1.43256
-1.09097
-0.822408
-0.614859
-0.456878
-0.338189
-0.249979
-0.184967
-0.137327
-0.102516
-0.0770786
-0.0584337
-0.0446892
-0.0344764
-0.0268159
-0.0210123
-0.016573
-0.0131491
-0.0104916
-0.00842071
-0.00680449
-0.00554429
-0.00456473
-0.00380712
-0.00322504
-0.00278139
-0.00244629
-0.00219571
-0.00201035
-0.00187483
-0.00177698
-0.0017073
-0.00165846
-0.00162487
-0.0016023
-0.00158766
-0.00157865
-0.00157365
-0.00157149
-0.00157136
-0.00157269
-0.00157513
-0.00157841
-0.00158238
-0.00158694
-0.00159202
-0.00159759
-0.00160363
-0.00161013
-0.00161709
-0.00162451
-0.0016324
-0.00164075
-0.00164958
-0.00165888
-0.00166866
-0.00167893
-0.00168969
-0.00170095
-0.0017127
-0.00172496
-0.00173773
-0.001751
-0.00176479
-0.00177911
-0.00179394
-0.0018093
-0.0018252
-0.00184163
-0.00185861
-0.00187613
-0.00189421
-0.00191286
-0.00193206
-0.00195184
-0.00196993
-0.00198206
-0.00199403
-0.00200602
-0.00201813
-0.00203042
-0.00204292
-0.00205565
-0.00206864
-0.00208188
-0.0020954
-0.0021092
-0.00212328
-0.00213765
-0.00215231
-0.00216728
-0.00218256
-0.00219816
-0.00221407
-0.00223032
-0.0022469
-0.00226383
-0.00228111
-0.00229875
-0.00231675
-0.00233513
-0.0023539
-0.00237305
-0.00239261
-0.00241257
-0.00243296
-0.00245377
-0.00247502
-0.00249671
-0.00251887
-0.00254149
-0.0025646
-0.00258819
-0.00261229
-0.0026369
-0.00266203
-0.00268771
-0.00271393
-0.00274072
-0.00276808
-0.00279603
-0.00282459
-0.00285377
-0.00288358
-0.00291403
-0.00294515
-0.00297695
-0.00300944
-0.00304264
-0.00307657
-0.00311124
-0.00314668
-0.00318289
-0.0032199
-0.00325773
-0.00329639
-0.0033359
-0.00337629
-0.00341757
-0.00345976
-0.00350288
-0.00354696
-0.00359201
-0.00363806
-0.00368512
-0.00373322
-0.00378237
-0.00383261
-0.00388396
-0.00393642
-0.00399004
-0.00404482
-0.0041008
-0.00415799
-0.00421642
-0.00427611
-0.00433707
-0.00439934
-0.00446293
-0.00452787
-0.00459418
-0.00466186
-0.00473096
-0.00480148
-0.00487344
-0.00494687
-0.00502177
-0.00509817
-0.00517607
-0.0052555
-0.00533647
-0.00541898
-0.00550305
-0.00558869
-0.00567589
-0.00576468
-0.00585505
-0.005947
-0.00604052
-0.00613563
-0.00623231
-0.00633054
-0.00643033
-0.00653165
-0.00663449
-0.00673883
-0.00684464
-0.00695189
-0.00706055
-0.00717059
-0.00728196
-0.00739462
-0.00750851
-0.0076236
-0.00773981
-0.00785708
-0.00797534
-0.00809452
-0.00821453
-0.0083353
-0.00845672
-0.0085787
-0.00870113
-0.00882391
-0.00894692
-0.00907004
-0.00919314
-0.00931609
-0.00943874
-0.00956097
-0.0096826
-0.0098035
-0.00992349
-0.0100424
-0.0101601
-0.0102763
-0.010391
-0.0105038
-0.0106147
-0.0107234
-0.0108298
-0.0109336
-0.0110347
-0.0111329
-0.0112279
-0.0113197
-0.011408
-0.0114927
-0.0115735
-0.0116504
-0.0117231
-0.0117915
-0.0118556
-0.0119151
-0.01197
-0.0120202
-0.0120657
-0.0121063
-0.0121422
-0.0121732
-0.0121994
-0.012221
-0.0122379
-0.0122502
-0.0122583
-0.0122621
-0.012262
-0.0122583
-0.0122512
-0.012241
-0.0122282
-0.0122133
-0.0121967
-0.0121789
-0.0121605
-0.0121422
-0.0121247
-0.0121087
-0.0120949
-0.0120841
-0.0120771
-0.0120743
-0.0120774
-0.0120879
-0.0121072
-0.0121366
-0.0121781
-0.0122345
-0.0123034
-0.0123847
-0.0124795
-0.012589
-0.0127146
-0.0128578
-0.0130202
-0.0132032
-0.0134083
-0.013637
-0.0138905
-0.0141701
-0.0144768
-0.0148117
-0.0151754
-0.0155685
-0.0159912
-0.0164438
-0.0169259
-0.0174371
-0.0179768
-0.018544
-0.0191378
-0.0197567
-0.0203991
-0.0210632
-0.021747
-0.0224481
-0.0231642
-0.0238928
-0.024631
-0.025376
-0.0261248
-0.0268744
-0.0276216
-0.0283635
-0.0290968
-0.0298185
-0.0305256
-0.0312152
-0.0318847
-0.0325315
-0.0331531
-0.0337475
-0.0343128
-0.0348473
-0.0353496
-0.0358187
-0.0362538
-0.0366543
-0.0370199
-0.0373507
-0.0376469
-0.0379089
-0.0381374
-0.0383332
-0.0384973
-0.0386308
-0.0387351
-0.0388115
-0.0388614
-0.0388864
-0.038888
-0.0388678
-0.0388274
-0.0387684
-0.0386925
-0.0386013
-0.0384963
-0.038379
-0.0382511
-0.0381139
-0.0379688
-0.0378172
-0.0376604
-0.0374997
-0.0373363
-0.0371712
-0.0370056
-0.0368404
-0.0366766
-0.0365151
-0.0363567
-0.0362021
-0.036052
-0.0359071
-0.035768
-0.0356351
-0.035509
-0.0353901
-0.0352787
-0.0351751
-0.0350796
-0.0349925
-0.0349138
-0.0348436
-0.0347821
-0.0347293
-0.0346851
-0.0346494
-0.0346221
-0.0346031
-0.0345919
-0.0345858
-0.0345559
-0.0341591
-0.0292933
)
;
    }
}


// ************************************************************************* //
