/*--------------------------------*- C++ -*----------------------------------*\
| =========                 |                                                 |
| \\      /  F ield         | OpenFOAM: The Open Source CFD Toolbox           |
|  \\    /   O peration     | Version:  2.4.0                                 |
|   \\  /    A nd           | Web:      www.OpenFOAM.org                      |
|    \\/     M anipulation  |                                                 |
\*---------------------------------------------------------------------------*/
FoamFile
{
    version     2.0;
    format      ascii;
    class       volScalarField;
    location    "4.7";
    object      p_rgh;
}
// * * * * * * * * * * * * * * * * * * * * * * * * * * * * * * * * * * * * * //

dimensions      [1 -1 -2 0 0 0 0];

internalField   nonuniform List<scalar> 
8000
(
76.5319
76.3996
76.3138
76.2468
75.6652
73.4669
63.7183
1.3321
0.305465
0.329353
0.295526
0.281022
0.281027
0.281113
0.280672
0.280196
0.279893
0.279735
0.279676
0.279657
0.279656
0.279667
0.279688
0.279713
0.279734
0.279736
0.279717
0.279676
0.279613
0.279529
0.279425
0.279304
0.279168
0.27902
0.278862
0.278694
0.278518
0.278334
0.278144
0.277948
0.277745
0.277538
0.277324
0.277105
0.276881
0.276651
0.276415
0.276174
0.275926
0.275672
69.3906
69.4799
69.5592
69.6273
69.6526
69.3462
68.1597
16.5876
1.65628
1.62224
0.0816556
0.198311
0.240624
0.263457
0.273692
0.2748
0.277121
0.278081
0.277534
0.276956
0.276692
0.276357
0.275888
0.275369
0.274862
0.274421
0.274022
0.273707
0.273398
0.273179
0.273018
0.2729
0.272818
0.272762
0.272726
0.272704
0.272688
0.272673
0.272654
0.272629
0.272595
0.272551
0.272498
0.272434
0.272359
0.272273
0.272177
0.27207
0.271952
0.271822
72.7326
72.9888
73.2541
73.4987
73.7435
73.9861
73.9953
73.2217
71.8205
70.801
12.9231
-1.89674
-0.459867
-0.359185
0.239222
0.199857
0.125977
0.1084
0.193208
0.249596
0.253644
0.261347
0.272594
0.279982
0.282394
0.280557
0.277691
0.276303
0.276063
0.276128
0.276085
0.275831
0.275455
0.275102
0.274812
0.274568
0.274341
0.27412
0.273903
0.273687
0.27348
0.27328
0.273084
0.272889
0.272693
0.272492
0.272286
0.272074
0.271854
0.271627
84.9858
85.0321
85.1111
85.2118
85.3326
85.4774
85.6473
85.8067
85.8641
85.8949
85.6319
85.5137
86.027
86.3218
69.4277
63.374
36.0487
10.4482
0.227143
0.286693
0.818974
0.762849
0.556856
0.38858
0.307708
0.276039
0.265247
0.266918
0.28407
0.298901
0.297858
0.286061
0.276488
0.272834
0.272188
0.272009
0.27171
0.271457
0.271277
0.271063
0.270819
0.270603
0.270413
0.270227
0.270032
0.269828
0.269617
0.2694
0.269177
0.268946
82.4441
82.4871
82.525
82.5589
82.5926
82.6268
82.6619
82.6968
82.732
82.7704
82.825
82.892
82.9492
83.0097
83.0126
83.0122
83.018
83.0852
83.3156
83.3904
83.5672
61.2768
44.5335
24.9744
6.81515
0.433238
1.2801
1.55436
1.4012
1.10889
0.732531
0.439032
0.321811
0.321404
0.322329
0.306584
0.28872
0.277806
0.272405
0.269332
0.267678
0.267044
0.266908
0.266717
0.266487
0.266234
0.265967
0.265707
0.265442
0.265177
89.2907
89.3034
89.3236
89.3449
89.3653
89.3848
89.4034
89.421
89.4374
89.4527
89.467
89.48
89.4915
89.502
89.5154
89.5345
89.5748
89.6572
89.7886
89.919
90.0862
90.21
90.3704
90.4989
90.4157
90.0953
88.2636
73.1223
53.8805
27.1272
5.79831
3.38719
3.64913
3.34665
2.23602
1.14857
0.529586
0.386181
0.335502
0.297487
0.273292
0.264195
0.261944
0.260853
0.259384
0.258211
0.257591
0.257227
0.257014
0.256799
90.899
90.8841
90.8679
90.8562
90.8498
90.8484
90.8515
90.8592
90.8715
90.8883
90.9097
90.9355
90.9658
91.0006
91.0399
91.0838
91.1324
91.1862
91.2446
91.3064
91.3702
91.4423
91.5304
91.6461
91.7829
91.9172
92.0847
92.2319
92.3311
92.2305
91.7196
83.7546
81.1593
56.2718
19.232
3.34821
3.89027
3.94343
2.62573
1.07426
0.445335
0.360207
0.335835
0.294444
0.26351
0.250819
0.24675
0.245418
0.244981
0.244791
94.1635
94.1494
94.1366
94.1273
94.1209
94.1171
94.1157
94.1168
94.1204
94.1264
94.1348
94.1458
94.1592
94.1752
94.1937
94.2148
94.2386
94.265
94.2939
94.3253
94.3589
94.3948
94.4328
94.4729
94.5147
94.5581
94.6052
94.6618
94.724
94.7773
94.8381
94.9176
95.0394
95.0422
94.6269
90.024
87.0761
69.3797
37.6498
8.70121
4.16382
4.09026
2.75768
1.05207
0.450404
0.319585
0.269693
0.24722
0.238109
0.2348
96.0478
96.0271
96.0059
95.9888
95.9755
95.9656
95.959
95.9555
95.9552
95.9581
95.9643
95.9737
95.9862
96.002
96.0209
96.0431
96.0684
96.0968
96.1284
96.1632
96.201
96.242
96.286
96.3331
96.3831
96.4361
96.4917
96.5501
96.611
96.6747
96.7413
96.8132
96.8905
96.9689
97.0427
97.1114
97.2353
97.3175
97.1845
93.6028
88.8768
73.7973
31.9596
7.07767
4.10857
2.32811
0.898567
0.429261
0.297162
0.245224
97.478
97.4605
97.4415
97.4245
97.4096
97.3965
97.385
97.375
97.3666
97.3598
97.3545
97.3508
97.3485
97.3478
97.3485
97.3506
97.3541
97.359
97.3652
97.3727
97.3814
97.3913
97.4023
97.4144
97.4274
97.4414
97.4563
97.472
97.4883
97.5053
97.5228
97.5406
97.5586
97.5769
97.5956
97.6157
97.6369
97.6565
97.6671
97.6659
97.697
97.7586
97.6859
90.259
81.1888
35.5334
7.11834
3.77855
1.44296
0.603563
99.1441
99.1165
99.0882
99.0637
99.0428
99.0248
99.0094
98.9966
98.9865
98.979
98.9741
98.9718
98.972
98.9748
98.9801
98.988
98.9984
99.0113
99.0266
99.0445
99.0648
99.0877
99.113
99.1407
99.171
99.2037
99.239
99.2767
99.3169
99.3597
99.405
99.4528
99.5033
99.5563
99.612
99.6704
99.7314
99.7952
99.8626
99.9342
100.008
100.075
100.139
100.222
100.386
100.456
94.079
67.2464
25.2571
9.77634
99.7909
99.7678
99.7428
99.7206
99.7011
99.6839
99.6686
99.6552
99.6439
99.6344
99.627
99.6214
99.6178
99.6161
99.6164
99.6185
99.6226
99.6287
99.6367
99.6467
99.6586
99.6726
99.6886
99.7067
99.7269
99.7493
99.7738
99.8006
99.8297
99.8611
99.895
99.9313
99.9703
100.012
100.056
100.103
100.154
100.207
100.263
100.323
100.386
100.453
100.525
100.601
100.671
100.728
100.806
100.819
97.9065
79.1604
100.477
100.461
100.445
100.431
100.418
100.407
100.397
100.388
100.381
100.374
100.369
100.365
100.363
100.361
100.361
100.362
100.364
100.367
100.372
100.378
100.384
100.392
100.401
100.411
100.422
100.435
100.448
100.462
100.477
100.493
100.51
100.528
100.547
100.567
100.587
100.608
100.63
100.653
100.676
100.7
100.724
100.749
100.775
100.8
100.826
100.853
100.879
100.899
100.917
100.85
100.745
100.737
100.729
100.721
100.714
100.708
100.702
100.696
100.691
100.687
100.683
100.679
100.677
100.674
100.672
100.671
100.67
100.669
100.669
100.669
100.67
100.671
100.673
100.675
100.677
100.68
100.683
100.687
100.69
100.694
100.699
100.703
100.707
100.712
100.717
100.721
100.726
100.73
100.735
100.739
100.742
100.746
100.749
100.751
100.752
100.753
100.751
100.774
100.756
100.774
101.032
101.028
101.024
101.02
101.016
101.013
101.011
101.009
101.007
101.005
101.004
101.004
101.004
101.004
101.004
101.005
101.006
101.008
101.01
101.013
101.016
101.019
101.022
101.027
101.031
101.036
101.041
101.046
101.052
101.059
101.065
101.073
101.08
101.088
101.096
101.105
101.114
101.123
101.133
101.143
101.153
101.164
101.175
101.187
101.198
101.21
101.22
101.246
101.26
101.258
101.411
101.412
101.415
101.417
101.419
101.42
101.422
101.423
101.423
101.424
101.424
101.424
101.423
101.423
101.422
101.421
101.419
101.418
101.416
101.414
101.412
101.41
101.407
101.405
101.402
101.399
101.396
101.392
101.389
101.385
101.381
101.377
101.373
101.368
101.364
101.359
101.353
101.348
101.342
101.336
101.329
101.322
101.315
101.307
101.299
101.29
101.28
101.263
101.271
101.25
101.331
101.339
101.347
101.353
101.359
101.365
101.37
101.375
101.379
101.383
101.386
101.389
101.391
101.393
101.395
101.396
101.397
101.397
101.398
101.397
101.397
101.396
101.395
101.394
101.393
101.391
101.389
101.387
101.385
101.383
101.38
101.378
101.375
101.372
101.37
101.367
101.363
101.36
101.357
101.354
101.351
101.347
101.344
101.34
101.337
101.336
101.34
101.331
101.262
101.093
102.244
102.267
102.294
102.315
102.331
102.343
102.351
102.357
102.36
102.361
102.36
102.357
102.353
102.348
102.342
102.335
102.327
102.319
102.31
102.302
102.292
102.283
102.274
102.265
102.257
102.248
102.24
102.232
102.224
102.217
102.21
102.203
102.197
102.191
102.186
102.18
102.176
102.171
102.167
102.163
102.158
102.154
102.149
102.144
102.14
102.138
102.134
102.091
101.958
92.7319
101.721
101.784
101.842
101.886
101.919
101.945
101.964
101.978
101.988
101.993
101.995
101.994
101.99
101.985
101.977
101.967
101.957
101.945
101.932
101.918
101.904
101.889
101.873
101.857
101.841
101.824
101.807
101.79
101.772
101.754
101.736
101.717
101.698
101.678
101.658
101.637
101.615
101.591
101.567
101.541
101.513
101.483
101.45
101.417
101.382
101.334
101.231
101.055
98.6189
33.0722
107.111
106.717
106.323
105.984
105.689
105.424
105.181
104.96
104.758
104.573
104.402
104.245
104.1
103.966
103.843
103.729
103.623
103.526
103.436
103.353
103.277
103.208
103.144
103.087
103.036
102.991
102.952
102.918
102.89
102.868
102.853
102.843
102.84
102.843
102.854
102.873
102.899
102.935
102.981
103.038
103.107
103.19
103.288
103.404
103.542
103.712
103.916
104.099
104.101
67.0107
0.275412
0.275145
0.27487
0.274588
0.274299
0.274002
0.273696
0.273382
0.273059
0.272727
0.272385
0.272034
0.271673
0.271302
0.27092
0.270527
0.270124
0.269709
0.269283
0.268844
0.268394
0.267932
0.267457
0.266969
0.266468
0.265954
0.265426
0.264885
0.26433
0.263761
0.263177
0.262579
0.261966
0.261339
0.260696
0.260038
0.259365
0.258676
0.257971
0.257251
0.256514
0.255761
0.254992
0.254206
0.253403
0.252584
0.251748
0.250894
0.250022
0.249134
0.271682
0.27153
0.271366
0.271191
0.271005
0.270806
0.270596
0.270374
0.270139
0.269892
0.269633
0.26936
0.269075
0.268778
0.268467
0.268142
0.267805
0.267453
0.267089
0.26671
0.266318
0.265911
0.26549
0.265055
0.264606
0.264142
0.263663
0.26317
0.262661
0.262138
0.2616
0.261046
0.260478
0.259893
0.259294
0.258679
0.258048
0.257401
0.256739
0.256061
0.255367
0.254656
0.25393
0.253188
0.252429
0.251654
0.250863
0.250056
0.249231
0.24839
0.271392
0.271148
0.270895
0.270634
0.270364
0.270084
0.269796
0.269498
0.26919
0.268872
0.268545
0.268207
0.267859
0.2675
0.267131
0.266751
0.266359
0.265957
0.265542
0.265117
0.264679
0.26423
0.263768
0.263295
0.262809
0.26231
0.261799
0.261276
0.260739
0.26019
0.259628
0.259052
0.258464
0.257861
0.257246
0.256617
0.255975
0.255319
0.254649
0.253965
0.253268
0.252556
0.251831
0.251092
0.250338
0.249571
0.248789
0.247994
0.247183
0.246359
0.268707
0.268459
0.268202
0.267935
0.267657
0.267368
0.267068
0.266757
0.266435
0.2661
0.265754
0.265396
0.265025
0.264643
0.264249
0.263844
0.263427
0.262997
0.262556
0.262102
0.261636
0.261158
0.260667
0.260164
0.259649
0.259121
0.258581
0.258029
0.257463
0.256886
0.256296
0.255693
0.255078
0.25445
0.25381
0.253157
0.252491
0.251813
0.251122
0.250419
0.249704
0.248975
0.248235
0.247482
0.246717
0.245939
0.24515
0.244347
0.243533
0.242707
0.264908
0.264628
0.264336
0.264031
0.263713
0.263381
0.263035
0.262675
0.262302
0.261915
0.261515
0.261101
0.260675
0.260236
0.259783
0.259317
0.258839
0.258349
0.257846
0.257332
0.256805
0.256266
0.255716
0.255153
0.25458
0.253994
0.253397
0.252789
0.252169
0.251538
0.250895
0.250242
0.249577
0.248901
0.248214
0.247517
0.246809
0.24609
0.245361
0.244622
0.243873
0.243113
0.242343
0.241562
0.240772
0.239972
0.239161
0.238341
0.237512
0.236673
0.256583
0.256366
0.256142
0.255907
0.255659
0.255396
0.255116
0.254819
0.254505
0.254171
0.253819
0.253448
0.253059
0.252651
0.252227
0.251785
0.251326
0.250851
0.25036
0.249853
0.249331
0.248793
0.248241
0.247674
0.247093
0.246498
0.24589
0.245268
0.244633
0.243985
0.243324
0.242651
0.241966
0.241269
0.240561
0.23984
0.239109
0.238366
0.237612
0.236847
0.236072
0.235287
0.234492
0.233687
0.232872
0.232049
0.231216
0.230375
0.229526
0.228669
0.244671
0.24452
0.244361
0.244196
0.244023
0.243838
0.243637
0.243418
0.243181
0.242923
0.242644
0.242344
0.242021
0.241676
0.241309
0.240921
0.240512
0.240082
0.239633
0.239163
0.238674
0.238166
0.23764
0.237096
0.236535
0.235956
0.235361
0.23475
0.234123
0.233482
0.232825
0.232154
0.23147
0.230772
0.230061
0.229338
0.228602
0.227855
0.227097
0.226328
0.225548
0.224759
0.22396
0.223152
0.222334
0.221509
0.220675
0.219833
0.218986
0.21813
0.233808
0.233527
0.23337
0.233121
0.232847
0.232576
0.232306
0.232031
0.231746
0.231449
0.231138
0.230811
0.230467
0.230105
0.229725
0.229325
0.228906
0.228468
0.228011
0.227536
0.227042
0.22653
0.226
0.225453
0.224889
0.224308
0.223711
0.223099
0.222472
0.22183
0.221173
0.220503
0.21982
0.219123
0.218414
0.217694
0.216961
0.216218
0.215463
0.214699
0.213924
0.213141
0.212348
0.211546
0.210737
0.209919
0.209094
0.208262
0.207425
0.206581
0.227731
0.221723
0.219728
0.219119
0.218873
0.218709
0.218491
0.218261
0.218039
0.217814
0.217578
0.217329
0.217064
0.21678
0.216475
0.21615
0.215802
0.215433
0.215042
0.214628
0.214194
0.213738
0.213262
0.212766
0.212251
0.211718
0.211166
0.210597
0.210011
0.209409
0.208791
0.208157
0.20751
0.206848
0.206173
0.205485
0.204784
0.204072
0.203348
0.202613
0.201868
0.201113
0.200349
0.199576
0.198794
0.198004
0.197207
0.196404
0.195594
0.194778
0.382441
0.278387
0.229977
0.212536
0.207067
0.205547
0.205154
0.205063
0.20493
0.20478
0.204629
0.204472
0.204302
0.204114
0.203906
0.203675
0.20342
0.20314
0.202836
0.202507
0.202152
0.201774
0.201372
0.200947
0.2005
0.200031
0.199542
0.199033
0.198504
0.197958
0.197394
0.196812
0.196215
0.195602
0.194974
0.194332
0.193676
0.193006
0.192325
0.191632
0.190927
0.190212
0.189486
0.188752
0.188008
0.187256
0.186497
0.185731
0.184959
0.18418
3.75572
1.31273
0.520908
0.292023
0.223856
0.202857
0.196588
0.194992
0.194602
0.19454
0.194465
0.194379
0.194281
0.194168
0.194036
0.193881
0.1937
0.193493
0.193258
0.192996
0.192705
0.192387
0.192043
0.191673
0.191278
0.190859
0.190417
0.189953
0.189469
0.188964
0.188441
0.1879
0.187341
0.186766
0.186176
0.18557
0.184951
0.184317
0.183672
0.183014
0.182345
0.181665
0.180976
0.180277
0.179569
0.178854
0.178131
0.177402
0.176667
0.175926
45.4106
19.6801
6.47651
1.71215
0.521155
0.265851
0.206459
0.191831
0.188218
0.187505
0.187534
0.187573
0.187593
0.187592
0.187568
0.187519
0.187439
0.187327
0.18718
0.186999
0.186782
0.186531
0.186247
0.185931
0.185584
0.185209
0.184806
0.184378
0.183926
0.183452
0.182956
0.182441
0.181907
0.181356
0.180789
0.180206
0.179609
0.178998
0.178375
0.17774
0.177093
0.176437
0.175771
0.175096
0.174414
0.173724
0.173027
0.172325
0.171618
0.170906
97.5906
81.9673
47.1978
13.6686
2.24279
0.412342
0.22647
0.19847
0.189376
0.186623
0.186159
0.186245
0.186336
0.186405
0.186445
0.186454
0.186428
0.186363
0.186257
0.186108
0.185916
0.185682
0.185407
0.185093
0.184742
0.184357
0.183939
0.183492
0.183019
0.182521
0.182
0.181459
0.180899
0.180323
0.179731
0.179125
0.178507
0.177877
0.177236
0.176586
0.175926
0.175259
0.174585
0.173905
0.173218
0.172527
0.171831
0.171132
0.17043
0.169725
100.791
100.712
90.1352
34.9356
4.45025
0.428442
0.199064
0.196516
0.194663
0.191604
0.18978
0.189731
0.189764
0.189811
0.18984
0.189849
0.189827
0.189768
0.189669
0.189526
0.189337
0.189101
0.18882
0.188494
0.188125
0.187715
0.187266
0.186783
0.186268
0.185724
0.185154
0.184561
0.183948
0.183317
0.18267
0.18201
0.181338
0.180656
0.179966
0.179268
0.178565
0.177856
0.177143
0.176427
0.175709
0.174989
0.174267
0.173546
0.172824
0.172103
101.281
101.213
82.5362
23.8699
2.45134
0.279594
0.210549
0.207786
0.202938
0.203157
0.195469
0.19416
0.19422
0.194311
0.194392
0.194432
0.194435
0.194415
0.194367
0.194285
0.194164
0.194002
0.193798
0.19355
0.193261
0.19293
0.192557
0.192144
0.191693
0.191206
0.190686
0.190136
0.189558
0.188955
0.18833
0.187686
0.187025
0.18635
0.185662
0.184964
0.184258
0.183545
0.182827
0.182104
0.181379
0.180653
0.179926
0.179199
0.178473
0.177749
101.174
88.6425
32.7001
4.67733
0.49123
0.207184
0.200738
0.200757
0.200615
0.200689
0.20049
0.201777
0.203248
0.203402
0.201019
0.199471
0.198532
0.198209
0.198144
0.198066
0.197962
0.197835
0.19768
0.197529
0.197346
0.197132
0.196892
0.196627
0.196334
0.196012
0.19566
0.19528
0.194871
0.194435
0.193973
0.193486
0.192976
0.192445
0.191893
0.191324
0.190738
0.190138
0.189525
0.1889
0.188265
0.187622
0.186972
0.186316
0.185656
0.184991
89.7178
22.8263
1.98388
0.287437
0.201202
0.19911
0.199239
0.199233
0.199264
0.199293
0.199313
0.19931
0.206402
0.203234
0.20199
0.201648
0.201706
0.201818
0.202019
0.202264
0.202584
0.204743
0.205131
0.199574
0.198881
0.198696
0.198757
0.198811
0.198835
0.198831
0.198801
0.198745
0.198664
0.198556
0.198423
0.198263
0.198077
0.197865
0.197628
0.197366
0.19708
0.19677
0.196437
0.196082
0.195708
0.195314
0.194902
0.194472
0.194026
0.193564
23.0906
2.20465
0.214648
0.202027
0.201954
0.201821
0.201798
0.20178
0.201791
0.201823
0.201935
0.201787
0.201746
0.201717
0.2017
0.201691
0.201741
0.201922
0.202657
0.203768
0.203851
0.203281
0.201896
0.200961
0.200733
0.200719
0.200728
0.200745
0.20077
0.200803
0.200842
0.200886
0.200932
0.200979
0.201025
0.201068
0.201106
0.201137
0.20116
0.201173
0.201174
0.201161
0.201131
0.201082
0.201023
0.200944
0.200845
0.200726
0.200587
0.200426
0.274728
0.261249
0.204563
0.20224
0.202204
0.202199
0.202225
0.202225
0.202239
0.202322
0.202348
0.202373
0.202397
0.202427
0.202388
0.202383
0.202393
0.202418
0.202443
0.202452
0.202452
0.202488
0.202528
0.202579
0.202603
0.202663
0.202721
0.20278
0.202851
0.202949
0.203063
0.203191
0.203336
0.203493
0.203661
0.20384
0.204026
0.204219
0.204418
0.204621
0.204836
0.205151
0.205632
0.205855
0.205519
0.205466
0.205565
0.205716
0.205853
0.205975
0.207313
0.205136
0.205221
0.204408
0.204099
0.20395
0.203863
0.203802
0.203749
0.203708
0.20369
0.203653
0.203638
0.203633
0.203635
0.203644
0.203659
0.203681
0.203708
0.203739
0.203779
0.203823
0.203877
0.203996
0.204063
0.204364
0.204464
0.204276
0.204325
0.204459
0.204633
0.204619
0.204782
0.204967
0.205332
0.205369
0.206125
0.205563
0.205668
0.205899
0.20614
0.206359
0.206693
0.206788
0.206975
0.207181
0.207447
0.207688
0.207758
0.207931
0.248442
0.247954
0.247459
0.246956
0.246444
0.245925
0.245397
0.24486
0.244316
0.243762
0.2432
0.242628
0.242048
0.241458
0.240859
0.24025
0.239632
0.239004
0.238366
0.237718
0.237059
0.236391
0.235711
0.235021
0.234321
0.233609
0.232886
0.232151
0.231406
0.230648
0.229879
0.229098
0.228304
0.227498
0.22668
0.225849
0.225006
0.224149
0.223279
0.222396
0.2215
0.22059
0.219666
0.218727
0.217775
0.216808
0.215827
0.214831
0.21382
0.212794
0.211753
0.210697
0.209624
0.208536
0.207432
0.206312
0.205176
0.204023
0.202853
0.201667
0.200464
0.199243
0.198005
0.19675
0.195477
0.194186
0.192878
0.191551
0.190206
0.188842
0.18746
0.18606
0.18464
0.183202
0.181744
0.180268
0.178772
0.177257
0.175722
0.174168
0.172594
0.171
0.169387
0.167754
0.166101
0.164428
0.162735
0.161023
0.15929
0.157538
0.155765
0.153973
0.152161
0.150329
0.148478
0.146607
0.144717
0.142807
0.140879
0.138931
0.136965
0.13498
0.132977
0.130956
0.128917
0.126861
0.124791
0.122698
0.120591
0.118468
0.116336
0.114178
0.11201
0.109828
0.107634
0.105438
0.103206
0.100972
0.0987301
0.0964784
0.0942305
0.0919563
0.0896763
0.0874046
0.0850981
0.082803
0.080505
0.0782047
0.0759027
0.0736002
0.0712984
0.0689985
0.0667019
0.0644098
0.0621238
0.0598464
0.0575868
0.0553298
0.0530515
0.0508153
0.0485961
0.0463929
0.0442077
0.0420423
0.0398983
0.0377777
0.0356824
0.0336143
0.0315754
0.0295681
0.0275939
0.0256543
0.0237622
0.0219356
0.020111
0.0182842
0.0165407
0.0148573
0.0132231
0.0116416
0.0101171
0.00866526
0.00723085
0.00589226
0.00460246
0.00339863
0.002265
0.00116226
0.000134035
-0.000803286
-0.00166466
-0.00244284
-0.00311939
-0.0037002
-0.00424015
-0.00470902
-0.00506331
-0.005324
-0.00549053
-0.00555657
-0.00551833
-0.00535787
-0.00513721
-0.00483326
-0.00440669
-0.00387553
-0.00323422
-0.00249608
-0.00164416
-0.000689577
0.000395625
0.00159064
0.00277093
0.00415266
0.00565199
0.00723099
0.00892439
0.0107184
0.0126497
0.0145977
0.0166695
0.0188342
0.0210847
0.0234216
0.0258383
0.0283746
0.0308861
0.0335181
0.0362185
0.039033
0.0417978
0.0446664
0.0475837
0.0505462
0.0535532
0.0566257
0.0596739
0.0627829
0.0659207
0.0690519
0.0722271
0.0754229
0.0786371
0.0818681
0.0851151
0.0883765
0.091653
0.0949443
0.0982504
0.101572
0.104908
0.108261
0.11163
0.115017
0.118422
0.121845
0.125286
0.128746
0.132224
0.135719
0.139231
0.142758
0.146298
0.149849
0.153409
0.156973
0.16054
0.164105
0.167664
0.171213
0.174748
0.178262
0.181751
0.185213
0.188642
0.192015
0.195352
0.198638
0.201868
0.205038
0.208142
0.211176
0.214138
0.217031
0.219838
0.222542
0.225167
0.227711
0.230164
0.232525
0.234797
0.236976
0.239052
0.241033
0.242924
0.24472
0.246421
0.24803
0.249548
0.250974
0.252311
0.253561
0.254724
0.255802
0.256803
0.257721
0.258548
0.259305
0.259987
0.260595
0.261131
0.261606
0.262001
0.262316
0.262572
0.262759
0.262878
0.262929
0.262914
0.262768
0.247734
0.24727
0.246799
0.246321
0.245835
0.245342
0.244841
0.244331
0.243814
0.243289
0.242755
0.242213
0.241663
0.241104
0.240536
0.23996
0.239374
0.238779
0.238176
0.237562
0.23694
0.236308
0.235666
0.235014
0.234352
0.23368
0.232998
0.232306
0.231603
0.230889
0.230165
0.229429
0.228683
0.227925
0.227156
0.226376
0.225584
0.22478
0.223964
0.223136
0.222296
0.221444
0.220579
0.219701
0.21881
0.217907
0.21699
0.216061
0.215117
0.214161
0.21319
0.212206
0.211208
0.210195
0.209168
0.208127
0.207071
0.206001
0.204915
0.203814
0.202699
0.201568
0.200421
0.199259
0.198081
0.196887
0.195678
0.194452
0.19321
0.191951
0.190676
0.189384
0.188076
0.18675
0.185408
0.184049
0.182672
0.181278
0.179867
0.178438
0.176992
0.175528
0.174047
0.172548
0.171031
0.169496
0.167943
0.166373
0.164784
0.163178
0.161554
0.159912
0.158252
0.156575
0.154879
0.153166
0.151435
0.149687
0.147922
0.146139
0.144339
0.142521
0.140688
0.138837
0.13697
0.135087
0.133188
0.131273
0.129343
0.127398
0.125438
0.123464
0.121476
0.119474
0.117459
0.115432
0.113392
0.111342
0.10928
0.107207
0.105125
0.103034
0.100935
0.0988274
0.0967134
0.0945933
0.092468
0.0903383
0.0882052
0.0860696
0.0839326
0.0817953
0.0796586
0.0775238
0.0753921
0.0732648
0.0711427
0.0690265
0.066918
0.0648203
0.0627332
0.0606586
0.0585981
0.056553
0.054525
0.0525159
0.0505276
0.0485612
0.0466179
0.044703
0.0428304
0.0409746
0.0391212
0.0373143
0.0355542
0.033832
0.0321489
0.0305067
0.0289093
0.0273673
0.0258644
0.0243863
0.0229764
0.0216269
0.020334
0.0190993
0.0179252
0.0168145
0.0157686
0.0147963
0.0139127
0.0131009
0.012321
0.0116062
0.0110046
0.0104756
0.0100343
0.00967703
0.0093888
0.00921325
0.00911575
0.00913098
0.00925942
0.00934521
0.00962236
0.00999826
0.0104723
0.0110456
0.0117249
0.0125267
0.0134211
0.0143531
0.0154049
0.0165821
0.0178603
0.0192396
0.0207188
0.0223147
0.0240041
0.025712
0.0275741
0.0295282
0.0315731
0.0337062
0.0359252
0.0382251
0.0406062
0.0430764
0.0455793
0.0481693
0.0508282
0.0535491
0.0563286
0.0591988
0.0620343
0.0649603
0.067935
0.0709497
0.0740011
0.0770883
0.0802282
0.0833428
0.0865121
0.0897065
0.0929226
0.0961625
0.0994144
0.102717
0.105979
0.109285
0.112607
0.115947
0.119319
0.122672
0.126058
0.129467
0.132867
0.136299
0.139745
0.143208
0.146683
0.150172
0.153674
0.157187
0.160731
0.164242
0.167777
0.171321
0.174842
0.178375
0.181904
0.185443
0.188932
0.192415
0.195889
0.199302
0.202703
0.206067
0.20939
0.212668
0.215892
0.219062
0.222171
0.225222
0.228193
0.231094
0.233919
0.236664
0.239326
0.241902
0.244386
0.246778
0.249076
0.251277
0.253381
0.255385
0.257288
0.259089
0.260789
0.262387
0.263883
0.265278
0.266574
0.267767
0.268858
0.269854
0.270753
0.271558
0.272269
0.272895
0.273418
0.273863
0.274222
0.2745
0.274695
0.274815
0.274854
0.274817
0.274716
0.274501
0.245715
0.24526
0.244798
0.24433
0.243854
0.243372
0.242883
0.242386
0.241883
0.241372
0.240854
0.240329
0.239796
0.239255
0.238706
0.23815
0.237586
0.237013
0.236433
0.235844
0.235247
0.234642
0.234028
0.233405
0.232774
0.232134
0.231484
0.230826
0.230158
0.229482
0.228795
0.2281
0.227394
0.226679
0.225954
0.225219
0.224475
0.223719
0.222954
0.222178
0.221392
0.220595
0.219787
0.218968
0.218139
0.217298
0.216446
0.215583
0.214709
0.213822
0.212925
0.212015
0.211094
0.21016
0.209214
0.208257
0.207286
0.206304
0.205309
0.204301
0.20328
0.202247
0.2012
0.200141
0.199068
0.197982
0.196883
0.19577
0.194643
0.193503
0.192349
0.191181
0.189999
0.188804
0.187594
0.18637
0.185131
0.183879
0.182612
0.18133
0.180034
0.178723
0.177398
0.176058
0.174704
0.173334
0.17195
0.170551
0.169138
0.167709
0.166266
0.164808
0.163335
0.161848
0.160345
0.158828
0.157297
0.155751
0.15419
0.152615
0.151026
0.149423
0.147805
0.146174
0.144529
0.14287
0.141198
0.139512
0.137814
0.136103
0.134379
0.132644
0.130896
0.129136
0.127366
0.125584
0.123792
0.121989
0.120177
0.118356
0.116525
0.114687
0.11284
0.110987
0.109127
0.10726
0.105389
0.103513
0.101633
0.0997493
0.0978636
0.0959763
0.0940883
0.0922005
0.0903138
0.0884292
0.0865476
0.0846704
0.0827984
0.0809328
0.0790747
0.0772254
0.0753861
0.0735581
0.0717425
0.0699411
0.0681582
0.0664028
0.0646534
0.06289
0.0611789
0.0594924
0.057831
0.056196
0.0545892
0.0530123
0.0514672
0.0499555
0.0484792
0.0470403
0.0456406
0.0442824
0.0429675
0.0416977
0.040475
0.0393014
0.0381791
0.0371104
0.0361082
0.035181
0.0342865
0.0333835
0.0325959
0.0318892
0.03125
0.0306801
0.0301806
0.0297538
0.0294016
0.0291258
0.0289277
0.0288091
0.0287718
0.0288176
0.0289477
0.0291634
0.0294656
0.0298551
0.0303377
0.0309363
0.0316305
0.0323588
0.0331698
0.0341108
0.0351162
0.0362786
0.0374823
0.0387679
0.0401595
0.0416416
0.0432124
0.0448708
0.046616
0.0484509
0.0503846
0.0523772
0.0544184
0.0565507
0.0587728
0.0610675
0.0634334
0.0658658
0.0683621
0.0709198
0.0735434
0.076214
0.0789211
0.0816899
0.0845053
0.0873639
0.0902629
0.0931991
0.096171
0.0991762
0.102213
0.105278
0.10837
0.111488
0.114628
0.117792
0.120978
0.124217
0.127407
0.130649
0.133908
0.137184
0.140477
0.143808
0.147121
0.150454
0.153831
0.157159
0.16053
0.163913
0.167312
0.170704
0.174106
0.177513
0.180942
0.184323
0.187725
0.191119
0.194519
0.197875
0.201228
0.204563
0.207888
0.21115
0.214397
0.217608
0.220794
0.223904
0.226979
0.23
0.232976
0.235865
0.238701
0.241471
0.244149
0.246762
0.249293
0.25174
0.254112
0.256369
0.258544
0.260623
0.262605
0.264487
0.266269
0.267948
0.269523
0.270994
0.272361
0.273624
0.274784
0.275841
0.276807
0.277653
0.278407
0.279073
0.279621
0.280091
0.280471
0.280765
0.280976
0.281108
0.281164
0.281148
0.281067
0.280907
0.242063
0.241607
0.241145
0.240677
0.240203
0.239722
0.239236
0.238743
0.238244
0.237738
0.237226
0.236707
0.236181
0.235649
0.23511
0.234564
0.234011
0.233451
0.232884
0.23231
0.231729
0.23114
0.230544
0.229941
0.22933
0.228711
0.228085
0.227451
0.226809
0.22616
0.225502
0.224837
0.224163
0.223482
0.222792
0.222094
0.221387
0.220672
0.219948
0.219216
0.218476
0.217726
0.216968
0.216201
0.215425
0.21464
0.213846
0.213042
0.21223
0.211408
0.210577
0.209737
0.208887
0.208028
0.207159
0.20628
0.205392
0.204493
0.203585
0.202668
0.20174
0.200802
0.199854
0.198896
0.197928
0.196949
0.19596
0.194961
0.193952
0.192932
0.191901
0.190861
0.189809
0.188747
0.187674
0.186591
0.185497
0.184392
0.183276
0.18215
0.181013
0.179865
0.178706
0.177536
0.176356
0.175164
0.173962
0.172749
0.171525
0.17029
0.169044
0.167788
0.16652
0.165242
0.163953
0.162654
0.161344
0.160023
0.158692
0.157351
0.155999
0.154637
0.153264
0.151882
0.15049
0.149088
0.147676
0.146255
0.144824
0.143384
0.141936
0.140478
0.139012
0.137537
0.136054
0.134563
0.133065
0.131559
0.130047
0.128527
0.127001
0.125469
0.123931
0.122388
0.12084
0.119288
0.117732
0.116172
0.114609
0.113044
0.111477
0.109909
0.10834
0.106771
0.105202
0.103635
0.10207
0.100508
0.0989489
0.0973946
0.0958456
0.0943028
0.0927671
0.0912395
0.0897209
0.0882123
0.0867149
0.0852297
0.0837579
0.0823009
0.0808597
0.0794357
0.0780303
0.0766446
0.07528
0.073938
0.0726199
0.0713272
0.0700614
0.0688241
0.0676168
0.0664412
0.0652988
0.0641913
0.0631203
0.0620875
0.0610946
0.0601433
0.0592353
0.0583725
0.057565
0.0568271
0.0560513
0.0553871
0.0547764
0.0542224
0.0537255
0.0532877
0.0529105
0.0525956
0.0523445
0.0521589
0.0520404
0.0519904
0.0520106
0.0521022
0.0522764
0.0525366
0.0528494
0.053195
0.0536491
0.0541918
0.054812
0.0555117
0.0562904
0.0571484
0.0580864
0.0591034
0.0601996
0.0613745
0.0626283
0.0639601
0.0653694
0.066856
0.0684244
0.0701233
0.0718172
0.0735785
0.0754331
0.0773573
0.07935
0.0814131
0.0835537
0.085737
0.0879487
0.0902455
0.0926046
0.0950169
0.0974835
0.0999996
0.102563
0.105172
0.107824
0.110517
0.113248
0.116016
0.11882
0.121674
0.124542
0.127419
0.130345
0.133306
0.136261
0.139263
0.142287
0.145334
0.148401
0.151488
0.154601
0.157709
0.160844
0.163994
0.167157
0.170343
0.173507
0.176697
0.179894
0.183095
0.186298
0.189501
0.192702
0.195898
0.199086
0.202265
0.20543
0.208601
0.21171
0.214816
0.217907
0.220938
0.223955
0.226936
0.229876
0.23277
0.235617
0.238409
0.241146
0.243822
0.246433
0.248981
0.251449
0.253856
0.256168
0.258407
0.260571
0.262617
0.264592
0.26647
0.268255
0.269942
0.271533
0.273037
0.27441
0.275693
0.276872
0.277949
0.278923
0.279804
0.280562
0.281227
0.281795
0.282266
0.282646
0.282927
0.283125
0.283241
0.283281
0.28325
0.283158
0.283012
0.236018
0.235554
0.235085
0.234611
0.234131
0.233646
0.233155
0.232659
0.232157
0.23165
0.231137
0.230618
0.230094
0.229564
0.229028
0.228486
0.227938
0.227385
0.226825
0.22626
0.225688
0.225111
0.224527
0.223937
0.223341
0.222739
0.222131
0.221516
0.220895
0.220267
0.219634
0.218994
0.218347
0.217694
0.217034
0.216368
0.215696
0.215016
0.21433
0.213638
0.212939
0.212233
0.21152
0.210801
0.210075
0.209342
0.208603
0.207856
0.207103
0.206343
0.205576
0.204803
0.204022
0.203234
0.20244
0.201639
0.20083
0.200015
0.199193
0.198364
0.197528
0.196685
0.195835
0.194978
0.194114
0.193244
0.192366
0.191481
0.19059
0.189691
0.188786
0.187873
0.186954
0.186028
0.185095
0.184155
0.183209
0.182255
0.181295
0.180328
0.179355
0.178374
0.177387
0.176393
0.175393
0.174386
0.173372
0.172352
0.171326
0.170293
0.169253
0.168207
0.167155
0.166097
0.165033
0.163962
0.162885
0.161803
0.160714
0.15962
0.15852
0.157414
0.156302
0.155185
0.154063
0.152935
0.151802
0.150665
0.149522
0.148374
0.147221
0.146064
0.144903
0.143737
0.142568
0.141394
0.140216
0.139035
0.137851
0.136664
0.135473
0.13428
0.133085
0.131887
0.130688
0.129486
0.128284
0.12708
0.125876
0.124672
0.123467
0.122263
0.121059
0.119857
0.118657
0.117458
0.116262
0.115069
0.11388
0.112695
0.111514
0.110339
0.109169
0.108006
0.106849
0.105701
0.104561
0.10343
0.10231
0.1012
0.100102
0.0990158
0.0979433
0.096885
0.0958419
0.0948149
0.0938049
0.0928132
0.0918406
0.0908882
0.0899573
0.0890489
0.0881641
0.0873043
0.0864705
0.0856641
0.0848863
0.0841384
0.0834216
0.0827373
0.0820871
0.0814724
0.0808947
0.0803552
0.0798551
0.079396
0.0789793
0.0786063
0.0782784
0.0779972
0.0777638
0.0775797
0.0774462
0.0773646
0.0773362
0.0773622
0.0774438
0.0775824
0.0777786
0.0780347
0.0783511
0.0787287
0.0791682
0.0796702
0.0802355
0.0808649
0.0815591
0.0823184
0.0831432
0.0840338
0.0849902
0.0860127
0.0871012
0.0882555
0.0894755
0.0907613
0.0921126
0.0935278
0.095006
0.0965467
0.098149
0.0998123
0.101536
0.103318
0.105158
0.107054
0.109005
0.111009
0.113066
0.115173
0.117329
0.119532
0.121781
0.124075
0.126413
0.128792
0.131212
0.133671
0.136167
0.138699
0.141266
0.143865
0.146494
0.149153
0.151839
0.154552
0.157289
0.16005
0.162833
0.165637
0.16846
0.171302
0.174159
0.177032
0.179917
0.182814
0.185721
0.188635
0.191555
0.194478
0.197403
0.200327
0.203247
0.206161
0.209067
0.211961
0.214841
0.217704
0.220546
0.223365
0.226157
0.22892
0.231649
0.234342
0.236994
0.239603
0.242164
0.244675
0.247131
0.249529
0.251865
0.254137
0.256341
0.258474
0.260532
0.262512
0.264412
0.26623
0.267962
0.269606
0.271161
0.272625
0.273995
0.275271
0.276451
0.277536
0.278523
0.279413
0.280207
0.280904
0.281507
0.282016
0.282433
0.282761
0.283004
0.283165
0.283251
0.283264
0.283208
0.283098
0.228002
0.22753
0.227052
0.226569
0.226082
0.225589
0.225092
0.22459
0.224083
0.223571
0.223054
0.222532
0.222005
0.221473
0.220936
0.220394
0.219847
0.219295
0.218738
0.218175
0.217608
0.217036
0.216459
0.215877
0.215289
0.214697
0.2141
0.213498
0.21289
0.212278
0.211661
0.211039
0.210411
0.209779
0.209142
0.208501
0.207854
0.207202
0.206546
0.205885
0.205219
0.204548
0.203873
0.203192
0.202508
0.201818
0.201125
0.200426
0.199723
0.199016
0.198304
0.197588
0.196867
0.196143
0.195414
0.194681
0.193944
0.193202
0.192457
0.191708
0.190955
0.190198
0.189437
0.188673
0.187905
0.187133
0.186358
0.18558
0.184798
0.184013
0.183224
0.182433
0.181638
0.180841
0.18004
0.179237
0.17843
0.177622
0.17681
0.175996
0.175179
0.17436
0.173539
0.172715
0.17189
0.171062
0.170232
0.169401
0.168567
0.167732
0.166895
0.166056
0.165216
0.164375
0.163532
0.162688
0.161843
0.160996
0.160149
0.159301
0.158452
0.157602
0.156751
0.1559
0.155049
0.154197
0.153345
0.152492
0.15164
0.150787
0.149935
0.149083
0.148231
0.147379
0.146528
0.145678
0.144828
0.143979
0.143132
0.142285
0.141439
0.140595
0.139753
0.138912
0.138073
0.137236
0.136401
0.135569
0.134738
0.133911
0.133087
0.132265
0.131447
0.130633
0.129822
0.129015
0.128213
0.127415
0.126621
0.125833
0.125051
0.124274
0.123503
0.122738
0.12198
0.121229
0.120486
0.11975
0.119023
0.118305
0.117595
0.116896
0.116206
0.115527
0.114859
0.114203
0.113559
0.112928
0.112311
0.111707
0.111119
0.110546
0.109988
0.109448
0.108925
0.108421
0.107935
0.10747
0.107025
0.106602
0.106201
0.105824
0.105471
0.105143
0.104841
0.104566
0.10432
0.104102
0.103915
0.103758
0.103634
0.103543
0.103486
0.103464
0.103479
0.10353
0.10362
0.103749
0.103918
0.104129
0.104382
0.104678
0.105018
0.105403
0.105833
0.10631
0.106834
0.107406
0.108026
0.108696
0.109415
0.110184
0.111004
0.111875
0.112797
0.11377
0.114795
0.115872
0.117
0.11818
0.119411
0.120694
0.122027
0.123411
0.124846
0.12633
0.127864
0.129446
0.131077
0.132754
0.134479
0.136248
0.138063
0.139922
0.141823
0.143766
0.14575
0.147774
0.149836
0.151936
0.154072
0.156243
0.158448
0.160687
0.162959
0.165262
0.167594
0.169956
0.172344
0.174758
0.177197
0.179659
0.18214
0.184638
0.187153
0.189683
0.192225
0.194779
0.197342
0.199913
0.20249
0.20507
0.207652
0.210233
0.212812
0.215385
0.217949
0.220504
0.223045
0.225571
0.228077
0.230563
0.233023
0.235457
0.237859
0.240228
0.24256
0.244853
0.247101
0.249304
0.251457
0.253558
0.255603
0.257589
0.259513
0.261372
0.263164
0.264885
0.266534
0.268108
0.269604
0.271021
0.272356
0.273609
0.274777
0.275861
0.276858
0.277769
0.278595
0.279335
0.279991
0.280565
0.28106
0.281479
0.281826
0.282107
0.282332
0.28251
0.282643
0.282725
0.217462
0.21699
0.216513
0.216031
0.215544
0.215054
0.214559
0.214059
0.213555
0.213047
0.212534
0.212017
0.211496
0.21097
0.210439
0.209905
0.209366
0.208823
0.208276
0.207724
0.207168
0.206608
0.206044
0.205476
0.204904
0.204328
0.203748
0.203165
0.202577
0.201986
0.201391
0.200793
0.200191
0.199585
0.198976
0.198364
0.197748
0.197129
0.196507
0.195882
0.195253
0.194622
0.193988
0.193351
0.192711
0.192068
0.191423
0.190776
0.190126
0.189474
0.18882
0.188164
0.187505
0.186845
0.186184
0.18552
0.184855
0.184189
0.183521
0.182853
0.182183
0.181512
0.180841
0.180168
0.179496
0.178822
0.178149
0.177475
0.176802
0.176128
0.175455
0.174782
0.17411
0.173438
0.172767
0.172097
0.171428
0.17076
0.170093
0.169428
0.168765
0.168103
0.167443
0.166785
0.166129
0.165476
0.164824
0.164176
0.16353
0.162886
0.162246
0.161608
0.160974
0.160343
0.159715
0.159091
0.15847
0.157853
0.15724
0.156631
0.156026
0.155424
0.154827
0.154235
0.153647
0.153063
0.152484
0.151909
0.151339
0.150774
0.150214
0.149659
0.149109
0.148564
0.148024
0.14749
0.14696
0.146437
0.145918
0.145405
0.144898
0.144396
0.143901
0.14341
0.142926
0.142447
0.141975
0.141508
0.141048
0.140593
0.140145
0.139703
0.139267
0.138838
0.138415
0.137999
0.137589
0.137186
0.13679
0.136401
0.136018
0.135643
0.135275
0.134914
0.13456
0.134215
0.133876
0.133546
0.133223
0.132909
0.132602
0.132305
0.132015
0.131735
0.131463
0.131201
0.130948
0.130705
0.130471
0.130248
0.130035
0.129832
0.129641
0.12946
0.129291
0.129134
0.128989
0.128857
0.128738
0.128631
0.128539
0.128461
0.128397
0.128348
0.128315
0.128297
0.128296
0.128312
0.128346
0.128398
0.128468
0.128558
0.128667
0.128797
0.128949
0.129122
0.129317
0.129536
0.129778
0.130046
0.130338
0.130656
0.131001
0.131374
0.131774
0.132204
0.132663
0.133152
0.133672
0.134224
0.134807
0.135424
0.136075
0.136759
0.137478
0.138233
0.139023
0.139849
0.140712
0.141612
0.142549
0.143524
0.144537
0.145588
0.146677
0.147805
0.148972
0.150177
0.151421
0.152703
0.154024
0.155383
0.15678
0.158214
0.159686
0.161196
0.162742
0.164324
0.165942
0.167595
0.169282
0.171003
0.172758
0.174544
0.176362
0.17821
0.180088
0.181994
0.183928
0.185887
0.187872
0.18988
0.191913
0.193969
0.196047
0.198145
0.200262
0.202395
0.204544
0.206706
0.208879
0.211062
0.213251
0.215445
0.217641
0.219837
0.222031
0.224221
0.226404
0.228578
0.230741
0.232889
0.235021
0.237134
0.239226
0.241293
0.243333
0.245343
0.24732
0.249263
0.251167
0.253031
0.254851
0.256626
0.258353
0.260028
0.261651
0.263219
0.264729
0.266181
0.267571
0.2689
0.270165
0.271365
0.2725
0.27357
0.274574
0.275512
0.276385
0.277195
0.277943
0.278631
0.279263
0.279841
0.280369
0.280851
0.281297
0.281724
0.282131
0.282487
0.205924
0.205458
0.204988
0.204513
0.204035
0.203553
0.203066
0.202576
0.202081
0.201582
0.20108
0.200574
0.200063
0.199549
0.199031
0.19851
0.197984
0.197456
0.196923
0.196387
0.195848
0.195305
0.194759
0.19421
0.193657
0.193102
0.192543
0.191981
0.191416
0.190849
0.190278
0.189705
0.18913
0.188552
0.187972
0.187389
0.186804
0.186218
0.185629
0.185039
0.184447
0.183853
0.183259
0.182662
0.182065
0.181467
0.180869
0.180269
0.179669
0.179069
0.178469
0.177868
0.177268
0.176668
0.176068
0.17547
0.174871
0.174274
0.173678
0.173084
0.17249
0.171899
0.171309
0.170722
0.170136
0.169553
0.168973
0.168395
0.16782
0.167249
0.166681
0.166116
0.165555
0.164999
0.164446
0.163897
0.163353
0.162814
0.16228
0.161751
0.161227
0.160708
0.160195
0.159688
0.159187
0.158692
0.158204
0.157722
0.157247
0.156778
0.156317
0.155863
0.155416
0.154977
0.154545
0.154121
0.153705
0.153298
0.152898
0.152507
0.152124
0.15175
0.151385
0.151029
0.150681
0.150343
0.150013
0.149693
0.149383
0.149081
0.148789
0.148507
0.148234
0.14797
0.147717
0.147473
0.147239
0.147014
0.1468
0.146595
0.1464
0.146215
0.14604
0.145875
0.145719
0.145573
0.145437
0.145311
0.145194
0.145088
0.14499
0.144903
0.144825
0.144756
0.144697
0.144647
0.144607
0.144576
0.144554
0.144541
0.144537
0.144542
0.144556
0.144579
0.14461
0.144651
0.144699
0.144756
0.144822
0.144896
0.144978
0.145068
0.145166
0.145273
0.145387
0.145509
0.145638
0.145776
0.145921
0.146074
0.146234
0.146402
0.146577
0.14676
0.14695
0.147147
0.147352
0.147564
0.147783
0.14801
0.148244
0.148485
0.148734
0.148991
0.149255
0.149527
0.149806
0.150094
0.15039
0.150694
0.151006
0.151327
0.151657
0.151995
0.152343
0.152701
0.153069
0.153447
0.153835
0.154235
0.154646
0.155068
0.155503
0.155951
0.156412
0.156886
0.157375
0.157878
0.158397
0.158931
0.159482
0.16005
0.160636
0.16124
0.161862
0.162505
0.163167
0.16385
0.164554
0.16528
0.166028
0.1668
0.167595
0.168414
0.169258
0.170127
0.171021
0.171942
0.172889
0.173863
0.174864
0.175893
0.176949
0.178034
0.179146
0.180287
0.181456
0.182653
0.183879
0.185133
0.186416
0.187726
0.189064
0.19043
0.191823
0.193243
0.194689
0.196161
0.197658
0.19918
0.200725
0.202293
0.203883
0.205494
0.207125
0.208776
0.210444
0.212129
0.213829
0.215544
0.217272
0.219011
0.220761
0.22252
0.224287
0.226059
0.227835
0.229613
0.23139
0.233167
0.23494
0.236708
0.238468
0.240217
0.241955
0.243677
0.245383
0.24707
0.248736
0.250379
0.251996
0.253585
0.255145
0.256673
0.258167
0.259626
0.261047
0.262429
0.26377
0.26507
0.266326
0.267537
0.268703
0.269823
0.270896
0.271922
0.272902
0.273836
0.274724
0.275567
0.276368
0.277128
0.277849
0.278536
0.27919
0.27981
0.280406
0.281001
0.281609
0.282173
0.194143
0.193693
0.193238
0.19278
0.192317
0.191851
0.191382
0.190908
0.190431
0.18995
0.189465
0.188977
0.188485
0.18799
0.187492
0.18699
0.186485
0.185977
0.185466
0.184952
0.184435
0.183916
0.183393
0.182869
0.182341
0.181812
0.18128
0.180746
0.18021
0.179672
0.179132
0.178591
0.178048
0.177504
0.176959
0.176413
0.175865
0.175317
0.174769
0.17422
0.173671
0.173121
0.172572
0.172023
0.171474
0.170926
0.170378
0.169832
0.169286
0.168742
0.168199
0.167658
0.167118
0.166581
0.166046
0.165514
0.164984
0.164457
0.163933
0.163413
0.162897
0.162384
0.161876
0.161371
0.160871
0.160376
0.159886
0.159402
0.158922
0.158449
0.157981
0.15752
0.157065
0.156616
0.156175
0.15574
0.155313
0.154894
0.154482
0.154078
0.153683
0.153296
0.152918
0.152549
0.152189
0.151838
0.151497
0.151166
0.150845
0.150534
0.150233
0.149943
0.149664
0.149395
0.149138
0.148892
0.148658
0.148435
0.148225
0.148026
0.147839
0.147665
0.147503
0.147353
0.147217
0.147093
0.146982
0.146884
0.146799
0.146727
0.146668
0.146623
0.146591
0.146572
0.146567
0.146575
0.146597
0.146632
0.146681
0.146744
0.14682
0.146909
0.147012
0.147129
0.147259
0.147402
0.147559
0.147729
0.147912
0.148109
0.148318
0.148541
0.148776
0.149023
0.149283
0.149556
0.149841
0.150137
0.150446
0.150766
0.151098
0.151441
0.151795
0.15216
0.152535
0.152921
0.153317
0.153723
0.154138
0.154562
0.154996
0.155438
0.155889
0.156348
0.156814
0.157288
0.157769
0.158257
0.158751
0.159252
0.159758
0.16027
0.160787
0.161309
0.161835
0.162366
0.1629
0.163438
0.163979
0.164523
0.165069
0.165617
0.166168
0.16672
0.167274
0.167829
0.168385
0.168942
0.169499
0.170057
0.170615
0.171174
0.171732
0.172291
0.172849
0.173407
0.173965
0.174523
0.175082
0.17564
0.176198
0.176757
0.177317
0.177877
0.178439
0.179002
0.179567
0.180133
0.180702
0.181275
0.18185
0.182429
0.183013
0.183602
0.184196
0.184796
0.185402
0.186016
0.186638
0.187268
0.187907
0.188556
0.189216
0.189887
0.19057
0.191265
0.191973
0.192696
0.193432
0.194184
0.194951
0.195735
0.196536
0.197354
0.198189
0.199043
0.199916
0.200808
0.20172
0.202651
0.203602
0.204574
0.205566
0.206579
0.207612
0.208666
0.209741
0.210836
0.211951
0.213087
0.214242
0.215417
0.216611
0.217823
0.219054
0.220302
0.221567
0.222848
0.224144
0.225454
0.226778
0.228114
0.229461
0.230819
0.232185
0.233559
0.23494
0.236327
0.237718
0.23911
0.240502
0.241893
0.243282
0.244666
0.246044
0.247417
0.248782
0.250137
0.25148
0.252811
0.254126
0.255426
0.256707
0.25797
0.259211
0.260431
0.261627
0.262799
0.263945
0.265064
0.266156
0.267219
0.268254
0.269259
0.270235
0.271181
0.272098
0.272986
0.273845
0.274677
0.275481
0.276261
0.277018
0.277754
0.27847
0.279162
0.279836
0.280521
0.281243
0.281939
0.183574
0.183146
0.182712
0.182276
0.181835
0.181392
0.180944
0.180494
0.18004
0.179582
0.179122
0.178658
0.178191
0.177721
0.177248
0.176772
0.176294
0.175813
0.175329
0.174844
0.174355
0.173865
0.173372
0.172878
0.172382
0.171884
0.171385
0.170884
0.170382
0.169878
0.169374
0.168869
0.168364
0.167858
0.167351
0.166845
0.166338
0.165833
0.165327
0.164822
0.164324
0.163814
0.16331
0.162809
0.16231
0.161812
0.161316
0.160823
0.160334
0.159844
0.159359
0.158876
0.158398
0.157923
0.157451
0.156984
0.156521
0.156062
0.155608
0.155159
0.154715
0.154277
0.153845
0.153418
0.152998
0.152584
0.152177
0.151778
0.151386
0.151007
0.150623
0.150254
0.149894
0.149543
0.149233
0.148866
0.148542
0.148229
0.147926
0.147661
0.147348
0.147075
0.146815
0.146599
0.146351
0.146123
0.145939
0.145701
0.145511
0.145338
0.14517
0.145018
0.144896
0.14475
0.144638
0.144543
0.144462
0.144395
0.144349
0.144305
0.144282
0.144273
0.144286
0.144306
0.144345
0.144406
0.144466
0.144551
0.144651
0.144768
0.144912
0.145048
0.145208
0.145389
0.145587
0.145801
0.146031
0.146278
0.146541
0.14682
0.147115
0.147427
0.147756
0.148101
0.148461
0.148839
0.149232
0.149642
0.150067
0.150509
0.150966
0.151439
0.151928
0.152432
0.152951
0.153485
0.154035
0.154598
0.155177
0.155769
0.156376
0.156996
0.15763
0.158276
0.158936
0.159608
0.160292
0.160988
0.161696
0.162414
0.163143
0.163882
0.164631
0.165389
0.166156
0.16693
0.167713
0.168502
0.169298
0.1701
0.170907
0.171719
0.172535
0.173355
0.174177
0.175002
0.175828
0.176656
0.177483
0.17831
0.179137
0.179961
0.180783
0.181603
0.182419
0.183231
0.184038
0.18484
0.185637
0.186428
0.187212
0.187988
0.188758
0.18952
0.190274
0.191019
0.191756
0.192484
0.193203
0.193913
0.194613
0.195305
0.195987
0.196661
0.197325
0.197981
0.198627
0.199266
0.199896
0.200519
0.201134
0.201743
0.202344
0.20294
0.20353
0.204116
0.204697
0.205275
0.205849
0.206421
0.206992
0.207561
0.208131
0.208701
0.209273
0.209846
0.210423
0.211003
0.211588
0.212178
0.212774
0.213377
0.213988
0.214606
0.215234
0.215871
0.216519
0.217177
0.217847
0.218528
0.219223
0.21993
0.220651
0.221385
0.222134
0.222896
0.223674
0.224467
0.225274
0.226096
0.226934
0.227786
0.228654
0.229536
0.230433
0.231345
0.23227
0.233209
0.234162
0.235127
0.236105
0.237095
0.238096
0.239107
0.240128
0.241158
0.242196
0.243241
0.244293
0.24535
0.246412
0.247477
0.248544
0.249614
0.250684
0.251751
0.252816
0.253877
0.254933
0.255983
0.257027
0.258064
0.259092
0.26011
0.261118
0.262114
0.263098
0.264068
0.265024
0.265965
0.266891
0.267801
0.268694
0.269571
0.27043
0.271273
0.272099
0.272909
0.273702
0.27448
0.275242
0.27599
0.276725
0.27745
0.278164
0.278861
0.279544
0.280244
0.280994
0.281733
0.175351
0.174944
0.174533
0.174119
0.173702
0.173282
0.172859
0.172433
0.172003
0.171571
0.171136
0.170699
0.170258
0.169815
0.16937
0.168922
0.168472
0.16802
0.167566
0.16711
0.166652
0.166193
0.165732
0.165269
0.164806
0.164341
0.163876
0.163409
0.162942
0.162475
0.162007
0.161539
0.161071
0.160604
0.160136
0.15967
0.159204
0.158739
0.158275
0.157813
0.157352
0.156893
0.156436
0.155981
0.155529
0.155079
0.154632
0.154214
0.153766
0.153327
0.152919
0.152479
0.152053
0.151653
0.151227
0.150816
0.150429
0.150018
0.149625
0.149253
0.148857
0.148484
0.148126
0.147752
0.147402
0.147062
0.146719
0.146394
0.146077
0.14577
0.145472
0.145184
0.144906
0.144638
0.144381
0.144134
0.143899
0.143675
0.143463
0.143262
0.143074
0.142898
0.142735
0.142585
0.142448
0.142355
0.142211
0.142115
0.142034
0.141967
0.141943
0.141873
0.141849
0.141842
0.141851
0.141903
0.14191
0.141962
0.142035
0.142151
0.142224
0.142341
0.142481
0.142662
0.142827
0.143013
0.143245
0.143461
0.143699
0.143984
0.14423
0.144522
0.144836
0.145169
0.14552
0.145915
0.146295
0.146694
0.147145
0.147551
0.148005
0.148484
0.149009
0.14949
0.150017
0.150569
0.151139
0.151727
0.152333
0.152957
0.153599
0.154258
0.154935
0.15563
0.156341
0.15707
0.157816
0.158579
0.159358
0.160154
0.160966
0.161794
0.162637
0.163496
0.16437
0.165259
0.166161
0.167078
0.168009
0.168952
0.169908
0.170876
0.171856
0.172847
0.173848
0.174858
0.175878
0.176906
0.177942
0.178984
0.180033
0.181086
0.182144
0.183206
0.184269
0.185335
0.186401
0.187467
0.188531
0.189594
0.190653
0.191707
0.192757
0.193801
0.194837
0.195866
0.196885
0.197895
0.198895
0.199882
0.200858
0.201821
0.20277
0.203705
0.204625
0.20553
0.206418
0.20729
0.208146
0.208984
0.209805
0.210609
0.211394
0.212162
0.212912
0.213645
0.21436
0.215057
0.215737
0.216401
0.217048
0.217679
0.218295
0.218895
0.219482
0.220054
0.220614
0.221161
0.221697
0.222221
0.222736
0.223241
0.223738
0.224228
0.224711
0.225188
0.225661
0.22613
0.226596
0.227059
0.227522
0.227984
0.228447
0.228912
0.229379
0.229849
0.230323
0.230802
0.231286
0.231777
0.232274
0.232779
0.233292
0.233814
0.234345
0.234886
0.235437
0.235998
0.23657
0.237154
0.237748
0.238354
0.238972
0.239601
0.240243
0.240895
0.24156
0.242236
0.242924
0.243622
0.244332
0.245052
0.245783
0.246524
0.247274
0.248033
0.248801
0.249576
0.250359
0.251149
0.251945
0.252747
0.253554
0.254365
0.255179
0.255997
0.256816
0.257637
0.258459
0.259281
0.260101
0.260918
0.261733
0.262545
0.263354
0.264158
0.264956
0.26575
0.266537
0.267318
0.268092
0.268859
0.269618
0.270369
0.271113
0.271848
0.272575
0.273295
0.274007
0.274711
0.275408
0.276098
0.276782
0.277463
0.278138
0.278801
0.279455
0.280126
0.280851
0.281575
0.170353
0.169963
0.169569
0.169173
0.168774
0.168372
0.167968
0.167561
0.167151
0.16674
0.166325
0.165909
0.165491
0.16507
0.164647
0.164223
0.163797
0.163369
0.16294
0.162509
0.162077
0.161644
0.16121
0.160775
0.16034
0.159903
0.159467
0.15903
0.158593
0.158156
0.15772
0.157284
0.156848
0.156413
0.155979
0.155546
0.155115
0.154685
0.154256
0.15383
0.153406
0.152984
0.152565
0.152149
0.151735
0.151325
0.150919
0.150517
0.150118
0.149724
0.149334
0.148949
0.14857
0.148195
0.147826
0.147464
0.147107
0.146757
0.146413
0.146077
0.145748
0.145426
0.145113
0.144807
0.14451
0.144222
0.143943
0.143674
0.143414
0.143164
0.142924
0.142695
0.142477
0.142269
0.142073
0.141889
0.141716
0.141556
0.141408
0.141273
0.141151
0.141042
0.140947
0.140867
0.1408
0.140748
0.140711
0.140689
0.140682
0.140691
0.140715
0.140756
0.140813
0.140887
0.140977
0.141084
0.141209
0.141351
0.14151
0.141687
0.141882
0.142095
0.142326
0.142575
0.142843
0.143129
0.143434
0.143757
0.1441
0.144461
0.144842
0.145241
0.14566
0.146098
0.146555
0.147032
0.147528
0.148044
0.148579
0.149133
0.149707
0.150301
0.150913
0.151546
0.152197
0.152868
0.153558
0.154268
0.154996
0.155744
0.156511
0.157296
0.158101
0.158924
0.159766
0.160626
0.161504
0.162401
0.163316
0.164249
0.165199
0.166166
0.167182
0.168174
0.169183
0.170256
0.171273
0.17233
0.173416
0.174509
0.175617
0.176751
0.177886
0.179037
0.180206
0.181377
0.18256
0.183757
0.184962
0.186176
0.187397
0.188624
0.189857
0.191094
0.192334
0.193577
0.19482
0.196062
0.197303
0.198542
0.199776
0.201004
0.202226
0.203439
0.204642
0.205835
0.207016
0.208184
0.209337
0.210475
0.211596
0.212699
0.213783
0.214847
0.215891
0.216914
0.217914
0.218892
0.219847
0.220778
0.221686
0.222569
0.223428
0.224261
0.225071
0.225855
0.226614
0.227349
0.228059
0.228745
0.229408
0.230048
0.230665
0.23126
0.231834
0.232387
0.23292
0.233435
0.233932
0.234412
0.234875
0.235324
0.235757
0.236178
0.236586
0.236984
0.237371
0.23775
0.238121
0.238484
0.238842
0.239195
0.239544
0.23989
0.240234
0.240578
0.240921
0.241265
0.241611
0.241959
0.24231
0.242666
0.243026
0.243392
0.243764
0.244142
0.244527
0.244921
0.245322
0.245731
0.246149
0.246576
0.247013
0.247459
0.247915
0.24838
0.248856
0.249341
0.249836
0.250342
0.250857
0.251381
0.251915
0.252459
0.253012
0.253574
0.254144
0.254723
0.25531
0.255904
0.256506
0.257115
0.25773
0.258351
0.258978
0.259609
0.260245
0.260886
0.261529
0.262176
0.262826
0.263478
0.264131
0.264785
0.26544
0.266095
0.26675
0.267405
0.268058
0.268711
0.269362
0.270011
0.270658
0.271303
0.271946
0.272587
0.273225
0.273861
0.274495
0.275126
0.275755
0.276381
0.277007
0.277632
0.278255
0.278871
0.27948
0.280106
0.280781
0.281458
0.16918
0.168796
0.168409
0.168019
0.167627
0.167234
0.166838
0.16644
0.16604
0.165639
0.165236
0.164831
0.164425
0.164017
0.163608
0.163197
0.162786
0.162373
0.16196
0.161545
0.16113
0.160715
0.160298
0.159882
0.159465
0.159049
0.158632
0.158216
0.1578
0.157385
0.15697
0.156556
0.156144
0.155732
0.155322
0.154914
0.154508
0.154103
0.153701
0.153301
0.152903
0.152509
0.152117
0.151729
0.151345
0.150964
0.150587
0.150214
0.149845
0.149482
0.149123
0.148769
0.148421
0.148079
0.147742
0.147412
0.147088
0.146771
0.146461
0.146159
0.145864
0.145577
0.145298
0.145028
0.144766
0.144514
0.144271
0.144037
0.143814
0.143601
0.143398
0.143206
0.143025
0.142856
0.142698
0.142552
0.142418
0.142297
0.142189
0.142094
0.142012
0.141944
0.14189
0.14185
0.141825
0.141815
0.14182
0.141841
0.141877
0.141929
0.141997
0.142082
0.142183
0.142302
0.142437
0.14259
0.142761
0.142949
0.143155
0.143379
0.143622
0.143883
0.144162
0.144461
0.144778
0.145114
0.145469
0.145844
0.146238
0.146651
0.147085
0.147537
0.14801
0.148502
0.149014
0.149547
0.150099
0.150671
0.151264
0.151876
0.152509
0.153162
0.153835
0.154528
0.155242
0.155975
0.156729
0.157502
0.158296
0.159109
0.159943
0.160796
0.161669
0.162562
0.163474
0.164405
0.165356
0.166326
0.167315
0.168322
0.169349
0.170394
0.171457
0.172539
0.173638
0.174755
0.17589
0.177041
0.178208
0.179392
0.180591
0.181805
0.183034
0.184277
0.185532
0.186801
0.188081
0.189372
0.190672
0.191982
0.1933
0.194624
0.195954
0.197289
0.198628
0.199968
0.201309
0.202649
0.203987
0.205322
0.206652
0.207976
0.209292
0.210599
0.211894
0.213177
0.214447
0.215702
0.216943
0.218166
0.21937
0.220554
0.221717
0.222856
0.223971
0.225061
0.226125
0.227175
0.228175
0.229149
0.2301
0.231022
0.231914
0.232776
0.23363
0.234425
0.235193
0.235934
0.236656
0.237326
0.237979
0.238608
0.239211
0.239816
0.24034
0.240867
0.24137
0.241851
0.24231
0.242749
0.243169
0.24357
0.243953
0.24432
0.244671
0.245008
0.245333
0.245645
0.245948
0.246241
0.246525
0.246802
0.247072
0.247338
0.2476
0.247858
0.248115
0.248371
0.248626
0.248882
0.24914
0.2494
0.249664
0.24993
0.250201
0.250477
0.25076
0.251049
0.251344
0.251646
0.251954
0.252271
0.252596
0.252928
0.253268
0.253616
0.253974
0.254341
0.254716
0.2551
0.255492
0.255892
0.256301
0.25672
0.257147
0.257583
0.258026
0.258477
0.258935
0.259401
0.259875
0.260356
0.260844
0.261339
0.26184
0.262346
0.262858
0.263376
0.263898
0.264425
0.264956
0.265491
0.266029
0.266572
0.267118
0.267666
0.268216
0.26877
0.269325
0.269882
0.270441
0.271001
0.271563
0.272126
0.272691
0.273256
0.273823
0.274391
0.274959
0.275529
0.2761
0.276671
0.277244
0.277819
0.278394
0.278965
0.279532
0.280114
0.280737
0.281362
0.171547
0.171157
0.170764
0.17037
0.169974
0.169578
0.16918
0.16878
0.16838
0.167979
0.167577
0.167174
0.16677
0.166366
0.16596
0.165555
0.165149
0.164742
0.164335
0.163928
0.163521
0.163114
0.162708
0.162301
0.161895
0.161489
0.161084
0.16068
0.160277
0.159874
0.159473
0.159073
0.158675
0.158278
0.157883
0.15749
0.157099
0.156711
0.156324
0.155941
0.15556
0.155183
0.154808
0.154438
0.15407
0.153707
0.153348
0.152993
0.152642
0.152296
0.151956
0.15162
0.15129
0.150966
0.150648
0.150336
0.15003
0.149731
0.149439
0.149155
0.148878
0.148608
0.148347
0.148094
0.14785
0.147615
0.147389
0.147172
0.146965
0.146769
0.146582
0.146406
0.146241
0.146087
0.145945
0.145814
0.145696
0.14559
0.145496
0.145415
0.145348
0.145294
0.145254
0.145228
0.145217
0.14522
0.145238
0.145271
0.145319
0.145384
0.145464
0.145561
0.145674
0.145804
0.145951
0.146116
0.146297
0.146496
0.146714
0.146949
0.147202
0.147474
0.147764
0.148073
0.148401
0.148748
0.149114
0.149499
0.149904
0.150329
0.150773
0.151236
0.15172
0.152224
0.152748
0.153292
0.153856
0.15444
0.155045
0.15567
0.156315
0.156981
0.157667
0.158374
0.159101
0.159849
0.160617
0.161405
0.162214
0.163043
0.163892
0.164762
0.165652
0.166562
0.167492
0.168442
0.169412
0.170401
0.171411
0.17244
0.173488
0.174555
0.175642
0.176747
0.177871
0.179013
0.180173
0.18135
0.182545
0.183756
0.184983
0.186226
0.187483
0.188755
0.190041
0.191339
0.192648
0.193969
0.195299
0.196637
0.197983
0.199336
0.200693
0.202053
0.203416
0.20478
0.206142
0.207502
0.208856
0.210326
0.211545
0.212864
0.214186
0.215498
0.216798
0.218087
0.219351
0.220588
0.221814
0.223024
0.224216
0.225386
0.22654
0.22767
0.228772
0.229922
0.230896
0.231914
0.23291
0.233879
0.234824
0.23573
0.23661
0.237458
0.238274
0.23906
0.239856
0.240522
0.24122
0.24188
0.242513
0.243116
0.243693
0.24425
0.244764
0.245259
0.245751
0.246196
0.246606
0.247006
0.247389
0.247753
0.2481
0.24843
0.248748
0.249096
0.249383
0.249636
0.249905
0.250164
0.250416
0.25066
0.250898
0.251131
0.251359
0.251585
0.251809
0.252031
0.252252
0.252473
0.252695
0.252919
0.253146
0.253374
0.253606
0.253842
0.254086
0.254334
0.254588
0.254846
0.255109
0.255378
0.255655
0.255939
0.256228
0.256524
0.256826
0.257139
0.257459
0.257785
0.258117
0.258456
0.258803
0.259161
0.259526
0.259898
0.260276
0.260659
0.26105
0.261448
0.261854
0.26227
0.262692
0.263119
0.263553
0.263993
0.264439
0.26489
0.265346
0.265807
0.266272
0.266742
0.267216
0.267694
0.268176
0.268662
0.269151
0.269644
0.27014
0.270639
0.271141
0.271647
0.272156
0.272667
0.273182
0.273701
0.274222
0.274745
0.275273
0.275804
0.276339
0.276876
0.277415
0.277957
0.278502
0.279044
0.279583
0.280135
0.280717
0.281299
0.177193
0.176803
0.17641
0.176015
0.17562
0.175224
0.174827
0.17443
0.174031
0.173633
0.173233
0.172834
0.172434
0.172033
0.171633
0.171232
0.170832
0.170431
0.170031
0.169631
0.169232
0.168832
0.168434
0.168036
0.167639
0.167242
0.166847
0.166453
0.16606
0.165668
0.165277
0.164889
0.164502
0.164116
0.163733
0.163352
0.162973
0.162596
0.162222
0.161851
0.161483
0.161117
0.160755
0.160396
0.160041
0.15969
0.159342
0.158999
0.15866
0.158326
0.157997
0.157672
0.157353
0.157039
0.156731
0.156429
0.156133
0.155843
0.15556
0.155284
0.155015
0.154753
0.154499
0.154253
0.154015
0.153786
0.153565
0.153353
0.15315
0.152957
0.152774
0.152601
0.152438
0.152285
0.152144
0.152014
0.151895
0.151787
0.151692
0.151609
0.151539
0.151482
0.151437
0.151406
0.151389
0.151385
0.151396
0.151421
0.15146
0.151515
0.151585
0.15167
0.151771
0.151887
0.15202
0.152169
0.152335
0.152517
0.152717
0.152933
0.153167
0.153418
0.153688
0.153975
0.15428
0.154603
0.154945
0.155305
0.155684
0.156082
0.156499
0.156934
0.157389
0.157863
0.158357
0.15887
0.159402
0.159954
0.160526
0.161118
0.161729
0.16236
0.163011
0.163682
0.164374
0.165085
0.165816
0.166567
0.167339
0.16813
0.168942
0.169773
0.170625
0.171496
0.172388
0.173299
0.174231
0.175182
0.176152
0.177142
0.178151
0.179179
0.180226
0.181291
0.182374
0.183474
0.184592
0.185727
0.186879
0.188045
0.189226
0.190422
0.191631
0.192854
0.19409
0.195337
0.196594
0.19786
0.199133
0.200413
0.201698
0.202989
0.204283
0.205578
0.206873
0.208168
0.209459
0.210745
0.212025
0.213298
0.214565
0.215827
0.217083
0.218303
0.219513
0.220709
0.221956
0.223147
0.224275
0.225356
0.226433
0.227491
0.228528
0.229549
0.23055
0.231539
0.23249
0.233425
0.234348
0.235227
0.236254
0.236977
0.237798
0.238547
0.239273
0.240002
0.240701
0.241376
0.242027
0.242654
0.243256
0.243832
0.244385
0.244917
0.245429
0.245915
0.246382
0.246827
0.247254
0.247661
0.24805
0.248421
0.248778
0.249116
0.249439
0.249769
0.250055
0.250339
0.250622
0.250877
0.251207
0.251427
0.251643
0.25189
0.252126
0.252351
0.252577
0.252805
0.253036
0.253264
0.253506
0.253734
0.253977
0.254218
0.254503
0.254781
0.254997
0.25522
0.255488
0.255761
0.256055
0.256363
0.256629
0.256947
0.25723
0.257573
0.257887
0.258152
0.258442
0.258772
0.259103
0.259478
0.259862
0.2602
0.260511
0.26087
0.261239
0.261611
0.262014
0.262455
0.262847
0.26318
0.26356
0.263967
0.264377
0.264789
0.265206
0.265628
0.266056
0.266488
0.266924
0.267364
0.267808
0.268255
0.268706
0.269164
0.269623
0.270086
0.270553
0.271023
0.271496
0.271973
0.272456
0.272939
0.273427
0.273918
0.274414
0.274911
0.275414
0.275921
0.276437
0.276956
0.277478
0.278002
0.278529
0.279061
0.279591
0.28013
0.280688
0.281242
0.184479
0.18412
0.183757
0.183391
0.183024
0.182655
0.182284
0.181911
0.181536
0.181161
0.180784
0.180405
0.180026
0.179646
0.179265
0.178883
0.178501
0.178118
0.177734
0.177351
0.176967
0.176583
0.1762
0.175816
0.175433
0.17505
0.174668
0.174287
0.173906
0.173527
0.173148
0.172771
0.172395
0.17202
0.171647
0.171276
0.170906
0.170539
0.170174
0.169811
0.169451
0.169093
0.168739
0.168387
0.168038
0.167693
0.167351
0.167013
0.166679
0.166349
0.166024
0.165703
0.165386
0.165075
0.164768
0.164467
0.164172
0.163882
0.163599
0.163321
0.163051
0.162786
0.162529
0.162279
0.162037
0.161802
0.161575
0.161357
0.161147
0.160945
0.160753
0.160569
0.160396
0.160232
0.160078
0.159934
0.159801
0.159679
0.159568
0.159468
0.15938
0.159304
0.159239
0.159187
0.159148
0.159122
0.159109
0.159109
0.159123
0.159151
0.159193
0.159249
0.159321
0.159407
0.159509
0.159626
0.159758
0.159907
0.160071
0.160252
0.160449
0.160663
0.160893
0.16114
0.161405
0.161686
0.161985
0.162302
0.162636
0.162988
0.163358
0.163747
0.164153
0.164578
0.165021
0.165483
0.165963
0.166462
0.16698
0.167517
0.168072
0.168647
0.16924
0.169853
0.170485
0.171136
0.171806
0.172495
0.173203
0.17393
0.174676
0.175441
0.176225
0.177028
0.177849
0.178688
0.179545
0.180421
0.181313
0.182224
0.183151
0.184095
0.185055
0.186031
0.187021
0.188026
0.189045
0.190077
0.191124
0.192193
0.193263
0.194327
0.195408
0.196504
0.197606
0.198713
0.199825
0.200982
0.202084
0.203188
0.20431
0.205434
0.206559
0.207681
0.2088
0.209918
0.21116
0.212163
0.213248
0.21434
0.215422
0.216495
0.217558
0.218611
0.219649
0.220675
0.221688
0.222687
0.223671
0.224734
0.225978
0.226943
0.227605
0.228313
0.229142
0.23001
0.230866
0.231704
0.232525
0.233328
0.234112
0.234877
0.235623
0.23635
0.237058
0.237833
0.238571
0.239199
0.239758
0.24038
0.240975
0.241545
0.242084
0.242615
0.243141
0.243646
0.244136
0.244624
0.24507
0.24551
0.24594
0.246349
0.246754
0.247197
0.247507
0.247874
0.248231
0.24858
0.24892
0.249253
0.249579
0.249898
0.250213
0.250523
0.25083
0.251131
0.251428
0.251719
0.252009
0.2523
0.252594
0.25289
0.253188
0.253487
0.253788
0.254091
0.254399
0.254709
0.255023
0.255338
0.255655
0.255974
0.256297
0.256622
0.256951
0.257283
0.25762
0.257963
0.25831
0.258662
0.259016
0.259373
0.259734
0.260101
0.260474
0.260852
0.261234
0.26162
0.262008
0.262399
0.262794
0.263198
0.263607
0.264022
0.264441
0.26488
0.265291
0.26573
0.266155
0.266594
0.26711
0.267456
0.267893
0.268344
0.268875
0.269289
0.269741
0.270212
0.270632
0.271094
0.271567
0.27213
0.272531
0.273001
0.273554
0.273934
0.274421
0.274924
0.275439
0.27599
0.276477
0.276977
0.277497
0.278026
0.27863
0.279114
0.279645
0.28023
0.280674
0.281214
0.193203
0.192945
0.19268
0.192409
0.192134
0.191854
0.191569
0.19128
0.190986
0.190688
0.190386
0.190079
0.189769
0.189455
0.189137
0.188816
0.188491
0.188163
0.187832
0.187498
0.187161
0.186822
0.18648
0.186136
0.18579
0.185443
0.185093
0.184742
0.184389
0.184036
0.183681
0.183325
0.182969
0.182613
0.182256
0.181899
0.181543
0.181187
0.180831
0.180476
0.180122
0.17977
0.179418
0.179069
0.178721
0.178375
0.178032
0.177691
0.177354
0.177019
0.176687
0.176359
0.176034
0.175714
0.175398
0.175086
0.174779
0.174477
0.17418
0.173889
0.173603
0.173323
0.17305
0.172783
0.172523
0.172269
0.172024
0.171785
0.171555
0.171332
0.171118
0.170913
0.170716
0.170528
0.17035
0.170182
0.170023
0.169875
0.169736
0.169609
0.169492
0.169387
0.169293
0.16921
0.16914
0.169081
0.169034
0.169
0.16898
0.168972
0.168979
0.169
0.169035
0.169085
0.169149
0.169227
0.169321
0.169429
0.169552
0.169691
0.169845
0.170015
0.170201
0.170403
0.170621
0.170855
0.171105
0.171372
0.171656
0.171957
0.172274
0.172608
0.172959
0.173327
0.173711
0.174113
0.174532
0.174967
0.17542
0.175889
0.176376
0.176879
0.177399
0.177935
0.178488
0.179058
0.179643
0.180245
0.180862
0.181495
0.182143
0.182806
0.183483
0.184175
0.184881
0.1856
0.186332
0.187077
0.187834
0.188602
0.189382
0.190171
0.190976
0.191792
0.192605
0.193424
0.194254
0.195095
0.195937
0.196804
0.198286
0.198737
0.199523
0.200378
0.20124
0.202103
0.202966
0.203893
0.20504
0.205511
0.206331
0.207188
0.208038
0.208886
0.20973
0.210569
0.211479
0.212574
0.213055
0.213816
0.214629
0.215436
0.216238
0.217034
0.217827
0.218624
0.219705
0.220243
0.220996
0.22177
0.222528
0.223326
0.224612
0.225625
0.225978
0.226305
0.226932
0.227669
0.228394
0.229117
0.229835
0.230544
0.231279
0.232022
0.232626
0.233309
0.233979
0.234643
0.235293
0.236077
0.238061
0.238117
0.238395
0.238919
0.239523
0.240119
0.240704
0.241278
0.241842
0.24272
0.243184
0.243475
0.243973
0.24448
0.244976
0.245465
0.245941
0.246405
0.246859
0.247302
0.247793
0.24837
0.24878
0.249068
0.249438
0.249824
0.2502
0.250567
0.250941
0.251307
0.251667
0.252027
0.252388
0.252748
0.253109
0.25347
0.253832
0.254194
0.254556
0.254918
0.25528
0.25564
0.255998
0.256357
0.256721
0.257088
0.257458
0.257832
0.258206
0.258582
0.25896
0.25934
0.259724
0.260111
0.260502
0.260896
0.261292
0.261691
0.262092
0.262494
0.2629
0.263311
0.263725
0.264143
0.264564
0.264989
0.265417
0.265848
0.266279
0.266711
0.267146
0.267584
0.268025
0.268468
0.268915
0.269366
0.269818
0.270273
0.270733
0.271194
0.271655
0.272116
0.272578
0.273036
0.273498
0.273971
0.274452
0.27494
0.275436
0.275939
0.27645
0.276966
0.277486
0.278008
0.278533
0.279061
0.279589
0.280117
0.280645
0.28117
0.200289
0.200189
0.200083
0.199969
0.199849
0.199721
0.199585
0.199443
0.199293
0.199136
0.198971
0.198799
0.198619
0.198432
0.198238
0.198036
0.197827
0.197612
0.197389
0.197159
0.196923
0.19668
0.19643
0.196174
0.195912
0.195644
0.19537
0.195091
0.194806
0.194515
0.19422
0.19392
0.193616
0.193307
0.192995
0.192679
0.192359
0.192036
0.19171
0.191382
0.191051
0.190719
0.190384
0.190049
0.189712
0.189375
0.189038
0.188701
0.188364
0.188028
0.187693
0.187359
0.187027
0.186697
0.186369
0.186044
0.185722
0.185403
0.185088
0.184777
0.18447
0.184168
0.183871
0.183579
0.183293
0.183013
0.182739
0.182472
0.182212
0.181958
0.181713
0.181475
0.181245
0.181023
0.180811
0.180607
0.180413
0.180227
0.180052
0.179886
0.179731
0.179585
0.17945
0.179325
0.179215
0.179116
0.179031
0.178959
0.178899
0.178853
0.17882
0.178801
0.178796
0.178804
0.178827
0.178864
0.178915
0.178982
0.179065
0.179165
0.179278
0.179404
0.179547
0.179705
0.179878
0.180068
0.180273
0.180491
0.180725
0.180976
0.181242
0.181524
0.181821
0.182133
0.18246
0.182801
0.183157
0.183527
0.18391
0.184308
0.184719
0.185144
0.185583
0.186032
0.186489
0.186958
0.187438
0.18793
0.18843
0.18894
0.18946
0.189991
0.190527
0.191068
0.191617
0.192171
0.192731
0.193458
0.193957
0.194494
0.195075
0.19565
0.196257
0.197225
0.197463
0.198014
0.198602
0.199185
0.199764
0.200412
0.201616
0.202012
0.20248
0.203013
0.20359
0.204159
0.204731
0.205391
0.206052
0.206579
0.207061
0.20761
0.20817
0.208729
0.209292
0.209846
0.210483
0.211189
0.211745
0.212239
0.212774
0.213337
0.213901
0.214476
0.215154
0.215921
0.216517
0.216991
0.217544
0.218144
0.218663
0.219645
0.221063
0.221186
0.22137
0.222168
0.222797
0.223863
0.224283
0.224853
0.225544
0.226168
0.227262
0.227872
0.228442
0.229131
0.229849
0.230565
0.231304
0.232349
0.233737
0.234251
0.234639
0.235204
0.235921
0.236635
0.237344
0.23805
0.238752
0.239575
0.240449
0.24113
0.241389
0.241958
0.242611
0.24324
0.24386
0.244471
0.245068
0.245653
0.246223
0.247051
0.247499
0.248028
0.248547
0.249118
0.24996
0.250483
0.250626
0.250809
0.251186
0.251639
0.252082
0.252516
0.252948
0.253378
0.253793
0.254204
0.254614
0.255021
0.255427
0.255825
0.256385
0.256817
0.256962
0.257317
0.257714
0.258107
0.258496
0.258894
0.259392
0.259714
0.260057
0.26045
0.260843
0.261237
0.261632
0.262026
0.262418
0.262809
0.263207
0.263608
0.264014
0.264423
0.264835
0.26525
0.265668
0.266089
0.266513
0.266939
0.267365
0.267795
0.268229
0.268667
0.269107
0.269551
0.269997
0.270445
0.270896
0.27135
0.271805
0.27226
0.27271
0.273152
0.273617
0.274086
0.274564
0.27505
0.27554
0.276036
0.276536
0.277039
0.277547
0.278058
0.278573
0.279093
0.279618
0.280148
0.280682
0.281218
0.206057
0.20611
0.206158
0.2062
0.206234
0.206261
0.206281
0.206293
0.206297
0.206294
0.206282
0.206262
0.206234
0.206197
0.20615
0.206095
0.20603
0.205955
0.205871
0.205777
0.205673
0.205561
0.205438
0.205307
0.205166
0.205016
0.204857
0.204688
0.204511
0.204324
0.204129
0.203925
0.203713
0.203493
0.203264
0.203027
0.202783
0.202532
0.202273
0.202008
0.201736
0.201458
0.201173
0.200881
0.200583
0.200282
0.199978
0.199672
0.199363
0.199053
0.19874
0.198426
0.198111
0.197795
0.197479
0.197162
0.196847
0.196531
0.196217
0.195904
0.195592
0.195284
0.19498
0.19468
0.194384
0.194093
0.193807
0.193526
0.193251
0.192981
0.192718
0.192462
0.192211
0.191967
0.191733
0.191507
0.191293
0.191092
0.190905
0.190732
0.190572
0.190427
0.190296
0.190178
0.190073
0.189981
0.189904
0.18984
0.18979
0.189753
0.189729
0.189719
0.189721
0.189738
0.189767
0.189808
0.189862
0.189928
0.190005
0.190156
0.190412
0.190518
0.190562
0.190766
0.190739
0.190957
0.191119
0.191255
0.191431
0.191636
0.191851
0.192075
0.192308
0.19255
0.1928
0.193057
0.193322
0.193592
0.193869
0.194152
0.194444
0.194748
0.195137
0.195444
0.195689
0.195996
0.196314
0.196628
0.19695
0.197258
0.197557
0.198212
0.198376
0.198652
0.199012
0.199293
0.199702
0.200064
0.200284
0.200793
0.201089
0.2015
0.20195
0.202184
0.202446
0.202793
0.203151
0.203508
0.203993
0.204731
0.2051
0.205359
0.205688
0.206087
0.206444
0.206923
0.20778
0.207791
0.208072
0.208464
0.208866
0.209263
0.209746
0.210217
0.210635
0.211023
0.211324
0.211728
0.212126
0.212524
0.212917
0.213658
0.214764
0.215202
0.21533
0.215651
0.216152
0.216639
0.217164
0.218197
0.218582
0.219041
0.219602
0.22018
0.220754
0.221382
0.22228
0.223067
0.223278
0.223718
0.224306
0.225054
0.225596
0.226186
0.226834
0.227511
0.228196
0.228888
0.229592
0.230351
0.231373
0.232595
0.233167
0.233621
0.234287
0.235014
0.235763
0.236504
0.237233
0.237956
0.238659
0.239352
0.240349
0.241742
0.242383
0.242755
0.243161
0.243789
0.244427
0.245047
0.245662
0.246266
0.246876
0.247813
0.248841
0.249365
0.249648
0.249914
0.250419
0.25094
0.251449
0.251945
0.252422
0.252878
0.253315
0.253743
0.254171
0.254599
0.255026
0.255465
0.256115
0.25674
0.257128
0.257301
0.257572
0.257964
0.258343
0.258986
0.259857
0.260226
0.260378
0.260539
0.260901
0.26127
0.261625
0.261986
0.262359
0.262872
0.263464
0.263862
0.263985
0.26426
0.264657
0.265064
0.265472
0.265882
0.266294
0.266707
0.267151
0.267681
0.268087
0.268329
0.268678
0.269087
0.26951
0.269942
0.270379
0.27082
0.271264
0.27171
0.272163
0.27283
0.273616
0.274105
0.274192
0.274355
0.274748
0.275225
0.275699
0.276173
0.276649
0.27713
0.27761
0.278086
0.27856
0.279028
0.279487
0.280086
0.280672
0.281111
0.208054
0.208161
0.20829
0.20838
0.208458
0.208614
0.208589
0.208653
0.208682
0.208713
0.208741
0.208767
0.208787
0.208801
0.208805
0.208801
0.208791
0.208787
0.208753
0.208687
0.208628
0.208562
0.208487
0.208404
0.208312
0.20821
0.208101
0.207982
0.207855
0.207718
0.207573
0.207422
0.207262
0.207099
0.206942
0.20672
0.206525
0.206323
0.206113
0.205896
0.205671
0.205444
0.205263
0.205164
0.204928
0.20428
0.203929
0.203662
0.203406
0.203144
0.202879
0.202612
0.202342
0.202071
0.201799
0.201526
0.201253
0.20098
0.200723
0.200518
0.200256
0.199815
0.199514
0.199257
0.199002
0.198752
0.198507
0.198267
0.198032
0.197803
0.19758
0.197371
0.197235
0.197072
0.196775
0.196536
0.196355
0.196186
0.19602
0.19586
0.195707
0.19556
0.195476
0.195444
0.195314
0.195139
0.195015
0.194912
0.194802
0.194706
0.194628
0.194562
0.194505
0.194456
0.194415
0.194382
0.194357
0.194339
0.194328
0.194323
0.194346
0.194556
0.194723
0.194605
0.19451
0.194536
0.194618
0.194706
0.194803
0.194908
0.19502
0.195141
0.195269
0.195405
0.195547
0.195695
0.195917
0.196125
0.196205
0.196335
0.1965
0.196696
0.196849
0.197039
0.197245
0.197463
0.197677
0.197892
0.198178
0.198823
0.199071
0.19886
0.199198
0.199122
0.199403
0.199298
0.199869
0.200108
0.200475
0.201269
0.201564
0.201617
0.202061
0.202243
0.2027
0.20285
0.20317
0.203573
0.203873
0.204156
0.204481
0.204845
0.205232
0.205624
0.205994
0.206448
0.207423
0.207262
0.207693
0.208164
0.208424
0.208878
0.209302
0.209754
0.210209
0.210662
0.211148
0.211852
0.212339
0.21249
0.212885
0.213387
0.213906
0.214408
0.214959
0.215514
0.216067
0.216826
0.217367
0.21781
0.218406
0.218995
0.219605
0.220387
0.220965
0.221455
0.222078
0.2227
0.223335
0.223975
0.224617
0.225261
0.225912
0.226685
0.227701
0.228381
0.228752
0.229334
0.230034
0.230735
0.231438
0.232148
0.232874
0.233603
0.234331
0.235056
0.235779
0.236497
0.237208
0.237996
0.238987
0.239695
0.240058
0.2407
0.241419
0.242123
0.242792
0.243474
0.24411
0.244762
0.245385
0.246005
0.246606
0.247194
0.247778
0.248374
0.248961
0.249535
0.250088
0.250628
0.251163
0.25169
0.2523
0.253181
0.253642
0.253761
0.254176
0.254587
0.255018
0.255452
0.255882
0.25631
0.256776
0.2572
0.257607
0.25801
0.258408
0.258804
0.259201
0.259614
0.260024
0.260424
0.260848
0.261625
0.261753
0.262069
0.262408
0.262772
0.26315
0.263529
0.263918
0.264308
0.2647
0.265093
0.265486
0.265881
0.266278
0.266677
0.267087
0.267552
0.268113
0.26855
0.268787
0.269138
0.26953
0.269947
0.270374
0.270799
0.271229
0.271677
0.272086
0.272508
0.272936
0.273366
0.273831
0.274296
0.274758
0.275219
0.275681
0.276142
0.276603
0.277065
0.277531
0.278008
0.278468
0.27919
0.279496
0.27994
0.280408
0.28088
)
;

boundaryField
{
    Inlet
    {
        type            fixedFluxPressure;
        gradient        uniform 0;
        value           nonuniform List<scalar> 
50
(
107.111
106.717
106.323
105.984
105.689
105.424
105.181
104.96
104.758
104.573
104.402
104.245
104.1
103.966
103.843
103.729
103.623
103.526
103.436
103.353
103.277
103.208
103.144
103.087
103.036
102.991
102.952
102.918
102.89
102.868
102.853
102.843
102.84
102.843
102.854
102.873
102.899
102.935
102.981
103.038
103.107
103.19
103.288
103.404
103.542
103.712
103.916
104.099
104.101
67.0107
)
;
    }
    BotOutlet1
    {
        type            totalPressure;
        rho             rho;
        psi             none;
        gamma           1;
        p0              nonuniform 0();
        value           nonuniform 0();
    }
    BotOutlet2
    {
        type            totalPressure;
        rho             rho;
        psi             none;
        gamma           1;
        p0              nonuniform 0();
        value           nonuniform 0();
    }
    TopInlet
    {
        type            fixedFluxPressure;
        gradient        uniform 0;
        value           nonuniform List<scalar> 
350
(
0.207313
0.205136
0.205221
0.204408
0.204099
0.20395
0.203863
0.203802
0.203749
0.203708
0.20369
0.203653
0.203638
0.203633
0.203635
0.203644
0.203659
0.203681
0.203708
0.203739
0.203779
0.203823
0.203877
0.203996
0.204063
0.204364
0.204464
0.204276
0.204325
0.204459
0.204633
0.204619
0.204782
0.204967
0.205332
0.205369
0.206125
0.205563
0.205668
0.205899
0.20614
0.206359
0.206693
0.206788
0.206975
0.207181
0.207447
0.207688
0.207758
0.207931
0.208054
0.208161
0.20829
0.20838
0.208458
0.208614
0.208589
0.208653
0.208682
0.208713
0.208741
0.208767
0.208787
0.208801
0.208805
0.208801
0.208791
0.208787
0.208753
0.208687
0.208628
0.208562
0.208487
0.208404
0.208312
0.20821
0.208101
0.207982
0.207855
0.207718
0.207573
0.207422
0.207262
0.207099
0.206942
0.20672
0.206525
0.206323
0.206113
0.205896
0.205671
0.205444
0.205263
0.205164
0.204928
0.20428
0.203929
0.203662
0.203406
0.203144
0.202879
0.202612
0.202342
0.202071
0.201799
0.201526
0.201253
0.20098
0.200723
0.200518
0.200256
0.199815
0.199514
0.199257
0.199002
0.198752
0.198507
0.198267
0.198032
0.197803
0.19758
0.197371
0.197235
0.197072
0.196775
0.196536
0.196355
0.196186
0.19602
0.19586
0.195707
0.19556
0.195476
0.195444
0.195314
0.195139
0.195015
0.194912
0.194802
0.194706
0.194628
0.194562
0.194505
0.194456
0.194415
0.194382
0.194357
0.194339
0.194328
0.194323
0.194346
0.194556
0.194723
0.194605
0.19451
0.194536
0.194618
0.194706
0.194803
0.194908
0.19502
0.195141
0.195269
0.195405
0.195547
0.195695
0.195917
0.196125
0.196205
0.196335
0.1965
0.196696
0.196849
0.197039
0.197245
0.197463
0.197677
0.197892
0.198178
0.198823
0.199071
0.19886
0.199198
0.199122
0.199403
0.199298
0.199869
0.200108
0.200475
0.201269
0.201564
0.201617
0.202061
0.202243
0.2027
0.20285
0.20317
0.203573
0.203873
0.204156
0.204481
0.204845
0.205232
0.205624
0.205994
0.206448
0.207423
0.207262
0.207693
0.208164
0.208424
0.208878
0.209302
0.209754
0.210209
0.210662
0.211148
0.211852
0.212339
0.21249
0.212885
0.213387
0.213906
0.214408
0.214959
0.215514
0.216067
0.216826
0.217367
0.21781
0.218406
0.218995
0.219605
0.220387
0.220965
0.221455
0.222078
0.2227
0.223335
0.223975
0.224617
0.225261
0.225912
0.226685
0.227701
0.228381
0.228752
0.229334
0.230034
0.230735
0.231438
0.232148
0.232874
0.233603
0.234331
0.235056
0.235779
0.236497
0.237208
0.237996
0.238987
0.239695
0.240058
0.2407
0.241419
0.242123
0.242792
0.243474
0.24411
0.244762
0.245385
0.246005
0.246606
0.247194
0.247778
0.248374
0.248961
0.249535
0.250088
0.250628
0.251163
0.25169
0.2523
0.253181
0.253642
0.253761
0.254176
0.254587
0.255018
0.255452
0.255882
0.25631
0.256776
0.2572
0.257607
0.25801
0.258408
0.258804
0.259201
0.259614
0.260024
0.260424
0.260848
0.261625
0.261753
0.262069
0.262408
0.262772
0.26315
0.263529
0.263918
0.264308
0.2647
0.265093
0.265486
0.265881
0.266278
0.266677
0.267087
0.267552
0.268113
0.26855
0.268787
0.269138
0.26953
0.269947
0.270374
0.270799
0.271229
0.271677
0.272086
0.272508
0.272936
0.273366
0.273831
0.274296
0.274758
0.275219
0.275681
0.276142
0.276603
0.277065
0.277531
0.278008
0.278468
0.27919
0.279496
0.27994
0.280408
0.28088
)
;
    }
    FreeStream
    {
        type            fixedFluxPressure;
        gradient        nonuniform List<scalar> 
20
(
-2.09104
-3.34683
-2.65205
-2.5504
-1.91837
1.25573
4.91906
7.30863
8.71958
9.20301
9.13434
8.81523
8.507
8.43519
8.72265
9.41906
9.27123
9.29224
8.4257
8.67119
)
;
        value           nonuniform List<scalar> 
20
(
0.262712
0.274412
0.280836
0.282944
0.283047
0.282758
0.282618
0.282369
0.282173
0.28198
0.28182
0.281695
0.28159
0.281525
0.281476
0.281466
0.281419
0.281467
0.281336
0.281112
)
;
    }
    FrontNBack
    {
        type            empty;
    }
    LeftSide
    {
        type            zeroGradient;
    }
    procBoundary3to2
    {
        type            processor;
        value           nonuniform List<scalar> 
400
(
78.8662
78.7813
78.7205
78.7615
78.8828
78.4992
76.0538
71.5902
4.94702
0.291846
0.289795
0.288555
0.288129
0.287929
0.287788
0.287658
0.287541
0.287427
0.287309
0.287179
0.287037
0.286879
0.286703
0.286508
0.286294
0.286062
0.285813
0.285549
0.285273
0.284987
0.284692
0.284391
0.284085
0.283775
0.283461
0.283144
0.282826
0.282506
0.282184
0.281861
0.281537
0.281211
0.280883
0.280554
0.280222
0.279888
0.279551
0.279212
0.278869
0.278522
0.278171
0.277815
0.277455
0.277089
0.276718
0.276341
0.275957
0.275567
0.27517
0.274765
0.274352
0.273931
0.273502
0.273064
0.272616
0.272159
0.271692
0.271215
0.270727
0.270228
0.269719
0.269197
0.268665
0.268119
0.267562
0.266992
0.266409
0.265813
0.265203
0.26458
0.263943
0.263292
0.262626
0.261945
0.26125
0.260539
0.259813
0.259072
0.258314
0.257541
0.256751
0.255946
0.255123
0.254284
0.253428
0.252555
0.251664
0.250756
0.249828
0.248885
0.248152
0.247635
0.247112
0.246579
0.246039
0.245489
0.244931
0.244365
0.243789
0.243204
0.242609
0.242006
0.241392
0.240769
0.240137
0.239494
0.23884
0.238177
0.237503
0.236818
0.236123
0.235416
0.234699
0.23397
0.233229
0.232477
0.231713
0.230937
0.230149
0.229349
0.228536
0.22771
0.226871
0.22602
0.225155
0.224276
0.223384
0.222479
0.221559
0.220625
0.219677
0.218714
0.217736
0.216743
0.215736
0.214713
0.213674
0.21262
0.21155
0.210464
0.209361
0.208242
0.207107
0.205955
0.204785
0.203599
0.202395
0.201173
0.199934
0.198677
0.197402
0.196108
0.194796
0.193466
0.192116
0.190748
0.189361
0.187954
0.186528
0.185083
0.183618
0.182133
0.180628
0.179103
0.177558
0.175992
0.174407
0.172801
0.171174
0.169527
0.167859
0.16617
0.164461
0.162731
0.16098
0.159208
0.157415
0.155602
0.153768
0.151913
0.150038
0.148142
0.146225
0.144289
0.142332
0.140355
0.138358
0.136342
0.134306
0.132251
0.130177
0.128084
0.125973
0.123844
0.121697
0.119533
0.117352
0.115155
0.112941
0.110713
0.108469
0.106211
0.10394
0.101655
0.0993659
0.0970511
0.0947313
0.0923993
0.0900611
0.087724
0.085364
0.0830029
0.0806478
0.0782653
0.0758882
0.0735128
0.0711311
0.0687487
0.0663675
0.0639906
0.061617
0.0592485
0.0568858
0.054531
0.0521853
0.0498505
0.0475284
0.0452184
0.0429261
0.040684
0.0384212
0.0361722
0.0339566
0.0317656
0.0296001
0.0274625
0.0253547
0.0232786
0.0212637
0.0192227
0.0172506
0.0153194
0.0134323
0.0115888
0.00979663
0.00808997
0.00637739
0.00475669
0.00316616
0.00162553
0.000137991
-0.00127427
-0.00262519
-0.00390813
-0.00512266
-0.00626559
-0.00733538
-0.00833282
-0.00925288
-0.0100679
-0.010827
-0.0115033
-0.0120966
-0.0125374
-0.01302
-0.0133421
-0.0135771
-0.0137132
-0.013758
-0.0136515
-0.0135642
-0.0133165
-0.01296
-0.0125004
-0.0119353
-0.0111973
-0.0105068
-0.00963737
-0.00864704
-0.0074807
-0.00636451
-0.00506747
-0.00366718
-0.00216731
-0.000566351
0.00113515
0.00297984
0.00481909
0.00679499
0.00885939
0.011009
0.0132426
0.015552
0.0179419
0.0203967
0.0229206
0.0255088
0.0281563
0.0308587
0.0336113
0.0364109
0.039253
0.0421344
0.0450752
0.047998
0.0509725
0.0539782
0.0569772
0.0600168
0.0630796
0.0661341
0.069222
0.0723248
0.0754425
0.0785753
0.0817253
0.0848884
0.0880757
0.0912704
0.0944878
0.0977256
0.100984
0.104265
0.10757
0.11089
0.114236
0.117603
0.120993
0.124397
0.12782
0.131257
0.134704
0.13816
0.14162
0.145083
0.148533
0.151974
0.1554
0.158804
0.162181
0.165524
0.168828
0.172087
0.175297
0.178463
0.181557
0.184562
0.187519
0.190404
0.193212
0.19594
0.198585
0.201147
0.203643
0.206027
0.208315
0.210528
0.212656
0.214696
0.21665
0.218519
0.220307
0.222026
0.223651
0.225185
0.226655
0.228053
0.229381
0.230639
0.231832
0.23296
0.234027
0.235035
0.235986
0.236882
0.237741
0.238522
0.239266
0.239966
0.24062
0.241231
0.241802
0.242348
0.242822
0.24327
0.243681
0.244054
0.244388
0.244681
0.244948
)
;
    }
}


// ************************************************************************* //
