/*--------------------------------*- C++ -*----------------------------------*\
| =========                 |                                                 |
| \\      /  F ield         | OpenFOAM: The Open Source CFD Toolbox           |
|  \\    /   O peration     | Version:  2.4.0                                 |
|   \\  /    A nd           | Web:      www.OpenFOAM.org                      |
|    \\/     M anipulation  |                                                 |
\*---------------------------------------------------------------------------*/
FoamFile
{
    version     2.0;
    format      ascii;
    class       volScalarField;
    location    "2";
    object      p_rgh;
}
// * * * * * * * * * * * * * * * * * * * * * * * * * * * * * * * * * * * * * //

dimensions      [1 -1 -2 0 0 0 0];

internalField   nonuniform List<scalar> 
8000
(
27.0783
27.0793
27.0805
27.0815
27.0825
27.0834
27.0842
27.085
27.0857
27.0864
27.087
27.0875
27.088
27.0884
27.0888
27.0891
27.0893
27.0889
27.0884
27.0909
27.1032
27.1173
27.0506
26.74
10.8971
0.020201
0.0208633
0.0207183
0.0206785
0.020681
0.0206884
0.0206935
0.0206978
0.0207027
0.0207084
0.0207148
0.0207219
0.0207296
0.0207379
0.0207468
0.0207562
0.0207662
0.0207767
0.0207877
0.0207992
0.0208111
0.0208234
0.0208362
0.0208493
0.0208627
28.3942
28.3964
28.3989
28.401
28.403
28.4047
28.4063
28.4077
28.409
28.4101
28.4111
28.4119
28.4125
28.413
28.4134
28.4136
28.4135
28.4129
28.4119
28.4143
28.428
28.4447
28.3708
28.0126
12.5321
0.0208406
0.0215264
0.0213689
0.021333
0.0213392
0.02135
0.0213589
0.0213677
0.0213777
0.0213891
0.0214017
0.0214155
0.0214302
0.021446
0.0214627
0.0214803
0.0214987
0.0215178
0.0215376
0.0215581
0.0215791
0.0216006
0.0216226
0.021645
0.0216677
29.739
29.7412
29.7435
29.7458
29.748
29.7502
29.7523
29.7545
29.7565
29.7586
29.7606
29.7626
29.7645
29.7664
29.7684
29.7704
29.7722
29.7736
29.7749
29.7805
29.801
29.8289
29.7513
29.3121
16.3078
0.0213668
0.0220604
0.0218768
0.021847
0.0218598
0.021878
0.0218955
0.0219143
0.0219353
0.0219587
0.0219842
0.0220114
0.0220403
0.0220706
0.0221021
0.0221348
0.0221684
0.0222029
0.022238
0.0222737
0.0223098
0.0223463
0.0223831
0.02242
0.022457
31.1228
31.1249
31.1278
31.1311
31.1348
31.1391
31.1437
31.1488
31.1544
31.1603
31.1667
31.1734
31.1804
31.1877
31.1952
31.2027
31.21
31.2163
31.2217
31.2311
31.2583
31.2964
31.2042
30.6284
22.9106
0.0270515
0.0219136
0.0217231
0.0217069
0.0217413
0.0217927
0.0218499
0.0219117
0.0219778
0.0220477
0.0221204
0.0221951
0.0222712
0.022348
0.0224252
0.0225024
0.0225792
0.0226554
0.0227307
0.0228051
0.0228782
0.0229502
0.0230207
0.0230899
0.0231576
32.2764
32.2821
32.2876
32.2918
32.2949
32.2969
32.2981
32.2983
32.2976
32.2961
32.2937
32.2906
32.2868
32.2823
32.2774
32.2722
32.2668
32.2624
32.2583
32.2517
32.2407
32.2316
32.2717
32.3278
32.1918
1.50383
0.0201842
0.0194035
0.0198468
0.0202497
0.0206289
0.020975
0.0212918
0.0215826
0.0218501
0.0220968
0.0223248
0.0225359
0.0227317
0.0229138
0.0230834
0.0232417
0.0233898
0.0235286
0.023659
0.0237816
0.0238971
0.0240061
0.0241092
0.0242069
33.7323
33.7377
33.7438
33.7498
33.7557
33.7618
33.768
33.7743
33.7807
33.7873
33.794
33.8008
33.8075
33.8143
33.821
33.8275
33.8337
33.8393
33.8437
33.8469
33.851
33.8631
33.8837
33.8291
33.5188
12.6369
0.034649
0.0245938
0.0244971
0.0245205
0.0245795
0.0246409
0.0247062
0.0247751
0.0248469
0.0249208
0.0249962
0.0250722
0.0251486
0.0252249
0.0253007
0.0253757
0.0254499
0.0255229
0.0255946
0.025665
0.0257339
0.0258013
0.0258671
0.0259313
35.3094
35.3125
35.3166
35.3208
35.325
35.3293
35.3336
35.338
35.3424
35.3469
35.3514
35.3559
35.3604
35.365
35.3697
35.3744
35.3793
35.3841
35.3884
35.3924
35.4022
35.4333
35.4828
35.3958
34.7897
26.9875
0.239889
0.0278048
0.0276803
0.0275784
0.0275693
0.0275849
0.027602
0.0276182
0.027635
0.027653
0.0276723
0.0276927
0.0277141
0.0277365
0.0277598
0.0277839
0.0278088
0.0278342
0.0278602
0.0278867
0.0279135
0.0279407
0.0279681
0.0279956
36.4526
36.4589
36.4652
36.4709
36.4764
36.4817
36.4869
36.492
36.4971
36.502
36.5068
36.5116
36.5163
36.521
36.5256
36.5301
36.5347
36.5391
36.5431
36.5465
36.5497
36.5594
36.5828
36.5781
36.4379
36.0977
8.39059
0.0700027
0.0304934
0.0302894
0.0302023
0.0301544
0.0301194
0.03009
0.0300643
0.0300425
0.0300242
0.0300092
0.0299972
0.0299878
0.0299808
0.0299758
0.0299728
0.0299715
0.0299717
0.0299734
0.0299763
0.0299803
0.0299854
0.0299914
38.1498
38.1535
38.1583
38.1631
38.1677
38.1722
38.1767
38.1811
38.1854
38.1896
38.1937
38.1977
38.2016
38.2054
38.2091
38.2128
38.2164
38.2199
38.2234
38.2263
38.2288
38.2362
38.2633
38.3026
38.2234
37.6776
27.9143
0.339781
0.0339656
0.0321226
0.032004
0.0319876
0.031986
0.0319819
0.0319747
0.0319661
0.0319567
0.0319468
0.0319367
0.0319266
0.0319166
0.031907
0.0318978
0.0318891
0.0318809
0.0318733
0.0318664
0.0318602
0.0318546
0.0318496
39.2903
39.2966
39.303
39.3088
39.3142
39.3194
39.3244
39.3293
39.334
39.3385
39.3429
39.3472
39.3513
39.3553
39.3592
39.3629
39.3664
39.3698
39.3729
39.3753
39.3769
39.3781
39.3868
39.4061
39.3944
39.2347
38.9017
8.22659
0.101141
0.0344554
0.0342358
0.0341309
0.034069
0.03402
0.0339769
0.0339374
0.0339013
0.0338686
0.033839
0.033812
0.0337873
0.0337648
0.0337443
0.0337254
0.033708
0.0336921
0.0336775
0.033664
0.0336516
0.0336401
40.9777
40.9804
40.9838
40.9875
40.9912
40.995
40.9989
41.0029
41.007
41.0112
41.0155
41.0198
41.0242
41.0286
41.033
41.0375
41.0421
41.0468
41.0515
41.0563
41.0606
41.0648
41.0733
41.0956
41.1283
41.072
40.6703
27.676
0.239604
0.0356748
0.0355312
0.035435
0.0354205
0.0354136
0.0354044
0.035394
0.0353831
0.0353719
0.0353606
0.0353493
0.0353381
0.035327
0.035316
0.0353053
0.0352949
0.0352847
0.0352748
0.0352652
0.0352559
0.0352469
42.3136
42.3156
42.3179
42.3203
42.3229
42.3258
42.3288
42.3321
42.3357
42.3394
42.3434
42.3477
42.3522
42.357
42.3621
42.3675
42.3732
42.3793
42.3858
42.3925
42.3987
42.4045
42.4164
42.4506
42.5048
42.4237
41.7718
40.3846
1.65673
0.043796
0.0370289
0.0369241
0.036907
0.0369107
0.036914
0.0369147
0.0369143
0.0369133
0.0369118
0.0369099
0.0369075
0.0369047
0.0369014
0.0368979
0.036894
0.0368898
0.0368853
0.0368807
0.0368758
0.0368708
43.7092
43.7141
43.7195
43.7245
43.7291
43.7335
43.7376
43.7415
43.7452
43.7486
43.7518
43.7547
43.7574
43.7598
43.762
43.7639
43.7655
43.7669
43.7679
43.7686
43.769
43.7687
43.7687
43.7692
43.7752
43.7856
43.7574
43.5773
12.6994
0.0853961
0.0385195
0.0384986
0.0384773
0.0384741
0.0384762
0.0384777
0.0384781
0.0384779
0.0384772
0.0384761
0.0384746
0.0384728
0.0384706
0.0384681
0.0384652
0.0384621
0.0384587
0.0384551
0.0384512
0.038447
45.1561
45.1618
45.168
45.1737
45.1789
45.1837
45.1882
45.1924
45.1963
45.1999
45.2031
45.2061
45.2088
45.2111
45.2132
45.215
45.2164
45.2175
45.2183
45.2187
45.2187
45.218
45.2171
45.2177
45.2258
45.2355
45.1832
44.9379
17.8013
0.0737791
0.0402667
0.0402141
0.0401848
0.0401769
0.0401754
0.0401738
0.0401716
0.040169
0.0401662
0.0401633
0.0401603
0.040157
0.0401535
0.0401498
0.0401458
0.0401416
0.0401372
0.0401325
0.0401276
0.0401225
46.619
46.6239
46.629
46.6336
46.6376
46.6412
46.6444
46.6473
46.6497
46.6518
46.6536
46.6549
46.656
46.6566
46.6569
46.6569
46.6565
46.6558
46.6547
46.6534
46.6517
46.6494
46.6471
46.646
46.6503
46.6539
46.6106
46.4419
13.2916
0.0474852
0.0420344
0.0418957
0.0418717
0.0418673
0.0418642
0.0418594
0.0418539
0.0418483
0.0418427
0.0418369
0.041831
0.0418249
0.0418186
0.0418122
0.0418055
0.0417986
0.0417916
0.0417844
0.0417771
0.0417696
48.2258
48.2271
48.2287
48.2304
48.2322
48.2341
48.2362
48.2384
48.2408
48.2432
48.2458
48.2485
48.2512
48.2541
48.2569
48.2598
48.2626
48.2655
48.2682
48.2707
48.2723
48.2736
48.2782
48.2987
48.3282
48.2566
47.8025
44.9755
2.06412
0.0449018
0.0438204
0.0437066
0.0436783
0.0436715
0.0436673
0.0436615
0.0436548
0.0436477
0.0436404
0.043633
0.0436253
0.0436175
0.0436095
0.0436013
0.043593
0.0435845
0.0435758
0.0435668
0.0435576
0.0435481
49.7886
49.7903
49.7921
49.7935
49.7943
49.7945
49.7942
49.7933
49.7919
49.7897
49.7869
49.7834
49.779
49.7738
49.7676
49.7604
49.752
49.7425
49.7312
49.7178
49.7026
49.6912
49.6968
49.705
49.5679
48.9648
45.1109
10.242
0.257308
0.0462553
0.0456186
0.0455253
0.045498
0.0454783
0.0454598
0.0454417
0.0454241
0.0454071
0.0453907
0.0453749
0.0453594
0.0453444
0.0453297
0.0453152
0.0453009
0.0452869
0.0452729
0.0452591
0.0452454
0.0452317
51.1921
51.1863
51.1801
51.176
51.1743
51.1749
51.1776
51.1825
51.1894
51.1985
51.2098
51.2232
51.2389
51.257
51.2774
51.3004
51.3258
51.3533
51.3833
51.4195
51.4742
51.5474
51.5384
51.1531
50.0004
40.0001
8.93908
0.488821
0.0603316
0.0474568
0.0474066
0.0473615
0.0473293
0.0473101
0.0472964
0.0472835
0.0472709
0.0472587
0.0472469
0.0472354
0.0472241
0.047213
0.0472019
0.0471907
0.0471795
0.0471681
0.0471566
0.0471448
0.0471327
0.0471203
53.3231
53.3181
53.3177
53.3216
53.3291
53.3397
53.3535
53.3705
53.3909
53.4146
53.4417
53.4724
53.5067
53.545
53.5873
53.6333
53.6827
53.7372
53.807
53.9099
54.023
53.9175
52.9583
50.147
24.1473
3.14643
0.167781
0.047262
0.049307
0.0489471
0.0488031
0.0487985
0.0488163
0.0488242
0.048825
0.0488237
0.0488214
0.0488184
0.0488147
0.0488103
0.0488055
0.0488001
0.0487943
0.0487879
0.048781
0.0487737
0.0487658
0.0487573
0.0487483
0.0487387
52.5404
52.5731
52.6041
52.629
52.6487
52.6644
52.6761
52.6838
52.6875
52.687
52.6825
52.6738
52.6608
52.643
52.6198
52.5917
52.5658
52.5603
52.5744
52.4551
51.201
50.0581
32.3691
6.37713
-0.109216
0.0703636
0.0585972
0.0512942
0.0513984
0.0514137
0.0514022
0.0513896
0.0513785
0.0513669
0.0513539
0.0513395
0.051324
0.0513074
0.05129
0.0512717
0.0512527
0.051233
0.0512127
0.0511918
0.0511704
0.0511484
0.0511259
0.0511029
0.0510794
0.0510555
0.0208764
0.0208905
0.0209048
0.0209194
0.0209342
0.0209493
0.0209645
0.0209799
0.0209954
0.0210111
0.0210269
0.0210428
0.0210588
0.0210748
0.0210909
0.0211071
0.0211232
0.0211394
0.0211556
0.0211718
0.0211879
0.021204
0.0212201
0.0212361
0.021252
0.0212679
0.0212837
0.0212994
0.0213151
0.0213306
0.021346
0.0213613
0.0213765
0.0213915
0.0214065
0.0214213
0.0214359
0.0214505
0.0214648
0.0214791
0.0214932
0.0215071
0.0215209
0.0215345
0.021548
0.0215613
0.0215745
0.0215875
0.0216002
0.0216129
0.0216908
0.0217141
0.0217377
0.0217614
0.0217853
0.0218093
0.0218334
0.0218576
0.0218817
0.0219059
0.02193
0.0219541
0.021978
0.0220019
0.0220257
0.0220493
0.0220728
0.0220961
0.0221193
0.0221422
0.022165
0.0221875
0.0222098
0.0222319
0.0222537
0.0222753
0.0222967
0.0223177
0.0223386
0.0223591
0.0223794
0.0223995
0.0224192
0.0224387
0.0224579
0.0224769
0.0224955
0.0225139
0.022532
0.0225498
0.0225674
0.0225847
0.0226017
0.0226184
0.0226348
0.022651
0.022667
0.0226826
0.0226979
0.022713
0.0224941
0.022531
0.0225679
0.0226046
0.0226412
0.0226774
0.0227134
0.0227491
0.0227844
0.0228193
0.0228539
0.022888
0.0229217
0.022955
0.0229878
0.0230201
0.023052
0.0230834
0.0231143
0.0231447
0.0231746
0.0232041
0.023233
0.0232615
0.0232894
0.0233169
0.0233439
0.0233705
0.0233965
0.0234221
0.0234472
0.0234719
0.023496
0.0235198
0.0235431
0.0235659
0.0235884
0.0236103
0.0236319
0.023653
0.0236738
0.0236941
0.023714
0.0237336
0.0237527
0.0237715
0.0237898
0.0238078
0.0238254
0.0238427
0.0232238
0.0232885
0.0233516
0.0234132
0.0234734
0.023532
0.0235891
0.0236447
0.0236989
0.0237518
0.0238032
0.0238532
0.023902
0.0239494
0.0239957
0.0240406
0.0240844
0.0241271
0.0241686
0.024209
0.0242484
0.0242867
0.024324
0.0243603
0.0243957
0.0244302
0.0244638
0.0244965
0.0245284
0.0245595
0.0245897
0.0246192
0.024648
0.024676
0.0247033
0.0247299
0.0247558
0.0247811
0.0248058
0.0248298
0.0248532
0.0248761
0.0248984
0.0249201
0.0249412
0.0249619
0.024982
0.0250016
0.0250206
0.0250393
0.0242995
0.0243875
0.0244713
0.0245511
0.0246272
0.0246999
0.0247694
0.024836
0.0248998
0.0249611
0.0250199
0.0250764
0.0251309
0.0251833
0.0252338
0.0252826
0.0253296
0.0253751
0.025419
0.0254615
0.0255026
0.0255425
0.0255811
0.0256184
0.0256547
0.0256899
0.025724
0.0257572
0.0257893
0.0258206
0.025851
0.0258805
0.0259092
0.0259371
0.0259642
0.0259906
0.0260163
0.0260413
0.0260657
0.0260894
0.0261124
0.0261349
0.0261567
0.026178
0.0261987
0.0262189
0.0262385
0.0262577
0.0262762
0.0262943
0.025994
0.026055
0.0261144
0.0261723
0.0262286
0.0262833
0.0263366
0.0263884
0.0264387
0.0264876
0.0265351
0.0265813
0.0266262
0.0266698
0.0267122
0.0267534
0.0267934
0.0268323
0.0268701
0.0269069
0.0269426
0.0269773
0.027011
0.0270438
0.0270757
0.0271067
0.0271369
0.0271662
0.0271947
0.0272224
0.0272493
0.0272755
0.027301
0.0273258
0.0273499
0.0273734
0.0273962
0.0274184
0.0274399
0.0274609
0.0274813
0.0275012
0.0275205
0.0275393
0.0275576
0.0275753
0.0275925
0.0276093
0.0276255
0.0276413
0.0280233
0.028051
0.0280787
0.0281064
0.028134
0.0281615
0.0281888
0.0282159
0.0282428
0.0282694
0.0282957
0.0283218
0.0283475
0.0283729
0.028398
0.0284227
0.0284471
0.0284711
0.0284947
0.0285179
0.0285408
0.0285632
0.0285853
0.0286069
0.0286282
0.028649
0.0286695
0.0286895
0.0287092
0.0287284
0.0287472
0.0287656
0.0287837
0.0288013
0.0288186
0.0288355
0.028852
0.0288681
0.0288839
0.0288993
0.0289144
0.0289291
0.0289434
0.0289573
0.028971
0.0289843
0.0289973
0.0290099
0.0290222
0.0290342
0.0299983
0.0300058
0.0300141
0.0300229
0.0300323
0.0300422
0.0300524
0.0300631
0.030074
0.0300852
0.0300967
0.0301083
0.0301201
0.030132
0.030144
0.0301561
0.0301682
0.0301804
0.0301926
0.0302048
0.0302169
0.030229
0.030241
0.0302529
0.0302647
0.0302764
0.030288
0.0302995
0.0303108
0.030322
0.030333
0.0303439
0.0303545
0.0303651
0.0303754
0.0303855
0.0303955
0.0304052
0.0304148
0.0304241
0.0304332
0.0304421
0.0304508
0.0304593
0.0304676
0.0304756
0.0304835
0.0304911
0.0304985
0.0305057
0.0318453
0.0318417
0.0318386
0.0318362
0.0318343
0.031833
0.0318322
0.0318319
0.0318321
0.0318327
0.0318336
0.031835
0.0318367
0.0318387
0.031841
0.0318436
0.0318464
0.0318495
0.0318528
0.0318562
0.0318598
0.0318635
0.0318674
0.0318714
0.0318755
0.0318797
0.0318839
0.0318882
0.0318925
0.0318969
0.0319012
0.0319056
0.0319099
0.0319142
0.0319185
0.0319227
0.0319269
0.0319311
0.0319351
0.0319391
0.031943
0.0319468
0.0319505
0.0319542
0.0319577
0.0319611
0.0319644
0.0319676
0.0319706
0.0319735
0.0336296
0.0336199
0.0336109
0.0336027
0.0335951
0.0335882
0.0335816
0.0335756
0.0335701
0.033565
0.0335604
0.0335561
0.0335522
0.0335487
0.0335454
0.0335425
0.0335397
0.0335372
0.033535
0.0335329
0.0335309
0.0335292
0.0335275
0.033526
0.0335247
0.0335234
0.0335222
0.0335211
0.03352
0.033519
0.0335181
0.0335172
0.0335163
0.0335154
0.0335145
0.0335136
0.0335128
0.0335119
0.0335109
0.03351
0.033509
0.033508
0.0335069
0.0335058
0.0335046
0.0335034
0.0335021
0.0335007
0.0334993
0.0334978
0.0352382
0.0352298
0.0352217
0.035214
0.0352065
0.0351992
0.0351923
0.0351857
0.0351793
0.0351731
0.0351671
0.0351613
0.0351557
0.0351503
0.0351451
0.0351399
0.035135
0.0351301
0.0351254
0.0351208
0.0351162
0.0351118
0.0351074
0.0351032
0.0350989
0.0350948
0.0350906
0.0350865
0.0350825
0.0350784
0.0350744
0.0350704
0.0350663
0.0350623
0.0350583
0.0350542
0.0350501
0.035046
0.0350419
0.0350377
0.0350335
0.0350293
0.035025
0.0350206
0.0350162
0.0350117
0.0350072
0.0350026
0.0349979
0.0349932
0.0368656
0.0368603
0.0368549
0.0368493
0.0368437
0.0368379
0.0368321
0.0368262
0.0368202
0.0368142
0.0368081
0.036802
0.0367958
0.0367896
0.0367833
0.036777
0.0367707
0.0367643
0.0367579
0.0367514
0.036745
0.0367384
0.0367319
0.0367253
0.0367186
0.0367119
0.0367052
0.0366984
0.0366916
0.0366847
0.0366778
0.0366708
0.0366638
0.0366567
0.0366496
0.0366424
0.0366351
0.0366278
0.0366204
0.0366129
0.0366054
0.0365978
0.0365901
0.0365824
0.0365746
0.0365667
0.0365587
0.0365506
0.0365426
0.0365344
0.0384426
0.038438
0.0384331
0.038428
0.0384228
0.0384174
0.0384118
0.0384061
0.0384002
0.0383941
0.0383879
0.0383816
0.0383751
0.0383684
0.0383617
0.0383548
0.0383478
0.0383406
0.0383334
0.038326
0.0383184
0.0383108
0.038303
0.0382951
0.0382871
0.038279
0.0382708
0.0382624
0.0382539
0.0382453
0.0382366
0.0382278
0.0382188
0.0382098
0.0382006
0.0381913
0.0381819
0.0381724
0.0381628
0.038153
0.0381431
0.0381332
0.0381231
0.0381129
0.0381025
0.0380921
0.0380816
0.0380709
0.0380602
0.0380494
0.0401171
0.0401115
0.0401057
0.0400996
0.0400934
0.0400868
0.0400801
0.0400731
0.040066
0.0400586
0.0400509
0.0400431
0.0400351
0.0400269
0.0400184
0.0400098
0.0400009
0.0399919
0.0399826
0.0399732
0.0399636
0.0399538
0.0399438
0.0399336
0.0399232
0.0399127
0.039902
0.0398911
0.0398801
0.0398688
0.0398575
0.0398459
0.0398342
0.0398223
0.0398103
0.0397981
0.0397858
0.0397733
0.0397607
0.0397479
0.039735
0.0397219
0.0397087
0.0396953
0.0396818
0.0396682
0.0396544
0.0396405
0.0396266
0.0396125
0.0417619
0.0417541
0.0417461
0.0417379
0.0417295
0.0417209
0.0417122
0.0417033
0.0416942
0.0416849
0.0416754
0.0416657
0.0416558
0.0416457
0.0416355
0.041625
0.0416143
0.0416034
0.0415924
0.0415811
0.0415696
0.0415579
0.041546
0.0415339
0.0415217
0.0415092
0.0414965
0.0414836
0.0414705
0.0414572
0.0414437
0.04143
0.0414161
0.0414021
0.0413878
0.0413733
0.0413587
0.0413438
0.0413288
0.0413136
0.0412982
0.0412827
0.0412669
0.041251
0.0412349
0.0412186
0.0412021
0.0411855
0.0411688
0.0411519
0.0435384
0.0435285
0.0435183
0.0435079
0.0434972
0.0434863
0.0434751
0.0434636
0.0434519
0.04344
0.0434277
0.0434152
0.0434025
0.0433894
0.0433761
0.0433626
0.0433487
0.0433346
0.0433203
0.0433057
0.0432908
0.0432757
0.0432603
0.0432446
0.0432287
0.0432126
0.0431962
0.0431796
0.0431627
0.0431456
0.0431283
0.0431108
0.043093
0.043075
0.0430567
0.0430383
0.0430197
0.0430008
0.0429818
0.0429625
0.042943
0.0429234
0.0429035
0.0428835
0.0428633
0.0428429
0.0428223
0.0428016
0.0427808
0.0427599
0.045218
0.0452043
0.0451906
0.0451768
0.045163
0.0451491
0.045135
0.0451209
0.0451066
0.0450921
0.0450775
0.0450627
0.0450477
0.0450325
0.0450171
0.0450015
0.0449857
0.0449696
0.0449533
0.0449368
0.04492
0.0449029
0.0448856
0.0448681
0.0448503
0.0448322
0.0448138
0.0447952
0.0447764
0.0447572
0.0447379
0.0447182
0.0446983
0.0446781
0.0446577
0.044637
0.0446161
0.0445949
0.0445735
0.0445518
0.0445298
0.0445077
0.0444853
0.0444626
0.0444397
0.0444166
0.0443933
0.0443697
0.0443461
0.0443222
0.0471075
0.0470944
0.0470808
0.0470668
0.0470524
0.0470376
0.0470223
0.0470065
0.0469903
0.0469736
0.0469565
0.0469389
0.0469208
0.0469023
0.0468834
0.046864
0.0468441
0.0468239
0.0468032
0.0467821
0.0467606
0.0467386
0.0467163
0.0466937
0.0466706
0.0466472
0.0466234
0.0465993
0.0465748
0.04655
0.0465249
0.0464994
0.0464737
0.0464476
0.0464213
0.0463946
0.0463677
0.0463406
0.0463131
0.0462854
0.0462575
0.0462293
0.0462009
0.0461722
0.0461433
0.0461142
0.0460849
0.0460554
0.0460259
0.0459962
0.0487286
0.0487178
0.0487065
0.0486945
0.048682
0.0486688
0.0486551
0.0486407
0.0486258
0.0486102
0.0485941
0.0485774
0.04856
0.0485422
0.0485237
0.0485047
0.0484851
0.048465
0.0484444
0.0484232
0.0484015
0.0483793
0.0483566
0.0483333
0.0483097
0.0482855
0.0482608
0.0482357
0.0482102
0.0481842
0.0481578
0.048131
0.0481037
0.0480761
0.048048
0.0480196
0.0479907
0.0479616
0.047932
0.0479021
0.0478719
0.0478413
0.0478104
0.0477791
0.0477476
0.0477157
0.0476835
0.0476511
0.0476186
0.0475857
0.051031
0.0510061
0.0509807
0.0509548
0.0509284
0.0509016
0.0508742
0.0508464
0.0508182
0.0507894
0.0507602
0.0507306
0.0507005
0.0506699
0.0506389
0.0506075
0.0505756
0.0505433
0.0505106
0.0504774
0.0504439
0.05041
0.0503756
0.0503409
0.0503058
0.0502704
0.0502346
0.0501985
0.050162
0.0501252
0.050088
0.0500506
0.0500128
0.0499748
0.0499364
0.0498978
0.0498589
0.0498197
0.0497803
0.0497406
0.0497007
0.0496605
0.0496202
0.0495795
0.0495387
0.0494977
0.0494564
0.049415
0.0493737
0.0493322
0.0216226
0.0216296
0.0216367
0.0216437
0.0216507
0.0216576
0.0216646
0.0216715
0.0216784
0.0216852
0.0216921
0.0216989
0.0217057
0.0217125
0.0217192
0.021726
0.0217327
0.0217394
0.021746
0.0217526
0.0217592
0.0217658
0.0217723
0.0217789
0.0217853
0.0217918
0.0217982
0.0218046
0.021811
0.0218173
0.0218236
0.0218298
0.0218361
0.0218423
0.0218484
0.0218545
0.0218606
0.0218666
0.0218727
0.0218786
0.0218845
0.0218904
0.0218963
0.0219021
0.0219078
0.0219136
0.0219192
0.0219249
0.0219305
0.021936
0.0219415
0.021947
0.0219524
0.0219577
0.021963
0.0219683
0.0219735
0.0219787
0.0219838
0.0219889
0.0219939
0.0219989
0.0220038
0.0220087
0.0220135
0.0220182
0.0220229
0.0220276
0.0220322
0.0220367
0.0220412
0.0220456
0.02205
0.0220543
0.0220585
0.0220627
0.0220669
0.0220709
0.0220749
0.0220789
0.0220828
0.0220866
0.0220904
0.0220941
0.0220977
0.0221013
0.0221048
0.0221082
0.0221116
0.0221149
0.0221182
0.0221214
0.0221245
0.0221275
0.0221305
0.0221334
0.0221363
0.022139
0.0221417
0.0221444
0.0221469
0.0221494
0.0221518
0.0221542
0.0221565
0.0221587
0.0221608
0.0221628
0.0221648
0.0221667
0.0221685
0.0221703
0.022172
0.0221736
0.0221751
0.0221765
0.0221779
0.0221792
0.0221804
0.0221816
0.0221826
0.0221836
0.0221845
0.0221853
0.0221861
0.0221868
0.0221873
0.0221878
0.0221883
0.0221886
0.0221889
0.0221891
0.0221892
0.0221892
0.0221891
0.022189
0.0221887
0.0221884
0.022188
0.0221876
0.022187
0.0221864
0.0221857
0.0221849
0.022184
0.022183
0.022182
0.0221808
0.0221796
0.0221783
0.0221769
0.0221754
0.0221739
0.0221723
0.0221705
0.0221688
0.0221669
0.0221649
0.0221629
0.0221607
0.0221585
0.0221562
0.0221539
0.0221514
0.0221489
0.0221462
0.0221435
0.0221408
0.0221379
0.022135
0.022132
0.0221289
0.0221257
0.0221224
0.0221191
0.0221157
0.0221122
0.0221086
0.022105
0.0221013
0.0220975
0.0220936
0.0220897
0.0220857
0.0220816
0.0220774
0.0220732
0.0220689
0.0220645
0.0220601
0.0220556
0.022051
0.0220464
0.0220417
0.0220369
0.0220321
0.0220272
0.0220222
0.0220172
0.0220121
0.022007
0.0220018
0.0219965
0.0219912
0.0219858
0.0219804
0.0219749
0.0219694
0.0219638
0.0219582
0.0219526
0.0219468
0.0219411
0.0219353
0.0219294
0.0219236
0.0219177
0.0219117
0.0219057
0.0218997
0.0218936
0.0218875
0.0218814
0.0218753
0.0218691
0.0218629
0.0218567
0.0218505
0.0218443
0.021838
0.0218317
0.0218255
0.0218192
0.0218129
0.0218066
0.0218003
0.021794
0.0217877
0.0217814
0.0217751
0.0217688
0.0217626
0.0217563
0.0217501
0.0217439
0.0217377
0.0217315
0.0217254
0.0217193
0.0217132
0.0217072
0.0217012
0.0216952
0.0216893
0.0216835
0.0216777
0.0216719
0.0216662
0.0216606
0.021655
0.0216495
0.0216441
0.0216387
0.0216335
0.0216283
0.0216231
0.0216181
0.0216132
0.0216083
0.0216036
0.021599
0.0215944
0.02159
0.0215857
0.0215815
0.0215774
0.0215735
0.0215697
0.021566
0.0215625
0.0215591
0.0215558
0.0215527
0.0215497
0.0215469
0.0215443
0.0215418
0.0215395
0.0215374
0.0215355
0.0215337
0.0215321
0.0215307
0.0215295
0.0215286
0.0215278
0.0215272
0.0215268
0.0215267
0.0215267
0.0227247
0.022733
0.0227414
0.0227498
0.022758
0.0227662
0.0227744
0.0227826
0.0227907
0.0227987
0.0228068
0.0228147
0.0228227
0.0228306
0.0228384
0.0228462
0.022854
0.0228617
0.0228694
0.022877
0.0228846
0.0228921
0.0228996
0.022907
0.0229144
0.0229218
0.0229291
0.0229363
0.0229435
0.0229506
0.0229577
0.0229647
0.0229717
0.0229786
0.0229855
0.0229923
0.0229991
0.0230058
0.0230125
0.0230191
0.0230256
0.0230321
0.0230385
0.0230449
0.0230512
0.0230575
0.0230637
0.0230698
0.0230759
0.0230819
0.0230878
0.0230937
0.0230996
0.0231053
0.023111
0.0231167
0.0231222
0.0231278
0.0231332
0.0231386
0.0231439
0.0231492
0.0231543
0.0231595
0.0231645
0.0231695
0.0231744
0.0231792
0.023184
0.0231887
0.0231934
0.0231979
0.0232024
0.0232068
0.0232112
0.0232155
0.0232197
0.0232238
0.0232279
0.0232319
0.0232358
0.0232396
0.0232434
0.0232471
0.0232507
0.0232542
0.0232577
0.0232611
0.0232644
0.0232676
0.0232707
0.0232738
0.0232768
0.0232797
0.0232825
0.0232853
0.023288
0.0232906
0.0232931
0.0232955
0.0232979
0.0233001
0.0233023
0.0233044
0.0233064
0.0233084
0.0233102
0.023312
0.0233137
0.0233153
0.0233168
0.0233182
0.0233196
0.0233208
0.023322
0.0233231
0.0233241
0.023325
0.0233258
0.0233266
0.0233272
0.0233278
0.0233282
0.0233286
0.0233289
0.0233291
0.0233293
0.0233293
0.0233292
0.0233291
0.0233289
0.0233285
0.0233281
0.0233276
0.023327
0.0233264
0.0233256
0.0233247
0.0233238
0.0233227
0.0233216
0.0233204
0.0233191
0.0233177
0.0233162
0.0233146
0.0233129
0.0233111
0.0233093
0.0233073
0.0233053
0.0233032
0.023301
0.0232987
0.0232963
0.0232938
0.0232912
0.0232886
0.0232858
0.023283
0.02328
0.023277
0.0232739
0.0232707
0.0232675
0.0232641
0.0232606
0.0232571
0.0232535
0.0232498
0.023246
0.0232421
0.0232381
0.0232341
0.02323
0.0232258
0.0232215
0.0232171
0.0232126
0.0232081
0.0232035
0.0231988
0.023194
0.0231892
0.0231842
0.0231792
0.0231742
0.023169
0.0231638
0.0231585
0.0231531
0.0231477
0.0231422
0.0231366
0.023131
0.0231253
0.0231195
0.0231136
0.0231077
0.0231018
0.0230957
0.0230897
0.0230835
0.0230773
0.0230711
0.0230647
0.0230584
0.023052
0.0230455
0.023039
0.0230324
0.0230258
0.0230191
0.0230124
0.0230057
0.0229989
0.0229921
0.0229852
0.0229783
0.0229714
0.0229645
0.0229575
0.0229505
0.0229435
0.0229364
0.0229293
0.0229222
0.0229151
0.022908
0.0229009
0.0228937
0.0228866
0.0228794
0.0228722
0.0228651
0.0228579
0.0228507
0.0228436
0.0228364
0.0228293
0.0228222
0.0228151
0.022808
0.022801
0.0227939
0.0227869
0.02278
0.022773
0.0227661
0.0227593
0.0227525
0.0227457
0.022739
0.0227323
0.0227257
0.0227192
0.0227127
0.0227063
0.0226999
0.0226937
0.0226875
0.0226813
0.0226753
0.0226694
0.0226635
0.0226578
0.0226521
0.0226466
0.0226411
0.0226358
0.0226306
0.0226255
0.0226205
0.0226156
0.0226109
0.0226063
0.0226019
0.0225976
0.0225934
0.0225894
0.0225856
0.0225819
0.0225784
0.0225751
0.0225719
0.0225689
0.0225661
0.0225635
0.0225611
0.0225589
0.0225568
0.022555
0.0225534
0.022552
0.0225509
0.0225499
0.0225492
0.0225488
0.0225485
0.0225486
0.0238559
0.0238654
0.023875
0.0238845
0.0238939
0.0239032
0.0239125
0.0239217
0.0239308
0.0239399
0.0239489
0.0239579
0.0239668
0.0239756
0.0239844
0.0239931
0.0240017
0.0240103
0.0240188
0.0240273
0.0240356
0.0240439
0.0240522
0.0240604
0.0240685
0.0240765
0.0240845
0.0240924
0.0241003
0.024108
0.0241157
0.0241234
0.0241309
0.0241384
0.0241458
0.0241532
0.0241605
0.0241677
0.0241748
0.0241819
0.0241889
0.0241958
0.0242027
0.0242094
0.0242161
0.0242228
0.0242293
0.0242358
0.0242422
0.0242485
0.0242548
0.024261
0.0242671
0.0242731
0.024279
0.0242849
0.0242907
0.0242964
0.024302
0.0243076
0.024313
0.0243184
0.0243238
0.024329
0.0243341
0.0243392
0.0243442
0.0243491
0.0243539
0.0243587
0.0243633
0.0243679
0.0243724
0.0243768
0.0243812
0.0243854
0.0243895
0.0243936
0.0243976
0.0244015
0.0244053
0.024409
0.0244127
0.0244162
0.0244197
0.0244231
0.0244264
0.0244296
0.0244327
0.0244357
0.0244386
0.0244415
0.0244442
0.0244469
0.0244495
0.0244519
0.0244543
0.0244566
0.0244588
0.0244609
0.024463
0.0244649
0.0244667
0.0244685
0.0244701
0.0244717
0.0244731
0.0244745
0.0244758
0.0244769
0.024478
0.024479
0.0244799
0.0244807
0.0244814
0.024482
0.0244825
0.0244829
0.0244832
0.0244834
0.0244836
0.0244836
0.0244835
0.0244833
0.0244831
0.0244827
0.0244822
0.0244817
0.024481
0.0244802
0.0244794
0.0244784
0.0244774
0.0244762
0.024475
0.0244736
0.0244722
0.0244706
0.024469
0.0244672
0.0244654
0.0244634
0.0244614
0.0244593
0.024457
0.0244547
0.0244523
0.0244497
0.0244471
0.0244444
0.0244416
0.0244387
0.0244356
0.0244325
0.0244293
0.024426
0.0244226
0.0244191
0.0244156
0.0244119
0.0244081
0.0244042
0.0244003
0.0243962
0.024392
0.0243878
0.0243835
0.024379
0.0243745
0.0243699
0.0243652
0.0243604
0.0243556
0.0243506
0.0243455
0.0243404
0.0243352
0.0243299
0.0243245
0.024319
0.0243134
0.0243078
0.024302
0.0242962
0.0242903
0.0242844
0.0242783
0.0242722
0.024266
0.0242597
0.0242534
0.024247
0.0242405
0.0242339
0.0242273
0.0242206
0.0242138
0.024207
0.0242001
0.0241931
0.0241861
0.024179
0.0241718
0.0241646
0.0241573
0.02415
0.0241427
0.0241352
0.0241278
0.0241202
0.0241127
0.024105
0.0240974
0.0240897
0.0240819
0.0240741
0.0240663
0.0240585
0.0240506
0.0240427
0.0240347
0.0240267
0.0240187
0.0240107
0.0240027
0.0239946
0.0239865
0.0239784
0.0239703
0.0239622
0.0239541
0.023946
0.0239379
0.0239298
0.0239216
0.0239135
0.0239054
0.0238973
0.0238893
0.0238812
0.0238732
0.0238652
0.0238572
0.0238492
0.0238413
0.0238334
0.0238255
0.0238177
0.02381
0.0238022
0.0237946
0.023787
0.0237794
0.0237719
0.0237645
0.0237572
0.0237499
0.0237427
0.0237355
0.0237285
0.0237215
0.0237147
0.0237079
0.0237012
0.0236947
0.0236882
0.0236819
0.0236757
0.0236695
0.0236636
0.0236577
0.023652
0.0236464
0.023641
0.0236357
0.0236305
0.0236255
0.0236207
0.023616
0.0236115
0.0236072
0.0236031
0.0235991
0.0235954
0.0235918
0.0235884
0.0235853
0.0235823
0.0235795
0.023577
0.0235747
0.0235726
0.0235708
0.0235692
0.0235679
0.0235667
0.0235659
0.0235653
0.023565
0.0235649
0.0250536
0.0250639
0.0250742
0.0250844
0.0250945
0.0251045
0.0251144
0.0251242
0.0251339
0.0251435
0.0251531
0.0251626
0.025172
0.0251813
0.0251905
0.0251996
0.0252087
0.0252176
0.0252265
0.0252353
0.025244
0.0252526
0.0252612
0.0252696
0.025278
0.0252862
0.0252944
0.0253025
0.0253106
0.0253185
0.0253263
0.0253341
0.0253418
0.0253493
0.0253568
0.0253642
0.0253716
0.0253788
0.0253859
0.025393
0.0254
0.0254069
0.0254137
0.0254204
0.025427
0.0254335
0.0254399
0.0254463
0.0254526
0.0254587
0.0254648
0.0254708
0.0254767
0.0254825
0.0254882
0.0254939
0.0254994
0.0255049
0.0255102
0.0255155
0.0255207
0.0255258
0.0255308
0.0255357
0.0255405
0.0255452
0.0255498
0.0255544
0.0255588
0.0255632
0.0255674
0.0255716
0.0255756
0.0255796
0.0255835
0.0255873
0.0255909
0.0255945
0.025598
0.0256014
0.0256047
0.0256079
0.025611
0.0256141
0.025617
0.0256198
0.0256225
0.0256251
0.0256277
0.0256301
0.0256325
0.0256347
0.0256368
0.0256389
0.0256408
0.0256427
0.0256444
0.0256461
0.0256476
0.0256491
0.0256504
0.0256517
0.0256528
0.0256538
0.0256548
0.0256556
0.0256564
0.025657
0.0256575
0.025658
0.0256583
0.0256585
0.0256586
0.0256587
0.0256586
0.0256584
0.0256581
0.0256577
0.0256572
0.0256566
0.025656
0.0256552
0.0256542
0.0256532
0.0256521
0.0256509
0.0256496
0.0256482
0.0256466
0.025645
0.0256433
0.0256414
0.0256395
0.0256374
0.0256353
0.025633
0.0256307
0.0256282
0.0256257
0.025623
0.0256202
0.0256173
0.0256144
0.0256113
0.0256081
0.0256048
0.0256014
0.0255979
0.0255943
0.0255906
0.0255868
0.0255829
0.0255789
0.0255748
0.0255706
0.0255663
0.0255619
0.0255573
0.0255527
0.025548
0.0255432
0.0255383
0.0255333
0.0255282
0.025523
0.0255177
0.0255124
0.0255069
0.0255013
0.0254956
0.0254899
0.025484
0.0254781
0.025472
0.0254659
0.0254597
0.0254533
0.025447
0.0254405
0.0254339
0.0254272
0.0254205
0.0254137
0.0254067
0.0253998
0.0253927
0.0253855
0.0253783
0.025371
0.0253636
0.0253561
0.0253486
0.025341
0.0253333
0.0253255
0.0253177
0.0253098
0.0253019
0.0252938
0.0252857
0.0252776
0.0252694
0.0252611
0.0252528
0.0252444
0.0252359
0.0252275
0.0252189
0.0252103
0.0252017
0.025193
0.0251842
0.0251755
0.0251666
0.0251578
0.0251489
0.02514
0.025131
0.025122
0.025113
0.0251039
0.0250949
0.0250858
0.0250767
0.0250675
0.0250584
0.0250492
0.0250401
0.0250309
0.0250217
0.0250125
0.0250034
0.0249942
0.024985
0.0249759
0.0249667
0.0249576
0.0249485
0.0249394
0.0249303
0.0249213
0.0249123
0.0249033
0.0248943
0.0248854
0.0248766
0.0248678
0.024859
0.0248503
0.0248416
0.024833
0.0248245
0.0248161
0.0248077
0.0247994
0.0247911
0.024783
0.0247749
0.0247669
0.0247591
0.0247513
0.0247436
0.024736
0.0247286
0.0247212
0.024714
0.0247069
0.0247
0.0246931
0.0246864
0.0246799
0.0246735
0.0246673
0.0246612
0.0246553
0.0246495
0.0246439
0.0246385
0.0246333
0.0246283
0.0246234
0.0246188
0.0246143
0.0246101
0.0246061
0.0246023
0.0245987
0.0245954
0.0245923
0.0245894
0.0245868
0.0245844
0.0245823
0.0245805
0.0245789
0.0245776
0.0245766
0.0245759
0.0245755
0.0245753
0.0263083
0.0263182
0.0263283
0.0263382
0.0263481
0.0263578
0.0263674
0.0263769
0.0263864
0.0263957
0.026405
0.0264141
0.0264232
0.0264322
0.0264411
0.0264499
0.0264586
0.0264672
0.0264758
0.0264842
0.0264926
0.0265008
0.026509
0.0265171
0.026525
0.0265329
0.0265407
0.0265484
0.0265561
0.0265636
0.026571
0.0265784
0.0265856
0.0265928
0.0265999
0.0266068
0.0266137
0.0266205
0.0266272
0.0266338
0.0266403
0.0266467
0.026653
0.0266593
0.0266654
0.0266714
0.0266774
0.0266832
0.026689
0.0266947
0.0267002
0.0267057
0.0267111
0.0267164
0.0267216
0.0267267
0.0267316
0.0267366
0.0267414
0.0267461
0.0267507
0.0267552
0.0267596
0.0267639
0.0267681
0.0267723
0.0267763
0.0267802
0.026784
0.0267877
0.0267914
0.0267949
0.0267983
0.0268017
0.0268049
0.026808
0.0268111
0.026814
0.0268168
0.0268196
0.0268222
0.0268247
0.0268271
0.0268294
0.0268316
0.0268337
0.0268358
0.0268376
0.0268394
0.0268411
0.0268427
0.0268442
0.0268456
0.0268468
0.026848
0.026849
0.02685
0.0268508
0.0268516
0.0268522
0.0268527
0.0268531
0.0268534
0.0268536
0.0268537
0.0268537
0.0268536
0.0268534
0.026853
0.0268526
0.026852
0.0268514
0.0268506
0.0268497
0.0268487
0.0268476
0.0268464
0.0268451
0.0268437
0.0268421
0.0268405
0.0268387
0.0268368
0.0268348
0.0268328
0.0268306
0.0268282
0.0268258
0.0268233
0.0268206
0.0268179
0.026815
0.026812
0.026809
0.0268058
0.0268025
0.026799
0.0267955
0.0267919
0.0267881
0.0267843
0.0267803
0.0267763
0.0267721
0.0267678
0.0267634
0.0267589
0.0267543
0.0267496
0.0267447
0.0267398
0.0267347
0.0267296
0.0267244
0.026719
0.0267135
0.026708
0.0267023
0.0266965
0.0266906
0.0266847
0.0266786
0.0266724
0.0266661
0.0266597
0.0266532
0.0266467
0.02664
0.0266332
0.0266263
0.0266193
0.0266123
0.0266051
0.0265978
0.0265905
0.026583
0.0265755
0.0265679
0.0265602
0.0265524
0.0265445
0.0265365
0.0265284
0.0265203
0.026512
0.0265037
0.0264953
0.0264868
0.0264783
0.0264697
0.0264609
0.0264522
0.0264433
0.0264344
0.0264254
0.0264163
0.0264072
0.0263979
0.0263887
0.0263793
0.0263699
0.0263605
0.026351
0.0263414
0.0263318
0.0263221
0.0263123
0.0263026
0.0262927
0.0262828
0.0262729
0.0262629
0.0262529
0.0262429
0.0262328
0.0262227
0.0262126
0.0262024
0.0261922
0.026182
0.0261717
0.0261614
0.0261511
0.0261408
0.0261305
0.0261202
0.0261099
0.0260995
0.0260892
0.0260789
0.0260685
0.0260582
0.0260479
0.0260376
0.0260273
0.026017
0.0260067
0.0259965
0.0259863
0.0259762
0.025966
0.0259559
0.0259459
0.0259359
0.0259259
0.025916
0.0259061
0.0258963
0.0258866
0.0258769
0.0258673
0.0258578
0.0258484
0.025839
0.0258297
0.0258205
0.0258114
0.0258025
0.0257936
0.0257848
0.0257761
0.0257676
0.0257591
0.0257508
0.0257426
0.0257346
0.0257267
0.0257189
0.0257113
0.0257039
0.0256966
0.0256895
0.0256825
0.0256757
0.0256691
0.0256627
0.0256565
0.0256504
0.0256446
0.025639
0.0256336
0.0256284
0.0256234
0.0256187
0.0256142
0.0256099
0.0256059
0.0256022
0.0255987
0.0255954
0.0255925
0.0255898
0.0255874
0.0255853
0.0255835
0.025582
0.0255808
0.0255799
0.0255793
0.0255791
0.0276537
0.0276624
0.0276713
0.02768
0.0276886
0.0276972
0.0277056
0.0277139
0.0277222
0.0277304
0.0277384
0.0277464
0.0277543
0.0277621
0.0277699
0.0277775
0.027785
0.0277925
0.0277999
0.0278071
0.0278143
0.0278214
0.0278284
0.0278353
0.0278422
0.0278489
0.0278555
0.0278621
0.0278685
0.0278749
0.0278812
0.0278874
0.0278935
0.0278995
0.0279054
0.0279112
0.0279169
0.0279226
0.0279281
0.0279336
0.0279389
0.0279442
0.0279494
0.0279545
0.0279594
0.0279643
0.0279691
0.0279738
0.0279784
0.027983
0.0279874
0.0279917
0.0279959
0.028
0.0280041
0.028008
0.0280118
0.0280155
0.0280192
0.0280227
0.0280262
0.0280295
0.0280327
0.0280359
0.0280389
0.0280419
0.0280447
0.0280475
0.0280501
0.0280526
0.0280551
0.0280574
0.0280597
0.0280618
0.0280638
0.0280658
0.0280676
0.0280693
0.0280709
0.0280724
0.0280739
0.0280752
0.0280764
0.0280775
0.0280785
0.0280793
0.0280801
0.0280808
0.0280814
0.0280818
0.0280822
0.0280824
0.0280826
0.0280826
0.0280826
0.0280824
0.0280821
0.0280817
0.0280812
0.0280806
0.0280798
0.028079
0.0280781
0.028077
0.0280759
0.0280746
0.0280732
0.0280717
0.0280701
0.0280684
0.0280666
0.0280646
0.0280626
0.0280604
0.0280581
0.0280558
0.0280533
0.0280507
0.0280479
0.0280451
0.0280422
0.0280391
0.0280359
0.0280326
0.0280293
0.0280257
0.0280221
0.0280184
0.0280146
0.0280106
0.0280065
0.0280023
0.027998
0.0279936
0.0279891
0.0279845
0.0279797
0.0279749
0.0279699
0.0279648
0.0279597
0.0279543
0.0279489
0.0279434
0.0279378
0.027932
0.0279262
0.0279202
0.0279141
0.027908
0.0279017
0.0278953
0.0278888
0.0278821
0.0278754
0.0278686
0.0278616
0.0278546
0.0278475
0.0278402
0.0278328
0.0278254
0.0278178
0.0278102
0.0278024
0.0277945
0.0277866
0.0277785
0.0277703
0.0277621
0.0277537
0.0277452
0.0277367
0.027728
0.0277193
0.0277105
0.0277015
0.0276925
0.0276834
0.0276742
0.0276649
0.0276555
0.0276461
0.0276365
0.0276269
0.0276172
0.0276074
0.0275975
0.0275876
0.0275776
0.0275675
0.0275573
0.027547
0.0275367
0.0275263
0.0275159
0.0275054
0.0274948
0.0274841
0.0274734
0.0274626
0.0274518
0.0274409
0.02743
0.027419
0.0274079
0.0273968
0.0273857
0.0273745
0.0273632
0.027352
0.0273407
0.0273293
0.0273179
0.0273065
0.0272951
0.0272836
0.0272721
0.0272606
0.027249
0.0272375
0.0272259
0.0272143
0.0272027
0.0271911
0.0271795
0.0271679
0.0271563
0.0271447
0.0271331
0.0271215
0.0271099
0.0270983
0.0270868
0.0270753
0.0270638
0.0270523
0.0270409
0.0270295
0.0270181
0.0270068
0.0269956
0.0269843
0.0269732
0.0269621
0.026951
0.0269401
0.0269291
0.0269183
0.0269075
0.0268969
0.0268863
0.0268758
0.0268654
0.026855
0.0268448
0.0268347
0.0268247
0.0268149
0.0268051
0.0267955
0.026786
0.0267766
0.0267674
0.0267583
0.0267494
0.0267406
0.026732
0.0267236
0.0267153
0.0267072
0.0266993
0.0266915
0.026684
0.0266766
0.0266695
0.0266626
0.0266559
0.0266494
0.0266431
0.0266371
0.0266313
0.0266258
0.0266205
0.0266155
0.0266107
0.0266062
0.026602
0.0265981
0.0265944
0.0265911
0.0265881
0.0265853
0.0265829
0.0265808
0.0265791
0.0265777
0.0265766
0.0265759
0.0265755
0.0290435
0.0290502
0.029057
0.0290637
0.0290704
0.0290769
0.0290834
0.0290898
0.0290962
0.0291025
0.0291087
0.0291148
0.0291209
0.0291269
0.0291328
0.0291387
0.0291445
0.0291502
0.0291558
0.0291614
0.0291669
0.0291723
0.0291776
0.0291829
0.0291881
0.0291932
0.0291982
0.0292032
0.029208
0.0292128
0.0292176
0.0292222
0.0292267
0.0292312
0.0292356
0.0292399
0.0292441
0.0292483
0.0292523
0.0292563
0.0292602
0.029264
0.0292677
0.0292714
0.0292749
0.0292784
0.0292818
0.029285
0.0292882
0.0292913
0.0292943
0.0292973
0.0293001
0.0293029
0.0293055
0.0293081
0.0293105
0.0293129
0.0293152
0.0293174
0.0293195
0.0293214
0.0293233
0.0293251
0.0293269
0.0293285
0.02933
0.0293314
0.0293327
0.0293339
0.029335
0.029336
0.0293369
0.0293378
0.0293385
0.0293391
0.0293396
0.02934
0.0293403
0.0293405
0.0293406
0.0293406
0.0293404
0.0293402
0.0293399
0.0293395
0.0293389
0.0293383
0.0293375
0.0293366
0.0293357
0.0293346
0.0293334
0.0293321
0.0293307
0.0293292
0.0293275
0.0293258
0.0293239
0.029322
0.0293199
0.0293177
0.0293154
0.029313
0.0293105
0.0293078
0.0293051
0.0293022
0.0292992
0.0292961
0.0292929
0.0292896
0.0292862
0.0292826
0.029279
0.0292752
0.0292713
0.0292673
0.0292631
0.0292589
0.0292545
0.0292501
0.0292455
0.0292408
0.0292359
0.029231
0.0292259
0.0292208
0.0292155
0.0292101
0.0292046
0.0291989
0.0291932
0.0291873
0.0291814
0.0291753
0.029169
0.0291627
0.0291563
0.0291497
0.0291431
0.0291363
0.0291294
0.0291224
0.0291153
0.029108
0.0291007
0.0290932
0.0290856
0.0290779
0.0290702
0.0290622
0.0290542
0.0290461
0.0290379
0.0290295
0.0290211
0.0290125
0.0290038
0.0289951
0.0289862
0.0289772
0.0289681
0.0289589
0.0289496
0.0289402
0.0289307
0.0289211
0.0289115
0.0289017
0.0288918
0.0288818
0.0288717
0.0288615
0.0288512
0.0288409
0.0288304
0.0288198
0.0288092
0.0287985
0.0287876
0.0287767
0.0287657
0.0287547
0.0287435
0.0287323
0.028721
0.0287096
0.0286981
0.0286865
0.0286749
0.0286632
0.0286515
0.0286396
0.0286277
0.0286157
0.0286037
0.0285916
0.0285795
0.0285672
0.028555
0.0285426
0.0285302
0.0285178
0.0285053
0.0284928
0.0284802
0.0284676
0.0284549
0.0284422
0.0284295
0.0284167
0.0284039
0.0283911
0.0283782
0.0283653
0.0283524
0.0283395
0.0283265
0.0283136
0.0283006
0.0282876
0.0282746
0.0282616
0.0282486
0.0282356
0.0282226
0.0282097
0.0281967
0.0281837
0.0281708
0.0281579
0.028145
0.0281321
0.0281193
0.0281065
0.0280937
0.028081
0.0280683
0.0280557
0.0280431
0.0280306
0.0280181
0.0280057
0.0279934
0.0279811
0.0279689
0.0279568
0.0279448
0.0279329
0.027921
0.0279093
0.0278977
0.0278861
0.0278747
0.0278634
0.0278522
0.0278411
0.0278302
0.0278194
0.0278087
0.0277982
0.0277879
0.0277777
0.0277676
0.0277577
0.027748
0.0277385
0.0277291
0.02772
0.027711
0.0277022
0.0276937
0.0276853
0.0276772
0.0276693
0.0276616
0.0276542
0.027647
0.02764
0.0276334
0.0276269
0.0276208
0.0276149
0.0276093
0.027604
0.027599
0.0275942
0.0275898
0.0275858
0.027582
0.0275786
0.0275755
0.0275728
0.0275704
0.0275683
0.0275667
0.0275654
0.0275645
0.027564
0.0305115
0.0305157
0.03052
0.0305242
0.0305283
0.0305323
0.0305364
0.0305403
0.0305442
0.0305481
0.0305519
0.0305557
0.0305593
0.030563
0.0305666
0.0305701
0.0305735
0.030577
0.0305803
0.0305836
0.0305868
0.03059
0.0305931
0.0305961
0.0305991
0.030602
0.0306048
0.0306076
0.0306103
0.0306129
0.0306155
0.030618
0.0306204
0.0306227
0.030625
0.0306272
0.0306294
0.0306314
0.0306334
0.0306353
0.0306372
0.0306389
0.0306406
0.0306422
0.0306437
0.0306452
0.0306465
0.0306478
0.030649
0.0306502
0.0306512
0.0306521
0.030653
0.0306538
0.0306545
0.0306551
0.0306556
0.0306561
0.0306564
0.0306567
0.0306569
0.0306569
0.0306569
0.0306568
0.0306566
0.0306564
0.030656
0.0306555
0.030655
0.0306543
0.0306535
0.0306527
0.0306517
0.0306507
0.0306496
0.0306483
0.030647
0.0306455
0.030644
0.0306424
0.0306406
0.0306388
0.0306368
0.0306348
0.0306326
0.0306304
0.030628
0.0306256
0.030623
0.0306203
0.0306176
0.0306147
0.0306117
0.0306086
0.0306054
0.0306021
0.0305987
0.0305951
0.0305915
0.0305877
0.0305839
0.0305799
0.0305758
0.0305716
0.0305673
0.0305629
0.0305584
0.0305538
0.030549
0.0305442
0.0305392
0.0305341
0.0305289
0.0305236
0.0305182
0.0305126
0.030507
0.0305012
0.0304953
0.0304893
0.0304832
0.030477
0.0304706
0.0304642
0.0304576
0.0304509
0.0304441
0.0304372
0.0304301
0.030423
0.0304157
0.0304083
0.0304008
0.0303932
0.0303855
0.0303777
0.0303697
0.0303617
0.0303535
0.0303452
0.0303368
0.0303282
0.0303196
0.0303108
0.030302
0.030293
0.0302839
0.0302747
0.0302654
0.030256
0.0302464
0.0302368
0.030227
0.0302172
0.0302072
0.0301971
0.0301869
0.0301766
0.0301663
0.0301557
0.0301451
0.0301344
0.0301236
0.0301127
0.0301017
0.0300906
0.0300793
0.030068
0.0300566
0.0300451
0.0300335
0.0300218
0.03001
0.0299981
0.0299861
0.029974
0.0299619
0.0299496
0.0299373
0.0299248
0.0299123
0.0298997
0.029887
0.0298743
0.0298614
0.0298485
0.0298355
0.0298224
0.0298093
0.0297961
0.0297828
0.0297694
0.029756
0.0297425
0.0297289
0.0297153
0.0297016
0.0296879
0.0296741
0.0296602
0.0296463
0.0296324
0.0296184
0.0296043
0.0295902
0.0295761
0.0295619
0.0295477
0.0295334
0.0295191
0.0295048
0.0294904
0.0294761
0.0294617
0.0294472
0.0294328
0.0294183
0.0294039
0.0293894
0.0293749
0.0293604
0.0293459
0.0293314
0.0293169
0.0293024
0.0292879
0.0292735
0.029259
0.0292446
0.0292302
0.0292158
0.0292014
0.0291871
0.0291728
0.0291586
0.0291444
0.0291302
0.0291161
0.0291021
0.0290881
0.0290741
0.0290603
0.0290465
0.0290328
0.0290191
0.0290056
0.0289921
0.0289787
0.0289654
0.0289523
0.0289392
0.0289262
0.0289134
0.0289006
0.028888
0.0288755
0.0288632
0.028851
0.0288389
0.028827
0.0288152
0.0288036
0.0287922
0.028781
0.0287699
0.028759
0.0287483
0.0287378
0.0287274
0.0287173
0.0287074
0.0286978
0.0286883
0.0286791
0.0286701
0.0286614
0.0286529
0.0286447
0.0286367
0.028629
0.0286216
0.0286145
0.0286077
0.0286011
0.0285949
0.028589
0.0285834
0.0285782
0.0285733
0.0285687
0.0285645
0.0285606
0.0285571
0.028554
0.0285513
0.028549
0.0285471
0.0285455
0.0285444
0.0285438
0.031976
0.0319779
0.0319799
0.0319818
0.0319838
0.0319856
0.0319874
0.0319892
0.031991
0.0319927
0.0319943
0.0319959
0.0319975
0.031999
0.0320005
0.0320019
0.0320032
0.0320046
0.0320058
0.0320071
0.0320082
0.0320093
0.0320104
0.0320114
0.0320123
0.0320132
0.0320141
0.0320148
0.0320155
0.0320162
0.0320168
0.0320173
0.0320178
0.0320182
0.0320185
0.0320188
0.032019
0.0320191
0.0320192
0.0320192
0.0320191
0.032019
0.0320188
0.0320185
0.0320181
0.0320177
0.0320172
0.0320166
0.0320159
0.0320152
0.0320144
0.0320135
0.0320125
0.0320114
0.0320103
0.0320091
0.0320078
0.0320064
0.0320049
0.0320033
0.0320017
0.032
0.0319981
0.0319962
0.0319942
0.0319921
0.0319899
0.0319877
0.0319853
0.0319828
0.0319803
0.0319776
0.0319749
0.0319721
0.0319691
0.0319661
0.031963
0.0319597
0.0319564
0.031953
0.0319494
0.0319458
0.0319421
0.0319382
0.0319343
0.0319302
0.0319261
0.0319218
0.0319175
0.031913
0.0319084
0.0319038
0.031899
0.0318941
0.0318891
0.031884
0.0318787
0.0318734
0.031868
0.0318624
0.0318568
0.031851
0.0318451
0.0318391
0.031833
0.0318268
0.0318204
0.031814
0.0318074
0.0318007
0.0317939
0.031787
0.03178
0.0317728
0.0317656
0.0317582
0.0317507
0.0317431
0.0317354
0.0317276
0.0317196
0.0317115
0.0317034
0.031695
0.0316866
0.0316781
0.0316694
0.0316607
0.0316518
0.0316428
0.0316337
0.0316244
0.0316151
0.0316056
0.031596
0.0315863
0.0315765
0.0315665
0.0315565
0.0315463
0.0315361
0.0315257
0.0315152
0.0315046
0.0314938
0.031483
0.031472
0.031461
0.0314498
0.0314385
0.0314271
0.0314156
0.031404
0.0313923
0.0313804
0.0313685
0.0313564
0.0313443
0.031332
0.0313197
0.0313072
0.0312946
0.0312819
0.0312692
0.0312563
0.0312433
0.0312302
0.0312171
0.0312038
0.0311904
0.031177
0.0311634
0.0311498
0.031136
0.0311222
0.0311083
0.0310943
0.0310802
0.031066
0.0310518
0.0310374
0.031023
0.0310085
0.0309939
0.0309793
0.0309645
0.0309497
0.0309349
0.0309199
0.0309049
0.0308898
0.0308747
0.0308594
0.0308442
0.0308288
0.0308134
0.030798
0.0307825
0.0307669
0.0307513
0.0307357
0.03072
0.0307042
0.0306885
0.0306726
0.0306568
0.0306409
0.0306249
0.030609
0.030593
0.030577
0.0305609
0.0305449
0.0305288
0.0305127
0.0304966
0.0304805
0.0304644
0.0304483
0.0304322
0.0304161
0.0304
0.0303838
0.0303678
0.0303517
0.0303356
0.0303196
0.0303036
0.0302876
0.0302716
0.0302557
0.0302398
0.030224
0.0302082
0.0301924
0.0301768
0.0301611
0.0301455
0.03013
0.0301146
0.0300992
0.0300839
0.0300687
0.0300536
0.0300386
0.0300237
0.0300088
0.0299941
0.0299795
0.029965
0.0299506
0.0299363
0.0299222
0.0299081
0.0298943
0.0298806
0.029867
0.0298536
0.0298403
0.0298272
0.0298143
0.0298015
0.029789
0.0297766
0.0297644
0.0297524
0.0297406
0.0297291
0.0297177
0.0297066
0.0296957
0.0296851
0.0296747
0.0296646
0.0296547
0.0296451
0.0296357
0.0296266
0.0296179
0.0296094
0.0296012
0.0295933
0.0295858
0.0295786
0.0295717
0.0295651
0.0295589
0.0295531
0.0295476
0.0295425
0.0295378
0.0295335
0.0295295
0.029526
0.0295229
0.0295203
0.029518
0.0295162
0.0295149
0.029514
0.0334971
0.0334967
0.0334962
0.0334958
0.0334953
0.0334948
0.0334942
0.0334936
0.033493
0.0334923
0.0334916
0.0334908
0.03349
0.0334892
0.0334883
0.0334873
0.0334863
0.0334853
0.0334842
0.0334831
0.0334819
0.0334807
0.0334794
0.033478
0.0334766
0.0334752
0.0334737
0.0334721
0.0334705
0.0334688
0.0334671
0.0334653
0.0334635
0.0334615
0.0334596
0.0334575
0.0334554
0.0334532
0.033451
0.0334487
0.0334463
0.0334439
0.0334414
0.0334388
0.0334361
0.0334334
0.0334306
0.0334277
0.0334248
0.0334218
0.0334187
0.0334155
0.0334123
0.0334089
0.0334055
0.033402
0.0333985
0.0333948
0.0333911
0.0333873
0.0333834
0.0333794
0.0333753
0.0333711
0.0333669
0.0333625
0.0333581
0.0333536
0.033349
0.0333443
0.0333395
0.0333346
0.0333297
0.0333246
0.0333194
0.0333142
0.0333088
0.0333034
0.0332978
0.0332922
0.0332864
0.0332806
0.0332746
0.0332686
0.0332624
0.0332562
0.0332498
0.0332434
0.0332368
0.0332301
0.0332234
0.0332165
0.0332095
0.0332024
0.0331952
0.0331879
0.0331805
0.033173
0.0331654
0.0331577
0.0331498
0.0331419
0.0331338
0.0331256
0.0331174
0.033109
0.0331005
0.0330918
0.0330831
0.0330743
0.0330653
0.0330562
0.033047
0.0330377
0.0330283
0.0330188
0.0330092
0.0329994
0.0329895
0.0329796
0.0329695
0.0329592
0.0329489
0.0329385
0.0329279
0.0329172
0.0329065
0.0328955
0.0328845
0.0328734
0.0328621
0.0328508
0.0328393
0.0328277
0.032816
0.0328042
0.0327923
0.0327802
0.0327681
0.0327558
0.0327434
0.0327309
0.0327183
0.0327056
0.0326927
0.0326798
0.0326667
0.0326536
0.0326403
0.0326269
0.0326135
0.0325999
0.0325862
0.0325724
0.0325584
0.0325444
0.0325303
0.0325161
0.0325018
0.0324873
0.0324728
0.0324582
0.0324434
0.0324286
0.0324137
0.0323987
0.0323836
0.0323683
0.032353
0.0323376
0.0323222
0.0323066
0.0322909
0.0322752
0.0322593
0.0322434
0.0322274
0.0322113
0.0321952
0.0321789
0.0321626
0.0321462
0.0321297
0.0321132
0.0320965
0.0320798
0.0320631
0.0320463
0.0320294
0.0320124
0.0319954
0.0319783
0.0319612
0.031944
0.0319268
0.0319095
0.0318921
0.0318747
0.0318573
0.0318398
0.0318223
0.0318047
0.0317871
0.0317695
0.0317518
0.0317341
0.0317164
0.0316986
0.0316809
0.0316631
0.0316453
0.0316274
0.0316096
0.0315917
0.0315739
0.031556
0.0315382
0.0315203
0.0315025
0.0314846
0.0314668
0.0314489
0.0314311
0.0314134
0.0313956
0.0313779
0.0313602
0.0313425
0.0313249
0.0313073
0.0312897
0.0312722
0.0312548
0.0312374
0.0312201
0.0312028
0.0311856
0.0311685
0.0311514
0.0311345
0.0311176
0.0311008
0.0310841
0.0310675
0.031051
0.0310346
0.0310183
0.0310022
0.0309861
0.0309702
0.0309544
0.0309388
0.0309233
0.0309079
0.0308928
0.0308777
0.0308628
0.0308481
0.0308336
0.0308193
0.0308051
0.0307911
0.0307774
0.0307638
0.0307504
0.0307373
0.0307244
0.0307117
0.0306993
0.0306871
0.0306752
0.0306635
0.0306521
0.030641
0.0306301
0.0306195
0.0306093
0.0305993
0.0305897
0.0305803
0.0305713
0.0305627
0.0305543
0.0305464
0.0305387
0.0305315
0.0305246
0.0305182
0.0305121
0.0305064
0.0305011
0.0304963
0.0304919
0.0304879
0.0304844
0.0304813
0.0304788
0.0304767
0.030475
0.0304739
0.0349899
0.0349877
0.0349856
0.0349834
0.0349812
0.034979
0.0349767
0.0349744
0.034972
0.0349695
0.0349671
0.0349645
0.034962
0.0349593
0.0349567
0.0349539
0.0349512
0.0349483
0.0349454
0.0349425
0.0349395
0.0349365
0.0349333
0.0349302
0.0349269
0.0349237
0.0349203
0.0349169
0.0349134
0.0349099
0.0349063
0.0349026
0.0348989
0.0348951
0.0348912
0.0348873
0.0348833
0.0348792
0.0348751
0.0348709
0.0348666
0.0348622
0.0348578
0.0348533
0.0348487
0.0348441
0.0348393
0.0348345
0.0348296
0.0348247
0.0348196
0.0348145
0.0348093
0.034804
0.0347986
0.0347931
0.0347876
0.0347819
0.0347762
0.0347704
0.0347645
0.0347585
0.0347524
0.0347462
0.03474
0.0347336
0.0347272
0.0347206
0.034714
0.0347072
0.0347004
0.0346935
0.0346865
0.0346793
0.0346721
0.0346648
0.0346574
0.0346499
0.0346422
0.0346345
0.0346267
0.0346188
0.0346107
0.0346026
0.0345943
0.034586
0.0345775
0.034569
0.0345603
0.0345515
0.0345426
0.0345336
0.0345245
0.0345153
0.034506
0.0344965
0.034487
0.0344773
0.0344676
0.0344577
0.0344477
0.0344376
0.0344274
0.034417
0.0344066
0.034396
0.0343853
0.0343745
0.0343636
0.0343526
0.0343414
0.0343302
0.0343188
0.0343073
0.0342957
0.034284
0.0342721
0.0342602
0.0342481
0.0342359
0.0342236
0.0342112
0.0341987
0.034186
0.0341732
0.0341604
0.0341474
0.0341342
0.034121
0.0341077
0.0340942
0.0340806
0.0340669
0.0340531
0.0340392
0.0340251
0.034011
0.0339967
0.0339823
0.0339679
0.0339532
0.0339385
0.0339237
0.0339088
0.0338937
0.0338786
0.0338633
0.0338479
0.0338325
0.0338169
0.0338012
0.0337854
0.0337695
0.0337535
0.0337374
0.0337212
0.0337049
0.0336885
0.033672
0.0336553
0.0336386
0.0336218
0.0336049
0.0335879
0.0335709
0.0335537
0.0335364
0.033519
0.0335016
0.033484
0.0334664
0.0334487
0.0334309
0.033413
0.0333951
0.033377
0.0333589
0.0333407
0.0333224
0.0333041
0.0332857
0.0332672
0.0332486
0.03323
0.0332113
0.0331925
0.0331737
0.0331548
0.0331359
0.0331169
0.0330979
0.0330788
0.0330596
0.0330404
0.0330211
0.0330018
0.0329825
0.0329631
0.0329437
0.0329242
0.0329047
0.0328852
0.0328656
0.0328461
0.0328265
0.0328068
0.0327872
0.0327675
0.0327478
0.0327281
0.0327084
0.0326887
0.032669
0.0326493
0.0326296
0.0326099
0.0325902
0.0325705
0.0325508
0.0325311
0.0325115
0.0324919
0.0324723
0.0324527
0.0324332
0.0324137
0.0323943
0.0323749
0.0323555
0.0323362
0.032317
0.0322978
0.0322786
0.0322596
0.0322406
0.0322217
0.0322028
0.0321841
0.0321654
0.0321469
0.0321284
0.03211
0.0320917
0.0320736
0.0320555
0.0320376
0.0320198
0.0320022
0.0319847
0.0319673
0.03195
0.0319329
0.031916
0.0318992
0.0318826
0.0318662
0.03185
0.0318339
0.0318181
0.0318024
0.0317869
0.0317717
0.0317566
0.0317418
0.0317272
0.0317129
0.0316988
0.031685
0.0316714
0.031658
0.031645
0.0316322
0.0316197
0.0316076
0.0315957
0.0315841
0.0315729
0.0315619
0.0315513
0.0315411
0.0315312
0.0315217
0.0315125
0.0315038
0.0314954
0.0314874
0.0314798
0.0314726
0.0314659
0.0314596
0.0314537
0.0314483
0.0314434
0.0314389
0.0314349
0.0314314
0.0314284
0.031426
0.0314241
0.0314227
0.0365286
0.0365247
0.0365206
0.0365166
0.0365125
0.0365084
0.0365042
0.0364999
0.0364956
0.0364912
0.0364868
0.0364823
0.0364777
0.0364731
0.0364684
0.0364637
0.0364589
0.036454
0.0364491
0.0364441
0.036439
0.0364338
0.0364286
0.0364234
0.036418
0.0364126
0.0364071
0.0364016
0.036396
0.0363903
0.0363845
0.0363787
0.0363728
0.0363668
0.0363607
0.0363546
0.0363484
0.0363421
0.0363357
0.0363292
0.0363227
0.0363161
0.0363094
0.0363026
0.0362958
0.0362888
0.0362818
0.0362747
0.0362675
0.0362602
0.0362529
0.0362454
0.0362379
0.0362302
0.0362225
0.0362147
0.0362068
0.0361988
0.0361907
0.0361826
0.0361743
0.0361659
0.0361575
0.0361489
0.0361403
0.0361315
0.0361227
0.0361137
0.0361047
0.0360955
0.0360863
0.036077
0.0360675
0.036058
0.0360483
0.0360386
0.0360287
0.0360188
0.0360087
0.0359986
0.0359883
0.0359779
0.0359675
0.0359569
0.0359462
0.0359354
0.0359245
0.0359135
0.0359023
0.0358911
0.0358798
0.0358683
0.0358567
0.0358451
0.0358333
0.0358214
0.0358093
0.0357972
0.035785
0.0357726
0.0357602
0.0357476
0.0357349
0.0357221
0.0357092
0.0356961
0.035683
0.0356697
0.0356563
0.0356429
0.0356292
0.0356155
0.0356017
0.0355877
0.0355736
0.0355595
0.0355452
0.0355307
0.0355162
0.0355016
0.0354868
0.0354719
0.0354569
0.0354418
0.0354266
0.0354112
0.0353958
0.0353802
0.0353645
0.0353487
0.0353328
0.0353168
0.0353007
0.0352844
0.035268
0.0352516
0.035235
0.0352183
0.0352015
0.0351846
0.0351676
0.0351504
0.0351332
0.0351158
0.0350984
0.0350808
0.0350632
0.0350454
0.0350275
0.0350095
0.0349914
0.0349732
0.0349549
0.0349366
0.0349181
0.0348995
0.0348808
0.034862
0.0348431
0.0348242
0.0348051
0.034786
0.0347667
0.0347474
0.034728
0.0347085
0.0346889
0.0346692
0.0346494
0.0346296
0.0346096
0.0345896
0.0345696
0.0345494
0.0345292
0.0345088
0.0344885
0.034468
0.0344475
0.0344269
0.0344062
0.0343855
0.0343647
0.0343439
0.034323
0.034302
0.034281
0.03426
0.0342388
0.0342177
0.0341965
0.0341752
0.0341539
0.0341326
0.0341112
0.0340898
0.0340683
0.0340468
0.0340253
0.0340037
0.0339822
0.0339606
0.033939
0.0339173
0.0338957
0.033874
0.0338523
0.0338307
0.033809
0.0337873
0.0337656
0.0337439
0.0337222
0.0337005
0.0336789
0.0336572
0.0336356
0.033614
0.0335924
0.0335708
0.0335493
0.0335278
0.0335064
0.033485
0.0334636
0.0334423
0.033421
0.0333998
0.0333786
0.0333575
0.0333365
0.0333155
0.0332946
0.0332738
0.0332531
0.0332325
0.0332119
0.0331915
0.0331711
0.0331509
0.0331307
0.0331107
0.0330908
0.033071
0.0330514
0.0330319
0.0330125
0.0329933
0.0329742
0.0329553
0.0329365
0.0329179
0.0328995
0.0328812
0.0328631
0.0328453
0.0328276
0.0328101
0.0327928
0.0327758
0.032759
0.0327424
0.032726
0.0327099
0.032694
0.0326784
0.032663
0.0326479
0.0326331
0.0326186
0.0326044
0.0325904
0.0325768
0.0325635
0.0325506
0.0325379
0.0325256
0.0325137
0.0325021
0.0324909
0.0324801
0.0324696
0.0324596
0.0324499
0.0324407
0.0324319
0.0324235
0.0324156
0.0324082
0.0324012
0.0323947
0.0323886
0.0323831
0.0323781
0.0323736
0.0323696
0.0323662
0.0323633
0.032361
0.0323594
0.0380414
0.038036
0.0380305
0.038025
0.0380195
0.0380139
0.0380083
0.0380025
0.0379967
0.0379908
0.0379849
0.0379789
0.0379728
0.0379666
0.0379603
0.037954
0.0379476
0.0379411
0.0379345
0.0379279
0.0379212
0.0379144
0.0379075
0.0379006
0.0378935
0.0378864
0.0378792
0.0378719
0.0378646
0.0378571
0.0378496
0.037842
0.0378342
0.0378265
0.0378186
0.0378106
0.0378025
0.0377944
0.0377862
0.0377778
0.0377694
0.0377609
0.0377523
0.0377436
0.0377348
0.0377259
0.0377169
0.0377079
0.0376987
0.0376894
0.03768
0.0376706
0.037661
0.0376513
0.0376416
0.0376317
0.0376217
0.0376117
0.0376015
0.0375912
0.0375808
0.0375703
0.0375597
0.037549
0.0375382
0.0375273
0.0375163
0.0375052
0.037494
0.0374826
0.0374712
0.0374596
0.0374479
0.0374361
0.0374242
0.0374122
0.0374001
0.0373879
0.0373755
0.0373631
0.0373505
0.0373378
0.037325
0.0373121
0.0372991
0.0372859
0.0372726
0.0372593
0.0372458
0.0372321
0.0372184
0.0372046
0.0371906
0.0371765
0.0371623
0.037148
0.0371335
0.037119
0.0371043
0.0370895
0.0370745
0.0370595
0.0370443
0.0370291
0.0370137
0.0369981
0.0369825
0.0369667
0.0369509
0.0369349
0.0369187
0.0369025
0.0368861
0.0368697
0.0368531
0.0368364
0.0368195
0.0368026
0.0367855
0.0367683
0.036751
0.0367336
0.036716
0.0366984
0.0366806
0.0366627
0.0366447
0.0366266
0.0366084
0.03659
0.0365715
0.036553
0.0365343
0.0365155
0.0364966
0.0364776
0.0364584
0.0364392
0.0364198
0.0364004
0.0363808
0.0363611
0.0363414
0.0363215
0.0363015
0.0362814
0.0362612
0.0362409
0.0362205
0.0362
0.0361794
0.0361587
0.0361379
0.0361171
0.0360961
0.036075
0.0360538
0.0360326
0.0360113
0.0359898
0.0359683
0.0359467
0.035925
0.0359032
0.0358814
0.0358594
0.0358374
0.0358153
0.0357931
0.0357709
0.0357486
0.0357262
0.0357037
0.0356812
0.0356586
0.0356359
0.0356132
0.0355904
0.0355675
0.0355446
0.0355216
0.0354986
0.0354755
0.0354523
0.0354291
0.0354059
0.0353826
0.0353593
0.0353359
0.0353125
0.035289
0.0352656
0.035242
0.0352185
0.0351949
0.0351713
0.0351476
0.035124
0.0351003
0.0350766
0.0350528
0.0350291
0.0350054
0.0349816
0.0349578
0.0349341
0.0349103
0.0348865
0.0348628
0.034839
0.0348153
0.0347915
0.0347678
0.0347441
0.0347205
0.0346968
0.0346732
0.0346496
0.034626
0.0346025
0.034579
0.0345556
0.0345322
0.0345089
0.0344856
0.0344624
0.0344392
0.0344161
0.0343931
0.0343701
0.0343472
0.0343245
0.0343017
0.0342791
0.0342566
0.0342342
0.0342119
0.0341897
0.0341676
0.0341456
0.0341237
0.034102
0.0340804
0.0340589
0.0340376
0.0340164
0.0339954
0.0339745
0.0339538
0.0339333
0.033913
0.0338928
0.0338728
0.033853
0.0338334
0.033814
0.0337948
0.0337759
0.0337572
0.0337387
0.0337204
0.0337024
0.0336846
0.0336671
0.0336499
0.0336329
0.0336162
0.0335998
0.0335838
0.033568
0.0335525
0.0335374
0.0335225
0.0335081
0.0334939
0.0334802
0.0334668
0.0334538
0.0334411
0.0334289
0.033417
0.0334056
0.0333946
0.033384
0.0333739
0.0333643
0.0333551
0.0333463
0.0333381
0.0333304
0.0333231
0.0333164
0.0333103
0.0333046
0.0332996
0.0332951
0.0332911
0.0332878
0.0332851
0.033283
0.0396022
0.0395952
0.0395879
0.0395807
0.0395734
0.039566
0.0395585
0.0395509
0.0395433
0.0395355
0.0395277
0.0395197
0.0395117
0.0395036
0.0394954
0.0394871
0.0394787
0.0394702
0.0394616
0.039453
0.0394442
0.0394353
0.0394264
0.0394173
0.0394081
0.0393989
0.0393896
0.0393801
0.0393706
0.0393609
0.0393512
0.0393413
0.0393314
0.0393214
0.0393112
0.039301
0.0392906
0.0392802
0.0392696
0.039259
0.0392482
0.0392373
0.0392264
0.0392153
0.0392041
0.0391928
0.0391814
0.0391699
0.0391583
0.0391466
0.0391348
0.0391228
0.0391108
0.0390987
0.0390864
0.039074
0.0390615
0.0390489
0.0390362
0.0390234
0.0390105
0.0389974
0.0389843
0.038971
0.0389576
0.0389441
0.0389305
0.0389167
0.0389029
0.0388889
0.0388748
0.0388606
0.0388463
0.0388319
0.0388173
0.0388027
0.0387879
0.038773
0.0387579
0.0387428
0.0387275
0.0387122
0.0386967
0.038681
0.0386653
0.0386494
0.0386335
0.0386174
0.0386011
0.0385848
0.0385683
0.0385517
0.038535
0.0385182
0.0385013
0.0384842
0.038467
0.0384497
0.0384323
0.0384147
0.038397
0.0383793
0.0383613
0.0383433
0.0383251
0.0383069
0.0382885
0.03827
0.0382513
0.0382326
0.0382137
0.0381947
0.0381756
0.0381563
0.038137
0.0381175
0.0380979
0.0380782
0.0380584
0.0380384
0.0380184
0.0379982
0.0379779
0.0379575
0.037937
0.0379164
0.0378956
0.0378748
0.0378538
0.0378327
0.0378115
0.0377902
0.0377688
0.0377473
0.0377256
0.0377039
0.037682
0.0376601
0.037638
0.0376159
0.0375936
0.0375712
0.0375488
0.0375262
0.0375035
0.0374808
0.0374579
0.0374349
0.0374119
0.0373887
0.0373655
0.0373421
0.0373187
0.0372952
0.0372716
0.0372479
0.0372241
0.0372002
0.0371763
0.0371522
0.0371281
0.0371039
0.0370796
0.0370553
0.0370309
0.0370064
0.0369818
0.0369572
0.0369324
0.0369077
0.0368828
0.0368579
0.0368329
0.0368079
0.0367828
0.0367577
0.0367325
0.0367072
0.0366819
0.0366565
0.0366311
0.0366057
0.0365802
0.0365546
0.036529
0.0365034
0.0364777
0.0364521
0.0364263
0.0364006
0.0363748
0.036349
0.0363231
0.0362973
0.0362714
0.0362455
0.0362196
0.0361936
0.0361677
0.0361417
0.0361158
0.0360898
0.0360639
0.0360379
0.036012
0.035986
0.0359601
0.0359342
0.0359083
0.0358824
0.0358565
0.0358307
0.0358048
0.0357791
0.0357533
0.0357276
0.0357019
0.0356763
0.0356507
0.0356251
0.0355996
0.0355742
0.0355488
0.0355235
0.0354982
0.0354731
0.0354479
0.0354229
0.035398
0.0353731
0.0353483
0.0353236
0.0352991
0.0352746
0.0352502
0.0352259
0.0352018
0.0351778
0.0351539
0.0351301
0.0351064
0.0350829
0.0350596
0.0350364
0.0350133
0.0349904
0.0349677
0.0349452
0.0349228
0.0349006
0.0348786
0.0348568
0.0348352
0.0348138
0.0347926
0.0347716
0.0347509
0.0347304
0.0347101
0.0346901
0.0346704
0.0346509
0.0346317
0.0346127
0.0345941
0.0345757
0.0345576
0.0345399
0.0345224
0.0345053
0.0344886
0.0344721
0.0344561
0.0344403
0.034425
0.03441
0.0343955
0.0343813
0.0343675
0.0343542
0.0343413
0.0343288
0.0343168
0.0343052
0.0342942
0.0342836
0.0342735
0.0342639
0.0342548
0.0342462
0.0342382
0.0342308
0.0342239
0.0342176
0.0342119
0.0342068
0.0342023
0.0341985
0.0341953
0.0341928
0.0411393
0.0411307
0.041122
0.0411133
0.0411045
0.0410956
0.0410866
0.0410775
0.0410683
0.041059
0.0410495
0.04104
0.0410304
0.0410207
0.0410108
0.0410009
0.0409908
0.0409807
0.0409704
0.04096
0.0409496
0.040939
0.0409283
0.0409175
0.0409065
0.0408955
0.0408844
0.0408731
0.0408617
0.0408503
0.0408387
0.040827
0.0408151
0.0408032
0.0407911
0.040779
0.0407667
0.0407543
0.0407418
0.0407291
0.0407164
0.0407035
0.0406905
0.0406774
0.0406641
0.0406507
0.0406373
0.0406237
0.0406099
0.0405961
0.0405821
0.040568
0.0405538
0.0405394
0.0405249
0.0405103
0.0404956
0.0404808
0.0404658
0.0404507
0.0404355
0.0404201
0.0404046
0.040389
0.0403732
0.0403574
0.0403414
0.0403252
0.040309
0.0402926
0.040276
0.0402594
0.0402426
0.0402257
0.0402086
0.0401915
0.0401742
0.0401567
0.0401391
0.0401214
0.0401036
0.0400856
0.0400675
0.0400493
0.0400309
0.0400125
0.0399938
0.0399751
0.0399562
0.0399372
0.039918
0.0398987
0.0398793
0.0398598
0.0398401
0.0398203
0.0398004
0.0397803
0.0397601
0.0397398
0.0397193
0.0396987
0.039678
0.0396572
0.0396362
0.0396151
0.0395939
0.0395726
0.0395511
0.0395295
0.0395078
0.0394859
0.039464
0.0394419
0.0394197
0.0393973
0.0393749
0.0393523
0.0393296
0.0393068
0.0392838
0.0392608
0.0392376
0.0392143
0.0391909
0.0391674
0.0391438
0.03912
0.0390962
0.0390722
0.0390481
0.039024
0.0389997
0.0389753
0.0389508
0.0389262
0.0389014
0.0388766
0.0388517
0.0388267
0.0388016
0.0387764
0.0387511
0.0387257
0.0387002
0.0386746
0.0386489
0.0386231
0.0385973
0.0385713
0.0385453
0.0385192
0.038493
0.0384667
0.0384403
0.0384139
0.0383874
0.0383608
0.0383341
0.0383073
0.0382805
0.0382536
0.0382267
0.0381997
0.0381726
0.0381454
0.0381182
0.0380909
0.0380636
0.0380362
0.0380088
0.0379813
0.0379537
0.0379261
0.0378985
0.0378708
0.037843
0.0378153
0.0377874
0.0377596
0.0377317
0.0377037
0.0376758
0.0376478
0.0376197
0.0375917
0.0375636
0.0375355
0.0375073
0.0374792
0.037451
0.0374228
0.0373947
0.0373664
0.0373382
0.03731
0.0372818
0.0372536
0.0372253
0.0371971
0.0371689
0.0371407
0.0371125
0.0370843
0.0370561
0.037028
0.0369998
0.0369717
0.0369436
0.0369156
0.0368876
0.0368596
0.0368316
0.0368037
0.0367758
0.036748
0.0367202
0.0366925
0.0366649
0.0366373
0.0366097
0.0365822
0.0365548
0.0365275
0.0365002
0.0364731
0.036446
0.036419
0.0363921
0.0363653
0.0363385
0.0363119
0.0362854
0.036259
0.0362328
0.0362066
0.0361806
0.0361547
0.036129
0.0361033
0.0360779
0.0360526
0.0360274
0.0360024
0.0359776
0.0359529
0.0359284
0.0359042
0.0358801
0.0358562
0.0358324
0.035809
0.0357857
0.0357626
0.0357398
0.0357172
0.0356949
0.0356728
0.0356509
0.0356293
0.035608
0.035587
0.0355663
0.0355458
0.0355257
0.0355059
0.0354863
0.0354672
0.0354483
0.0354298
0.0354117
0.0353939
0.0353765
0.0353595
0.0353429
0.0353266
0.0353108
0.0352954
0.0352805
0.035266
0.0352519
0.0352384
0.0352252
0.0352126
0.0352005
0.0351889
0.0351778
0.0351673
0.0351573
0.0351479
0.035139
0.0351308
0.0351231
0.0351161
0.0351097
0.0351039
0.0350988
0.0350944
0.0350906
0.0350876
0.0427444
0.0427337
0.0427228
0.0427118
0.0427008
0.0426896
0.0426783
0.0426669
0.0426554
0.0426438
0.042632
0.0426201
0.0426081
0.042596
0.0425837
0.0425714
0.0425589
0.0425462
0.0425335
0.0425206
0.0425076
0.0424945
0.0424813
0.0424679
0.0424544
0.0424408
0.042427
0.0424132
0.0423992
0.042385
0.0423708
0.0423564
0.0423419
0.0423272
0.0423125
0.0422976
0.0422825
0.0422674
0.0422521
0.0422366
0.0422211
0.0422054
0.0421896
0.0421736
0.0421575
0.0421413
0.042125
0.0421085
0.0420919
0.0420751
0.0420582
0.0420412
0.0420241
0.0420068
0.0419894
0.0419718
0.0419541
0.0419363
0.0419184
0.0419003
0.041882
0.0418637
0.0418452
0.0418265
0.0418078
0.0417889
0.0417698
0.0417506
0.0417313
0.0417119
0.0416923
0.0416726
0.0416527
0.0416327
0.0416126
0.0415923
0.0415719
0.0415514
0.0415308
0.04151
0.041489
0.0414679
0.0414467
0.0414254
0.0414039
0.0413823
0.0413606
0.0413387
0.0413167
0.0412946
0.0412723
0.0412499
0.0412274
0.0412047
0.0411819
0.041159
0.0411359
0.0411127
0.0410894
0.041066
0.0410424
0.0410187
0.0409949
0.0409709
0.0409468
0.0409226
0.0408983
0.0408738
0.0408493
0.0408246
0.0407997
0.0407748
0.0407497
0.0407245
0.0406992
0.0406738
0.0406483
0.0406226
0.0405968
0.0405709
0.0405449
0.0405188
0.0404926
0.0404663
0.0404398
0.0404133
0.0403866
0.0403598
0.0403329
0.040306
0.0402789
0.0402517
0.0402244
0.040197
0.0401695
0.0401419
0.0401142
0.0400864
0.0400586
0.0400306
0.0400025
0.0399744
0.0399461
0.0399178
0.0398894
0.0398609
0.0398323
0.0398036
0.0397749
0.0397461
0.0397172
0.0396882
0.0396591
0.03963
0.0396008
0.0395715
0.0395422
0.0395128
0.0394833
0.0394538
0.0394242
0.0393946
0.0393649
0.0393351
0.0393053
0.0392754
0.0392455
0.0392155
0.0391855
0.0391554
0.0391253
0.0390952
0.039065
0.0390347
0.0390045
0.0389742
0.0389438
0.0389135
0.0388831
0.0388526
0.0388222
0.0387917
0.0387612
0.0387307
0.0387002
0.0386696
0.0386391
0.0386085
0.0385779
0.0385474
0.0385168
0.0384862
0.0384556
0.038425
0.0383944
0.0383638
0.0383332
0.0383027
0.0382721
0.0382416
0.0382111
0.0381806
0.0381501
0.0381196
0.0380892
0.0380588
0.0380285
0.0379981
0.0379678
0.0379376
0.0379074
0.0378772
0.0378471
0.037817
0.037787
0.0377571
0.0377272
0.0376974
0.0376676
0.0376379
0.0376083
0.0375787
0.0375493
0.0375199
0.0374906
0.0374614
0.0374323
0.0374033
0.0373744
0.0373456
0.0373169
0.0372884
0.0372599
0.0372316
0.0372034
0.0371753
0.0371474
0.0371196
0.037092
0.0370645
0.0370371
0.03701
0.036983
0.0369561
0.0369295
0.036903
0.0368767
0.0368507
0.0368248
0.0367991
0.0367737
0.0367485
0.0367235
0.0366987
0.0366742
0.0366499
0.0366259
0.0366021
0.0365786
0.0365554
0.0365325
0.0365099
0.0364876
0.0364656
0.0364439
0.0364226
0.0364015
0.0363809
0.0363606
0.0363406
0.036321
0.0363018
0.036283
0.0362646
0.0362467
0.0362291
0.036212
0.0361953
0.0361791
0.0361634
0.0361481
0.0361334
0.0361191
0.0361053
0.0360921
0.0360794
0.0360673
0.0360558
0.0360448
0.0360344
0.0360246
0.0360155
0.036007
0.0359991
0.0359919
0.0359854
0.0359796
0.0359745
0.0359701
0.0359666
0.0443042
0.0442919
0.0442794
0.0442668
0.0442542
0.0442415
0.0442286
0.0442156
0.0442024
0.0441892
0.0441757
0.0441622
0.0441485
0.0441346
0.0441206
0.0441065
0.0440922
0.0440778
0.0440633
0.0440486
0.0440338
0.0440188
0.0440037
0.0439884
0.043973
0.0439575
0.0439418
0.0439259
0.0439099
0.0438938
0.0438775
0.0438611
0.0438445
0.0438278
0.0438109
0.0437939
0.0437767
0.0437594
0.043742
0.0437243
0.0437066
0.0436886
0.0436706
0.0436524
0.043634
0.0436155
0.0435968
0.0435779
0.043559
0.0435398
0.0435205
0.0435011
0.0434815
0.0434617
0.0434418
0.0434218
0.0434016
0.0433812
0.0433607
0.04334
0.0433192
0.0432982
0.0432771
0.0432558
0.0432344
0.0432128
0.043191
0.0431691
0.0431471
0.0431249
0.0431025
0.04308
0.0430574
0.0430346
0.0430116
0.0429885
0.0429652
0.0429418
0.0429182
0.0428945
0.0428706
0.0428466
0.0428224
0.0427981
0.0427737
0.0427491
0.0427243
0.0426994
0.0426743
0.0426492
0.0426238
0.0425983
0.0425727
0.0425469
0.042521
0.042495
0.0424688
0.0424425
0.042416
0.0423894
0.0423627
0.0423358
0.0423088
0.0422816
0.0422543
0.0422269
0.0421994
0.0421717
0.0421439
0.042116
0.042088
0.0420598
0.0420315
0.0420031
0.0419745
0.0419458
0.0419171
0.0418882
0.0418591
0.04183
0.0418008
0.0417714
0.0417419
0.0417124
0.0416827
0.0416529
0.041623
0.041593
0.0415629
0.0415327
0.0415024
0.041472
0.0414415
0.0414109
0.0413802
0.0413494
0.0413186
0.0412876
0.0412566
0.0412255
0.0411943
0.041163
0.0411316
0.0411002
0.0410687
0.0410371
0.0410054
0.0409737
0.0409419
0.04091
0.0408781
0.0408461
0.0408141
0.040782
0.0407498
0.0407176
0.0406853
0.040653
0.0406206
0.0405882
0.0405557
0.0405232
0.0404906
0.040458
0.0404254
0.0403927
0.04036
0.0403272
0.0402945
0.0402617
0.0402288
0.040196
0.0401631
0.0401302
0.0400972
0.0400643
0.0400313
0.0399983
0.0399653
0.0399323
0.0398993
0.0398663
0.0398333
0.0398002
0.0397672
0.0397342
0.0397011
0.0396681
0.0396351
0.0396021
0.0395691
0.0395361
0.0395031
0.0394701
0.0394372
0.0394042
0.0393713
0.0393384
0.0393056
0.0392727
0.0392399
0.0392072
0.0391744
0.0391417
0.0391091
0.0390764
0.0390439
0.0390113
0.0389789
0.0389464
0.038914
0.0388817
0.0388495
0.0388173
0.0387851
0.0387531
0.0387211
0.0386891
0.0386573
0.0386255
0.0385938
0.0385622
0.0385307
0.0384993
0.038468
0.0384368
0.0384056
0.0383746
0.0383437
0.0383129
0.0382823
0.0382517
0.0382213
0.038191
0.0381609
0.0381309
0.038101
0.0380713
0.0380418
0.0380124
0.0379832
0.0379541
0.0379253
0.0378966
0.0378681
0.0378398
0.0378117
0.0377838
0.0377561
0.0377286
0.0377014
0.0376744
0.0376476
0.0376211
0.0375948
0.0375688
0.0375431
0.0375176
0.0374925
0.0374676
0.037443
0.0374187
0.0373948
0.0373712
0.0373479
0.0373249
0.0373023
0.0372801
0.0372583
0.0372368
0.0372157
0.0371951
0.0371748
0.037155
0.0371356
0.0371166
0.0370981
0.0370801
0.0370625
0.0370455
0.0370289
0.0370129
0.0369974
0.0369825
0.0369681
0.0369542
0.036941
0.0369283
0.0369163
0.0369049
0.0368941
0.036884
0.0368745
0.0368658
0.0368577
0.0368504
0.0368438
0.0368379
0.0368328
0.0368286
0.0459741
0.0459587
0.045943
0.0459273
0.0459115
0.0458955
0.0458794
0.0458631
0.0458467
0.0458301
0.0458134
0.0457965
0.0457794
0.0457623
0.0457449
0.0457274
0.0457098
0.0456919
0.045674
0.0456559
0.0456376
0.0456192
0.0456006
0.0455819
0.045563
0.0455439
0.0455247
0.0455054
0.0454859
0.0454662
0.0454464
0.0454264
0.0454062
0.0453859
0.0453655
0.0453449
0.0453241
0.0453032
0.0452821
0.0452609
0.0452395
0.0452179
0.0451962
0.0451743
0.0451523
0.0451301
0.0451078
0.0450853
0.0450626
0.0450398
0.0450168
0.0449937
0.0449704
0.0449469
0.0449233
0.0448996
0.0448756
0.0448516
0.0448273
0.0448029
0.0447784
0.0447537
0.0447288
0.0447038
0.0446787
0.0446534
0.0446279
0.0446023
0.0445765
0.0445505
0.0445245
0.0444982
0.0444718
0.0444453
0.0444186
0.0443918
0.0443648
0.0443376
0.0443104
0.0442829
0.0442553
0.0442276
0.0441998
0.0441717
0.0441436
0.0441153
0.0440868
0.0440582
0.0440295
0.0440006
0.0439716
0.0439425
0.0439132
0.0438838
0.0438542
0.0438245
0.0437947
0.0437648
0.0437347
0.0437045
0.0436741
0.0436436
0.043613
0.0435823
0.0435515
0.0435205
0.0434894
0.0434582
0.0434268
0.0433954
0.0433638
0.0433321
0.0433003
0.0432684
0.0432364
0.0432042
0.043172
0.0431396
0.0431072
0.0430746
0.043042
0.0430092
0.0429763
0.0429434
0.0429103
0.0428772
0.0428439
0.0428106
0.0427772
0.0427436
0.04271
0.0426764
0.0426426
0.0426087
0.0425748
0.0425408
0.0425067
0.0424726
0.0424383
0.042404
0.0423697
0.0423353
0.0423008
0.0422662
0.0422316
0.0421969
0.0421622
0.0421274
0.0420926
0.0420577
0.0420228
0.0419878
0.0419528
0.0419177
0.0418826
0.0418474
0.0418122
0.041777
0.0417417
0.0417064
0.0416711
0.0416357
0.0416004
0.041565
0.0415295
0.0414941
0.0414586
0.0414231
0.0413876
0.0413521
0.0413166
0.041281
0.0412455
0.0412099
0.0411744
0.0411388
0.0411033
0.0410677
0.0410321
0.0409966
0.040961
0.0409255
0.04089
0.0408545
0.040819
0.0407835
0.040748
0.0407125
0.0406771
0.0406417
0.0406063
0.0405709
0.0405356
0.0405003
0.040465
0.0404298
0.0403946
0.0403594
0.0403243
0.0402892
0.0402541
0.0402191
0.0401842
0.0401493
0.0401144
0.0400796
0.0400448
0.0400101
0.0399755
0.0399409
0.0399064
0.039872
0.0398376
0.0398033
0.039769
0.0397349
0.0397008
0.0396668
0.0396329
0.0395991
0.0395653
0.0395317
0.0394981
0.0394647
0.0394313
0.0393981
0.039365
0.039332
0.0392991
0.0392663
0.0392337
0.0392012
0.0391688
0.0391365
0.0391044
0.0390725
0.0390407
0.0390091
0.0389776
0.0389463
0.0389152
0.0388842
0.0388534
0.0388229
0.0387925
0.0387623
0.0387323
0.0387026
0.038673
0.0386437
0.0386147
0.0385859
0.0385573
0.038529
0.0385009
0.0384731
0.0384456
0.0384184
0.0383915
0.0383649
0.0383386
0.0383126
0.038287
0.0382617
0.0382367
0.0382121
0.0381879
0.0381641
0.0381406
0.0381176
0.0380949
0.0380727
0.0380509
0.0380296
0.0380087
0.0379882
0.0379683
0.0379488
0.0379299
0.0379114
0.0378935
0.0378762
0.0378593
0.0378431
0.0378274
0.0378124
0.0377979
0.0377841
0.0377709
0.0377583
0.0377465
0.0377353
0.0377248
0.037715
0.037706
0.0376978
0.0376903
0.0376836
0.0376777
0.0376727
0.0475608
0.0475437
0.0475263
0.0475089
0.0474914
0.0474738
0.0474559
0.0474379
0.0474197
0.0474013
0.0473827
0.0473639
0.047345
0.0473259
0.0473066
0.0472871
0.0472675
0.0472476
0.0472276
0.0472074
0.047187
0.0471665
0.0471457
0.0471248
0.0471037
0.0470824
0.0470609
0.0470393
0.0470174
0.0469954
0.0469732
0.0469508
0.0469282
0.0469055
0.0468825
0.0468594
0.0468361
0.0468126
0.0467889
0.0467651
0.046741
0.0467168
0.0466924
0.0466678
0.0466431
0.0466181
0.046593
0.0465676
0.0465421
0.0465165
0.0464906
0.0464645
0.0464383
0.0464119
0.0463853
0.0463586
0.0463316
0.0463045
0.0462772
0.0462497
0.046222
0.0461942
0.0461662
0.046138
0.0461096
0.0460811
0.0460524
0.0460235
0.0459945
0.0459652
0.0459358
0.0459063
0.0458765
0.0458466
0.0458166
0.0457863
0.0457559
0.0457253
0.0456946
0.0456637
0.0456327
0.0456014
0.0455701
0.0455385
0.0455068
0.045475
0.045443
0.0454108
0.0453785
0.045346
0.0453134
0.0452807
0.0452478
0.0452147
0.0451815
0.0451482
0.0451147
0.0450811
0.0450473
0.0450135
0.0449794
0.0449453
0.044911
0.0448766
0.044842
0.0448074
0.0447726
0.0447376
0.0447026
0.0446675
0.0446322
0.0445968
0.0445613
0.0445257
0.04449
0.0444542
0.0444182
0.0443822
0.0443461
0.0443099
0.0442735
0.0442371
0.0442006
0.044164
0.0441274
0.0440906
0.0440538
0.0440168
0.0439798
0.0439427
0.0439056
0.0438684
0.0438311
0.0437937
0.0437563
0.0437188
0.0436813
0.0436437
0.043606
0.0435683
0.0435306
0.0434928
0.0434549
0.043417
0.0433791
0.0433411
0.0433031
0.0432651
0.043227
0.0431889
0.0431507
0.0431126
0.0430744
0.0430362
0.042998
0.0429598
0.0429215
0.0428833
0.042845
0.0428067
0.0427684
0.0427301
0.0426918
0.0426536
0.0426153
0.042577
0.0425387
0.0425004
0.0424621
0.0424239
0.0423856
0.0423474
0.0423092
0.042271
0.0422328
0.0421947
0.0421565
0.0421184
0.0420803
0.0420422
0.0420042
0.0419662
0.0419282
0.0418903
0.0418524
0.0418145
0.0417766
0.0417388
0.0417011
0.0416633
0.0416256
0.041588
0.0415504
0.0415128
0.0414753
0.0414378
0.0414004
0.0413631
0.0413257
0.0412885
0.0412513
0.0412141
0.041177
0.04114
0.041103
0.0410661
0.0410293
0.0409925
0.0409558
0.0409191
0.0408826
0.0408461
0.0408097
0.0407733
0.0407371
0.0407009
0.0406648
0.0406288
0.0405928
0.040557
0.0405213
0.0404857
0.0404501
0.0404147
0.0403794
0.0403442
0.0403091
0.0402741
0.0402393
0.0402045
0.0401699
0.0401355
0.0401011
0.040067
0.0400329
0.039999
0.0399653
0.0399317
0.0398983
0.0398651
0.0398321
0.0397992
0.0397665
0.0397341
0.0397018
0.0396697
0.0396379
0.0396062
0.0395748
0.0395436
0.0395127
0.039482
0.0394516
0.0394215
0.0393916
0.039362
0.0393327
0.0393036
0.0392749
0.0392465
0.0392185
0.0391907
0.0391633
0.0391363
0.0391096
0.0390833
0.0390574
0.0390319
0.0390067
0.038982
0.0389578
0.0389339
0.0389105
0.0388876
0.0388651
0.0388431
0.0388217
0.0388007
0.0387802
0.0387603
0.038741
0.0387222
0.0387039
0.0386863
0.0386693
0.0386529
0.0386371
0.038622
0.0386076
0.0385938
0.0385808
0.0385684
0.0385568
0.038546
0.0385359
0.0385266
0.0385182
0.0385105
0.0385037
0.0384979
0.0493011
0.0492794
0.0492573
0.0492351
0.0492129
0.0491904
0.0491678
0.0491451
0.0491221
0.049099
0.0490756
0.0490521
0.0490285
0.0490046
0.0489806
0.0489563
0.0489319
0.0489074
0.0488826
0.0488576
0.0488325
0.0488072
0.0487817
0.0487561
0.0487302
0.0487042
0.048678
0.0486516
0.048625
0.0485982
0.0485713
0.0485442
0.0485169
0.0484894
0.0484617
0.0484339
0.0484059
0.0483777
0.0483493
0.0483207
0.048292
0.048263
0.0482339
0.0482047
0.0481752
0.0481456
0.0481157
0.0480857
0.0480556
0.0480252
0.0479947
0.047964
0.0479331
0.047902
0.0478708
0.0478394
0.0478078
0.0477761
0.0477441
0.047712
0.0476798
0.0476473
0.0476147
0.0475819
0.047549
0.0475159
0.0474826
0.0474492
0.0474156
0.0473818
0.0473479
0.0473138
0.0472795
0.0472451
0.0472105
0.0471758
0.0471409
0.0471059
0.0470707
0.0470353
0.0469998
0.0469642
0.0469284
0.0468925
0.0468564
0.0468201
0.0467838
0.0467473
0.0467106
0.0466738
0.0466369
0.0465998
0.0465626
0.0465253
0.0464879
0.0464503
0.0464126
0.0463747
0.0463368
0.0462987
0.0462605
0.0462222
0.0461838
0.0461453
0.0461066
0.0460679
0.046029
0.0459901
0.045951
0.0459118
0.0458726
0.0458332
0.0457938
0.0457542
0.0457146
0.0456749
0.0456351
0.0455952
0.0455553
0.0455153
0.0454752
0.045435
0.0453948
0.0453545
0.0453141
0.0452737
0.0452332
0.0451926
0.045152
0.0451114
0.0450707
0.0450299
0.0449891
0.0449483
0.0449074
0.0448665
0.0448256
0.0447846
0.0447436
0.0447026
0.0446615
0.0446205
0.0445794
0.0445383
0.0444972
0.044456
0.0444149
0.0443738
0.0443326
0.0442915
0.0442503
0.0442091
0.044168
0.0441269
0.0440857
0.0440446
0.0440035
0.0439624
0.0439213
0.0438802
0.0438392
0.0437982
0.0437572
0.0437162
0.0436752
0.0436343
0.0435934
0.0435526
0.0435117
0.043471
0.0434302
0.0433895
0.0433488
0.0433082
0.0432676
0.043227
0.0431865
0.043146
0.0431056
0.0430652
0.0430249
0.0429846
0.0429444
0.0429042
0.042864
0.042824
0.0427839
0.042744
0.042704
0.0426642
0.0426244
0.0425846
0.0425449
0.0425053
0.0424657
0.0424262
0.0423867
0.0423473
0.042308
0.0422687
0.0422295
0.0421904
0.0421513
0.0421123
0.0420734
0.0420345
0.0419957
0.041957
0.0419183
0.0418797
0.0418412
0.0418028
0.0417645
0.0417262
0.041688
0.0416499
0.0416119
0.041574
0.0415361
0.0414984
0.0414608
0.0414232
0.0413858
0.0413484
0.0413112
0.0412741
0.0412371
0.0412002
0.0411634
0.0411268
0.0410902
0.0410539
0.0410176
0.0409815
0.0409456
0.0409097
0.0408741
0.0408386
0.0408033
0.0407681
0.0407332
0.0406984
0.0406638
0.0406294
0.0405952
0.0405612
0.0405275
0.0404939
0.0404606
0.0404275
0.0403947
0.0403621
0.0403298
0.0402978
0.040266
0.0402346
0.0402034
0.0401725
0.040142
0.0401117
0.0400818
0.0400523
0.040023
0.0399942
0.0399657
0.0399376
0.03991
0.0398827
0.0398558
0.0398294
0.0398034
0.0397778
0.0397527
0.0397281
0.039704
0.0396804
0.0396573
0.0396347
0.0396127
0.0395912
0.0395703
0.03955
0.0395303
0.0395112
0.0394928
0.0394749
0.0394578
0.0394413
0.0394255
0.0394105
0.0393961
0.0393825
0.0393697
0.0393577
0.0393464
0.039336
0.0393264
0.0393177
0.0393099
0.0393031
)
;

boundaryField
{
    Inlet
    {
        type            fixedFluxPressure;
        gradient        nonuniform 0();
        value           nonuniform 0();
    }
    BotOutlet1
    {
        type            totalPressure;
        rho             rho;
        psi             none;
        gamma           1;
        p0              nonuniform 0();
        value           nonuniform 0();
    }
    BotOutlet2
    {
        type            totalPressure;
        rho             rho;
        psi             none;
        gamma           1;
        p0              nonuniform 0();
        value           nonuniform 0();
    }
    TopInlet
    {
        type            fixedFluxPressure;
        gradient        nonuniform 0();
        value           nonuniform 0();
    }
    FreeStream
    {
        type            fixedFluxPressure;
        gradient        nonuniform List<scalar> 
20
(
0.00540285
0.00486722
0.00413079
0.00315914
0.00191212
0.000343275
-0.00160133
-0.00398392
-0.0068762
-0.0103604
-0.0145299
-0.0194907
-0.025361
-0.0322722
-0.0403673
-0.0498002
-0.0607313
-0.073324
-0.0877361
-0.104114
)
;
        value           nonuniform List<scalar> 
20
(
0.0215269
0.0225487
0.0235651
0.0245754
0.0255791
0.0265755
0.027564
0.0285437
0.0295138
0.0304737
0.0314223
0.0323588
0.0332824
0.0341919
0.0350865
0.0359652
0.036827
0.0376707
0.0384955
0.0393003
)
;
    }
    FrontNBack
    {
        type            empty;
    }
    LeftSide
    {
        type            zeroGradient;
    }
    procBoundary1to0
    {
        type            processor;
        value           nonuniform List<scalar> 
400
(
25.7704
25.7707
25.7711
25.7714
25.7717
25.7719
25.772
25.7721
25.7722
25.7722
25.7721
25.772
25.7718
25.7716
25.7714
25.7711
25.7706
25.7696
25.7686
25.7705
25.7817
25.7946
25.7297
25.4297
10.6434
0.0194197
0.0200568
0.0199205
0.0198795
0.0198801
0.0198861
0.0198897
0.0198922
0.019895
0.0198983
0.0199021
0.0199064
0.019911
0.0199161
0.0199215
0.0199273
0.0199335
0.0199401
0.019947
0.0199542
0.0199617
0.0199696
0.0199778
0.0199862
0.0199949
0.0200039
0.0200131
0.0200226
0.0200323
0.0200422
0.0200523
0.0200625
0.020073
0.0200836
0.0200943
0.0201052
0.0201162
0.0201273
0.0201386
0.0201499
0.0201613
0.0201728
0.0201843
0.0201959
0.0202076
0.0202193
0.020231
0.0202427
0.0202545
0.0202662
0.020278
0.0202898
0.0203015
0.0203132
0.0203249
0.0203366
0.0203482
0.0203598
0.0203713
0.0203828
0.0203943
0.0204056
0.0204169
0.0204282
0.0204394
0.0204505
0.0204615
0.0204724
0.0204833
0.020494
0.0205047
0.0205153
0.0205258
0.0205361
0.0205464
0.0205543
0.02056
0.0205658
0.0205715
0.0205772
0.0205829
0.0205886
0.0205942
0.0205999
0.0206056
0.0206112
0.0206169
0.0206225
0.0206281
0.0206337
0.0206393
0.0206449
0.0206505
0.0206561
0.0206616
0.0206672
0.0206727
0.0206782
0.0206837
0.0206892
0.0206946
0.0207001
0.0207055
0.0207109
0.0207163
0.0207217
0.020727
0.0207324
0.0207377
0.020743
0.0207482
0.0207535
0.0207587
0.0207639
0.020769
0.0207742
0.0207793
0.0207844
0.0207894
0.0207945
0.0207995
0.0208045
0.0208094
0.0208143
0.0208192
0.020824
0.0208289
0.0208337
0.0208384
0.0208431
0.0208478
0.0208525
0.0208571
0.0208617
0.0208662
0.0208707
0.0208752
0.0208796
0.020884
0.0208883
0.0208926
0.0208969
0.0209011
0.0209053
0.0209095
0.0209136
0.0209176
0.0209216
0.0209256
0.0209295
0.0209334
0.0209372
0.020941
0.0209447
0.0209484
0.020952
0.0209556
0.0209592
0.0209626
0.0209661
0.0209695
0.0209728
0.0209761
0.0209793
0.0209825
0.0209856
0.0209887
0.0209917
0.0209946
0.0209975
0.0210003
0.0210031
0.0210059
0.0210085
0.0210111
0.0210137
0.0210162
0.0210186
0.021021
0.0210233
0.0210255
0.0210277
0.0210298
0.0210319
0.0210339
0.0210358
0.0210377
0.0210395
0.0210412
0.0210429
0.0210445
0.021046
0.0210475
0.0210489
0.0210503
0.0210515
0.0210527
0.0210539
0.0210549
0.0210559
0.0210569
0.0210577
0.0210585
0.0210592
0.0210599
0.0210605
0.021061
0.0210614
0.0210618
0.0210621
0.0210623
0.0210624
0.0210625
0.0210625
0.0210624
0.0210623
0.0210621
0.0210618
0.0210614
0.0210609
0.0210604
0.0210598
0.0210592
0.0210584
0.0210576
0.0210567
0.0210558
0.0210547
0.0210536
0.0210524
0.0210512
0.0210498
0.0210484
0.0210469
0.0210454
0.0210437
0.021042
0.0210402
0.0210384
0.0210364
0.0210344
0.0210323
0.0210302
0.0210279
0.0210256
0.0210233
0.0210208
0.0210183
0.0210157
0.021013
0.0210103
0.0210075
0.0210046
0.0210016
0.0209986
0.0209955
0.0209924
0.0209891
0.0209858
0.0209825
0.020979
0.0209755
0.020972
0.0209683
0.0209646
0.0209609
0.020957
0.0209532
0.0209492
0.0209452
0.0209411
0.020937
0.0209328
0.0209286
0.0209242
0.0209199
0.0209155
0.020911
0.0209065
0.0209019
0.0208973
0.0208926
0.0208879
0.0208831
0.0208783
0.0208734
0.0208685
0.0208635
0.0208585
0.0208535
0.0208484
0.0208433
0.0208381
0.020833
0.0208277
0.0208225
0.0208172
0.0208119
0.0208066
0.0208012
0.0207958
0.0207904
0.020785
0.0207795
0.0207741
0.0207686
0.0207631
0.0207576
0.0207521
0.0207466
0.020741
0.0207355
0.02073
0.0207245
0.020719
0.0207134
0.0207079
0.0207024
0.020697
0.0206915
0.020686
0.0206806
0.0206752
0.0206698
0.0206645
0.0206591
0.0206538
0.0206486
0.0206434
0.0206382
0.0206331
0.020628
0.020623
0.020618
0.020613
0.0206082
0.0206034
0.0205986
0.020594
0.0205894
0.0205848
0.0205804
0.020576
0.0205717
0.0205675
0.0205634
0.0205594
0.0205555
0.0205517
0.020548
0.0205444
0.0205409
0.0205375
0.0205343
0.0205311
0.0205281
0.0205252
0.0205225
0.0205199
0.0205174
0.0205151
0.0205129
0.0205109
0.0205091
0.0205074
0.0205058
0.0205045
0.0205033
0.0205022
0.0205014
0.0205008
0.0205003
0.0205
0.0204999
0.0205
)
;
    }
    procBoundary1to2
    {
        type            processor;
        value           nonuniform List<scalar> 
400
(
54.8718
54.9111
54.9531
54.988
55.0155
55.0365
55.0514
55.0602
55.0627
55.0587
55.048
55.0299
55.0038
54.9721
54.9443
54.9362
54.9231
54.7024
53.4221
50.5307
35.1392
7.40765
0.143863
0.252573
0.0482643
0.053837
0.0533604
0.0529429
0.0528442
0.0528596
0.052874
0.0528772
0.0528766
0.052875
0.0528725
0.0528689
0.0528639
0.0528578
0.0528505
0.0528423
0.0528332
0.0528232
0.0528124
0.0528009
0.0527885
0.0527754
0.0527615
0.0527468
0.0527312
0.0527148
0.0526976
0.0526796
0.0526607
0.0526409
0.0526202
0.0525987
0.0525763
0.0525531
0.052529
0.0525041
0.0524783
0.0524517
0.0524243
0.0523961
0.0523671
0.0523374
0.0523068
0.0522756
0.0522436
0.052211
0.0521776
0.0521436
0.0521089
0.0520736
0.0520376
0.0520011
0.0519639
0.0519262
0.051888
0.0518492
0.0518099
0.0517701
0.0517298
0.051689
0.0516478
0.0516061
0.051564
0.0515215
0.0514786
0.0514353
0.0513916
0.0513476
0.0513032
0.0512585
0.0512134
0.051168
0.0511224
0.0510765
0.0510306
0.0509843
0.0509492
0.050925
0.0509003
0.0508757
0.0508509
0.0508259
0.0508007
0.0507753
0.0507496
0.0507238
0.0506977
0.0506714
0.0506449
0.0506182
0.0505912
0.0505641
0.0505367
0.0505091
0.0504814
0.0504533
0.0504251
0.0503967
0.050368
0.0503392
0.0503101
0.0502808
0.0502513
0.0502216
0.0501916
0.0501615
0.0501311
0.0501006
0.0500698
0.0500388
0.0500076
0.0499762
0.0499446
0.0499128
0.0498808
0.0498485
0.0498161
0.0497835
0.0497506
0.0497176
0.0496843
0.0496509
0.0496172
0.0495833
0.0495493
0.049515
0.0494806
0.0494459
0.0494111
0.049376
0.0493408
0.0493053
0.0492697
0.0492339
0.0491979
0.0491617
0.0491253
0.0490887
0.049052
0.049015
0.0489779
0.0489406
0.0489031
0.0488654
0.0488276
0.0487895
0.0487513
0.048713
0.0486744
0.0486357
0.0485968
0.0485578
0.0485185
0.0484792
0.0484396
0.0483999
0.04836
0.04832
0.0482798
0.0482395
0.048199
0.0481584
0.0481176
0.0480767
0.0480357
0.0479945
0.0479531
0.0479117
0.0478701
0.0478283
0.0477865
0.0477445
0.0477024
0.0476601
0.0476178
0.0475753
0.0475327
0.04749
0.0474472
0.0474043
0.0473613
0.0473182
0.047275
0.0472317
0.0471883
0.0471448
0.0471013
0.0470576
0.0470139
0.0469701
0.0469263
0.0468823
0.0468383
0.0467943
0.0467501
0.0467059
0.0466617
0.0466174
0.0465731
0.0465287
0.0464843
0.0464398
0.0463954
0.0463508
0.0463063
0.0462617
0.0462171
0.0461725
0.0461279
0.0460833
0.0460386
0.045994
0.0459493
0.0459047
0.0458601
0.0458154
0.0457708
0.0457262
0.0456816
0.045637
0.0455925
0.0455479
0.0455034
0.0454589
0.0454145
0.0453701
0.0453257
0.0452814
0.0452371
0.0451929
0.0451487
0.0451045
0.0450604
0.0450164
0.0449724
0.0449284
0.0448846
0.0448407
0.044797
0.0447533
0.0447096
0.0446661
0.0446226
0.0445791
0.0445358
0.0444925
0.0444493
0.0444061
0.044363
0.04432
0.0442771
0.0442342
0.0441914
0.0441487
0.0441061
0.0440635
0.044021
0.0439786
0.0439363
0.043894
0.0438518
0.0438097
0.0437677
0.0437257
0.0436838
0.043642
0.0436002
0.0435586
0.043517
0.0434755
0.043434
0.0433926
0.0433513
0.0433101
0.043269
0.0432279
0.0431869
0.0431459
0.0431051
0.0430643
0.0430235
0.0429829
0.0429423
0.0429018
0.0428614
0.0428211
0.0427808
0.0427406
0.0427005
0.0426604
0.0426205
0.0425806
0.0425408
0.0425011
0.0424615
0.0424219
0.0423825
0.0423431
0.0423039
0.0422647
0.0422257
0.0421867
0.0421479
0.0421091
0.0420705
0.042032
0.0419936
0.0419554
0.0419173
0.0418793
0.0418414
0.0418037
0.0417662
0.0417288
0.0416916
0.0416545
0.0416176
0.0415809
0.0415444
0.0415081
0.041472
0.0414361
0.0414004
0.0413649
0.0413296
0.0412946
0.0412599
0.0412254
0.0411911
0.0411572
0.0411235
0.0410901
0.041057
0.0410242
0.0409917
0.0409596
0.0409278
0.0408963
0.0408653
0.0408345
0.0408042
0.0407743
0.0407447
0.0407156
0.0406869
0.0406587
0.0406309
0.0406036
0.0405767
0.0405504
0.0405245
0.0404992
0.0404744
0.0404501
0.0404264
0.0404033
0.0403808
0.0403589
0.0403376
0.0403169
0.0402969
0.0402775
0.0402589
0.0402409
0.0402237
0.0402072
0.0401915
0.0401765
0.0401624
0.040149
0.0401365
0.0401249
0.0401141
0.0401042
0.0400952
0.0400874
)
;
    }
}


// ************************************************************************* //
