/*--------------------------------*- C++ -*----------------------------------*\
| =========                 |                                                 |
| \\      /  F ield         | OpenFOAM: The Open Source CFD Toolbox           |
|  \\    /   O peration     | Version:  2.4.0                                 |
|   \\  /    A nd           | Web:      www.OpenFOAM.org                      |
|    \\/     M anipulation  |                                                 |
\*---------------------------------------------------------------------------*/
FoamFile
{
    version     2.0;
    format      ascii;
    class       volScalarField;
    location    "4";
    object      p_rgh;
}
// * * * * * * * * * * * * * * * * * * * * * * * * * * * * * * * * * * * * * //

dimensions      [1 -1 -2 0 0 0 0];

internalField   nonuniform List<scalar> 
8000
(
0.966744
0.964535
0.962494
0.960359
0.95812
0.96019
0.979003
1.01139
0.939437
0.438161
-0.366399
0.312444
0.334469
0.335362
0.336294
0.342236
0.337209
0.342059
0.348117
0.341258
0.343706
0.340736
0.344283
0.338265
0.338757
0.33861
0.338276
0.337156
0.335991
0.335129
0.33227
0.330717
0.328938
0.326979
0.324935
0.322896
0.320363
0.317998
0.315525
0.31296
0.310303
0.307578
0.304854
0.301758
0.298798
0.295763
0.292671
0.289532
0.286356
0.283156
2.56903
2.56532
2.56131
2.55731
2.55354
2.55568
2.57967
2.62155
2.53157
1.89871
0.870888
0.544651
0.598719
0.603367
0.604125
0.604815
0.592313
0.596583
0.585764
0.584413
0.580877
0.572468
0.570299
0.559062
0.554289
0.548657
0.542265
0.535625
0.530638
0.521066
0.514667
0.507963
0.501176
0.494337
0.487515
0.481768
0.473571
0.467324
0.461153
0.455168
0.449373
0.443765
0.439102
0.433243
0.428471
0.423928
0.41963
0.415598
0.411829
0.408323
4.22312
4.21834
4.21357
4.20868
4.20388
4.20903
4.25143
4.32377
4.16625
3.06606
1.30261
0.975271
0.991913
0.991752
0.992191
0.991035
0.97914
0.983161
0.967585
0.965729
0.960261
0.958383
0.95179
0.946204
0.939633
0.931982
0.923611
0.917756
0.908135
0.89959
0.890615
0.881275
0.871824
0.862242
0.852588
0.845047
0.832277
0.823391
0.814549
0.80593
0.797565
0.789444
0.781866
0.775017
0.766479
0.759754
0.753332
0.74726
0.74154
0.736173
5.57814
5.57314
5.56783
5.56226
5.55667
5.56006
5.59734
5.66192
5.51728
4.51661
2.90552
1.11282
1.12496
1.1253
1.1251
1.12322
1.11234
1.1147
1.1005
1.09758
1.0908
1.08787
1.07951
1.07336
1.06609
1.05749
1.04837
1.04103
1.03075
1.02174
1.0123
1.00261
0.99289
0.983122
0.973341
0.966212
0.95395
0.945517
0.93732
0.929434
0.921962
0.914883
0.908241
0.902914
0.89556
0.890416
0.885694
0.881402
0.877538
0.874094
6.80358
6.80048
6.79664
6.79189
6.78622
6.78312
6.79268
6.81383
6.75619
6.36146
5.68137
1.25839
1.13449
1.13406
1.13318
1.13057
1.11972
1.12064
1.10608
1.10211
1.09449
1.09069
1.08172
1.07488
1.06728
1.05862
1.04989
1.04339
1.03491
1.0272
1.01963
1.01234
1.00545
0.99903
0.993023
0.987607
0.986039
0.975253
0.97235
0.970044
0.968241
0.967065
0.966545
0.966653
0.967353
0.968503
0.970028
0.972003
0.974339
0.977005
8.02252
8.025
8.02642
8.02587
8.02316
8.0189
8.01628
8.02063
8.02077
7.93267
7.63571
1.82415
1.03332
1.0347
1.03326
1.03011
1.01836
1.01878
1.00126
0.995711
0.988299
0.98054
0.974546
0.960055
0.95221
0.943799
0.935553
0.927786
0.92238
0.915878
0.911038
0.907147
0.904604
0.903038
0.902242
0.902887
0.90501
0.908429
0.909431
0.915439
0.922446
0.930295
0.93892
0.948215
0.958358
0.969088
0.980807
0.992273
1.00399
1.01587
9.64929
9.65617
9.66326
9.669
9.67293
9.67569
9.68359
9.71072
9.74558
9.62533
9.00997
3.63796
1.07621
1.07873
1.07745
1.07643
1.06689
1.06938
1.05867
1.05305
1.04771
1.03895
1.03518
1.02317
1.0157
1.00818
0.99969
0.994129
0.989163
0.985208
0.982629
0.981495
0.980861
0.982449
0.986531
0.990505
0.996115
1.00317
1.01167
1.02288
1.03461
1.04543
1.05852
1.07232
1.08719
1.10236
1.11788
1.13374
1.14974
1.16574
11.4843
11.4913
11.4996
11.5078
11.5148
11.5213
11.5361
11.5819
11.6511
11.5135
10.6011
6.71675
1.37904
1.37699
1.37856
1.38288
1.38338
1.38516
1.3943
1.38821
1.38455
1.38152
1.37681
1.37515
1.37878
1.36283
1.35716
1.35345
1.35093
1.34916
1.34826
1.34836
1.34963
1.37123
1.35816
1.36188
1.36802
1.37542
1.38253
1.3901
1.40252
1.40918
1.39988
1.41353
1.42649
1.43927
1.45102
1.4634
1.47559
1.48701
13.0597
13.0651
13.071
13.0763
13.0811
13.0854
13.0897
13.0951
13.1071
13.1055
13.081
12.9904
2.30004
1.79898
1.80235
1.80066
1.8033
1.80313
1.8149
1.81291
1.81338
1.81418
1.80935
1.81384
1.86663
1.82642
1.81367
1.8058
1.80222
1.79932
1.79616
1.79378
1.79327
1.82727
1.81602
1.80548
1.80597
1.81021
1.81187
1.81359
1.81516
1.83021
1.82788
1.83533
1.84263
1.84817
1.85039
1.85483
1.85891
1.86237
14.8116
14.8117
14.8117
14.8116
14.811
14.8098
14.8081
14.8107
14.832
14.8459
14.7507
14.2983
6.1022
2.07572
2.07229
2.07059
2.07664
2.07323
2.07082
2.07381
2.06813
2.07084
2.07537
2.08824
2.08843
2.07635
2.06986
2.06545
2.06379
2.06237
2.05921
2.05798
2.05809
2.06275
2.06357
2.06432
2.06606
2.06877
2.06247
2.0648
2.07793
2.08248
2.08778
2.09419
2.09937
2.10338
2.10519
2.10712
2.10957
2.11089
16.6797
16.6695
16.659
16.65
16.6422
16.6346
16.6279
16.629
16.6579
16.6809
16.5429
15.8598
9.76034
2.26733
2.25928
2.26183
2.26758
2.2605
2.26245
2.26248
2.2626
2.26369
2.28051
2.28111
2.27767
2.27627
2.27851
2.27596
2.27683
2.2853
2.27843
2.27837
2.27752
2.26582
2.26733
2.26803
2.27621
2.26714
2.26947
2.26175
2.2657
2.26971
2.27238
2.27461
2.27754
2.27956
2.28106
2.28324
2.28217
2.28254
18.2976
18.2743
18.2493
18.2267
18.2062
18.1866
18.1684
18.1593
18.1796
18.1935
18.0264
17.2704
12.4612
2.51616
2.49819
2.50228
2.50372
2.50753
2.50986
2.51842
2.51464
2.53575
2.54019
2.52351
2.55541
2.54522
2.5422
2.54165
2.52258
2.54527
2.52044
2.53964
2.49716
2.49963
2.49079
2.49059
2.4827
2.48216
2.48048
2.47875
2.47701
2.47487
2.47298
2.47143
2.469
2.46701
2.46486
2.46252
2.45998
2.45711
19.6731
19.6297
19.5837
19.5432
19.508
19.4765
19.4507
19.441
19.4594
19.438
19.1344
18.3349
10.8084
2.76587
2.76036
2.75601
2.76334
2.75067
2.77709
2.77134
2.77308
2.77925
2.77549
2.77547
2.77212
2.76505
2.78195
2.74058
2.74134
2.73647
2.73246
2.72272
2.71753
2.71245
2.70465
2.70176
2.69273
2.68769
2.68258
2.67745
2.67234
2.66722
2.66325
2.65863
2.65313
2.6482
2.64321
2.63817
2.63306
2.62794
20.8019
20.7363
20.6694
20.6124
20.5626
20.5187
20.499
20.5557
20.6779
20.3772
18.3325
14.944
5.01877
2.95735
2.96682
2.95205
2.96306
2.97999
2.98227
2.97956
2.97648
2.97055
2.96334
2.95697
2.94898
2.94847
2.9332
2.92639
2.91955
2.91259
2.90565
2.89873
2.89155
2.88452
2.8819
2.86786
2.86165
2.85534
2.84907
2.8429
2.83682
2.83085
2.82483
2.81909
2.81314
2.80729
2.80145
2.79559
2.7897
2.78375
19.9173
19.8434
19.7662
19.7
19.6443
19.6005
19.5805
19.5963
19.5521
19.1347
18.1656
10.5844
3.07819
3.08836
3.08482
3.07925
3.07723
3.08694
3.08771
3.08727
3.08342
3.078
3.07211
3.06599
3.05972
3.05335
3.04729
3.04072
3.03453
3.02836
3.02225
3.01603
3.00974
3.00869
3.00174
2.99598
2.99037
2.98473
2.97873
2.97311
2.96734
2.96179
2.95627
2.95075
2.94526
2.93975
2.9342
2.92863
2.92301
2.91734
18.1181
18.1218
18.1223
18.1102
18.0843
18.057
18.0615
18.0818
17.786
16.3459
14.2636
2.26291
3.21826
3.2134
3.21566
3.13278
3.13445
3.13407
3.13123
3.13126
3.12904
3.12657
3.12402
3.12123
3.11822
3.11499
3.11151
3.10782
3.10409
3.10038
3.0969
3.09294
3.08893
3.08823
3.08365
3.0799
3.07622
3.07233
3.06836
3.06436
3.06032
3.05624
3.05213
3.04799
3.04381
3.03959
3.03551
3.03094
3.02657
3.02213
13.7473
13.8996
14.0381
14.1353
14.1943
14.2188
14.2142
14.2011
14.2064
14.129
13.4325
11.396
0.253643
-2.67301
0.0737137
3.00086
3.11945
3.17478
3.18006
3.16834
3.16988
3.16897
3.166
3.16386
3.16153
3.15936
3.15726
3.15536
3.15358
3.15201
3.15038
3.14839
3.14597
3.14628
3.14576
3.14004
3.13822
3.13613
3.13396
3.13166
3.12939
3.12703
3.12459
3.12211
3.11956
3.11692
3.11423
3.11192
3.10822
3.10538
23.1628
23.2576
23.3671
23.4709
23.5677
23.6596
23.7467
23.829
23.9118
24.0153
24.1502
24.1918
23.6773
22.1075
20.4203
5.06973
-6.0376
4.04697
1.82285
2.90872
3.10688
3.16459
3.16372
3.18637
3.19292
3.19019
3.18878
3.19208
3.19233
3.19113
3.18856
3.18932
3.18627
3.18461
3.18466
3.18529
3.186
3.18616
3.19056
3.19006
3.1894
3.18904
3.18821
3.18727
3.18622
3.18504
3.18371
3.18262
3.18194
3.17882
28.006
28.0464
28.0966
28.1521
28.213
28.2803
28.354
28.4345
28.5219
28.618
28.7266
28.8473
28.9523
28.9758
28.9829
28.6234
27.8445
27.3291
28.1117
14.3219
-0.264667
1.46894
1.93517
3.58169
3.2491
3.34674
3.35143
3.40811
3.27439
3.20434
3.22811
3.23254
3.23131
3.22588
3.22588
3.2281
3.22999
3.23024
3.22731
3.22529
3.24524
3.22031
3.22693
3.22667
3.22311
3.22074
3.22021
3.22084
3.22328
3.22501
31.4397
31.4697
31.4993
31.527
31.5541
31.5815
31.6095
31.6378
31.6667
31.696
31.726
31.7568
31.7886
31.8226
31.8633
31.9203
31.9822
32.0171
32.0579
31.8166
31.0987
30.2741
30.6723
17.7596
4.25909
-0.537734
3.04842
4.49303
3.88723
3.7231
3.64802
3.6591
3.69971
3.18031
3.29609
3.34068
3.33588
3.30467
3.32759
3.32276
3.24008
3.38153
3.38615
3.29575
3.31717
3.31714
3.31443
3.3145
3.31553
3.31653
0.279944
0.276736
0.273546
0.27039
0.267283
0.264242
0.261283
0.258421
0.255674
0.253056
0.250585
0.248276
0.246147
0.244213
0.242493
0.241003
0.23976
0.238782
0.238087
0.237692
0.237614
0.237873
0.238485
0.239469
0.240843
0.242623
0.244827
0.247472
0.250573
0.254147
0.258207
0.262763
0.267824
0.2734
0.279545
0.285977
0.293063
0.300618
0.308611
0.317001
0.325733
0.33474
0.343939
0.353237
0.362552
0.371834
0.380901
0.389557
0.397548
0.405371
0.405079
0.402093
0.399363
0.396883
0.394649
0.392656
0.390896
0.389363
0.388049
0.386948
0.38605
0.385347
0.38483
0.384489
0.384315
0.384297
0.384425
0.384687
0.385074
0.385574
0.386174
0.386865
0.387633
0.388468
0.389356
0.390286
0.391245
0.39222
0.3932
0.394171
0.39512
0.396036
0.396904
0.397711
0.398446
0.399144
0.399713
0.400184
0.400558
0.400834
0.401016
0.401113
0.401145
0.401136
0.401106
0.401087
0.401107
0.401318
0.401795
0.40211
0.731157
0.72649
0.722169
0.718189
0.714547
0.711237
0.708256
0.705596
0.703254
0.701224
0.699501
0.698078
0.696951
0.696114
0.695562
0.695288
0.695287
0.695554
0.696084
0.69687
0.697907
0.699189
0.700712
0.70247
0.704457
0.706668
0.709097
0.71174
0.714589
0.717641
0.720889
0.724326
0.727949
0.731749
0.735722
0.739862
0.744215
0.748594
0.753197
0.757942
0.762823
0.76783
0.772961
0.778204
0.783555
0.789009
0.794549
0.800119
0.80568
0.811412
0.871055
0.868406
0.866131
0.864212
0.862636
0.861385
0.860444
0.859798
0.85943
0.859327
0.859473
0.859854
0.860458
0.861269
0.862276
0.863467
0.864828
0.866348
0.868018
0.869825
0.871759
0.873812
0.875974
0.878235
0.880588
0.883024
0.885537
0.888118
0.890762
0.893462
0.896211
0.899005
0.901839
0.904707
0.907606
0.910531
0.913477
0.916442
0.91943
0.922428
0.925418
0.928437
0.931465
0.9345
0.93754
0.940573
0.943601
0.946665
0.949807
0.952876
0.979949
0.983142
0.986557
0.990164
0.993936
0.997847
1.00188
1.00601
1.01023
1.01452
1.01887
1.02327
1.02771
1.03217
1.03666
1.04116
1.04567
1.05017
1.05467
1.05916
1.06363
1.06808
1.07251
1.0769
1.08127
1.08561
1.08991
1.09418
1.09841
1.10261
1.10676
1.11089
1.11497
1.11902
1.12304
1.12702
1.13096
1.13488
1.13876
1.14261
1.14645
1.15023
1.15399
1.15774
1.16145
1.16514
1.1688
1.17244
1.17608
1.17972
1.02773
1.03948
1.05108
1.0625
1.07373
1.08472
1.09544
1.10588
1.11601
1.12583
1.13532
1.1445
1.15336
1.1619
1.17013
1.17805
1.18567
1.19299
1.20002
1.20677
1.21325
1.21945
1.22539
1.23107
1.23651
1.2417
1.24666
1.2514
1.25591
1.26022
1.26433
1.26824
1.27196
1.27551
1.27889
1.2821
1.28516
1.28807
1.29084
1.29348
1.296
1.29839
1.30067
1.30285
1.30493
1.3069
1.30878
1.31059
1.31241
1.31412
1.18165
1.19725
1.21233
1.22689
1.24091
1.25447
1.26752
1.28006
1.29204
1.30348
1.31435
1.32466
1.33441
1.34363
1.35232
1.36051
1.36821
1.37544
1.38221
1.38855
1.39446
1.39997
1.4051
1.40985
1.41425
1.41831
1.42205
1.42547
1.42861
1.43146
1.43405
1.43639
1.43849
1.44036
1.44203
1.44349
1.44477
1.44588
1.44682
1.44761
1.44826
1.44878
1.44918
1.44948
1.44967
1.44976
1.44976
1.44971
1.44966
1.44954
1.49967
1.51036
1.51949
1.5294
1.53838
1.54663
1.55439
1.56164
1.56828
1.57433
1.57983
1.58478
1.58923
1.59318
1.59666
1.5997
1.6023
1.6045
1.6063
1.60774
1.60883
1.60958
1.61001
1.61013
1.60998
1.60954
1.60885
1.60792
1.60675
1.60536
1.60377
1.60198
1.60002
1.59788
1.59558
1.59314
1.59056
1.58785
1.58502
1.58209
1.57906
1.57594
1.57274
1.56948
1.56615
1.56276
1.55931
1.55585
1.55242
1.54894
1.8649
1.87003
1.87102
1.87291
1.87472
1.87502
1.87362
1.87308
1.87205
1.87053
1.86857
1.8662
1.8635
1.86047
1.85713
1.85352
1.84964
1.84551
1.84116
1.83658
1.8318
1.82683
1.82168
1.81636
1.81087
1.80524
1.79947
1.79357
1.78754
1.7814
1.77515
1.76881
1.76237
1.75585
1.74926
1.7426
1.73588
1.7291
1.72228
1.71541
1.70852
1.7016
1.69465
1.6877
1.68074
1.67377
1.6668
1.65986
1.65298
1.64611
2.11156
2.11456
2.11085
2.11124
2.1096
2.10821
2.10387
2.10056
2.09662
2.09213
2.08716
2.08175
2.07595
2.06979
2.0633
2.05651
2.04944
2.04211
2.03454
2.02674
2.01873
2.01053
2.00215
1.99359
1.98488
1.97601
1.96701
1.95788
1.94862
1.93925
1.92978
1.92021
1.91055
1.9008
1.89099
1.8811
1.87115
1.86115
1.8511
1.84101
1.83088
1.82073
1.81056
1.80037
1.79017
1.77996
1.76976
1.75958
1.74943
1.7393
2.28173
2.28115
2.28021
2.27834
2.27623
2.27292
2.26948
2.26547
2.26094
2.25593
2.25046
2.24457
2.23826
2.23158
2.22453
2.21714
2.20942
2.20139
2.19306
2.18445
2.17557
2.16644
2.15706
2.14744
2.13761
2.12756
2.11731
2.10686
2.09624
2.08544
2.07447
2.06335
2.05208
2.04067
2.02914
2.01748
2.0057
1.99382
1.98184
1.96977
1.95762
1.94539
1.9331
1.92074
1.90834
1.89589
1.88341
1.87089
1.85836
1.84583
2.45403
2.4508
2.44684
2.44286
2.43853
2.43388
2.42889
2.42357
2.41793
2.41196
2.40567
2.39906
2.39213
2.38489
2.37735
2.36951
2.36137
2.35295
2.34424
2.33525
2.32598
2.31645
2.30666
2.29662
2.28633
2.27579
2.26502
2.25402
2.2428
2.23137
2.21972
2.20787
2.19583
2.1836
2.17119
2.15861
2.14586
2.13295
2.11989
2.10669
2.09336
2.07989
2.06631
2.05262
2.03882
2.02493
2.01095
1.99688
1.98274
1.96856
2.62264
2.61725
2.61173
2.60606
2.60022
2.59421
2.58801
2.58162
2.57502
2.56821
2.56118
2.55393
2.54644
2.53872
2.53077
2.52257
2.51413
2.50545
2.49652
2.48734
2.47793
2.46826
2.45835
2.4482
2.43781
2.42718
2.41631
2.40521
2.39388
2.38232
2.37054
2.35853
2.34632
2.33389
2.32125
2.30842
2.29539
2.28216
2.26876
2.25518
2.24143
2.22751
2.21343
2.1992
2.18483
2.17033
2.1557
2.14093
2.12604
2.11108
2.77774
2.77166
2.76548
2.75921
2.75282
2.74631
2.73967
2.73289
2.72596
2.71887
2.71162
2.70419
2.69659
2.6888
2.68082
2.67264
2.66427
2.65568
2.64689
2.63789
2.62867
2.61924
2.60958
2.59971
2.58961
2.57928
2.56874
2.55797
2.54697
2.53575
2.52431
2.51265
2.50076
2.48866
2.47635
2.46382
2.45109
2.43815
2.42501
2.41167
2.39814
2.38442
2.37052
2.35645
2.3422
2.32779
2.31323
2.29849
2.28359
2.26859
2.91161
2.90581
2.89993
2.89397
2.8879
2.88174
2.87546
2.86907
2.86255
2.8559
2.84911
2.84218
2.8351
2.82786
2.82045
2.81288
2.80513
2.7972
2.78909
2.78078
2.77228
2.76359
2.75469
2.74559
2.73629
2.72677
2.71704
2.70709
2.69693
2.68656
2.67597
2.66515
2.65413
2.64288
2.63142
2.61974
2.60784
2.59574
2.58343
2.5709
2.55818
2.54525
2.53212
2.5188
2.5053
2.49161
2.47774
2.46369
2.44943
2.43506
3.01762
3.01302
3.00834
3.00357
2.9987
2.99372
2.98864
2.98344
2.97811
2.97266
2.96707
2.96134
2.95547
2.94944
2.94326
2.93691
2.9304
2.92371
2.91684
2.90979
2.90256
2.89513
2.8875
2.87968
2.87165
2.86342
2.85497
2.84632
2.83745
2.82836
2.81906
2.80954
2.7998
2.78984
2.77966
2.76926
2.75864
2.7478
2.73674
2.72546
2.71398
2.70228
2.69036
2.67825
2.66593
2.65341
2.6407
2.62778
2.61464
2.60136
3.10245
3.09943
3.09633
3.09314
3.08985
3.08646
3.08295
3.07932
3.07557
3.07168
3.06766
3.06349
3.05917
3.0547
3.05007
3.04527
3.0403
3.03515
3.02982
3.02431
3.0186
3.0127
3.0066
3.00029
2.99378
2.98706
2.98013
2.97299
2.96562
2.95804
2.95024
2.94221
2.93396
2.92549
2.91679
2.90786
2.89871
2.88934
2.87974
2.86992
2.85987
2.84961
2.83913
2.82843
2.81751
2.8064
2.79507
2.78352
2.77174
2.7598
3.17739
3.17584
3.1742
3.17248
3.17065
3.16872
3.16667
3.16451
3.16221
3.15979
3.15723
3.15452
3.15165
3.14863
3.14544
3.14208
3.13854
3.13483
3.13092
3.12682
3.12252
3.11803
3.11333
3.10842
3.10331
3.09798
3.09243
3.08666
3.08068
3.07447
3.06804
3.06138
3.0545
3.04739
3.04006
3.03249
3.0247
3.01668
3.00843
2.99996
2.99127
2.98235
2.9732
2.96384
2.95426
2.94447
2.93448
2.92425
2.91378
2.90314
3.22665
3.22808
3.22918
3.22995
3.23046
3.23078
3.23093
3.23088
3.23063
3.23018
3.22952
3.22865
3.22757
3.22628
3.22476
3.22302
3.22105
3.21886
3.21643
3.21377
3.21088
3.20776
3.2044
3.2008
3.19696
3.19289
3.18858
3.18403
3.17924
3.17421
3.16894
3.16344
3.15769
3.15171
3.1455
3.13904
3.13236
3.12544
3.11829
3.11091
3.10331
3.09548
3.08743
3.07915
3.07066
3.06196
3.05305
3.04392
3.03454
3.025
3.3196
3.32067
3.32148
3.32191
3.32152
3.32108
3.32075
3.32054
3.32014
3.31952
3.31867
3.31762
3.31637
3.31493
3.31328
3.31142
3.30935
3.30707
3.30457
3.30185
3.29892
3.29578
3.29241
3.28883
3.28503
3.28101
3.27677
3.27232
3.26764
3.26275
3.25763
3.2523
3.24675
3.24099
3.23501
3.22882
3.22241
3.21579
3.20897
3.20193
3.19469
3.18725
3.17961
3.17176
3.16372
3.1555
3.14708
3.13846
3.12963
3.12065
0.412309
0.416964
0.42135
0.425487
0.429375
0.433012
0.436393
0.439518
0.442386
0.444997
0.447363
0.449496
0.451318
0.452962
0.45438
0.455586
0.456592
0.45741
0.458053
0.458529
0.458876
0.459119
0.4591
0.459073
0.458938
0.458711
0.458403
0.458021
0.457573
0.457065
0.456503
0.455893
0.455237
0.454539
0.453803
0.45303
0.452222
0.451379
0.450503
0.449593
0.448649
0.44767
0.446655
0.445604
0.444516
0.44339
0.442226
0.441022
0.439779
0.438496
0.437173
0.43581
0.434408
0.432965
0.431483
0.429961
0.4284
0.4268
0.425161
0.423484
0.421768
0.420015
0.418224
0.416396
0.414531
0.41263
0.410693
0.40872
0.406712
0.404668
0.40259
0.400478
0.398331
0.396151
0.393937
0.39169
0.38941
0.387097
0.384752
0.382373
0.379962
0.377517
0.375039
0.372527
0.369982
0.367402
0.364788
0.362139
0.359455
0.356737
0.353983
0.351194
0.34837
0.345511
0.342617
0.339688
0.336724
0.333726
0.330694
0.327628
0.324528
0.321397
0.318233
0.315039
0.311815
0.308562
0.305282
0.301975
0.298643
0.295287
0.291908
0.288508
0.285087
0.281647
0.278188
0.274712
0.271221
0.267714
0.264194
0.260662
0.257119
0.253566
0.250005
0.246437
0.242864
0.239286
0.235705
0.23212
0.228533
0.224943
0.22135
0.217754
0.214154
0.210551
0.206943
0.203332
0.199716
0.196097
0.192475
0.188853
0.185231
0.181611
0.177996
0.174389
0.170791
0.167204
0.163633
0.160077
0.15654
0.153023
0.149527
0.146055
0.142606
0.139181
0.135781
0.132406
0.129055
0.12573
0.12243
0.119155
0.115907
0.112686
0.109495
0.106334
0.103206
0.100112
0.0970549
0.0940352
0.0910547
0.0881144
0.0852153
0.0823582
0.0795438
0.0767729
0.0740461
0.0713643
0.0687284
0.0661393
0.0635977
0.0611042
0.0586592
0.0562626
0.0539142
0.0516132
0.0493587
0.0471496
0.044985
0.042864
0.0407863
0.038752
0.0367618
0.0348172
0.0329201
0.0310728
0.0292779
0.0275378
0.0258549
0.0242311
0.0226679
0.021166
0.0197261
0.0183483
0.0170328
0.0157796
0.0145892
0.0134621
0.0123995
0.0114027
0.0104734
0.00961347
0.00882463
0.00810863
0.00746697
0.00690085
0.00641113
0.00599835
0.0056627
0.00540406
0.00522205
0.00511602
0.00508508
0.00512812
0.00524386
0.00543081
0.00568737
0.00601182
0.00640243
0.00685745
0.00737525
0.00795432
0.00859335
0.00929123
0.010047
0.01086
0.0117295
0.0126549
0.0136355
0.0146705
0.0157588
0.0168994
0.0180905
0.0193305
0.0206171
0.021948
0.0233204
0.0247313
0.0261773
0.0276549
0.02916
0.0306885
0.0322358
0.0337972
0.0353674
0.0369413
0.0385132
0.0400773
0.0416278
0.0431584
0.0446631
0.0461354
0.047569
0.0489575
0.0502947
0.0515744
0.0527904
0.053937
0.0550084
0.0559991
0.056904
0.057718
0.0584368
0.0590561
0.0595725
0.059983
0.0602852
0.0604773
0.060558
0.0605265
0.0603827
0.060127
0.0597605
0.0592851
0.0587036
0.0580194
0.0572369
0.0563613
0.0553988
0.0543555
0.0532381
0.0520541
0.050813
0.0495255
0.0481958
0.0468207
0.0454092
0.0440102
0.0426724
0.0413049
0.0396663
0.0378209
0.401693
0.401549
0.401552
0.401679
0.401923
0.402282
0.402754
0.403335
0.40402
0.404803
0.405741
0.406662
0.407716
0.40884
0.410029
0.411277
0.412577
0.413922
0.415309
0.416718
0.418123
0.419984
0.421526
0.423024
0.424562
0.426075
0.427589
0.429099
0.430602
0.432094
0.43357
0.435029
0.436467
0.437881
0.439269
0.44063
0.441961
0.44326
0.444528
0.445762
0.446961
0.448125
0.449253
0.450344
0.451397
0.452411
0.453386
0.454321
0.455215
0.456068
0.456877
0.457644
0.458367
0.459044
0.459677
0.460263
0.460801
0.461293
0.461735
0.462128
0.462472
0.462764
0.463006
0.463195
0.463332
0.463416
0.463446
0.463422
0.463343
0.463209
0.463019
0.462772
0.462469
0.462108
0.46169
0.461213
0.460679
0.460085
0.459432
0.45872
0.457948
0.457116
0.456224
0.45527
0.454256
0.453181
0.452044
0.450846
0.449586
0.448265
0.446882
0.445437
0.443931
0.442363
0.440734
0.439043
0.43729
0.435476
0.433601
0.431664
0.429665
0.427605
0.425484
0.423302
0.421058
0.418753
0.416386
0.413958
0.411469
0.408918
0.406307
0.403634
0.400899
0.398104
0.395247
0.392329
0.389349
0.386309
0.383206
0.380043
0.376818
0.373532
0.370185
0.366777
0.363309
0.35978
0.356191
0.352543
0.348836
0.345071
0.341247
0.337366
0.333427
0.329432
0.32538
0.321271
0.317107
0.312886
0.308611
0.30428
0.299896
0.295458
0.290969
0.286429
0.28184
0.277203
0.272521
0.267796
0.263029
0.258224
0.253382
0.248507
0.2436
0.238663
0.2337
0.228713
0.223703
0.218673
0.213624
0.208557
0.203474
0.198377
0.193266
0.188145
0.183014
0.177875
0.172732
0.167587
0.162442
0.1573
0.152165
0.14704
0.141928
0.136833
0.131757
0.126705
0.12168
0.116686
0.111727
0.106809
0.101936
0.0971114
0.0923418
0.0876318
0.0829862
0.0784099
0.0739078
0.0694843
0.0651438
0.0608907
0.0567292
0.0526636
0.0486981
0.0448374
0.0410859
0.0374487
0.0339309
0.0305377
0.0272743
0.0241462
0.0211586
0.0183164
0.0156245
0.0130873
0.0107092
0.00849386
0.00644504
0.00456612
0.0028603
0.00133064
-1.98924e-05
-0.00118845
-0.00217224
-0.00296857
-0.0035748
-0.0039884
-0.00420693
-0.00422811
-0.00404976
-0.0036699
-0.00308671
-0.00229858
-0.00130412
-0.000102167
0.00130816
0.00292745
0.00475594
0.0067935
0.00903954
0.011493
0.0141522
0.0170151
0.0200787
0.0233397
0.0267937
0.030436
0.0342611
0.0382627
0.0424337
0.0467667
0.0512531
0.0558839
0.0606493
0.0655389
0.0705413
0.0756447
0.0808364
0.0861033
0.0914315
0.0968063
0.102213
0.107635
0.113057
0.118463
0.123834
0.129154
0.134405
0.139568
0.144627
0.149561
0.154354
0.158986
0.163441
0.167699
0.171744
0.175559
0.179126
0.18243
0.185455
0.188187
0.190612
0.192718
0.194495
0.195934
0.197028
0.19777
0.198156
0.198184
0.197851
0.197159
0.196111
0.194711
0.192969
0.190895
0.188502
0.185808
0.182832
0.179594
0.176118
0.172427
0.16856
0.164553
0.160413
0.156116
0.151711
0.147472
0.143669
0.139746
0.134144
0.126636
0.816178
0.819455
0.822695
0.825913
0.829108
0.832278
0.835418
0.838527
0.841603
0.844641
0.847721
0.850676
0.853586
0.856453
0.859272
0.862039
0.864753
0.867409
0.870007
0.872542
0.874999
0.878284
0.880651
0.882945
0.88517
0.887294
0.889338
0.891304
0.893189
0.894991
0.89671
0.898346
0.899898
0.901365
0.90275
0.904052
0.905273
0.906412
0.907472
0.908451
0.909352
0.910175
0.910918
0.911583
0.912169
0.912673
0.913095
0.913433
0.913687
0.913855
0.913936
0.913928
0.913831
0.913643
0.913364
0.912994
0.912532
0.911978
0.911331
0.910592
0.909759
0.908832
0.907812
0.906697
0.905487
0.904182
0.902781
0.901284
0.89969
0.897999
0.896211
0.894324
0.89234
0.890257
0.888075
0.885795
0.883415
0.880935
0.878356
0.875677
0.872897
0.870017
0.867037
0.863955
0.860774
0.857491
0.854108
0.850625
0.847041
0.843356
0.839572
0.835688
0.831705
0.827622
0.823439
0.819158
0.814779
0.810301
0.805725
0.801053
0.796283
0.791416
0.786454
0.781396
0.776243
0.770996
0.765655
0.76022
0.754692
0.749072
0.743359
0.737555
0.731659
0.725673
0.719597
0.713431
0.707176
0.700833
0.694402
0.687885
0.681282
0.674593
0.66782
0.660962
0.654022
0.646998
0.639893
0.632706
0.625438
0.61809
0.610662
0.603156
0.595572
0.587912
0.580178
0.57237
0.56449
0.556541
0.548525
0.540443
0.532297
0.52409
0.515824
0.507502
0.499124
0.490694
0.482213
0.473684
0.465109
0.456491
0.447831
0.439133
0.430398
0.42163
0.412831
0.404004
0.395152
0.386278
0.377386
0.368478
0.359558
0.35063
0.341696
0.332762
0.323829
0.314902
0.305983
0.297077
0.288186
0.279314
0.270466
0.261646
0.252857
0.244106
0.235396
0.226733
0.218122
0.209568
0.201078
0.192657
0.18431
0.176045
0.167866
0.159781
0.151796
0.143917
0.136154
0.128512
0.121001
0.113627
0.106399
0.0993263
0.0924161
0.0856772
0.0791176
0.0727458
0.0665698
0.0605979
0.0548381
0.0492989
0.0439884
0.038915
0.0340873
0.0295135
0.0252021
0.0211612
0.017399
0.013923
0.0107408
0.00785947
0.00528564
0.00302569
0.00108557
-0.000529151
-0.00181328
-0.00276201
-0.00337096
-0.00363615
-0.00355411
-0.00312181
-0.00233673
-0.00119692
0.00029904
0.00215198
0.00436216
0.00692923
0.00985228
0.0131297
0.0167594
0.0207383
0.0250628
0.0297287
0.0347306
0.0400623
0.0457168
0.051686
0.0579607
0.0645309
0.0713851
0.0785109
0.0858946
0.0935212
0.101375
0.109437
0.117691
0.126114
0.134688
0.143389
0.152193
0.161076
0.170013
0.178976
0.187938
0.19687
0.205743
0.214528
0.223194
0.231711
0.240046
0.24817
0.25605
0.263656
0.270958
0.277925
0.284527
0.290737
0.296526
0.301868
0.306737
0.31111
0.314964
0.318279
0.321038
0.323225
0.324829
0.325838
0.326247
0.326049
0.325245
0.323836
0.321826
0.319224
0.316043
0.3123
0.308015
0.303216
0.297934
0.292204
0.286059
0.279543
0.272718
0.265645
0.258338
0.250753
0.24297
0.235435
0.228602
0.221585
0.211838
0.198963
0.954914
0.956317
0.957755
0.959221
0.960716
0.962242
0.963796
0.965379
0.966992
0.968634
0.970305
0.972062
0.973701
0.975455
0.977237
0.979046
0.98088
0.982736
0.984627
0.986566
0.988534
0.99048
0.992067
0.994026
0.996011
0.998001
0.999992
1.00198
1.00395
1.00589
1.00781
1.0097
1.01154
1.01332
1.01504
1.01671
1.01835
1.01972
1.02115
1.02248
1.02373
1.02489
1.026
1.02695
1.02785
1.02867
1.02939
1.03003
1.03061
1.03108
1.03143
1.03171
1.03189
1.03196
1.03193
1.0318
1.03157
1.03123
1.03079
1.03024
1.02959
1.02884
1.02798
1.02703
1.02597
1.02481
1.02354
1.02217
1.0207
1.01912
1.01744
1.01565
1.01375
1.01175
1.00964
1.00742
1.00509
1.00265
1.0001
0.99745
0.994687
0.991815
0.988834
0.985744
0.982545
0.979236
0.975818
0.97229
0.968651
0.964903
0.961043
0.957073
0.952993
0.948801
0.944497
0.940083
0.935557
0.93092
0.926171
0.92131
0.916338
0.911255
0.90606
0.900754
0.895336
0.889808
0.884168
0.878417
0.872556
0.866584
0.860501
0.854308
0.848004
0.841591
0.835067
0.828434
0.821692
0.81484
0.807879
0.800809
0.79363
0.786343
0.778948
0.771446
0.763836
0.756119
0.748296
0.740367
0.732333
0.724194
0.715952
0.707606
0.699159
0.690609
0.681959
0.67321
0.664362
0.655416
0.646374
0.637237
0.628005
0.61868
0.609265
0.599759
0.590166
0.580486
0.570723
0.560878
0.550954
0.540954
0.530879
0.520733
0.51052
0.500242
0.489902
0.479503
0.46905
0.458545
0.447992
0.437395
0.426756
0.416079
0.405369
0.394629
0.383864
0.373076
0.362271
0.351453
0.340628
0.3298
0.318975
0.308159
0.297358
0.286579
0.275827
0.265111
0.254436
0.243812
0.233245
0.222744
0.212318
0.201975
0.191726
0.181579
0.171545
0.161634
0.151857
0.142225
0.132749
0.123441
0.114312
0.105375
0.0966412
0.088123
0.079833
0.0717838
0.0639881
0.056459
0.0492093
0.0422523
0.0356009
0.0292684
0.0232677
0.0176116
0.0123128
0.00738369
0.00283636
-0.00131742
-0.00506626
-0.0083992
-0.0113057
-0.0137756
-0.0157995
-0.0173685
-0.0184745
-0.0191098
-0.0192673
-0.018941
-0.0181254
-0.016816
-0.0150088
-0.012701
-0.00989037
-0.0065761
-0.00275827
0.00156224
0.00638362
0.011703
0.0175162
0.0238178
0.030602
0.0378617
0.0455881
0.0537702
0.0623964
0.0714541
0.0809293
0.0908062
0.101067
0.111694
0.122668
0.133964
0.14556
0.15743
0.169545
0.181877
0.194395
0.207067
0.219859
0.232735
0.245658
0.258589
0.271489
0.284315
0.297027
0.309582
0.321938
0.33405
0.345873
0.357364
0.368477
0.379171
0.389401
0.399125
0.408302
0.416892
0.424855
0.432156
0.438759
0.44463
0.44974
0.454061
0.457568
0.46024
0.46206
0.463015
0.463095
0.462294
0.460612
0.458052
0.454622
0.450336
0.445211
0.439271
0.432547
0.425075
0.416899
0.408067
0.398629
0.388648
0.378211
0.367409
0.356265
0.344727
0.332906
0.321411
0.310854
0.300029
0.285502
0.266881
1.18246
1.18428
1.18608
1.18787
1.18966
1.19144
1.19321
1.19497
1.19673
1.19845
1.20017
1.20187
1.20357
1.20524
1.20689
1.20853
1.21014
1.21173
1.21333
1.21492
1.21648
1.21798
1.21928
1.22065
1.22202
1.22338
1.22473
1.22605
1.22733
1.22858
1.22981
1.231
1.23217
1.2333
1.2344
1.23571
1.23671
1.23767
1.2386
1.23947
1.24028
1.24102
1.24173
1.24228
1.24277
1.24316
1.24345
1.24363
1.24369
1.24381
1.24354
1.24327
1.24288
1.24237
1.24174
1.24099
1.24013
1.23916
1.23807
1.23688
1.23558
1.23417
1.23265
1.23103
1.22933
1.22744
1.2255
1.22345
1.22128
1.219
1.2166
1.21408
1.21145
1.20869
1.20582
1.20282
1.19971
1.19647
1.19312
1.18965
1.18605
1.18234
1.17851
1.17455
1.17048
1.16628
1.16196
1.15752
1.15295
1.14826
1.14345
1.1385
1.13344
1.12825
1.12293
1.11749
1.11192
1.10622
1.1004
1.09445
1.08837
1.08217
1.07584
1.06939
1.06281
1.0561
1.04927
1.04232
1.03523
1.02803
1.0207
1.01324
1.00566
0.997951
0.990122
0.982168
0.974092
0.965892
0.957569
0.949123
0.940555
0.931865
0.923054
0.914121
0.905067
0.895892
0.886598
0.877183
0.86765
0.857997
0.848227
0.838339
0.828333
0.818212
0.807975
0.797624
0.787159
0.776581
0.765892
0.755092
0.744182
0.733165
0.722041
0.710812
0.69948
0.688045
0.676511
0.664879
0.65315
0.641328
0.629415
0.617412
0.605324
0.593152
0.580899
0.568568
0.556164
0.543689
0.531146
0.51854
0.505874
0.493153
0.480381
0.467562
0.454702
0.441804
0.428874
0.415918
0.402941
0.38995
0.37695
0.363948
0.350952
0.337968
0.325004
0.312069
0.299172
0.286321
0.273527
0.2608
0.24815
0.23559
0.223131
0.210786
0.198568
0.186491
0.174571
0.162821
0.151258
0.139896
0.128754
0.117847
0.107193
0.0968089
0.0867124
0.0769212
0.0674533
0.0583264
0.0495587
0.0411681
0.0331724
0.0255895
0.0184371
0.0117327
0.00549357
-0.000263323
-0.00552138
-0.0102644
-0.0144771
-0.0181445
-0.0212519
-0.0237851
-0.0257319
-0.027082
-0.0278253
-0.027952
-0.0274539
-0.0263239
-0.0245563
-0.022147
-0.0190919
-0.0153889
-0.0110377
-0.00603764
-0.000393044
0.00589235
0.0128143
0.0203665
0.0285418
0.037331
0.0467228
0.0567181
0.0672772
0.0784013
0.0900726
0.102269
0.11497
0.128155
0.141797
0.15587
0.170357
0.185204
0.200406
0.215914
0.231691
0.247702
0.263908
0.280263
0.296724
0.313254
0.329781
0.346285
0.3627
0.378975
0.395053
0.41089
0.426423
0.441598
0.456364
0.470662
0.484435
0.497631
0.510196
0.522076
0.533224
0.543588
0.553122
0.561782
0.569526
0.576313
0.582104
0.586867
0.590573
0.593194
0.594708
0.595097
0.59435
0.592458
0.589419
0.585237
0.57992
0.573482
0.565945
0.557336
0.547691
0.537056
0.525481
0.513027
0.499756
0.485747
0.471113
0.455978
0.440388
0.424283
0.407793
0.391694
0.376851
0.361839
0.342137
0.316871
1.31511
1.31569
1.31625
1.31681
1.31736
1.31791
1.31845
1.31898
1.31953
1.32
1.32051
1.32101
1.3215
1.32198
1.32246
1.32293
1.32339
1.32384
1.32427
1.32471
1.32515
1.32562
1.32608
1.32587
1.3262
1.32654
1.32689
1.32723
1.32755
1.32785
1.32814
1.3284
1.32865
1.32888
1.3291
1.32936
1.32931
1.32942
1.32952
1.32959
1.32964
1.32966
1.32966
1.32963
1.32957
1.32949
1.32939
1.32923
1.32891
1.32862
1.32826
1.32776
1.32722
1.32657
1.3258
1.32489
1.32384
1.32272
1.3213
1.31984
1.31825
1.31654
1.31472
1.31278
1.31074
1.30876
1.30626
1.30396
1.30155
1.29902
1.29637
1.29359
1.29068
1.28765
1.28447
1.28117
1.27773
1.27416
1.27047
1.26666
1.26272
1.25867
1.2545
1.25022
1.24582
1.2413
1.23666
1.2319
1.22703
1.22203
1.21691
1.21166
1.20629
1.20079
1.19517
1.18942
1.18354
1.17754
1.17141
1.16515
1.15876
1.15224
1.14559
1.13882
1.13192
1.12488
1.11772
1.11043
1.10301
1.09546
1.08778
1.07997
1.07203
1.06396
1.05576
1.04743
1.03897
1.03038
1.02166
1.01281
1.00383
0.994716
0.985473
0.976101
0.966598
0.956965
0.947202
0.937308
0.927285
0.917132
0.906849
0.896436
0.885893
0.875221
0.86442
0.85349
0.842431
0.831244
0.819929
0.808487
0.796918
0.785223
0.773403
0.761459
0.749392
0.737203
0.724893
0.712465
0.699919
0.687258
0.674484
0.661598
0.648603
0.635502
0.622298
0.608993
0.59559
0.582093
0.568506
0.554833
0.541077
0.527244
0.513338
0.499364
0.485328
0.471236
0.457094
0.442909
0.428688
0.414439
0.40017
0.38589
0.371608
0.357334
0.343078
0.328851
0.314665
0.300532
0.286464
0.272476
0.258582
0.244796
0.231134
0.217613
0.204251
0.191064
0.178073
0.165295
0.152751
0.14046
0.128445
0.116726
0.105325
0.0942634
0.083563
0.0732459
0.0633343
0.0538499
0.0448147
0.0362502
0.0281771
0.0206163
0.0135882
0.00711286
0.00120946
-0.00410342
-0.008808
-0.0128874
-0.0163259
-0.0191088
-0.0212221
-0.0226372
-0.023372
-0.023409
-0.0227247
-0.0213206
-0.0191908
-0.0163292
-0.0127322
-0.00839894
-0.00333102
0.00247464
0.00901132
0.0162659
0.0242545
0.0329612
0.0423727
0.0524783
0.0632662
0.0747253
0.0868401
0.0995956
0.112969
0.126935
0.141476
0.156572
0.172192
0.188308
0.204886
0.221891
0.239292
0.257073
0.275153
0.293519
0.312126
0.330923
0.349866
0.368911
0.387991
0.40707
0.426087
0.444984
0.463718
0.482227
0.500443
0.518304
0.535759
0.552736
0.569177
0.585042
0.600254
0.614744
0.628452
0.641318
0.65329
0.664314
0.674331
0.683292
0.691144
0.697853
0.703366
0.707648
0.710672
0.712408
0.712833
0.711931
0.709689
0.706102
0.70117
0.694901
0.687305
0.678401
0.668216
0.65678
0.644132
0.630316
0.615386
0.599401
0.582425
0.564539
0.545856
0.526508
0.506569
0.486007
0.464955
0.444184
0.424672
0.405229
0.381271
0.35152
1.44921
1.44885
1.44846
1.44806
1.44765
1.44722
1.44678
1.44633
1.44588
1.44535
1.44486
1.44436
1.44384
1.44332
1.44279
1.44224
1.44169
1.44112
1.44055
1.43996
1.43937
1.43876
1.43815
1.43756
1.43694
1.43588
1.43519
1.43453
1.43386
1.43318
1.43248
1.43177
1.43105
1.43032
1.42959
1.42896
1.42792
1.42709
1.42624
1.42537
1.42448
1.42355
1.4226
1.42161
1.4206
1.41977
1.4185
1.41735
1.4162
1.41499
1.41376
1.41258
1.41125
1.40989
1.4085
1.40707
1.40559
1.4041
1.40254
1.40079
1.39902
1.39718
1.39524
1.39318
1.39098
1.38864
1.38624
1.38358
1.3808
1.3779
1.37477
1.37152
1.36815
1.36461
1.36096
1.35727
1.35327
1.34934
1.34532
1.3412
1.337
1.33271
1.3283
1.32379
1.31916
1.3144
1.30951
1.30449
1.29932
1.29401
1.28856
1.28296
1.27723
1.27136
1.26535
1.25921
1.25294
1.24654
1.24002
1.23338
1.22661
1.21971
1.2127
1.20556
1.19829
1.19091
1.18339
1.17575
1.16799
1.16009
1.15207
1.14392
1.13563
1.12722
1.11867
1.10999
1.10118
1.09223
1.08315
1.07393
1.06458
1.0551
1.04548
1.03572
1.02583
1.0158
1.00564
0.995343
0.98491
0.974341
0.963637
0.952798
0.941823
0.930713
0.919469
0.908089
0.896576
0.884929
0.873148
0.861235
0.84919
0.837013
0.824705
0.812268
0.799702
0.787008
0.774187
0.761242
0.748173
0.734982
0.721672
0.708244
0.694702
0.681047
0.667282
0.653412
0.639439
0.625367
0.6112
0.596944
0.582602
0.56818
0.553684
0.539119
0.524493
0.509812
0.495083
0.480316
0.465517
0.450698
0.435866
0.421034
0.406211
0.39141
0.376643
0.361922
0.347263
0.33268
0.318187
0.303802
0.289541
0.275422
0.261463
0.247684
0.234103
0.220743
0.207623
0.194766
0.182194
0.169929
0.157993
0.146411
0.135205
0.124398
0.114014
0.104075
0.0946041
0.0856248
0.0771592
0.0692285
0.0618529
0.0550523
0.0488454
0.0432511
0.0382873
0.0339707
0.0303171
0.0273409
0.0250557
0.0234737
0.0226056
0.0224629
0.0230653
0.0243922
0.0264601
0.0292867
0.0328584
0.0371829
0.042271
0.0480786
0.0546525
0.061965
0.0700105
0.0787857
0.0882721
0.0984448
0.109325
0.120882
0.133099
0.145956
0.159436
0.173502
0.188143
0.203333
0.219037
0.235236
0.251884
0.268933
0.286386
0.304185
0.322296
0.340677
0.359314
0.378101
0.397065
0.416069
0.435139
0.454179
0.47319
0.49209
0.510839
0.529379
0.547668
0.5656
0.583167
0.600302
0.616943
0.633048
0.648571
0.66348
0.677638
0.691081
0.703717
0.715485
0.72634
0.736249
0.745137
0.752951
0.759675
0.765229
0.769617
0.772751
0.774628
0.775157
0.774355
0.772189
0.768639
0.763693
0.757339
0.749577
0.74041
0.72985
0.717922
0.704664
0.690121
0.674346
0.657396
0.639339
0.62025
0.600213
0.579319
0.557675
0.535372
0.512466
0.489067
0.465552
0.442464
0.419451
0.394347
0.366443
1.54606
1.54395
1.54181
1.53967
1.53752
1.53536
1.53319
1.53102
1.52886
1.52665
1.52446
1.52227
1.52007
1.51788
1.51569
1.51349
1.5113
1.50911
1.50691
1.50473
1.50254
1.50036
1.49819
1.49603
1.49444
1.49227
1.49007
1.48792
1.4858
1.48369
1.48159
1.4795
1.47742
1.47536
1.47331
1.4713
1.46935
1.46703
1.46502
1.46303
1.46104
1.45907
1.45711
1.45518
1.45328
1.45128
1.4493
1.44734
1.44539
1.44343
1.44146
1.43948
1.43747
1.43545
1.4334
1.43132
1.42923
1.42713
1.42511
1.42246
1.42019
1.41789
1.41556
1.41319
1.41081
1.40838
1.40591
1.4034
1.40083
1.39819
1.39544
1.39257
1.39154
1.38636
1.38322
1.37983
1.37569
1.37193
1.36777
1.3637
1.35947
1.35509
1.35054
1.34592
1.34112
1.33615
1.33108
1.32589
1.32058
1.31517
1.30964
1.30401
1.2983
1.29249
1.28659
1.2806
1.27451
1.26832
1.26201
1.2556
1.24906
1.24241
1.23562
1.22871
1.22167
1.2145
1.20719
1.19975
1.19217
1.18446
1.17662
1.16865
1.16054
1.15231
1.14395
1.13545
1.12683
1.11809
1.10921
1.10021
1.09109
1.08183
1.07245
1.06294
1.05331
1.04355
1.03366
1.02364
1.01349
1.00322
0.992812
0.982277
0.971611
0.960815
0.949889
0.938833
0.927646
0.91633
0.904884
0.893309
0.881605
0.869773
0.857815
0.84573
0.833522
0.82119
0.808736
0.796163
0.783472
0.770666
0.757747
0.744718
0.731582
0.718342
0.705002
0.691566
0.678038
0.664423
0.650726
0.636952
0.623106
0.609196
0.595228
0.581209
0.567146
0.553048
0.538923
0.524781
0.510631
0.496483
0.482349
0.46824
0.454167
0.440145
0.426184
0.4123
0.398508
0.384822
0.371258
0.357831
0.34456
0.331461
0.318552
0.305852
0.293378
0.281152
0.269191
0.257516
0.246147
0.235105
0.22441
0.214081
0.204141
0.194607
0.185502
0.176845
0.168655
0.160953
0.15377
0.147092
0.140951
0.135369
0.130359
0.125934
0.12211
0.118899
0.116312
0.11436
0.113053
0.112398
0.112404
0.113076
0.114418
0.116437
0.119136
0.122515
0.126568
0.131299
0.13671
0.142767
0.149488
0.156859
0.164863
0.173489
0.182726
0.192561
0.202994
0.213961
0.225485
0.237523
0.25006
0.263068
0.276532
0.290368
0.304588
0.319155
0.334027
0.34917
0.364551
0.380135
0.395883
0.411763
0.427738
0.443769
0.459799
0.475825
0.49175
0.507572
0.523247
0.53873
0.553994
0.568945
0.583626
0.597966
0.611905
0.625411
0.638428
0.650933
0.662898
0.674298
0.685054
0.695198
0.704645
0.713337
0.721244
0.728343
0.734576
0.739922
0.744319
0.747755
0.750202
0.751587
0.751955
0.75122
0.749334
0.746324
0.742144
0.736786
0.730268
0.722591
0.713757
0.703727
0.692496
0.680113
0.666598
0.651983
0.636318
0.619653
0.602035
0.583506
0.564116
0.543938
0.523061
0.501601
0.479684
0.457431
0.434973
0.412466
0.390236
0.368318
1.64076
1.63695
1.63313
1.62931
1.62548
1.62164
1.6178
1.61396
1.61011
1.60626
1.60242
1.59857
1.59473
1.59089
1.58706
1.58324
1.57942
1.57561
1.57181
1.56802
1.56425
1.5605
1.55675
1.55302
1.54932
1.54589
1.54181
1.53815
1.53453
1.53092
1.52734
1.52379
1.52031
1.51676
1.5133
1.50985
1.50643
1.50303
1.49967
1.49635
1.49306
1.48981
1.48659
1.4836
1.48049
1.47731
1.47421
1.47116
1.46813
1.46514
1.46218
1.45926
1.45637
1.45352
1.45069
1.4479
1.44513
1.44245
1.43966
1.43684
1.43403
1.43124
1.42846
1.42567
1.42286
1.42002
1.41717
1.41434
1.41154
1.40873
1.40576
1.40263
1.3993
1.39608
1.39274
1.38928
1.38588
1.38252
1.37917
1.37575
1.37231
1.36863
1.36498
1.36111
1.35711
1.35298
1.34887
1.34424
1.3397
1.33501
1.33015
1.32511
1.3199
1.31463
1.30914
1.30346
1.2977
1.29182
1.2858
1.27966
1.27341
1.26704
1.26056
1.25402
1.24731
1.24053
1.23365
1.22666
1.21958
1.2124
1.20512
1.19773
1.19023
1.18263
1.17491
1.16709
1.15914
1.15108
1.1429
1.13461
1.12618
1.11764
1.10898
1.10019
1.09128
1.08225
1.07309
1.06382
1.05442
1.0449
1.03526
1.0255
1.01562
1.00553
0.99534
0.985051
0.974656
0.964154
0.953546
0.942831
0.93201
0.921083
0.910052
0.898917
0.88768
0.876342
0.864905
0.853372
0.841743
0.830021
0.81821
0.806311
0.794327
0.782262
0.77012
0.757904
0.745618
0.733268
0.720857
0.708393
0.695879
0.683323
0.670731
0.65811
0.645468
0.632812
0.62015
0.607491
0.594845
0.582221
0.56963
0.557081
0.544585
0.532155
0.519802
0.507538
0.495377
0.483331
0.471414
0.45964
0.448023
0.436577
0.425318
0.41426
0.403418
0.392807
0.382445
0.372346
0.362527
0.353004
0.343794
0.334911
0.326373
0.318195
0.310392
0.302979
0.295971
0.289382
0.283228
0.277517
0.272267
0.267488
0.263191
0.259387
0.256083
0.253286
0.251
0.249231
0.247985
0.247268
0.247084
0.247431
0.248314
0.249735
0.251704
0.25417
0.257173
0.26069
0.264717
0.269259
0.274271
0.279698
0.285611
0.291954
0.298707
0.305852
0.313372
0.321247
0.329454
0.337968
0.346761
0.355806
0.365075
0.374537
0.384158
0.393842
0.403666
0.413552
0.423469
0.433391
0.443297
0.453166
0.46299
0.472694
0.482204
0.49166
0.500965
0.510089
0.519014
0.527728
0.536236
0.544536
0.552609
0.560059
0.567493
0.57464
0.58148
0.587997
0.594184
0.600038
0.605668
0.610757
0.615528
0.619928
0.623847
0.627414
0.630402
0.632972
0.635031
0.636545
0.637477
0.637823
0.637633
0.636708
0.635059
0.632807
0.629761
0.625962
0.621407
0.616064
0.609894
0.602997
0.595321
0.586853
0.577573
0.567543
0.556812
0.545397
0.533343
0.520717
0.507613
0.493995
0.4799
0.465508
0.450825
0.435953
0.421041
0.40609
0.391512
0.376326
1.73149
1.72601
1.72051
1.715
1.70947
1.70392
1.69837
1.69281
1.68723
1.68165
1.67606
1.67047
1.66488
1.65929
1.65369
1.6481
1.64251
1.63693
1.63135
1.62578
1.62022
1.61468
1.60914
1.60364
1.59814
1.59265
1.58724
1.58174
1.57633
1.57095
1.5656
1.56032
1.55504
1.54977
1.54456
1.53938
1.53425
1.52916
1.52412
1.51912
1.51417
1.50927
1.50443
1.49964
1.49498
1.49019
1.48557
1.481
1.4765
1.47206
1.4677
1.46343
1.45925
1.45511
1.45099
1.44694
1.44289
1.43888
1.43497
1.43116
1.42743
1.42376
1.42016
1.41661
1.41312
1.40975
1.40658
1.40353
1.40083
1.39749
1.39394
1.3905
1.38729
1.3841
1.38094
1.37779
1.37467
1.37156
1.36845
1.36533
1.3622
1.35906
1.3559
1.3527
1.34944
1.34613
1.34274
1.33926
1.33567
1.33197
1.32819
1.32431
1.32034
1.3172
1.31202
1.30775
1.30337
1.29888
1.29428
1.28952
1.28473
1.27959
1.27444
1.26915
1.26371
1.25814
1.25243
1.24665
1.24061
1.23453
1.22832
1.222
1.21567
1.20902
1.20239
1.19565
1.18883
1.18191
1.17489
1.16779
1.1606
1.15332
1.14595
1.13849
1.13094
1.1233
1.11556
1.10773
1.09981
1.09179
1.08368
1.07548
1.06719
1.0589
1.05049
1.04197
1.03333
1.02459
1.01574
1.0068
0.997749
0.988604
0.979364
0.97003
0.960604
0.95109
0.94149
0.931806
0.922042
0.9122
0.902283
0.892296
0.882241
0.872122
0.861943
0.851708
0.841422
0.831089
0.820714
0.810303
0.799859
0.789389
0.778899
0.768394
0.757881
0.747367
0.736858
0.726361
0.715883
0.705432
0.695016
0.684643
0.67432
0.664058
0.653864
0.643747
0.633718
0.623785
0.613959
0.604249
0.594663
0.585212
0.575909
0.566765
0.557791
0.548999
0.5404
0.532007
0.523833
0.51588
0.508169
0.50071
0.493514
0.48659
0.479949
0.473601
0.467554
0.461818
0.456391
0.451291
0.446524
0.442095
0.43801
0.434273
0.430888
0.427855
0.425178
0.422869
0.420845
0.419185
0.417862
0.416866
0.416187
0.415817
0.415747
0.415963
0.416452
0.417196
0.41818
0.419402
0.420892
0.422508
0.423952
0.425762
0.427716
0.429765
0.431885
0.434049
0.436252
0.438464
0.440665
0.442833
0.444947
0.44699
0.448958
0.450935
0.452567
0.454126
0.455578
0.456895
0.458064
0.45908
0.459947
0.460686
0.461289
0.461637
0.461899
0.462057
0.462101
0.46203
0.461851
0.461579
0.461267
0.460848
0.460177
0.459618
0.459077
0.458532
0.457979
0.457432
0.45691
0.456455
0.455913
0.455627
0.45525
0.455114
0.454813
0.454614
0.454512
0.454466
0.454458
0.454471
0.45449
0.45455
0.454636
0.454368
0.454228
0.454035
0.453685
0.453156
0.452516
0.451718
0.450456
0.449004
0.447341
0.445387
0.443102
0.440488
0.437536
0.434312
0.430786
0.42661
0.422389
0.417917
0.413203
0.408306
0.403427
0.39826
0.393042
0.387485
1.83621
1.82947
1.8227
1.81589
1.80905
1.80219
1.79529
1.78837
1.78142
1.77445
1.76745
1.76044
1.75341
1.74635
1.73929
1.73221
1.72512
1.71802
1.71092
1.7038
1.69668
1.68956
1.68246
1.67533
1.66822
1.66111
1.65402
1.64695
1.63988
1.63284
1.62581
1.61881
1.61185
1.6049
1.59797
1.59108
1.58423
1.57742
1.57065
1.56392
1.55724
1.55061
1.54403
1.53751
1.53105
1.52464
1.51831
1.51204
1.50585
1.49975
1.49376
1.48821
1.48227
1.47637
1.4706
1.46495
1.45941
1.45396
1.44862
1.44338
1.43825
1.43322
1.42831
1.4235
1.41882
1.4143
1.4104
1.40573
1.40146
1.39732
1.39331
1.38946
1.38575
1.38221
1.37897
1.3752
1.37201
1.36896
1.36604
1.36323
1.36054
1.35795
1.35544
1.35301
1.35064
1.34832
1.34605
1.34382
1.34163
1.33945
1.33729
1.33516
1.33305
1.33103
1.32865
1.3261
1.32347
1.32079
1.31803
1.31515
1.31221
1.30906
1.30582
1.30251
1.29899
1.29537
1.29163
1.28776
1.28377
1.27966
1.27541
1.27105
1.26655
1.2622
1.25742
1.25256
1.24761
1.24248
1.23726
1.23194
1.22651
1.22098
1.21534
1.20959
1.20382
1.19786
1.19182
1.18569
1.17958
1.17313
1.16677
1.16031
1.15376
1.14714
1.14045
1.13366
1.12679
1.1198
1.11276
1.10567
1.09854
1.09134
1.08409
1.07679
1.06942
1.06199
1.05451
1.04697
1.03937
1.03171
1.024
1.01623
1.00841
1.00055
0.992633
0.984675
0.976676
0.968639
0.960568
0.952466
0.944336
0.936183
0.92801
0.919823
0.911626
0.903424
0.895222
0.887027
0.878843
0.870676
0.862531
0.854415
0.846332
0.838291
0.830297
0.822359
0.814479
0.806667
0.79893
0.791278
0.783717
0.776252
0.768888
0.761628
0.754483
0.747456
0.740555
0.733786
0.727162
0.720776
0.714386
0.708136
0.702079
0.696188
0.690458
0.684887
0.679483
0.674282
0.669205
0.664135
0.659319
0.654667
0.650159
0.645785
0.641538
0.637409
0.633395
0.62957
0.625672
0.621776
0.618032
0.614347
0.610686
0.607045
0.603374
0.599691
0.595969
0.59219
0.588335
0.584392
0.580366
0.576552
0.57216
0.567509
0.562859
0.558097
0.553129
0.547956
0.542596
0.537042
0.531284
0.525318
0.519148
0.512773
0.506206
0.499564
0.49263
0.485509
0.478271
0.470902
0.463391
0.455757
0.448031
0.440251
0.432423
0.424506
0.416575
0.408655
0.400762
0.392877
0.385056
0.377329
0.370037
0.362512
0.355022
0.347912
0.341027
0.334372
0.327957
0.321841
0.316119
0.310689
0.305572
0.300991
0.296644
0.292944
0.289615
0.286786
0.284484
0.282704
0.28142
0.280657
0.280445
0.280916
0.281832
0.283096
0.285013
0.287472
0.290352
0.293675
0.297532
0.301798
0.306305
0.311109
0.316255
0.321665
0.327265
0.333007
0.338873
0.344881
0.350927
0.356891
0.362919
0.368927
0.374845
0.380622
0.386259
0.392011
0.39718
0.402949
1.95767
1.95004
1.94236
1.93463
1.92684
1.91901
1.91113
1.9032
1.89523
1.88721
1.87915
1.87105
1.86291
1.85474
1.84653
1.83829
1.83001
1.82171
1.81338
1.80502
1.79664
1.78824
1.77982
1.77139
1.76294
1.75448
1.74601
1.73754
1.72906
1.72059
1.71211
1.70364
1.69518
1.68673
1.67829
1.66987
1.66148
1.6531
1.64475
1.63644
1.62815
1.61991
1.61171
1.60355
1.59544
1.58739
1.57942
1.57149
1.56344
1.55562
1.54789
1.54023
1.53265
1.52516
1.51776
1.51046
1.50326
1.49617
1.48918
1.48232
1.47557
1.46896
1.46247
1.45613
1.44992
1.44387
1.43797
1.43223
1.42667
1.42129
1.41608
1.41108
1.40627
1.40165
1.39721
1.39298
1.38893
1.3851
1.38154
1.3782
1.37509
1.37223
1.36959
1.36719
1.36505
1.36314
1.36142
1.35989
1.35849
1.35729
1.3563
1.35546
1.35476
1.35415
1.35366
1.35331
1.35301
1.3528
1.35262
1.35246
1.35229
1.35211
1.35188
1.35159
1.35119
1.35069
1.35007
1.3493
1.3483
1.34672
1.34533
1.34379
1.34206
1.34014
1.33808
1.33586
1.33341
1.33045
1.32764
1.32469
1.3216
1.31836
1.31497
1.31145
1.30778
1.30401
1.30004
1.29599
1.29183
1.28751
1.28401
1.27911
1.27414
1.26969
1.2649
1.26
1.25547
1.2506
1.24562
1.2406
1.23544
1.23021
1.22492
1.21958
1.2142
1.20879
1.20334
1.19786
1.19233
1.18678
1.18119
1.17558
1.16993
1.16427
1.15858
1.15287
1.14714
1.14138
1.13562
1.12984
1.12405
1.11826
1.11246
1.10665
1.10085
1.09506
1.08924
1.08342
1.07763
1.07185
1.06609
1.06034
1.0546
1.04888
1.04319
1.03752
1.03189
1.02628
1.02058
1.01499
1.00943
1.00387
0.99849
0.992904
0.987374
0.981902
0.976453
0.971014
0.965585
0.960188
0.955431
0.949676
0.944095
0.93859
0.9331
0.927579
0.922013
0.916418
0.911062
0.905155
0.899244
0.893294
0.88726
0.881105
0.874815
0.868382
0.861794
0.855051
0.848164
0.840984
0.833638
0.826128
0.818332
0.810337
0.802089
0.793593
0.784836
0.775808
0.766512
0.756929
0.74709
0.737248
0.726794
0.716132
0.705235
0.694086
0.682621
0.670889
0.658921
0.64673
0.634305
0.621658
0.608816
0.595808
0.582746
0.569488
0.556113
0.542661
0.52912
0.515487
0.501834
0.488199
0.474587
0.460988
0.447433
0.433942
0.420515
0.407192
0.394006
0.380981
0.368217
0.355543
0.343106
0.330954
0.319072
0.307503
0.296266
0.285378
0.274895
0.264844
0.255219
0.246134
0.237589
0.229492
0.222055
0.215242
0.209034
0.203611
0.198929
0.194943
0.191732
0.189346
0.187735
0.18679
0.186949
0.187973
0.189832
0.192531
0.196129
0.200578
0.205702
0.21182
0.218795
0.226519
0.234933
0.244005
0.253728
0.26414
0.275259
0.286804
0.298768
0.311185
0.32397
0.337029
0.350329
0.363864
0.377678
0.391365
0.40471
0.419188
2.09958
2.09152
2.0834
2.07521
2.06696
2.05863
2.05025
2.0418
2.03328
2.02471
2.01607
2.00738
1.99863
1.98982
1.98096
1.97205
1.96309
1.95408
1.94502
1.93592
1.92677
1.91759
1.90837
1.89911
1.88982
1.88049
1.87114
1.86176
1.85236
1.84294
1.83349
1.82404
1.81457
1.80509
1.79561
1.78612
1.77663
1.76715
1.75767
1.74821
1.73876
1.72932
1.71991
1.71053
1.70118
1.69186
1.68258
1.67334
1.66415
1.65501
1.64593
1.63692
1.62797
1.6191
1.61031
1.6016
1.59298
1.58446
1.57604
1.56773
1.55954
1.55152
1.54357
1.53577
1.52815
1.52057
1.51324
1.50609
1.49916
1.49235
1.48575
1.47931
1.47302
1.46697
1.46119
1.45566
1.45037
1.44534
1.44057
1.43612
1.43198
1.42827
1.42465
1.42124
1.41815
1.41548
1.41307
1.41103
1.40951
1.40774
1.40664
1.40584
1.40539
1.40532
1.40564
1.40624
1.40703
1.40805
1.4093
1.41071
1.41223
1.4144
1.41641
1.41804
1.42007
1.42229
1.42459
1.42693
1.42929
1.43165
1.434
1.43635
1.4386
1.44063
1.44273
1.44443
1.4461
1.44767
1.44908
1.45031
1.45135
1.45219
1.45281
1.45322
1.45341
1.45338
1.45314
1.4527
1.45204
1.45131
1.45044
1.44922
1.44774
1.44595
1.44401
1.44204
1.43983
1.43753
1.43514
1.43281
1.43081
1.42803
1.42498
1.42188
1.4188
1.41566
1.41241
1.40913
1.40571
1.40226
1.39874
1.39516
1.39153
1.38784
1.38411
1.38034
1.37686
1.37281
1.3689
1.36498
1.36104
1.35708
1.35308
1.34906
1.34503
1.34115
1.33703
1.33251
1.32835
1.32422
1.32003
1.31587
1.31153
1.3072
1.30281
1.29836
1.29386
1.28969
1.28463
1.28005
1.27519
1.27026
1.26555
1.26014
1.25487
1.2495
1.24398
1.2383
1.23245
1.22643
1.22027
1.21393
1.20724
1.20046
1.19348
1.18627
1.17875
1.17104
1.16323
1.15498
1.14649
1.13774
1.12869
1.11932
1.10964
1.09964
1.08934
1.07882
1.0679
1.0566
1.0451
1.03321
1.02098
1.00844
0.995541
0.982282
0.968746
0.954918
0.940791
0.926481
0.911761
0.896771
0.8816
0.866171
0.850468
0.834502
0.818348
0.80197
0.785416
0.768717
0.751839
0.734843
0.7178
0.700616
0.683385
0.666132
0.648844
0.631516
0.614174
0.596975
0.579721
0.56254
0.545463
0.528476
0.511579
0.49479
0.478196
0.461727
0.445448
0.429393
0.413561
0.397985
0.382672
0.36764
0.352969
0.338618
0.324682
0.311126
0.298023
0.285384
0.273215
0.261632
0.250576
0.240119
0.230345
0.221236
0.212751
0.205086
0.198195
0.192097
0.186846
0.182554
0.17904
0.176534
0.175018
0.174483
0.174941
0.176399
0.178887
0.182446
0.187013
0.19259
0.199258
0.206886
0.215476
0.225017
0.235436
0.246618
0.258844
0.27199
0.285954
0.300623
0.316029
0.331994
0.348374
0.365392
0.38289
0.40081
0.418963
0.437429
2.25706
2.24898
2.24083
2.2326
2.22428
2.21589
2.20742
2.19888
2.19026
2.18157
2.1728
2.16396
2.15505
2.14607
2.13702
2.12791
2.11873
2.10949
2.10018
2.09082
2.08139
2.07191
2.06238
2.05279
2.04315
2.03346
2.02372
2.01394
2.00412
1.99426
1.98436
1.97443
1.96447
1.95448
1.94447
1.93443
1.92437
1.9143
1.90422
1.89413
1.88403
1.87393
1.86383
1.85374
1.84366
1.83359
1.82354
1.81352
1.80352
1.79356
1.78363
1.77374
1.76391
1.75412
1.74439
1.73473
1.72514
1.71562
1.70619
1.69686
1.68761
1.67831
1.66945
1.66042
1.65165
1.64361
1.6351
1.62663
1.61838
1.61031
1.60242
1.59471
1.5872
1.57989
1.5728
1.56592
1.55926
1.55286
1.54671
1.54082
1.53521
1.5299
1.52532
1.52057
1.51603
1.51188
1.50809
1.50463
1.50151
1.49879
1.49652
1.49506
1.49337
1.49188
1.49083
1.49023
1.49005
1.49024
1.49084
1.49164
1.4929
1.49448
1.49639
1.49873
1.50125
1.50403
1.50712
1.51036
1.51413
1.51822
1.52232
1.52637
1.5305
1.53482
1.53908
1.54311
1.54723
1.55155
1.55592
1.56025
1.56453
1.56872
1.57286
1.57695
1.58092
1.58466
1.58822
1.59205
1.59519
1.59829
1.60094
1.60392
1.60645
1.60881
1.61122
1.61343
1.61517
1.61646
1.61767
1.61885
1.62004
1.62106
1.62185
1.62241
1.62277
1.62304
1.62291
1.62266
1.6223
1.62172
1.621
1.62007
1.61899
1.61775
1.61635
1.6148
1.61311
1.61125
1.60916
1.60695
1.60463
1.60205
1.59935
1.59654
1.59364
1.59079
1.58766
1.58404
1.58053
1.57687
1.57302
1.569
1.5647
1.56028
1.55563
1.55071
1.54561
1.54063
1.53506
1.52933
1.52349
1.5174
1.51094
1.50433
1.49748
1.49036
1.48291
1.47517
1.46715
1.45891
1.45057
1.44156
1.43251
1.42315
1.41346
1.40338
1.39301
1.38251
1.37136
1.36014
1.34859
1.33669
1.32444
1.31186
1.29894
1.2857
1.27209
1.25825
1.24412
1.2297
1.21498
1.19993
1.18469
1.16909
1.1532
1.13712
1.12074
1.10413
1.0873
1.07023
1.05295
1.03546
1.01779
0.999907
0.98185
0.963602
0.945207
0.926689
0.908049
0.889306
0.870485
0.851561
0.832603
0.813581
0.794516
0.77545
0.756366
0.73727
0.71822
0.699194
0.680226
0.66135
0.642556
0.623855
0.605261
0.586799
0.568498
0.550388
0.532479
0.514783
0.497315
0.480098
0.463143
0.446509
0.43023
0.414245
0.3987
0.38356
0.368858
0.354632
0.340909
0.327705
0.315077
0.303013
0.291593
0.280853
0.270819
0.261515
0.252969
0.245198
0.238272
0.232227
0.227094
0.222915
0.219681
0.217415
0.21618
0.215969
0.216799
0.218705
0.22171
0.225785
0.230906
0.237102
0.24434
0.252619
0.261936
0.272305
0.283669
0.295992
0.309279
0.323442
0.338424
0.354173
0.370607
0.387581
0.404783
0.422208
0.440751
0.46046
2.42401
2.41627
2.40844
2.40053
2.39254
2.38446
2.37629
2.36804
2.3597
2.35129
2.34279
2.33421
2.32554
2.3168
2.30798
2.29909
2.29011
2.28106
2.27194
2.26275
2.25348
2.24414
2.23474
2.22527
2.21573
2.20613
2.19647
2.18676
2.17698
2.16715
2.15727
2.14734
2.13736
2.12733
2.11726
2.10716
2.09701
2.08684
2.07663
2.0664
2.05614
2.04586
2.03556
2.02525
2.01493
2.00461
1.99428
1.98395
1.97363
1.96333
1.95303
1.94276
1.93251
1.92229
1.91211
1.90196
1.89186
1.88182
1.87191
1.86192
1.85204
1.84225
1.83255
1.82293
1.8134
1.80397
1.79466
1.78545
1.77637
1.76742
1.7586
1.74993
1.74146
1.73311
1.72492
1.71691
1.70909
1.70147
1.69406
1.68686
1.6799
1.67321
1.66659
1.66034
1.65435
1.64862
1.64317
1.638
1.63312
1.62854
1.62431
1.62044
1.6175
1.61272
1.60979
1.60713
1.60503
1.60301
1.60158
1.60031
1.59939
1.59903
1.59879
1.59885
1.59923
1.59998
1.60105
1.60242
1.60409
1.6061
1.60855
1.61215
1.61356
1.61657
1.61986
1.62335
1.62708
1.63116
1.63521
1.63935
1.64359
1.64797
1.65234
1.65698
1.66235
1.66671
1.67118
1.67579
1.68039
1.68496
1.6895
1.69395
1.69828
1.70249
1.70661
1.71076
1.71493
1.7195
1.72204
1.72555
1.72901
1.7324
1.7354
1.73832
1.74105
1.74352
1.74572
1.74772
1.7495
1.75104
1.75235
1.75343
1.75425
1.75485
1.75523
1.75539
1.75538
1.755
1.75444
1.75351
1.75238
1.75101
1.74941
1.74755
1.74501
1.7427
1.74027
1.73761
1.73464
1.73139
1.72782
1.72393
1.71973
1.71528
1.71047
1.70533
1.69992
1.69439
1.68845
1.68227
1.67584
1.66909
1.66203
1.65465
1.64694
1.63886
1.63044
1.62193
1.61288
1.60356
1.59399
1.5841
1.5739
1.56337
1.55251
1.54132
1.52983
1.51813
1.50599
1.49366
1.48102
1.46808
1.45484
1.44131
1.42748
1.41337
1.39901
1.38438
1.36946
1.35435
1.33899
1.32338
1.30753
1.29141
1.27506
1.25848
1.2417
1.2247
1.20749
1.19006
1.17242
1.15461
1.13658
1.1184
1.10003
1.0815
1.06281
1.04399
1.02505
1.00596
0.986783
0.967503
0.948137
0.928702
0.909206
0.889656
0.870063
0.850445
0.830828
0.811234
0.791673
0.772156
0.7527
0.733323
0.714046
0.69489
0.675877
0.657025
0.638357
0.619895
0.601655
0.583657
0.565925
0.548492
0.531386
0.514628
0.498238
0.482242
0.466669
0.451545
0.4369
0.422766
0.409181
0.396178
0.383783
0.372021
0.360924
0.350527
0.340867
0.331977
0.323886
0.316616
0.310209
0.30469
0.300094
0.296448
0.293769
0.292083
0.291385
0.291705
0.293059
0.295461
0.298912
0.303394
0.308883
0.31536
0.322819
0.331263
0.340686
0.351057
0.362313
0.374377
0.387191
0.40073
0.41493
0.429479
0.443944
0.458775
0.475807
0.495242
2.59115
2.58399
2.57675
2.56942
2.562
2.55448
2.54688
2.53919
2.53141
2.52355
2.51559
2.50755
2.49942
2.4912
2.4829
2.47451
2.46603
2.45748
2.44884
2.44012
2.43131
2.42243
2.41347
2.40443
2.39532
2.38613
2.37687
2.36753
2.35813
2.34866
2.33912
2.32952
2.31986
2.31014
2.30036
2.29052
2.28063
2.27069
2.26071
2.25068
2.2406
2.23049
2.22034
2.21016
2.19995
2.18971
2.17945
2.16917
2.15888
2.14857
2.13825
2.12794
2.11762
2.10731
2.097
2.08671
2.07644
2.06619
2.05597
2.04578
2.03563
2.02553
2.01547
2.00547
1.99552
1.98565
1.97584
1.96612
1.95647
1.94692
1.93752
1.92816
1.9189
1.90977
1.90077
1.8919
1.88316
1.87457
1.86613
1.85785
1.84974
1.8418
1.83404
1.82647
1.8191
1.81193
1.80497
1.79822
1.7917
1.78541
1.77937
1.77363
1.76861
1.76216
1.75711
1.75235
1.74785
1.74363
1.73969
1.73603
1.73265
1.72955
1.72674
1.72422
1.72198
1.72003
1.71835
1.71696
1.71584
1.71499
1.71441
1.7141
1.71404
1.7143
1.71483
1.71556
1.71632
1.71736
1.71868
1.72024
1.722
1.72392
1.72601
1.72825
1.73065
1.7332
1.73585
1.73863
1.74145
1.74434
1.74727
1.75025
1.75326
1.75626
1.75925
1.76229
1.76546
1.76996
1.77177
1.77471
1.77765
1.78055
1.78333
1.786
1.78855
1.79097
1.79326
1.79539
1.79736
1.79916
1.80079
1.80224
1.80355
1.80475
1.80561
1.80627
1.80676
1.80703
1.80706
1.80683
1.80634
1.80564
1.80473
1.80366
1.80282
1.80088
1.79911
1.79708
1.79475
1.79212
1.7892
1.78599
1.78248
1.77867
1.77452
1.77006
1.76531
1.7604
1.75518
1.74967
1.74388
1.73777
1.73134
1.7246
1.71755
1.71022
1.70254
1.69461
1.68644
1.67797
1.66921
1.66014
1.65078
1.64112
1.63116
1.62091
1.61036
1.59956
1.58848
1.57711
1.56546
1.55353
1.5413
1.52879
1.51599
1.5029
1.48954
1.47594
1.46208
1.44794
1.43354
1.41886
1.40391
1.3887
1.37322
1.3575
1.34153
1.32533
1.30888
1.2922
1.2753
1.25818
1.24084
1.2233
1.20556
1.18762
1.1695
1.15122
1.13279
1.11422
1.09552
1.07669
1.05775
1.03871
1.01959
1.00041
0.981166
0.961887
0.942585
0.923277
0.903979
0.884707
0.86548
0.846314
0.827226
0.808234
0.789358
0.770618
0.752032
0.733623
0.715408
0.69741
0.679651
0.662153
0.644943
0.628045
0.611484
0.595287
0.57948
0.564092
0.549151
0.534683
0.520719
0.507286
0.494415
0.482135
0.470475
0.459463
0.44913
0.439508
0.430626
0.422513
0.415192
0.408689
0.40303
0.39824
0.394344
0.391362
0.389308
0.388192
0.388016
0.388786
0.390504
0.393167
0.396766
0.401286
0.406707
0.413007
0.420164
0.428141
0.436879
0.446299
0.456351
0.467043
0.478281
0.489596
0.500422
0.511465
0.525309
0.542575
2.75061
2.74417
2.73765
2.73103
2.72432
2.71752
2.71063
2.70365
2.69658
2.68941
2.68216
2.67481
2.66737
2.65985
2.65223
2.64452
2.63672
2.62884
2.62086
2.6128
2.60465
2.59641
2.58809
2.57968
2.57119
2.56261
2.55396
2.54522
2.5364
2.52751
2.51854
2.50949
2.50037
2.49117
2.48191
2.47258
2.46318
2.45372
2.44419
2.4346
2.42496
2.41526
2.40551
2.39571
2.38585
2.37596
2.36602
2.35604
2.34603
2.33599
2.32591
2.31581
2.30569
2.29554
2.28538
2.27521
2.26504
2.25486
2.24468
2.2345
2.22434
2.21419
2.20405
2.19394
2.18386
2.17381
2.16379
2.15382
2.1439
2.13402
2.12421
2.11446
2.10477
2.09517
2.08564
2.07619
2.06684
2.05758
2.04843
2.03939
2.03045
2.02164
2.01296
2.0044
1.99599
1.98771
1.97959
1.97162
1.96381
1.95617
1.94869
1.9414
1.93429
1.92737
1.92064
1.91411
1.90778
1.90166
1.89575
1.89006
1.88458
1.87932
1.87428
1.86947
1.86489
1.86053
1.8564
1.8525
1.84882
1.84538
1.84216
1.83917
1.8364
1.83387
1.83154
1.82943
1.82754
1.82595
1.82449
1.82321
1.82213
1.82124
1.82052
1.81998
1.8196
1.81937
1.81928
1.81934
1.81952
1.81982
1.82024
1.82075
1.82135
1.82204
1.82279
1.82364
1.82466
1.82542
1.82647
1.82755
1.82863
1.8297
1.83076
1.83178
1.83277
1.83372
1.83462
1.83545
1.83621
1.83691
1.8375
1.838
1.83841
1.83873
1.83896
1.83907
1.83903
1.83884
1.83849
1.83797
1.83728
1.83641
1.83537
1.83416
1.83281
1.83132
1.82963
1.82774
1.82564
1.82332
1.82077
1.818
1.815
1.81176
1.80829
1.80458
1.80062
1.79644
1.79202
1.78736
1.78244
1.77726
1.77181
1.7661
1.76012
1.75387
1.74736
1.74058
1.73352
1.72617
1.71855
1.71065
1.70247
1.694
1.68525
1.67621
1.66688
1.65728
1.64739
1.63722
1.62676
1.61602
1.60499
1.59368
1.58209
1.57021
1.55806
1.54563
1.53294
1.51998
1.50676
1.49328
1.47955
1.46555
1.45131
1.43682
1.42209
1.40712
1.39192
1.37649
1.36084
1.34497
1.3289
1.31262
1.29615
1.2795
1.26267
1.24567
1.22851
1.21121
1.19377
1.1762
1.15851
1.14072
1.12283
1.10486
1.08681
1.06871
1.05056
1.03238
1.01418
0.995975
0.977785
0.959624
0.941509
0.923455
0.905481
0.887605
0.869846
0.852222
0.834755
0.817463
0.800369
0.783494
0.76686
0.750491
0.73441
0.718641
0.70321
0.688141
0.673462
0.659198
0.645376
0.632023
0.619166
0.606829
0.595041
0.583826
0.573212
0.563225
0.55389
0.545232
0.537275
0.530042
0.523554
0.517829
0.512884
0.508733
0.505388
0.502858
0.501147
0.500256
0.500182
0.500915
0.502443
0.504746
0.5078
0.511574
0.516036
0.521141
0.526823
0.533006
0.539661
0.546832
0.554455
0.562049
0.569016
0.576129
0.586251
0.600385
2.89496
2.88921
2.88338
2.87746
2.87146
2.86536
2.85917
2.85289
2.84653
2.84007
2.83352
2.82688
2.82014
2.81332
2.80641
2.7994
2.79231
2.78512
2.77784
2.77048
2.76302
2.75548
2.74784
2.74012
2.73231
2.72441
2.71642
2.70835
2.7002
2.69196
2.68363
2.67523
2.66674
2.65818
2.64953
2.64081
2.63201
2.62314
2.6142
2.60518
2.5961
2.58694
2.57772
2.56844
2.5591
2.54969
2.54023
2.53072
2.52115
2.51153
2.50187
2.49216
2.48241
2.47262
2.46279
2.45294
2.44305
2.43313
2.4232
2.41324
2.40327
2.39328
2.38329
2.37329
2.36329
2.35329
2.3433
2.33332
2.32335
2.31341
2.30348
2.29359
2.28373
2.2739
2.26412
2.25438
2.24469
2.23506
2.22549
2.21598
2.20655
2.19718
2.1879
2.1787
2.16959
2.16057
2.15166
2.14284
2.13413
2.12554
2.11706
2.10871
2.10048
2.09238
2.08442
2.0766
2.06892
2.06139
2.05401
2.04678
2.03971
2.03281
2.02607
2.01949
2.01309
2.00685
2.0008
1.99491
1.9892
1.98368
1.97833
1.97315
1.96816
1.96335
1.95872
1.95427
1.94999
1.94589
1.94197
1.93821
1.93463
1.93122
1.92796
1.92487
1.92194
1.91916
1.91652
1.91403
1.91168
1.90946
1.90736
1.90539
1.90354
1.9018
1.90016
1.89862
1.89717
1.89582
1.89454
1.89333
1.89218
1.89108
1.89002
1.88901
1.88802
1.88706
1.88611
1.88517
1.88422
1.88327
1.8823
1.88131
1.88028
1.87921
1.8781
1.87693
1.87569
1.87439
1.873
1.87153
1.86997
1.86831
1.86654
1.86466
1.86267
1.86054
1.85829
1.8559
1.85336
1.85068
1.84783
1.84483
1.84165
1.8383
1.83478
1.83106
1.82716
1.82307
1.81878
1.8143
1.8096
1.8047
1.79959
1.79426
1.78871
1.78294
1.77694
1.77072
1.76427
1.75758
1.75067
1.74352
1.73613
1.7285
1.72063
1.71251
1.70416
1.69556
1.68672
1.67764
1.66831
1.65874
1.64893
1.63887
1.62857
1.61802
1.60723
1.59621
1.58494
1.57343
1.56169
1.54972
1.53751
1.52507
1.5124
1.4995
1.48639
1.47305
1.4595
1.44574
1.43178
1.41761
1.40325
1.3887
1.37396
1.35905
1.34396
1.32872
1.31331
1.29776
1.28207
1.26625
1.2503
1.23424
1.21808
1.20182
1.18548
1.16907
1.1526
1.13608
1.11952
1.10295
1.08636
1.06978
1.05322
1.03669
1.02021
1.00379
0.987462
0.97123
0.955114
0.939134
0.923307
0.907653
0.892191
0.876943
0.861928
0.847168
0.832685
0.818501
0.804638
0.791119
0.777967
0.765204
0.752853
0.740938
0.72948
0.718501
0.708023
0.698067
0.688655
0.679805
0.671535
0.663864
0.656807
0.650376
0.644583
0.639437
0.634945
0.631109
0.62793
0.625408
0.623537
0.622308
0.621709
0.621721
0.622322
0.623486
0.625184
0.627379
0.63001
0.633009
0.636354
0.640103
0.644208
0.648217
0.65153
0.654851
0.661012
0.671397
3.01764
3.01247
3.00722
3.00189
2.99647
2.99096
2.98537
2.97969
2.97392
2.96806
2.96212
2.95609
2.94997
2.94376
2.93747
2.93108
2.92461
2.91805
2.9114
2.90466
2.89783
2.89092
2.88392
2.87683
2.86965
2.86238
2.85503
2.8476
2.84007
2.83247
2.82477
2.817
2.80914
2.8012
2.79318
2.78508
2.77689
2.76864
2.7603
2.75189
2.7434
2.73484
2.7262
2.7175
2.70873
2.69989
2.69098
2.68201
2.67298
2.66388
2.65473
2.64553
2.63626
2.62695
2.61759
2.60818
2.59872
2.58922
2.57968
2.57011
2.5605
2.55086
2.54119
2.53149
2.52177
2.51203
2.50228
2.49251
2.48273
2.47294
2.46316
2.45337
2.44358
2.4338
2.42404
2.41428
2.40455
2.39484
2.38515
2.37549
2.36587
2.35628
2.34674
2.33724
2.32779
2.31839
2.30905
2.29977
2.29055
2.28141
2.27233
2.26334
2.25442
2.24559
2.23684
2.22819
2.21963
2.21117
2.20281
2.19456
2.18641
2.17838
2.17046
2.16265
2.15497
2.14741
2.13997
2.13266
2.12548
2.11843
2.11151
2.10473
2.09808
2.09157
2.08519
2.07896
2.07286
2.06689
2.06107
2.05538
2.04983
2.04442
2.03914
2.034
2.02898
2.0241
2.01935
2.01472
2.01022
2.00584
2.00158
1.99743
1.99339
1.98946
1.98564
1.98192
1.9783
1.97477
1.97132
1.96796
1.96468
1.96147
1.95833
1.95526
1.95223
1.94927
1.94634
1.94346
1.94061
1.93779
1.93499
1.93221
1.92944
1.92668
1.92391
1.92114
1.91835
1.91555
1.91271
1.90985
1.90695
1.904
1.90101
1.89796
1.89485
1.89167
1.88842
1.8851
1.88169
1.87819
1.8746
1.87091
1.86712
1.86321
1.85919
1.85506
1.85079
1.8464
1.84188
1.83722
1.83241
1.82746
1.82236
1.8171
1.81169
1.80611
1.80037
1.79445
1.78836
1.7821
1.77565
1.76902
1.76221
1.75521
1.74802
1.74064
1.73306
1.72529
1.71732
1.70915
1.70079
1.69222
1.68344
1.67447
1.66529
1.65591
1.64633
1.63655
1.62656
1.61637
1.60599
1.5954
1.58462
1.57365
1.56248
1.55112
1.53958
1.52785
1.51595
1.50387
1.49161
1.47919
1.4666
1.45386
1.44096
1.42791
1.41471
1.40138
1.38792
1.37433
1.36062
1.3468
1.33287
1.31884
1.30472
1.29052
1.27624
1.2619
1.24749
1.23304
1.21856
1.20404
1.18951
1.17496
1.16043
1.14591
1.13142
1.11697
1.10257
1.08824
1.074
1.05985
1.04581
1.0319
1.01813
1.00452
0.991088
0.977845
0.96481
0.952001
0.939435
0.92713
0.915102
0.90337
0.89195
0.88086
0.870117
0.859737
0.849738
0.840134
0.830942
0.822176
0.813849
0.805974
0.79856
0.791617
0.785152
0.779171
0.773677
0.768674
0.764161
0.760136
0.756593
0.753524
0.750917
0.748758
0.747025
0.745696
0.744748
0.74415
0.743856
0.74381
0.743999
0.744473
0.745213
0.745861
0.745894
0.745799
0.747899
0.753726
3.11371
3.10883
3.10389
3.09886
3.09376
3.08858
3.08332
3.07798
3.07256
3.06707
3.06149
3.05583
3.0501
3.04428
3.03838
3.03241
3.02635
3.02021
3.01398
3.00768
3.0013
2.99483
2.98829
2.98166
2.97495
2.96816
2.9613
2.95435
2.94732
2.94021
2.93302
2.92576
2.91841
2.91099
2.90349
2.89591
2.88826
2.88053
2.87273
2.86485
2.85691
2.84888
2.84079
2.83263
2.8244
2.8161
2.80774
2.7993
2.79081
2.78225
2.77363
2.76495
2.75621
2.74742
2.73857
2.72967
2.72071
2.71171
2.70265
2.69356
2.68441
2.67523
2.666
2.65674
2.64744
2.63811
2.62875
2.61936
2.60995
2.60051
2.59105
2.58157
2.57208
2.56258
2.55306
2.54354
2.53401
2.52449
2.51496
2.50544
2.49593
2.48643
2.47694
2.46747
2.45802
2.44859
2.43919
2.42982
2.42048
2.41117
2.40191
2.39268
2.38351
2.37438
2.3653
2.35627
2.3473
2.3384
2.32955
2.32077
2.31206
2.30343
2.29486
2.28637
2.27796
2.26964
2.2614
2.25324
2.24517
2.23719
2.22931
2.22151
2.21382
2.20622
2.19872
2.19132
2.18402
2.17682
2.16973
2.16273
2.15585
2.14906
2.14238
2.13581
2.12933
2.12297
2.1167
2.11054
2.10448
2.09852
2.09265
2.08689
2.08122
2.07565
2.07017
2.06478
2.05948
2.05426
2.04913
2.04408
2.0391
2.0342
2.02937
2.02461
2.01991
2.01528
2.0107
2.00618
2.0017
1.99727
1.99288
1.98853
1.98421
1.97992
1.97565
1.9714
1.96717
1.96295
1.95873
1.95451
1.95029
1.94606
1.94182
1.93756
1.93327
1.92896
1.92462
1.92024
1.91581
1.91134
1.90683
1.90225
1.89762
1.89292
1.88816
1.88332
1.87841
1.87341
1.86833
1.86317
1.85791
1.85255
1.84709
1.84153
1.83587
1.83009
1.8242
1.81819
1.81206
1.80581
1.79943
1.79293
1.7863
1.77953
1.77263
1.7656
1.75843
1.75111
1.74366
1.73607
1.72833
1.72045
1.71242
1.70424
1.69592
1.68746
1.67884
1.67008
1.66118
1.65212
1.64293
1.63358
1.6241
1.61447
1.6047
1.5948
1.58476
1.57458
1.56427
1.55384
1.54328
1.53259
1.52178
1.51086
1.49983
1.48868
1.47743
1.46608
1.45463
1.44309
1.43146
1.41975
1.40795
1.39609
1.38416
1.37216
1.36011
1.34801
1.33587
1.32369
1.31148
1.29925
1.287
1.27474
1.26249
1.25025
1.23802
1.22582
1.21366
1.20154
1.18948
1.17748
1.16556
1.15372
1.14198
1.13034
1.11883
1.10744
1.09619
1.08509
1.07416
1.0634
1.05282
1.04244
1.03227
1.02232
1.0126
1.00312
0.99389
0.984925
0.976232
0.96782
0.959699
0.951874
0.944354
0.937142
0.930243
0.923661
0.917398
0.911455
0.905832
0.900527
0.895536
0.890853
0.886469
0.882374
0.878552
0.874987
0.871664
0.868562
0.865651
0.862894
0.860272
0.857812
0.855518
0.853197
0.850481
0.847508
0.845638
0.846296
)
;

boundaryField
{
    Inlet
    {
        type            fixedFluxPressure;
        gradient        nonuniform 0();
        value           nonuniform 0();
    }
    BotOutlet1
    {
        type            totalPressure;
        rho             rho;
        psi             none;
        gamma           1;
        p0              uniform 0;
        value           uniform 0;
    }
    BotOutlet2
    {
        type            totalPressure;
        rho             rho;
        psi             none;
        gamma           1;
        p0              uniform 0;
        value           uniform 0;
    }
    TopInlet
    {
        type            fixedFluxPressure;
        gradient        nonuniform 0();
        value           nonuniform 0();
    }
    FreeStream
    {
        type            fixedFluxPressure;
        gradient        nonuniform List<scalar> 
20
(
-15.5737
-64.746
-115.026
-174.41
-255.653
-342.477
-394.657
-370.805
-237.511
-85.4832
81.1509
223.258
312.433
309.205
262.663
207.542
154.157
104.46
54.8581
5.54559
)
;
        value           nonuniform List<scalar> 
20
(
0.0374035
0.124901
0.19588
0.262206
0.310018
0.34234
0.355864
0.358378
0.36996
0.385194
0.405124
0.425172
0.445804
0.468749
0.502283
0.548139
0.604518
0.674197
0.755196
0.846445
)
;
    }
    FrontNBack
    {
        type            empty;
    }
    LeftSide
    {
        type            zeroGradient;
    }
    procBoundary0to1
    {
        type            processor;
        value           nonuniform List<scalar> 
400
(
38.4175
38.378
38.3451
38.3247
38.315
38.3143
38.3227
38.3399
38.3661
38.4009
38.4444
38.4962
38.5567
38.6248
38.7018
38.7861
38.8796
38.9807
39.0932
39.2182
39.2697
39.2847
39.3694
39.7888
40.3744
41.1308
37.8336
22.7909
9.11896
8.4831
9.01243
9.32072
6.06131
5.9403
5.83849
5.38895
4.07396
3.70703
3.75994
3.9183
4.51721
4.01771
3.912
4.31797
3.59957
3.40839
3.37644
3.37835
3.38679
3.3947
3.39699
3.39594
3.39878
3.40195
3.4013
3.39944
3.39609
3.3953
3.39381
3.39219
3.39098
3.38885
3.38718
3.38528
3.38317
3.38085
3.37833
3.37562
3.37273
3.36964
3.36636
3.36289
3.35921
3.35533
3.35125
3.34697
3.34248
3.33778
3.33288
3.32778
3.32247
3.31696
3.31124
3.30533
3.29921
3.2929
3.2864
3.2797
3.27281
3.26573
3.25846
3.25102
3.24339
3.23559
3.22761
3.21947
3.21116
3.20267
3.194
3.18521
3.17842
3.17366
3.16882
3.16392
3.15895
3.15391
3.14879
3.14361
3.13835
3.13303
3.12763
3.12216
3.11662
3.11101
3.10533
3.09957
3.09374
3.08784
3.08187
3.07582
3.0697
3.06351
3.05725
3.05092
3.04451
3.03803
3.03148
3.02485
3.01816
3.01139
3.00456
2.99765
2.99067
2.98362
2.97651
2.96932
2.96206
2.95474
2.94735
2.93989
2.93237
2.92478
2.91712
2.9094
2.90162
2.89377
2.88586
2.8779
2.86987
2.86178
2.85363
2.84543
2.83717
2.82886
2.82049
2.81207
2.8036
2.79508
2.78651
2.77789
2.76923
2.76052
2.75177
2.74298
2.73415
2.72529
2.71639
2.70745
2.69848
2.68948
2.68046
2.6714
2.66233
2.65323
2.64411
2.63497
2.62581
2.61665
2.60747
2.59828
2.58908
2.57988
2.57068
2.56147
2.55227
2.54307
2.53388
2.5247
2.51553
2.50638
2.49724
2.48812
2.47902
2.46994
2.46089
2.45187
2.44288
2.43393
2.425
2.41612
2.40728
2.39848
2.38972
2.38101
2.37235
2.36374
2.35518
2.34668
2.33823
2.32985
2.32152
2.31325
2.30505
2.29692
2.28885
2.28084
2.27291
2.26505
2.25726
2.24954
2.2419
2.23433
2.22683
2.21941
2.21206
2.2048
2.1976
2.19049
2.18345
2.17649
2.1696
2.16279
2.15605
2.14939
2.1428
2.13628
2.12984
2.12346
2.11716
2.11092
2.10475
2.09865
2.0926
2.08662
2.0807
2.07483
2.06902
2.06326
2.05755
2.05189
2.04628
2.0407
2.03517
2.02967
2.02421
2.01878
2.01337
2.00799
2.00263
1.9973
1.99197
1.98666
1.98136
1.97606
1.97076
1.96547
1.96017
1.95486
1.94953
1.9442
1.93884
1.93347
1.92807
1.92264
1.91718
1.91168
1.90615
1.90057
1.89495
1.88928
1.88357
1.87779
1.87197
1.86608
1.86013
1.85412
1.84804
1.84189
1.83566
1.82937
1.82299
1.81654
1.81001
1.80339
1.79669
1.78991
1.78304
1.77608
1.76903
1.7619
1.75467
1.74735
1.73993
1.73243
1.72483
1.71714
1.70935
1.70148
1.6935
1.68544
1.67729
1.66905
1.66071
1.65229
1.64378
1.63519
1.62651
1.61775
1.60891
1.59999
1.59099
1.58192
1.57278
1.56357
1.55429
1.54495
1.53555
1.52609
1.51658
1.50701
1.4974
1.48774
1.47804
1.4683
1.45852
1.44872
1.43888
1.42903
1.41915
1.40926
1.39936
1.38946
1.37955
1.36964
1.35973
1.34984
1.33996
1.33011
1.32027
1.31047
1.3007
1.29097
1.28128
1.27165
1.26206
1.25254
1.24308
1.23368
1.22437
1.21513
1.20598
1.19692
1.18796
1.17909
1.17034
1.16169
1.15316
1.14476
1.13648
1.12833
1.12032
1.11245
1.10473
1.09715
1.08973
1.08246
1.07534
1.06838
1.06159
1.05495
1.04847
1.04215
1.03598
1.02997
1.0241
1.01838
1.01279
1.00732
1.00197
0.996729
0.991581
0.986507
0.981481
0.976494
0.971575
0.966731
0.961815
0.956537
0.950981
0.946229
)
;
    }
}


// ************************************************************************* //
