/*--------------------------------*- C++ -*----------------------------------*\
| =========                 |                                                 |
| \\      /  F ield         | OpenFOAM: The Open Source CFD Toolbox           |
|  \\    /   O peration     | Version:  2.4.0                                 |
|   \\  /    A nd           | Web:      www.OpenFOAM.org                      |
|    \\/     M anipulation  |                                                 |
\*---------------------------------------------------------------------------*/
FoamFile
{
    version     2.0;
    format      ascii;
    class       volScalarField;
    location    "3.1";
    object      T;
}
// * * * * * * * * * * * * * * * * * * * * * * * * * * * * * * * * * * * * * //

dimensions      [0 0 0 1 0 0 0];

internalField   nonuniform List<scalar> 
8000
(
293.452
294.354
295.252
296.141
297.02
297.98
297.997
297.997
297.997
297.997
297.997
297.997
297.997
297.997
297.997
297.997
297.997
297.998
297.998
297.998
297.998
297.998
297.998
297.998
297.998
297.998
297.998
297.998
297.998
297.999
297.999
297.999
297.999
297.999
297.999
297.999
297.999
297.999
297.999
297.999
297.999
297.999
297.999
298
298
298
298
298
298
298
293.329
293.989
294.649
295.311
295.977
296.651
297.273
297.991
297.998
297.996
297.996
297.997
297.997
297.997
297.997
297.997
297.997
297.997
297.998
297.998
297.998
297.998
297.998
297.998
297.998
297.998
297.998
297.998
297.998
297.998
297.998
297.998
297.999
297.999
297.999
297.999
297.999
297.999
297.999
297.999
297.999
297.999
297.999
297.999
297.999
297.999
297.999
297.999
297.999
298
293.243
293.724
294.197
294.658
295.108
295.546
295.979
296.414
296.871
297.373
297.992
297.999
297.999
297.998
297.997
298
298
298
297.999
297.999
297.999
297.999
297.999
297.999
297.999
297.999
297.998
297.998
297.998
297.998
297.998
297.998
297.999
297.999
297.999
297.999
297.999
297.999
297.999
297.999
297.999
297.999
297.999
297.999
297.999
297.999
297.999
297.999
297.999
297.999
293.159
293.475
293.784
294.083
294.372
294.653
294.927
295.197
295.465
295.734
296.006
296.286
296.579
296.894
297.24
297.607
297.894
297.998
297.999
297.999
297.999
298
298
298
298
298
298
298
297.999
297.999
297.999
297.999
297.999
297.999
297.999
297.999
297.999
297.999
297.999
297.999
297.999
297.999
297.999
297.999
297.999
297.999
297.999
297.999
297.999
297.999
293.111
293.331
293.548
293.76
293.967
294.168
294.364
294.557
294.746
294.932
295.118
295.303
295.489
295.678
295.869
296.064
296.264
296.471
296.687
296.916
297.16
297.42
297.695
297.941
297.999
298
298
298
298
298
298
298
298
298
298
298
298
297.999
297.999
297.999
297.999
297.999
297.999
297.999
297.999
297.999
297.999
297.999
297.999
297.999
293.094
293.281
293.467
293.652
293.836
294.018
294.197
294.375
294.55
294.722
294.892
295.06
295.225
295.388
295.549
295.708
295.866
296.022
296.178
296.333
296.488
296.643
296.798
296.953
297.111
297.271
297.438
297.612
297.781
297.921
297.999
298
298
298
298
298
298
298
298
298
298
298
298
298
297.999
297.999
297.999
297.999
297.999
297.999
293.091
293.274
293.458
293.641
293.825
294.009
294.191
294.373
294.552
294.728
294.902
295.071
295.236
295.396
295.551
295.7
295.845
295.984
296.118
296.248
296.374
296.496
296.615
296.732
296.847
296.961
297.074
297.186
297.298
297.411
297.523
297.636
297.752
297.869
297.974
298
298
298
298
298
298
298
298
298
298
298
298
298
298
297.999
293.097
293.291
293.486
293.681
293.877
294.073
294.268
294.462
294.653
294.841
295.025
295.204
295.377
295.543
295.703
295.855
295.999
296.136
296.265
296.387
296.503
296.611
296.714
296.811
296.903
296.991
297.076
297.157
297.236
297.314
297.39
297.465
297.539
297.612
297.686
297.759
297.833
297.906
297.971
298
298
298
298
298
298
298
298
298
298
298
293.104
293.312
293.521
293.73
293.939
294.149
294.357
294.563
294.766
294.964
295.158
295.346
295.527
295.701
295.866
296.023
296.171
296.31
296.44
296.561
296.674
296.779
296.876
296.966
297.05
297.128
297.2
297.268
297.332
297.392
297.449
297.503
297.556
297.606
297.655
297.702
297.748
297.793
297.836
297.877
297.918
297.959
298
298
298
298
298
298
298
298
293.11
293.331
293.553
293.774
293.995
294.215
294.434
294.649
294.861
295.068
295.269
295.463
295.649
295.827
295.996
296.156
296.306
296.446
296.577
296.698
296.81
296.913
297.009
297.096
297.176
297.25
297.317
297.379
297.437
297.489
297.538
297.583
297.625
297.664
297.701
297.735
297.768
297.799
297.829
297.857
297.883
297.908
297.932
297.955
297.976
297.996
298
298
298
298
293.115
293.344
293.572
293.801
294.028
294.253
294.475
294.694
294.908
295.117
295.318
295.513
295.699
295.876
296.044
296.203
296.352
296.491
296.62
296.741
296.852
296.955
297.049
297.136
297.216
297.289
297.355
297.416
297.472
297.523
297.57
297.613
297.652
297.688
297.721
297.752
297.78
297.806
297.831
297.853
297.874
297.893
297.911
297.928
297.944
297.958
297.972
297.985
298
298
293.114
293.343
293.57
293.796
294.02
294.242
294.459
294.672
294.88
295.082
295.277
295.464
295.644
295.815
295.978
296.132
296.276
296.412
296.54
296.659
296.769
296.872
296.967
297.055
297.137
297.212
297.281
297.345
297.404
297.459
297.509
297.555
297.597
297.636
297.672
297.705
297.736
297.764
297.79
297.814
297.837
297.858
297.878
297.896
297.913
297.93
297.945
297.959
297.973
297.986
293.11
293.33
293.548
293.765
293.979
294.189
294.396
294.598
294.794
294.984
295.168
295.345
295.515
295.677
295.832
295.979
296.118
296.25
296.374
296.492
296.602
296.705
296.802
296.893
296.978
297.058
297.132
297.202
297.266
297.327
297.383
297.436
297.485
297.531
297.573
297.613
297.65
297.685
297.717
297.747
297.775
297.801
297.825
297.848
297.87
297.891
297.91
297.928
297.945
297.962
293.103
293.309
293.513
293.715
293.915
294.11
294.302
294.489
294.671
294.848
295.019
295.184
295.343
295.495
295.641
295.781
295.915
296.043
296.164
296.28
296.39
296.495
296.595
296.689
296.779
296.864
296.944
297.021
297.093
297.161
297.226
297.287
297.345
297.399
297.45
297.499
297.544
297.587
297.627
297.665
297.701
297.734
297.766
297.796
297.824
297.851
297.876
297.9
297.923
297.944
293.095
293.285
293.473
293.659
293.843
294.023
294.2
294.373
294.541
294.705
294.864
295.018
295.168
295.312
295.451
295.585
295.714
295.839
295.959
296.074
296.185
296.292
296.394
296.493
296.587
296.678
296.765
296.848
296.928
297.004
297.077
297.147
297.213
297.276
297.336
297.394
297.448
297.499
297.548
297.594
297.638
297.679
297.719
297.756
297.792
297.826
297.859
297.89
297.921
297.95
293.088
293.263
293.437
293.61
293.78
293.948
294.112
294.273
294.431
294.585
294.735
294.882
295.024
295.163
295.297
295.428
295.555
295.678
295.797
295.913
296.025
296.134
296.24
296.342
296.441
296.537
296.63
296.719
296.805
296.888
296.968
297.045
297.119
297.189
297.257
297.321
297.383
297.441
297.497
297.55
297.601
297.649
297.695
297.739
297.782
297.822
297.862
297.9
297.938
297.975
293.084
293.251
293.417
293.583
293.746
293.907
294.066
294.223
294.376
294.526
294.672
294.816
294.955
295.092
295.225
295.354
295.48
295.604
295.723
295.84
295.954
296.065
296.173
296.278
296.38
296.479
296.575
296.669
296.759
296.847
296.931
297.012
297.091
297.166
297.238
297.306
297.372
297.435
297.495
297.552
297.606
297.658
297.708
297.756
297.803
297.848
297.891
297.933
297.973
298
293.086
293.258
293.429
293.598
293.766
293.931
294.093
294.251
294.406
294.557
294.704
294.847
294.987
295.122
295.254
295.383
295.508
295.63
295.749
295.865
295.979
296.089
296.197
296.302
296.404
296.503
296.6
296.694
296.785
296.873
296.958
297.04
297.118
297.194
297.266
297.335
297.4
297.463
297.522
297.579
297.633
297.685
297.736
297.784
297.832
297.88
297.928
297.979
298
298
293.102
293.305
293.505
293.7
293.889
294.071
294.247
294.415
294.576
294.731
294.879
295.023
295.161
295.294
295.423
295.548
295.67
295.788
295.903
296.015
296.125
296.231
296.335
296.436
296.535
296.631
296.724
296.814
296.902
296.986
297.067
297.145
297.22
297.291
297.359
297.423
297.484
297.542
297.596
297.648
297.698
297.745
297.791
297.836
297.881
297.924
297.968
298
298
298
293.186
293.498
293.767
294.004
294.217
294.411
294.591
294.759
294.917
295.066
295.209
295.345
295.477
295.603
295.726
295.845
295.96
296.072
296.181
296.288
296.391
296.492
296.59
296.685
296.777
296.867
296.953
297.036
297.117
297.194
297.267
297.338
297.404
297.467
297.525
297.58
297.63
297.677
297.72
297.759
297.795
297.829
297.859
297.888
297.914
297.938
297.96
297.981
298
298
298
298
298
298
298
298
298
298
298
298
298
298
298
298
298
298
298
298
298
298
298
298
298
298
298
298
298
298
298
298
298
298
298
298
298
298
298
298
298
298
298
298
298
298
298
298
298
298
298
298
298
298
298
298
298
298
298
298
298
298
298
298
298
298
298
298
298
298
298
298
298
298
298
298
298
298
298
298
298
298
298
298
298
298
298
298
298
298
298
298
298
298
298
298
298
298
298
298
298
298
297.999
297.999
297.999
297.999
297.999
297.999
297.999
297.999
297.999
298
298
298
298
298
298
298
298
298
298
298
298
298
298
298
298
298
298
298
298
298
298
298
298
298
298
298
298
298
298
298
298
298
298
298
298
298
298
298
298
298
297.999
297.999
297.999
297.999
297.999
297.999
297.999
297.999
297.999
297.999
297.999
297.999
297.999
297.999
297.999
297.999
297.999
298
298
298
298
298
298
298
298
298
298
298
298
298
298
298
298
298
298
298
298
298
298
298
298
298
298
298
298
298
298
298
298
298
297.999
297.999
297.999
297.999
297.999
297.999
297.999
297.999
297.999
297.999
297.999
297.999
297.999
297.999
297.999
297.999
297.999
297.999
297.999
297.999
297.999
297.999
297.999
297.999
297.999
297.999
298
298
298
298
298
298
298
298
298
298
298
298
298
298
298
298
298
298
298
298
298
298
298
298
297.999
297.999
297.999
297.999
297.999
297.999
297.999
297.999
297.999
297.999
297.999
297.999
297.999
297.999
297.999
297.999
297.999
297.999
297.999
297.999
297.999
297.999
297.999
297.999
297.999
297.999
297.999
297.999
297.999
297.999
297.999
297.999
297.999
297.999
297.999
298
298
298
298
298
298
298
298
298
298
298
298
298
298
298
297.999
297.999
297.999
297.999
297.999
297.999
297.999
297.999
297.999
297.999
297.999
297.999
297.999
297.999
297.999
297.999
297.999
297.999
297.999
297.999
297.999
297.999
297.999
297.999
297.999
297.999
297.999
297.999
297.999
297.999
297.999
297.999
297.999
297.999
297.999
297.999
297.999
297.999
297.999
297.999
297.999
297.999
297.999
298
298
298
298
298
298
298
298
298
298
298
298
297.999
297.999
297.999
297.999
297.999
297.999
297.999
297.999
297.999
297.999
297.999
297.999
297.999
297.999
297.999
297.999
297.999
297.999
297.999
297.999
297.999
297.999
297.999
297.999
297.999
297.999
297.999
297.999
297.999
297.999
297.999
297.999
297.999
297.999
297.999
297.999
297.999
297.999
297.999
297.999
297.999
297.999
297.999
297.999
297.999
298
298
298
298
298
298
298
298
298
298
298
297.999
297.999
297.999
297.999
297.999
297.999
297.999
297.999
297.999
297.999
297.999
297.999
297.999
297.999
297.999
297.999
297.999
297.999
297.999
297.999
297.999
297.999
297.999
297.999
297.999
297.999
297.999
297.999
297.999
297.999
297.999
297.999
297.999
297.999
297.999
297.999
297.999
297.999
297.999
298
298
298
298
298
298
298
298
298
298
298
298
298
298
298
298
298
297.999
297.999
297.999
297.999
297.999
297.999
297.999
297.999
297.999
297.999
297.999
297.999
297.999
297.999
297.999
297.999
297.999
297.999
297.999
297.999
297.999
297.999
297.999
297.999
297.999
297.999
297.999
297.999
297.999
297.999
297.999
297.999
297.999
298
298
298
298
298
298
298
298
298
298
298
298
298
298
298
298
298
298
298
298
298
298
298
298
297.999
297.999
297.999
297.999
297.999
297.999
297.999
297.999
297.999
297.999
297.999
297.999
297.999
297.999
297.999
297.999
297.999
297.999
297.999
297.999
297.999
297.999
297.999
297.999
297.999
297.999
298
298
298
298
298
298
298
298
298
298
298
298
298
298
298
298
298
298
298
298
298
298
298
298
298
298
298
298
298
298
298
298
298
297.999
297.999
297.999
297.999
297.999
297.999
297.999
297.999
297.999
297.999
297.999
297.999
297.999
297.999
297.999
297.999
297.999
297.976
297.989
298
298
298
298
298
298
298
298
298
298
298
298
298
298
298
298
298
298
298
298
298
298
298
298
298
298
298
298
298
298
298
298
298
298
298
298
298
298
298
298
298
298
298
297.999
297.999
297.999
297.999
297.999
297.965
297.984
298
298
298
298
298
298
298
298
298
298
298
298
298
298
298
298
298
298
298
298
298
298
298
298
298
298
298
298
298
298
298
298
298
298
298
298
298
298
298
298
298
298
298
298
298
298
298
298
297.978
298
298
298
298
298
298
298
298
298
298
298
298
298
298
298
298
298
298
298
298
298
298
298
298
298
298
298
298
298
298
298
298
298
298
298
298
298
298
298
298
298
298
298
298
298
298
298
298
298
298
298
298
298
298
298
298
298
298
298
298
298
298
298
298
298
298
298
298
298
298
298
298
298
298
298
298
298
298
298
298
298
298
298
298
298
298
298
298
298
298
298
298
298
298
298
298
298
298
298
298
298
298
298
298
298
298
298
298
298
298
298
298
298
298
298
298
298
298
298
298
298
298
298
298
298
298
298
298
298
298
298
298
298
298
298
298
298
298
298
298
298
298
298
298
298
298
298
298
298
298
298
298
298
298
298
298
298
298
298
298
298
298
298
298
298
298
298
298
298
298
298
298
298
298
298
298
298
298
298
298
298
298
298
298
298
298
298
298
298
298
298
298
298
298
298
298
298
298
298
298
298
298
298
298
298
298
298
298
298
298
298
298
298
298
298
298
298
298
298
298
298
298
298
298
298
298
298
298
298
298
298
298
298
298
298.001
298.001
298.001
298.001
298.001
298.001
298.001
298.001
298.001
298.001
298.001
298.001
298.001
298.001
298.001
298
298
298
298
298
298
298
298
298
298
298
298
298
298
298
298
298
298
298
298
298
298
298
298
298
298
298
298
298
298
298
298
298
298.001
298.001
298.001
298.001
298.001
298.001
298.001
298.001
298.001
298.001
298.001
298.001
298.001
298.001
298.001
298.001
298.001
298
298
298
298
298
298
298
298
298
298
298
298
298
298
298
298
298
298
298
298
298
298
298
298
298
298
298
298
298
298
298
298
298
298
298
298
298
298
298
298
298
298
298
298
298
298
298
298
298
298
298
298
298
298
298
298
298
298
298
298
298
298
298
298
298
298
298
298
298
298
298
298
298
298
298
298
298
298
298
298
298
298
298
298
298
298
298
298
298
298
298
298
298
298
298
298
298
298
298
298
298
298
298
298
298
298
298
298
298
298
298
298
298
298
298
298
298
298
298
298
298
298
298
298
298
298
298
298
298
298
298
298
298
298
298
298
298
298
298
298
298
298
298
298
298
298
298
298
298
298
298
298
298
298
298
298
298
298
298
298
298
298
298
298
298
298
298
298
298
298
298
298
298
298
298
298
298
298
298
298
298
298
298
298
298
298
298
298
298
298
298
298
298
298
298
298
298
298
298
298
298
298
298
298
298
298
298
298
298
298
298
298
298
298
298
298
298
298
298
298
298
298
298
298
298
298
298
298
298
298
298
298
298
298
298
298
298
298
298
298
298
298
298
298
298
298
298
298
298
298
298
298
298
298
298
298
298
298
298
298
298
298
298
298
298
298
298
298
298
298
298
298
298
298
298
298
298
298
298
298
298
298
298
298
298
298
298
298
298
298
298
298
298
298
298
298
298
298
298
298
298
298
298
298
298
298
298
298
298
298
298
298
298
298
298
298
298
298
298
298
298
298
298
298
298
298
298
298
298
298
298
298
298
298
298
298
298
298
298
298
298
298
298
298
298
298
298
298
298
298
298
298
298
298
298
298
298
298
298
298
298
298
298
298
298
298
298
298
298
298
298
298
298
298
298
298
298
298
298
298
298
298
298
298
298
298
298
298
298
298
298
298
298
298
298
298
298
298
298
298
298
298
298
298
298
298
298
298
298
298
298
298
298
298
298
298
298
298
298
298
298
298
298
298
298
298
298
298
298
298
298
298
298
298
298
298
298
298
298
298
298
298
298
298
298
298
298
298
298
298
298
298
298
298
298
298
298
298
298
298
298
298
298
298
298
298
298
298
298
298
298
298
298
298
298
298
298
298
298
298
298
298
298
298
298
298
298
298
298
298
298
298
298
298
298
298
298
298
298
298
298
298
298
298
298
298
298
298
298
298
298
298
298
298
298
298
298
298
298
298
298
298
298
298
298
298
298
298
298
298
298
298
298
298
298
298
298
298
298
298
298
298
298
298
298
298
298
298
298
298
298
298
298
298
298
298
298
298
298
298
298
298
298
298
298
298
298
298
298
298
298
298
298
298
298
298
298
298
298
298
298
298
298
298
298
298
298
298
298
298
298
298
298
298
298
298
298
298
298
298
298
298
298
298
298
298
298
298
298
298
298
298
298
298
298
298
298
298
298
298
298
298
298
298
298
298
298
298
298
298
298
298
298
298
298
298
298
298
298
298
298
298
298
298
298
298
298
298
298
298
298
298
298
298
298
298
298
298
298
298
298
298
298
298
298
298
298
298
298
298
298
298
298
298
298
298
298
298
298
298
298
298
298
298
298
298
298
298
298
298
298
298
298
298
298
298
298
298
298
298
298
298
298
298
298
298
298
298
298
298
298
298
298
298
298
298
298
298
298
298
298
298
298
298
298
298
298
298
298
298
298
298
298
298
298
298
298
298
298
298
298
298
298
298
298
298
298
298
298
298
298
298
298
298
298
298
298
298
298
298
298
298
298
298
298
298
298
298
298
298
298
298
298
298
298
298
298
298
298
298
298
298
298
298
298
298
298
298
298
298
298
298
298
298
298
298
298
298
298
298
298
298
298
298
298
298
298
298
298
298
298
298
298
298
298
298
298
298
298
298
298
298
298
298
298
298
298
298
298
298
298
298
298
298
298
298
298
298
298
298
298
298
298
298
298
298
298
298
298
298
298
298
298
298
298
298
298
298
298
298
298
298
298
298
298
298
298
298
298
298
298
298
298
298
298
298
298
298
298
298
298
298
298
298
298
298
298
298
298
298
298
298
298
298
298
298
298
298
298
298
298
298
298
298
298
298
298
298
298
298
298
298
298
298
298
298
298
298
298
298
298
298
298
298
298
298
298
298
298
298
298
298
298
298
298
298
298
298
298
298
298
298
298
298
298
298
298
298
298
298
298
298
298
298
298
298
298
298
298
298
298
298
298
298
298
298
298
298
298
298
298
298
298
298
298
298
298
298
298
298
298
298
298
298
298
298
298
298
298
298
298
298
298
298
298
298
298
298
298
298
298
298
298
298
298
298
298
298
298
298
298
298
298
298
298
298
298
298
298
298
298
298
298
298
298
298
298
298
298
298
298
298
298
298
298
298
298
298
298
298
298
298
298
298
298
298
298
298
298
298
298
298
298
298
298
298
298
298
298
298
298
298
298
298
298
298
298
298
298
298
298
298
298
298
298
298
298
298
298
298
298
298
298
298
298
298
298
298
298
298
298
298
298
298
298
298
298
298
298
298
298
298
298
298
298
298
298
298
298
298
298
298
298
298
298
298
298
298
298
298
298
298
298
298
298
298
298
298
298
298
298
298
298
298
298
298
298
298
298
298
298
298
298
298
298
298
298
298
298
298
298
298
298
298
298
298
298
298
298
298
298
298
298
298
298
298
298
298
298
298
298
298
298
298
298
298
298
298
298
298
298
298
298
298
298
298
298
298
298
298
298
298
298
298
298
298
298
298
298
298
298
298
298
298
298
298
298
298
298
298
298
298
298
298
298
298
298
298
298
298
298
298
298
298
298
298
298
298
298
298
298
298
298
298
298
298
298
298
298
298
298
298
298
298
298
298
298
298
298
298
298
298
298
298
298
298
298
298
298
298
298
298
298
298
298
298
298
298
298
298
298
298
298
298
298
298
298
298
298
298
298
298
298
298
298
298
298
298
298
298
298
298
298
298
298
298
298
298
298
298
298
298
298
298
298
298
298
298
298
298
298
298
298
298
298
298
298
298
298
298
298
298
298
298
298
298
298
298
298
298
298
298
298
298
298
298
298
298
298
298
298
298
298
298
298
298
298
298
298
298
298
298
298
298
298
298
298
298
298
298
298
298
298
298
298
298
298
298
298
298
298
298
298
298
298
298
298
298
298
298
298
298
298
298
298
298
298
298
298
298
298
298
298
298
298
298
298
298
298
298
298
298
298
298
298
298
298
298
298
298
298
298
298
298
298
298
298
298
298
298
298
298
298
298
298
298
298
298
298
298
298
298
298
298
298
298
298
298
298
298
298
298
298
298
298
298
298
298
298
298
298
298
298
298
298
298
298
298
298
298
298
298
298
298
298
298
298
298
298
298
298
298
298
298
298
298
298
298
298
298
298
298
298
298
298
298
298
298
298
298
298
298
298
298
298
298
298
298
298
298
298
298
298
298
298
298
298
298
298
298
298
298
298
298
298
298
298
298
298
298
298
298
298
298
298
298
298
298
298
298
298
298
298
298
298
298
298
298
298
298
298
298
298
298
298
298
298
298
298
298
298
298
298
298
298
298
298
298
298
298
298
298
298
298
298
298
298
298
298
298
298
298
298
298
298
298
298
298
298
298
298
298
298
298
298
298
298
298
298
298
298
298
298
298
298
298
298
298
298
298
298
298
298
298
298
298
298
298
298
298
298
298
298
298
298
298
298
298
298
298
298
298
298
298
298
298
298
298
298
298
298
298
298
298
298
298
298
298
298
298
298
298
298
298
298
298
298
298
298
298
298
298
298
298
298
298
298
298
298
298
298
298
298
298
298
298
298
298
298
298
298
298
298
298
298
298
298
298
298
298
298
298
298
298
298
298
298
298
298
298
298
298
298
298
298
298
298
298
298
298
298
298
298
298
298
298
298
298
298
298
298
298
298
298
298
298
298
298
298
298
298
298
298
298
298
298
298
298
298
298
298
298
298
298
298
298
298
298
298
298
298
298
298
298
298
298
298
298
298
298
298
298
298
298
298
298
298
298
298
298
298
298
298
298
298
298
298
298
298
298
298
298
298
298
298
298
298
298
298
298
298
298
298
298
298
298
298
298
298
298
298
298
298
298
298
298
298
298
298
298
298
298
298
298
298
298
298
298
298
298
298
298
298
298
298
298
298
298
298
298
298
298
298
298
298
298
298
298
298
298
298
298
298
298
298
298
298
298
298
298
298
298
298
298
298
298
298
298
298
298
298
298
298
298
298
298
298
298
298
298
298
298
298
298
298
298
298
298
298
298
298
298
298
298
298
298
298
298
298
298
298
298
298
298
298
298
298
298
298
298
298
298
298
298
298
298
298
298
298
298
298
298
298
298
298
298
298
298
298
298
298
298
298
298
298
298
298
298
298
298
298
298
298
298
298
298
298
298
298
298
298
298
298
298
298
298
298
298
298
298
298
298
298
298
298
298
298
298
298
298
298
298
298
298
298
298
298
298
298
298
298
298
298
298
298
298
298
298
298
298
298
298
298
298
298
298
298
298
298
298
298
298
298
298
298
298
298
298
298
298
298
298
298
298
298
298
298
298
298
298
298
298
298
298
298
298
298
298
298
298
298
298
298
298
298
298
298
298
298
298
298
298
298
298
298
298
298
298
298
298
298
298
298
298
298
298
298
298
298
298
298
298
298
298
298
298
298
298
298
298
298
298
298
298
298
298
298
298
298
298
298
298
298
298
298
298
298
298
298
298
298
298
298
298
298
298
298
298
298
298
298
298
298
298
298
298
298
298
298
298
298
298
298
298
298
298
298
298
298
298
297.999
297.999
297.999
298
298
298
298
298
298
298
298
298
298
298
298
298
298
298
298
298
298
298
298
298
298
298
298
298
298
298
298
298
298
298
298
298
298
298
298
298
298
298
298
298
298
298
298
298
298
298
298
298
298
298
298
298
298
298
298
298
298
298
298
298
298
298
298
298
298
298
298
298
298
298
298
298
298
298
298
298
298
298
298
298
298
298
298
298
298
298
298
298
298
298
298
298
298
298
298
298
298
298
298
298
298
298
298
298
298
298
298
298
298
298
298
298
298
298
298
298
298
298
298
298
298
298
298
298
298
298
298
298
298
298
298
298
298
298
298
298
298
298
298
298
298
298
298
298
298
298
298
298
298
298
298
298
298
298
298
298
298
298
298
298
298
298
298
298
298
298
298
298
298
298
298
298
298
298
298
298
298
298
298
298
298
298
298
298
298
298
298
298
298
298
298
298
298
298
298
298
298
298
298
298
298
298
298
298
298
298
298
298
298
298
298
298
298
298
298
298
298
298
298
298
298
298
298
298
298
298
298
298
298
298
298
298
298
298
298
298
298
298
298
298
298
298
298
298
298
298
298
298
298
298
298
298
298
298
298
298
298
298
298
298
298
298
298
298
298
298
298
298
298
298
298
298
298
298
298
298
298
298
298
298
298
298
298
298
298
298
298
298
298
298
298
298
298
298
298
298
297.999
297.999
297.999
297.999
297.999
297.999
297.999
297.999
297.999
297.999
297.999
297.999
297.999
297.999
297.999
297.999
297.999
298
298
298
298
298
298
298
298
298
298
298
298
298
298
298
298
298
298
298
298
298
298
298
298
298
298
298
298
298
298
298
298
298
298
298
298
298
298
298
298
298
298
298
298
298
298
298
298
298
298
298
298
298
298
298
298
298
298
298
298
298
298
298
298
298
298
298
298
298
298
298
298
298
298
298
298
298
298
298
298
298
298
298
298
298
298
298
298
298
298
298
298
298
298
298
298
298
298
298
298
298
298
298
298
298
298
298
298
298
298
298
298
298
298
298
298
298
298
298
298
298
298
298
298
298
298
298
298
298
298
298
298
298
298
298
298
298
298
298
298
298
298
298
298
298
298
298
298
298
298
298
298
298
298
298
298
298
298
298
298
298
298
298
298
298
298
298
298
298
298
298
298
298
298
298
298
298
298
298
298
298
298
298
298
298
298
298
298
298
298
298
298
298
298
298
298
298
298
298
298
298
298
298
298
298
298
298
298
298
298
298
298
298
298
298
298
298
298
298
298
298
298
298
298
298
298
298
298
298
298
298
298
298
298
298
298
298
298
298
298
298
298
298
298
298
298
298
298
298
298
298
298
298
298
298
298
298
298
298
298
298
298
298
298
298
298
298
298
298
298
298
298
298
298
298
298
298
298
298
298
298
298
298
297.999
297.999
297.999
297.999
297.999
297.999
297.999
297.999
297.999
297.999
297.999
297.999
297.999
297.999
297.999
297.999
297.999
297.999
297.999
297.999
297.999
297.999
297.999
297.999
297.999
297.999
297.999
297.999
297.999
297.999
297.999
298
298
298
298
298
298
298
298
298
298
298
298
298
298
298
298
298
298
298
298
298
298
298
298
298
298
298
298
298
298
298
298
298
298
298
298
298
298
298
298
298
298
298
298
298
298
298
298
298
298
298
298
298
298
298
298
298
298
298
298
298
298
298
298
298
298
298
298
298
298
298
298
298
298
298
298
298
298
298
298
298
298
298
298
298
298
298
298
298
298
298
298
298
298
298
298
298
298
298
298
298
298
298
298
298
298
298
298
298
298
298
298
298
298
298
298
298
298
298
298
298
298
298
298
298
298
298
298
298
298
298
298
298
298
298
298
298
298
298
298
298
298
298
298
298
298
298
298
298
298
298
298
298
298
298
298
298
298
298
298
298
298
298
298
298
298
298
298
298
298
298
298
298
298
298
298
298
298
298
298
298
298
298
298
298
298
298
298
298
298
298
298
298
298
298
298
298
298
298
298
298
298
298
298
298
298
298
298
298
298
298
298
298
298
298
298
298
298
298
298
298
298
298
298
298
298
298
298
298
298
298
298
298
298
298
298
298
298
298
298
298
298
298
298
298
298
298
298
298
298
298
298
298
298
298
298
298
298
298
298
298
298
298
298
298
298
298
298
298
297.999
297.999
297.999
297.999
297.999
297.999
297.999
297.999
297.999
297.999
297.999
297.999
297.999
297.999
297.999
297.999
297.999
297.999
297.999
297.999
297.999
297.999
297.999
297.999
297.999
297.999
297.999
297.999
297.999
297.999
297.999
297.999
297.999
297.999
297.999
297.999
297.999
297.999
297.999
297.999
297.999
297.999
297.999
298
298
298
298
298
298
298
298
298
298
298
298
298
298
298
298
298
298
298
298
298
298
298
298
298
298
298
298
298
298
298
298
298
298
298
298
298
298
298
298
298
298
298
298
298
298
298
298
298
298
298
298
298
298
298
298
298
298
298
298
298
298
298
298
298
298
298
298
298
298
298
298
298
298
298
298
298
298
298
298
298
298
298
298
298
298
298
298
298
298
298
298
298
298
298
298
298
298
298
298
298
298
298
298
298
298
298
298
298
298
298
298
298
298
298
298
298
298
298
298
298
298
298
298
298
298
298
298
298
298
298
298
298
298
298
298
298
298
298
298
298
298
298
298
298
298
298
298
298
298
298
298
298
298
298
298
298
298
298
298
298
298
298
298
298
298
298
298
298
298
298
298
298
298
298
298
298
298
298
298
298
298
298
298
298
298
298
298
298
298
298
298
298
298
298
298
298
298
298
298
298
298
298
298
298
298
298
298
298
298
298
298
298
298
298
298
298
298
298
298
298
298
298
298
298
298
298
298
298
298
298
298
298
298
298
298
298
298
298
298
298
298
298
298
298
298
298
298
298
298
298
298
298
298
298
298
298
297.999
297.999
297.999
297.999
297.999
297.999
297.999
297.999
297.999
297.999
297.999
297.999
297.999
297.999
297.999
297.999
297.999
297.999
297.999
297.999
297.999
297.999
297.999
297.999
297.999
297.999
297.999
297.999
297.999
297.999
297.999
297.999
297.999
297.999
297.999
297.999
297.999
297.999
297.999
297.999
297.999
297.999
297.999
297.999
297.999
297.999
297.999
297.999
297.999
297.999
297.999
298
298
298
298
298
298
298
298
298
298
298
298
298
298
298
298
298
298
298
298
298
298
298
298
298
298
298
298
298
298
298
298
298
298
298
298
298
298
298
298
298
298
298
298
298
298
298
298
298
298
298
298
298
298
298
298
298
298
298
298
298
298
298
298
298
298
298
298
298
298
298
298
298
298
298
298
298
298
298
298
298
298
298
298
298
298
298
298
298
298
298
298
298
298
298
298
298
298
298
298
298
298
298
298
298
298
298
298
298
298
298
298
298
298
298
298
298
298
298
298
298
298
298
298
298
298
298
298
298
298
298
298
298
298
298
298
298
298
298
298
298
298
298
298
298
298
298
298
298
298
298
298
298
298
298
298
298
298
298
298
298
298
298
298
298
298
298
298
298
298
298
298
298
298
298
298
298
298
298
298
298
298
298
298
298
298
298
298
298
298
298
298
298
298
298
298
298
298
298
298
298
298
298
298
298
298
298
298
298
298
298
298
298
298
298
298
298
298
298
298
298
298
298
298
298
298
298
298
298
298
298
298
298
298
298
298
298
298
298
298
298
298
298
298
298
298
298
298
298
297.999
297.999
297.999
297.999
297.999
297.999
297.999
297.999
297.999
297.999
297.999
297.999
297.999
297.999
297.999
297.999
297.999
297.999
297.999
297.999
297.999
297.999
297.999
297.999
297.999
297.999
297.999
297.999
297.999
297.999
297.999
297.999
297.999
297.999
297.999
297.999
297.999
297.999
297.999
297.999
297.999
297.999
297.999
297.999
297.999
297.999
297.999
297.999
297.999
297.999
297.999
297.999
298
298
298
298
298
298
298
298
298
298
298
298
298
298
298
298
298
298
298
298
298
298
298
298
298
298
298
298
298
298
298
298
298
298
298
298
298
298
298
298
298
298
298
298
298
298
298
298
298
298
298
298
298
298
298
298
298
298
298
298
298
298
298
298
298
298
298
298
298
298
298
298
298
298
298
298
298
298
298
298
298
298
298
298
298
298
298
298
298
298
298
298
298
298
298
298
298
298
298
298
298
298
298
298
298
298
298
298
298
298
298
298
298
298
298
298
298
298
298
298
298
298
298
298
298
298
298
298
298
298
298
298
298
298
298
298
298
298
298
298
298
298
298
298
298
298
298
298
298
298
298
298
298
298
298
298
298
298
298
298
298
298
298
298
298
298
298
298
298
298
298
298
298
298
298
298
298
298
298
298
298
298
298
298
298
298
298
298
298
298
298
298
298
298
298
298
298
298
298
298
298
298
298
298
298
298
298
298
298
298
298
298
298
298
298
298
298
298
298
298
298
298
298
298
298
298
298
298
298
298
298
298
298
298
298
298
298
298
298
298
298
298
298
298
298
298
298
298
298
298
298
298
298
298
298
298
298
298
298
298
298
298
298
298
298
298
298
298
298
298
298
298
298
298
298
298
298
298
298
298
298
298
298
298
298
298
298
298
298
298
298
298
298
298
298
298
298
298
298
298
298
298
298
298
298
298
298
298
298
298
298
298
298
298
298
298
298
298
298
298
298
298
298
298
298
298
298
298
298
298
298
298
298
298
298
298
298
298
298
298
298
298
298
298
298
298
298
298
298
298
298
298
298
298
298
298
298
298
298
298
298
298
298
298
298
298
298
298
298
298
298
298
298
298
298
298
298
298
298
298
298
298
298
298
298
298
298
298
298
298
298
298
298
298
298
298
298
298
298
298
298
298
298
298
298
298
298
298
298
298
298
298
298
298
298
298
298
298
298
298
298
298
298
298
298
298
298
298
298
298
298
298
298
298
298
298
298
298
298
298
298
298
298
298
298
298
298
298
298
298
298
298
298
298
298
298
298
298
298
298
298
298
298
298
298
298
298
298
298
298
298
298
298
298
298
298
298
298
298
298
298
298
298
298
298
298
298
298
298
298
298
298
298
298
298
298
298
298
298
298
298
298
298
298
298
298
298
298
298
298
298
298
298
298
298
298
298
298
298
298
298
298
298
298
298
298
298
298
298
298
298
298
298
298
298
298
298
298
298
298
298
298
298
298
298
298
298
298
298
298
298
298
298
298
298
298
298
298
298
298
298
298
298
298
298
298
298
298
298
298
298
298
298
298
298
298
298
298
298
298
298
298
298
298
298
298
298
298
298
298
298
298
298
298
298
298
298
298
298
298
298
298
298
298
298
298
298
298
298
298
298
298
298
298
298
298
298
298
298
298
298
298
298
298
298
298
298
298
298
298
298
298
298
298
298
298
298
298
298
298
298
298
298
298
298
298
298
298
298
298
298
298
298
298
298
298
298
298
298
298
298
298
298
298
298
298
298
298
298
298
298
298
298
298
298
298
298
298
298
298
298
298
298
298
298
298
298
298
298
298
298
298
298
298
298
298
298
298
298
298
298
298
298
298
298
298
298
298
298
298
298
298
298
298
298
298
298
298
298
298
298
298
298
298
298
298
298
298
298
298
298
298
298
298
298
298
298
298
298
298
298
298
298
298
298
298
298
298
298
298
298
298
298
298
298
298
298
298
298
298
298
298
298
298
298
298
298
298
298
298
298
298
298
298
298
298
298
298
298
298
298
298
298
298
298
298
298
298
298
298
298
298
298
298
298
298
298
298
298
298
298
298
298
298
298
298
298
298
298
298
298
298
298
298
298
298
298
298
298
298
298
298
298
298
298
298.001
298.001
298.001
298.001
298.001
298.001
298.001
298.001
298.001
298.001
298.001
298.001
298.001
298.001
298.001
298.001
298.001
298.001
298.001
298.001
298.001
298
298
298
298
298
298
298
298
298
298
298
298
298
298
298
298
298
298
298
298
298
298
298
298
298
298
298
298
298
298
298
298
298
298
298
298
298
298
298
298
298
298
298
298
298
298
298
298
298
298
298
298
298
298
298
298
298
298
298
298
298
298
298
298
298
298
298
298
298
298
298
298
298
298
298
298
298
298
298
298
298
298
298
298
298
298
298
298
298
298
298
298
298
298
298
298
298
298
298
298
298
298
298
298
298
298
298
298
298
298
298
298
298
298
298
298
298
298
298
298
298
298
298
298
298
298
298
298
298
298
298
298
298
298
298
298
298
298
298
298
298
298
298
298
298
298
298
298
298
298
298
298
298
298
298
298
298
298
298
298
298
298
298
298
298
298
298
298
298
298
298
298
298
298
298
298
298
298
298
298
298
298
298
298
298
298
298
298
298
298
298
298
298
298
298
298
298
298
298
298
298
298.001
298.001
298.001
298.001
298.001
298.001
298.001
298.001
298.001
298.001
298.001
298.001
298.001
298.001
298.001
298.001
298.001
298.001
298.001
298.001
298.001
298.001
298.001
298.001
298.001
298.001
298.001
298.001
298.001
298.001
298.001
298.001
298.001
298.001
298.001
298.001
298.001
298.001
298.001
298.001
298.001
298.001
298.001
298.001
298.001
298.001
298.001
298.001
298.001
298.001
298.001
298.001
298.001
298.001
298.001
298.001
298.001
298.001
298.001
298.001
298.001
298.001
298.001
298.001
298.001
298.001
298.001
298.001
298.001
298.001
298.001
298.001
298.001
298.001
298.001
298.001
298.001
298.001
298.001
298.001
298.001
298.001
298.001
298.001
298.001
298.001
298.001
298.001
298.001
298.001
298.001
298.001
298.001
298.001
298.001
298.001
298.001
298.001
298.001
298
298
298
298
298
298
298
298
298
298
298
298
298
298
298
298
298
298
298
298
298
298
298
298
298
298
298
298
298
298
298
298
298
298
298
298
298
298
298
298
298
298
298
298
298
298
298
298
298
298
298
298
298
298
298
298
298
298
298
298
298
298
298
298
298
298
298
298
298
298
298
298
298
298
298
298
298
298
298
298
298
298
298
298
298
298
298
298
298
298
298
298
298
298
298
298
298
298
298
298
298
298
298
298
298
298
298
298
298
298
298
298
298
298
298
298
298
298
298
298
298
298
298
298
298
298
298
298
298
298
298
298
298
298
298
298
298
298
298
298
298
298
298
298
298
298
298
298
298
298
298
298
298
298
298
298
298
298
298
298
298
298
298
298
298
298.001
298.001
298.001
298.001
298.001
298.001
298.001
298.001
298.001
298.001
298.001
298.001
298.001
298.001
298.001
298.001
298.001
298.001
298.001
298.001
298.001
298.001
298.001
298.001
298.001
298.001
298.001
298.001
298.001
298.001
298.001
298.001
298.001
298.001
298.001
298.001
298.001
298.001
298.001
298.001
298.001
298.001
298.001
298.001
298.001
298.001
298.001
298.001
298.001
298.001
298.001
298.001
298.001
298.001
298.001
298.001
298.001
298.001
298.001
298.001
298.001
298.001
298.001
298.001
298.001
298.001
298.001
298.001
298.001
298.001
298.001
298.001
298.001
298.001
298.001
298.001
298.001
298.001
298.001
298.001
298.001
298.001
298.001
298.001
298.001
298.001
298.001
298.001
298.001
298.001
298.001
298.001
298.001
298.001
298.001
298.001
298.001
298.001
298.001
298.001
298.001
298.001
298.001
298.001
298.001
298.001
298.001
298.001
298.001
298.001
298.001
298.001
298.001
298.001
298.001
298.001
298.001
298.001
298.001
298.001
298.001
298.001
298.001
298.001
298.001
298.001
298.001
298.001
298.001
298.001
298.001
298.001
298.001
298
298
298
298
298
298
298
298
298
298
298
298
298
298
298
298
298
298
298
298
298
298
298
298
298
298
298
298
298
298
298
298
298
298
298
298
298
298
298
298
298
298
298
298
298
298
298
298
298
298
298
298
298
298
298
298
298
298
298
298
298
298
298
298
298
298
298
298
298
298
298
298
298
298
298
298
298
298
298
298
298
298
298
298
298
298
298
298
298
298
298
298
298
298
298
298
298
298
298
298
298
298
298
298
298
298.001
298.001
298.001
298.001
298.001
298.001
298.001
298.001
298.001
298.001
298.001
298.001
298.001
298.001
298.001
298.001
298.001
298.001
298.001
298.001
298.001
298.001
298.001
298.001
298.001
298.001
298.001
298.001
298.001
298.001
298.001
298.001
298.001
298.001
298.001
298.001
298.001
298.001
298.001
298.001
298.001
298.001
298.001
298.001
298.001
298.001
298.001
298.001
298.001
298.001
298.001
298.001
298.001
298.001
298.001
298.001
298.001
298.001
298.001
298.001
298.001
298.001
298.001
298.001
298.001
298.001
298.001
298.001
298.001
298.001
298.001
298.001
298.001
298.001
298.001
298.001
298.001
298.001
298.001
298.001
298.001
298.001
298.001
298.001
298.001
298.001
298.001
298.001
298.001
298.001
298.001
298.001
298.001
298.001
298.001
298.001
298.001
298.001
298.001
298.001
298.001
298.001
298.001
298.001
298.001
298.001
298.001
298.001
298.001
298.001
298.001
298.001
298.001
298.001
298.001
298.001
298.001
298.001
298.001
298.001
298.001
298.001
298.001
298.001
298.001
298.001
298.001
298.001
298.001
298.001
298.001
298.001
298.001
298.001
298.001
298.001
298.001
298.001
298.001
298.001
298.001
298.001
298.001
298.001
298.001
298.001
298.001
298.001
298.001
298.001
298.001
298.001
298.001
298.001
298.001
298.001
298.001
298.001
298.001
298.001
298.001
298.001
298.001
298.001
298.001
298.001
298.001
298.001
298.001
298.001
298.001
298.001
298.001
298.001
298.001
298.001
298.001
298.001
298.001
298.001
298.001
298.001
298.001
298.001
298
298
298
298
298
298
298
298
298
298
298
298
298
298
298
298.001
298.001
298.001
298.001
298.001
298.001
298.001
298.001
298.001
298.001
298.001
298.001
298.001
298.001
298.001
298.001
298.001
298.001
298.001
298.001
298.001
298.001
298.001
298.001
298.001
298.001
298.001
298.001
298.001
298.001
298.001
298.001
298.001
298.001
298.001
298.001
298.001
298.001
298.001
298.001
298.001
298.001
298.001
298.001
298.001
298.001
298.001
298.001
298.001
298.001
298.001
298.001
298.001
298.001
298.001
298.001
298.001
298.001
298.001
298.001
298.001
298.001
298.001
298.001
298.001
298.001
298.001
298.001
298.001
298.001
298.001
298.001
298.001
298.001
298.001
298.001
298.001
298.001
298.001
298.001
298.001
298.001
298.001
298.001
298.001
298.001
298.001
298.001
298.001
298.001
298.001
298.001
298.001
298.001
298.001
298.001
298.001
298.001
298.001
298.001
298.001
298.001
298.001
298.001
298.001
298.001
298.001
298.001
298.001
298.001
298.001
298.001
298.001
298.001
298.001
298.001
298.001
298.001
298.001
298.001
298.001
298.001
298.001
298.001
298.001
298.001
298.001
298.001
298.001
298.001
298.001
298.001
298.001
298.001
298.001
298.001
298.001
298.001
298.001
298.001
298.001
298.001
298.001
298.001
298.001
298.001
298.001
298.001
298.001
298.001
298.001
298.001
298.001
298.001
298.001
298.001
298.001
298.001
298.001
298.001
298.001
298.001
298.001
298.001
298.001
298.001
298.001
298.001
298.001
298.001
298.001
298.001
298.001
298.001
298.001
298.001
298.001
298.001
298.001
298.001
298.001
298.001
298.001
298.001
298.001
298.001
298.001
298.001
298.001
298.001
298.001
298.001
298.001
298.001
298.001
298.001
298.001
298.001
298.001
298.001
298.001
298.001
298.001
298.001
298.001
298.001
298.001
298.001
298.001
298.001
298.001
298.001
298.001
298.001
298.001
298.001
298.001
298.001
298.001
298.001
298.001
298.001
298.001
298.001
298.001
298.001
298.001
298.001
298.001
298.001
298.001
298.001
298.001
298.001
298.001
298.001
298.001
298.001
298.001
298.001
298.001
298.001
298.001
298.001
298.001
298.001
298.001
298.001
298.001
298.001
298.001
298.001
298.001
298.001
298.001
298.001
298.001
298.001
298.001
298.001
298.001
298.001
298.001
298.001
298.001
298.001
298.001
298.001
298.001
298.001
298
298
298
298
298
298
298
298
298
298
298
298
298
298
298
298
298
298
298
298
298
298
298
298
298
298
298
298
298
298
298.001
298.001
298.001
298.001
298.001
298.001
298.001
298.001
298.001
298.001
298.001
298.001
298.001
298.001
298.001
298.001
298.001
298.001
298.001
298.001
298.001
298.001
298.001
298.001
298.001
298.001
298.001
298.001
298.001
298.001
298.001
298.001
298.001
298.001
298.001
298.001
298.001
298.001
298.001
298.001
298.001
298.001
298.001
298.001
298.001
298.001
298.001
298.001
298.001
298.001
298.001
298.001
298.001
298.001
298.001
298.001
298.001
298.001
298.001
298.001
298.001
298.001
298.001
298.001
298.001
298.001
298.001
298.001
298.001
298.001
298.001
298.001
298.001
298.001
298.001
298.001
298.001
298.001
298.001
298.001
298.001
298.001
298.001
298.001
298.001
298.001
298.001
298.001
298.001
298.001
298.001
298.001
298.001
298.001
298.001
298.001
298.001
298.001
298.001
298.001
298.001
298.001
298.001
298.001
298.001
298.001
298.001
298.001
298.001
298.001
298.001
298.001
298.001
298.001
298.001
298.001
298.001
298.001
298.001
298.001
298.001
298.001
298.001
298.001
298.001
298.001
298.001
298.001
298.001
298.001
298.001
298.001
298.001
298.001
298.001
298.001
298.001
298.001
298.001
298.001
298.001
298.001
298.001
298.001
298.001
298.001
298.001
298.001
298.001
298.001
298.001
298.001
298.001
298.001
298.001
298.001
298.001
298.001
298.001
298.001
298.001
298.001
298.001
298.001
298.001
298.001
298.001
298.001
298.001
298.001
298.001
298.001
298.001
298.001
298.001
298.001
298.001
298.001
298.001
298.001
298.001
298.001
298.001
298.001
298.001
298.001
298.001
298.001
298.001
298.001
298.001
298.001
298.001
298.001
298.001
298.001
298.001
298.001
298.001
298.001
298.001
298.001
298.001
298.001
298.001
298.001
298.001
298.001
298.001
298.001
298.001
298.001
298.001
298.001
298.001
298.001
298.001
298.001
298.001
298.001
298.001
298.001
298.001
298.001
298.001
298.001
298.001
298.001
298.001
298.001
298.001
298.001
298.001
298.001
298.001
298.001
298.001
298.001
298.001
298.001
298.001
298.001
298.001
298.001
298.001
298.001
298.001
298.001
298.001
298.001
298.001
298.001
298.001
298.001
298.001
298.001
298.001
298.001
298.001
298
298
298
298
298
298
298
298
298
298
298
298
298
298
298
298
298
298
298
298
298
298
298
298
298
298
298
298
298
298
298
298
298
298
298
298
298
298
298
298
298
)
;

boundaryField
{
    Inlet
    {
        type            fixedValue;
        value           uniform 298;
    }
    BotOutlet1
    {
        type            zeroGradient;
    }
    BotOutlet2
    {
        type            zeroGradient;
    }
    TopInlet
    {
        type            zeroGradient;
    }
    FreeStream
    {
        type            fixedValue;
        value           uniform 298;
    }
    FrontNBack
    {
        type            empty;
    }
    LeftSide
    {
        type            fixedValue;
        value           uniform 293;
    }
    procBoundary3to2
    {
        type            processor;
        value           nonuniform List<scalar> 
400
(
293.439
294.329
295.242
296.171
297.083
297.988
297.998
297.998
297.998
297.998
297.998
297.998
297.998
297.998
297.998
297.998
297.998
297.998
297.998
297.998
297.998
297.998
297.998
297.998
297.998
297.998
297.998
297.999
297.999
297.999
297.999
297.999
297.999
297.999
297.999
297.999
297.999
297.999
297.999
297.999
298
298
298
298
298
298
298
298
298
298
298
298
298
298
298
298
298
298
298
298
298
298
298
298
298
298
298
298
298
298
298
298
298
298
298
298
298
298
298
298
298
298
298
298
298
298
298
298
298
298
298
298
298
298
298
298
298
298
298
298
298
298
298
298
298
298
298
298
298
298
298
298
298
298
298
298
298
298
298
298
298
298
298
298
298
298
298
298
298
298
298
298
298
298
298
298
298
298
298
298
298
298
298
298
298
298
298
298
298
298
298
298
298
298
298
298
298
298
298
298
298
298
298
298
298
298
298
298
298
298
298
298
298
298
298
298
298
298
298
298
298
298
298
298
298
298
298
298
298
298
298
298
298
298
298
298
298
298
298
298
298
298
298
298
298
298
298
298
298
298
298
298
298
298
298
298
298
298
298
298
298
298
298
298
298
298
298
298
298
298
298
298
298
298
298
298
298
298
298
298
298
298
298
298
298
298
298
298
298
298
298
298
298
298
298
298
298
298
298
298
298
298
298
298
298
298
298
298
298
298
298
298
298
298
298
298
298
298
298
298
298
298
298
298
298
298
298
298
298
298
298
298
298
298
298
298
298
298
298
298
298
298
298
298
298
298
298
298
298
298
298
298
298
298
298
298
298
298
298
298
298
298
298
298
298
298
298
298
298
298
298
298
298
298
298
298
298
298
298
298
298
298
298
298
298
298
298
298
298
298
298
298
298
298
298
298
298
298
298
298
298
298
298
298
298
298
298
298
298
298
298
298
298
298
298
298
298
298
298
298
298
298
298
298
298
298
298
298
298
298
298
298
298
298
298
298
298
298
298
298
)
;
    }
}


// ************************************************************************* //
