/*--------------------------------*- C++ -*----------------------------------*\
| =========                 |                                                 |
| \\      /  F ield         | OpenFOAM: The Open Source CFD Toolbox           |
|  \\    /   O peration     | Version:  2.4.0                                 |
|   \\  /    A nd           | Web:      www.OpenFOAM.org                      |
|    \\/     M anipulation  |                                                 |
\*---------------------------------------------------------------------------*/
FoamFile
{
    version     2.0;
    format      ascii;
    class       volScalarField;
    location    "2.4";
    object      T;
}
// * * * * * * * * * * * * * * * * * * * * * * * * * * * * * * * * * * * * * //

dimensions      [0 0 0 1 0 0 0];

internalField   nonuniform List<scalar> 
500
(
293.128
293.128
293.128
293.128
293.128
293.384
293.384
293.384
293.384
293.384
293.644
293.644
293.644
293.644
293.644
293.907
293.907
293.907
293.907
293.907
294.172
294.172
294.172
294.172
294.172
294.441
294.441
294.441
294.441
294.441
294.713
294.713
294.713
294.713
294.713
294.988
294.988
294.988
294.988
294.988
295.266
295.266
295.266
295.266
295.266
295.547
295.547
295.547
295.547
295.547
295.832
295.832
295.832
295.832
295.832
296.12
296.12
296.12
296.12
296.12
296.412
296.412
296.412
296.412
296.412
296.707
296.707
296.707
296.707
296.707
297.006
297.006
297.006
297.006
297.006
297.309
297.309
297.309
297.309
297.309
297.615
297.615
297.615
297.615
297.615
297.991
297.991
297.991
297.991
297.991
297.991
297.991
297.991
297.991
297.991
297.991
297.991
297.991
297.991
297.991
297.991
297.991
297.991
297.991
297.991
297.991
297.991
297.991
297.991
297.991
297.991
297.991
297.991
297.991
297.991
297.991
297.991
297.991
297.991
297.991
297.991
297.991
297.991
297.991
297.991
297.99
297.99
297.99
297.99
297.99
297.99
297.99
297.99
297.99
297.99
297.99
297.99
297.99
297.99
297.99
297.99
297.99
297.99
297.99
297.99
297.99
297.99
297.99
297.99
297.99
297.99
297.99
297.99
297.99
297.99
297.99
297.99
297.99
297.99
297.99
297.99
297.99
297.99
297.99
297.99
297.99
297.99
297.99
297.99
297.99
297.99
297.99
297.99
297.99
297.99
297.99
297.99
297.99
297.99
297.99
297.99
297.99
297.99
297.99
297.99
297.99
297.99
297.99
297.99
297.99
297.99
297.99
297.99
297.99
297.99
297.99
297.99
297.99
297.99
297.99
297.99
297.99
297.99
297.99
297.99
297.99
297.99
297.99
297.99
297.99
297.99
297.99
297.99
297.99
297.99
297.99
297.99
297.99
297.99
297.99
297.99
297.99
297.99
297.99
297.99
297.99
297.99
297.99
297.99
297.99
297.99
297.99
297.99
297.99
297.99
297.99
297.99
297.99
297.99
297.99
297.99
297.99
297.99
297.99
297.99
297.99
297.99
297.99
297.99
297.99
297.99
297.99
297.99
297.99
297.99
297.99
297.99
297.99
297.99
297.99
297.991
297.991
297.991
297.991
297.991
297.991
297.991
297.991
297.991
297.991
297.991
297.991
297.991
297.991
297.991
297.991
297.991
297.991
297.991
297.991
297.991
297.991
297.991
297.991
297.991
297.991
297.991
297.991
297.991
297.991
297.991
297.991
297.991
297.991
297.991
297.991
297.991
297.991
297.991
297.991
297.991
297.991
297.991
297.991
297.991
297.991
297.991
297.991
297.991
297.991
297.992
297.992
297.992
297.992
297.992
297.992
297.992
297.992
297.992
297.992
297.992
297.992
297.992
297.992
297.992
297.992
297.992
297.992
297.992
297.992
297.992
297.992
297.992
297.992
297.992
297.992
297.992
297.992
297.992
297.992
297.993
297.993
297.993
297.993
297.993
297.993
297.993
297.993
297.993
297.993
297.993
297.993
297.993
297.993
297.993
297.993
297.993
297.993
297.993
297.993
297.993
297.993
297.993
297.993
297.993
297.993
297.993
297.993
297.993
297.993
297.994
297.994
297.994
297.994
297.994
297.994
297.994
297.994
297.994
297.994
297.994
297.994
297.994
297.994
297.994
297.994
297.994
297.994
297.994
297.994
297.995
297.995
297.995
297.995
297.995
297.995
297.995
297.995
297.995
297.995
297.995
297.995
297.995
297.995
297.995
297.995
297.995
297.995
297.995
297.995
297.995
297.995
297.995
297.995
297.995
297.996
297.996
297.996
297.996
297.996
297.996
297.996
297.996
297.996
297.996
297.996
297.996
297.996
297.996
297.996
297.996
297.996
297.996
297.996
297.996
297.997
297.997
297.997
297.997
297.997
297.997
297.997
297.997
297.997
297.997
297.997
297.997
297.997
297.997
297.997
297.997
297.997
297.997
297.997
297.997
297.998
297.998
297.998
297.998
297.998
297.998
297.998
297.998
297.998
297.998
297.998
297.998
297.998
297.998
297.998
297.999
297.999
297.999
297.999
297.999
297.999
297.999
297.999
297.999
297.999
297.999
297.999
297.999
297.999
297.999
297.999
297.999
297.999
297.999
297.999
298
298
298
298
298
298
298
298
298
298
)
;

boundaryField
{
    BotWall
    {
        type            fixedValue;
        value           uniform 293;
    }
    FreeStream
    {
        type            fixedValue;
        value           uniform 298;
    }
    FrontNBack
    {
        type            empty;
    }
    LeftSide
    {
        type            symmetryPlane;
    }
    RightSide
    {
        type            symmetryPlane;
    }
}


// ************************************************************************* //
