0.00015728053	1.6905683e-05	2.0736969	1.7745513e-09	-0.013367564	0.0015021021
0.00045413571	3.3605746e-05	1.1768166	1.7747235e-09	-0.0071547428	0.0015021507
0.00091762634	5.1541603e-05	0.78696664	1.7750155e-09	-0.0041431562	0.0015022331
0.0015162807	6.0464915e-05	0.61521843	1.7753445e-09	-0.0027013542	0.0015023259
0.0021410256	7.4358974e-05	0.48575092	1.775605e-09	-0.002185429	0.0015023993
0.0030368357	9.6316425e-05	0.4260647	1.775963e-09	-0.0018823934	0.0015025003
0.004	9.6316425e-05	0.39358264	1.7763431e-09	-0.0022232241	0.0015026075
0.005084582	0.00011442724	0.36053263	1.7767338e-09	-0.0022719228	0.0015027176
0.0062352941	0.00011764706	0.34859677	1.7771461e-09	-0.0028828985	0.0015028339
0.0074117647	0.00011764706	0.329872	1.7775433e-09	-0.00297548	0.0015029458
0.0086401099	0.00012362637	0.32093024	1.777952e-09	-0.0022667115	0.001503061
0.0098763736	0.00012362637	0.30820401	1.7783407e-09	-0.0016561886	0.0015031705
0.011224615	0.00012923077	0.29993629	1.7787546e-09	-0.0013672568	0.0015032872
0.012571429	0.00014285714	0.29151815	1.7791593e-09	-0.0012766846	0.0015034011
0.014	0.00014285714	0.28762455	1.7795883e-09	-0.0017967876	0.001503522
0.015428571	0.00014285714	0.28373429	1.7800147e-09	-0.0024392059	0.001503642
0.016857143	0.00014285714	0.27734959	1.7804309e-09	-0.0024818656	0.0015037592
0.018307692	0.00015384615	0.27336222	1.7808468e-09	-0.0021983661	0.0015038763
0.019846154	0.00015384615	0.2709014	1.7812878e-09	-0.0015660383	0.0015040005
0.021384615	0.00015384615	0.27112055	1.7817291e-09	-0.0012186628	0.0015041246
0.022923077	0.00015384615	0.26897631	1.7821644e-09	-0.0015880663	0.0015042471
0.024461538	0.00015384615	0.26801985	1.7826029e-09	-0.0019788412	0.0015043705
0.026	0.00015384615	0.27155717	1.7830497e-09	-0.0021980655	0.0015044962
0.027538462	0.00015384615	0.2707371	1.7834909e-09	-0.0019937648	0.0015046202
0.029076923	0.00015384615	0.26792729	1.7839263e-09	-0.001440684	0.0015047427
0.030615385	0.00015384615	0.26635984	1.7843589e-09	-0.0012440807	0.0015048643
0.032153846	0.00015384615	0.27076246	1.7848081e-09	-0.0013005567	0.0015049906
0.033692308	0.00015384615	0.26903723	1.7852439e-09	-0.0017373714	0.001505113
0.035230769	0.00015384615	0.27042115	1.785688e-09	-0.0020606863	0.0015052378
0.036769231	0.00015384615	0.26701134	1.7861203e-09	-0.0018746281	0.0015053593
0.038307692	0.00015384615	0.2674346	1.7865571e-09	-0.0016264649	0.001505482
0.039846154	0.00015384615	0.26621067	1.786991e-09	-0.0014168891	0.0015056039
0.041384615	0.00015384615	0.26398161	1.787418e-09	-0.0015455852	0.0015057238
0.042923077	0.00015384615	0.26414077	1.7878499e-09	-0.0019396191	0.001505845
0.044461538	0.00015384615	0.26646143	1.7882853e-09	-0.0022045246	0.0015059673
0.046	0.00015384615	0.26798837	1.7887249e-09	-0.0022133129	0.0015060907
0.047538462	0.00015384615	0.26708011	1.789159e-09	-0.0018800549	0.0015062125
0.049076923	0.00015384615	0.26683843	1.7895926e-09	-0.001607107	0.0015063342
0.050615385	0.00015384615	0.26724931	1.7900266e-09	-0.001667677	0.0015064559
0.052153846	0.00015384615	0.26794067	1.7904639e-09	-0.0018427641	0.0015065786
0.053692308	0.00015384615	0.27165464	1.7909096e-09	-0.0020665523	0.0015067036
0.055230769	0.00015384615	0.27034339	1.7913489e-09	-0.0019875609	0.0015068268
0.056769231	0.00015384615	0.26939296	1.7917863e-09	-0.0017087946	0.0015069494
0.058307692	0.00015384615	0.27070823	1.7922305e-09	-0.0014679878	0.0015070739
0.059846154	0.00015384615	0.27299252	1.7926782e-09	-0.0014219995	0.0015071994
0.061384615	0.00015384615	0.27178363	1.7931185e-09	-0.0016414186	0.0015073228
0.062923077	0.00015384615	0.27149201	1.7935621e-09	-0.0018674695	0.0015074471
0.064461538	0.00015384615	0.2740019	1.7940103e-09	-0.0019072703	0.0015075726
0.066	0.00015384615	0.27284415	1.794452e-09	-0.0017853467	0.0015076963
0.067538462	0.00015384615	0.27247451	1.794895e-09	-0.001599207	0.0015078204
0.069076923	0.00015384615	0.27209112	1.7953361e-09	-0.0015910311	0.0015079439
0.070615385	0.00015384615	0.27263223	1.7957792e-09	-0.0017516742	0.001508068
0.072153846	0.00015384615	0.27542619	1.7962314e-09	-0.0019630453	0.0015081945
0.073692308	0.00015384615	0.27527255	1.7966802e-09	-0.0020159249	0.0015083201
0.075153846	0.00014102564	0.28021206	1.7971232e-09	-0.0019034881	0.0015084441
0.076571429	0.00014285714	0.27876159	1.7975389e-09	-0.0017368888	0.0015085604
0.078	0.00014285714	0.27881552	1.7979591e-09	-0.0016572614	0.0015086779
0.079428571	0.00014285714	0.27864325	1.7983795e-09	-0.0016643622	0.0015087955
0.080857143	0.00014285714	0.27827852	1.798801e-09	-0.0017783423	0.0015089134
0.082285714	0.00014285714	0.2813061	1.7992316e-09	-0.0019226208	0.0015090338
0.083714286	0.00014285714	0.28252587	1.7996623e-09	-0.0019523553	0.0015091542
0.085142857	0.00014285714	0.2878838	1.8001041e-09	-0.001919727	0.0015092776
0.086571429	0.00014285714	0.28689124	1.8005345e-09	-0.0018184078	0.0015093979
0.088	0.00014285714	0.28774495	1.8009709e-09	-0.0018139803	0.0015095199
0.089428571	0.00014285714	0.29073032	1.801412e-09	-0.0019339773	0.0015096431
0.090857143	0.00014285714	0.29370341	1.8018569e-09	-0.0020552647	0.0015097674
0.092285714	0.00014285714	0.29516084	1.8023061e-09	-0.0021715728	0.0015098928
0.093714286	0.00014285714	0.29678028	1.8027542e-09	-0.0022114767	0.0015100179
0.095125	0.000125	0.30592558	1.8032107e-09	-0.0022104312	0.0015101454
0.096420513	0.00014358974	0.29485329	1.8036025e-09	-0.0020621429	0.0015102547
0.097748718	0.00012564103	0.2999428	1.8040287e-09	-0.0020388245	0.0015103737
0.099066667	0.00013333333	0.29778729	1.804439e-09	-0.0020501734	0.0015104882
0.10042857	0.00014285714	0.29911433	1.8048686e-09	-0.0021012432	0.001510608
