/*--------------------------------*- C++ -*----------------------------------*\
| =========                 |                                                 |
| \\      /  F ield         | OpenFOAM: The Open Source CFD Toolbox           |
|  \\    /   O peration     | Version:  2.4.0                                 |
|   \\  /    A nd           | Web:      www.OpenFOAM.org                      |
|    \\/     M anipulation  |                                                 |
\*---------------------------------------------------------------------------*/
FoamFile
{
    version     2.0;
    format      ascii;
    class       volScalarField;
    location    "4.2";
    object      p_rgh;
}
// * * * * * * * * * * * * * * * * * * * * * * * * * * * * * * * * * * * * * //

dimensions      [1 -1 -2 0 0 0 0];

internalField   nonuniform List<scalar> 
8000
(
51.4267
51.6008
51.7958
51.9883
52.2066
52.4552
52.5216
51.71
48.5918
46.5068
48.0739
23.2558
1.97473
2.40472
1.88087
2.27568
2.26755
2.22902
2.20231
2.19429
2.2027
2.21673
2.2253
2.22787
2.22695
2.22509
2.22367
2.22282
2.22205
2.2211
2.21986
2.21847
2.21683
2.21516
2.21354
2.21197
2.21055
2.2093
2.20869
2.20811
2.20842
2.20864
2.20928
2.21179
2.21205
2.21487
2.21644
2.21941
2.22341
2.2294
47.3336
47.4938
47.7337
48.0642
48.014
45.8902
40.2823
36.8915
-1.37812
2.03873
1.82556
2.13381
2.24125
2.25672
2.2474
2.24096
2.24492
2.24645
2.24458
2.24334
2.24249
2.24157
2.2405
2.23937
2.23829
2.23736
2.23664
2.23619
2.23605
2.23628
2.23702
2.23812
2.2399
2.24234
2.24552
2.24955
2.25453
2.2605
2.26743
2.27534
2.28395
2.29288
2.30237
2.31189
2.32103
2.32948
2.33699
2.34332
2.34828
2.35184
48.4412
48.4073
48.1632
46.9555
44.5295
17.7752
3.01992
3.72098
2.45994
2.17075
2.16853
2.2057
2.2172
2.22005
2.22037
2.22037
2.22106
2.22172
2.22229
2.22281
2.22314
2.22321
2.22302
2.22254
2.22178
2.22077
2.21958
2.2183
2.21702
2.21586
2.21495
2.21435
2.21431
2.21505
2.21673
2.21935
2.22305
2.22792
2.23238
2.23868
2.24592
2.25387
2.26223
2.27063
2.27867
2.28594
2.29205
2.29688
2.30018
2.30176
54.4718
54.3451
53.6923
52.2233
7.59883
1.34072
1.83895
3.59226
3.48694
3.2435
2.75881
2.55162
2.49708
2.36872
2.33806
2.31531
2.29519
2.28033
2.26544
2.24875
2.23215
2.2166
2.20206
2.18847
2.17586
2.16446
2.1546
2.14647
2.1398
2.13395
2.12838
2.12313
2.11853
2.11492
2.11293
2.11034
2.11304
2.10623
2.10235
2.0997
2.09662
2.09265
2.08766
2.08178
2.07532
2.06859
2.06212
2.05676
2.05319
2.04991
48.8255
49.0926
49.2867
48.8682
47.014
14.3119
13.7952
11.6289
12.0459
12.6919
11.6823
10.2706
10.0022
9.45043
8.0283
7.18574
6.61675
5.97562
5.40476
4.91652
4.47686
4.08857
3.75117
3.45794
3.20261
2.98154
2.79295
2.63479
2.50218
2.39023
2.29242
2.20937
2.14061
2.08508
2.04403
2.01656
1.99817
1.98463
1.9741
1.9657
1.95868
1.95198
1.94463
1.93645
1.92798
1.91942
1.91049
1.90149
1.89338
1.88707
67.844
67.8055
67.7902
67.7957
67.8421
67.8992
67.8764
66.4685
55.1612
50.5477
51.0308
50.5968
49.2072
46.8323
44.8124
43.2632
41.1269
38.4431
35.9198
33.4279
30.7935
28.1288
25.5123
22.9774
20.5769
18.3495
16.3173
14.4764
12.7806
11.1205
9.50997
8.01656
6.71259
5.60013
4.64065
3.82319
3.15814
2.64845
2.29794
2.10542
2.03724
2.0253
2.02395
2.02049
2.01438
2.00826
2.0032
1.99862
1.9942
1.9925
70.004
69.908
69.8196
69.761
69.7455
69.7618
69.775
69.7574
69.7201
69.6403
69.576
69.5668
69.5898
69.6308
69.6695
69.6887
69.7206
69.5126
68.1252
67.3901
66.8657
66.1694
65.2346
64.0147
62.4614
60.5125
58.1108
55.3005
52.1991
48.9365
45.464
41.7941
37.9042
33.8282
29.6798
25.5933
21.6158
17.6622
13.6953
10.0337
7.14546
5.15089
3.72661
2.7088
2.21094
2.1738
2.23112
2.25135
2.25321
2.25127
71.7754
71.714
71.6476
71.5832
71.5221
71.4621
71.4027
71.3461
71.2964
71.2551
71.2277
71.2149
71.2168
71.2327
71.2609
71.2973
71.3346
71.3675
71.3947
71.4155
71.4341
71.4558
71.4805
71.5057
71.5292
71.5506
71.5754
71.6156
71.6604
71.5848
70.7825
69.7877
69.1108
68.1969
66.7968
64.7989
62.0657
58.5212
54.202
49.1585
43.4035
36.6579
29.0053
21.0373
13.7495
8.13257
4.55224
2.9561
2.51785
2.47865
73.0571
73.0203
72.9812
72.9431
72.9087
72.8762
72.8453
72.816
72.7885
72.7629
72.7393
72.7179
72.6987
72.6816
72.6666
72.6536
72.6425
72.6331
72.6256
72.6204
72.6179
72.6188
72.623
72.6306
72.642
72.6565
72.6766
72.7018
72.7286
72.7511
72.7683
72.7809
72.7888
72.7956
72.8029
72.8132
72.8339
72.8523
72.7505
71.4702
70.5035
69.1972
66.8615
63.0001
56.9856
48.1055
36.6097
23.6567
12.7414
6.27741
74.2585
74.2275
74.1961
74.1648
74.138
74.1134
74.0908
74.0703
74.0519
74.0356
74.0214
74.0093
73.9992
73.991
73.9847
73.9802
73.9773
73.9761
73.9763
73.9781
73.9813
73.9859
73.992
73.9996
74.0117
74.0195
74.0319
74.0457
74.0608
74.0773
74.0957
74.1159
74.1383
74.1635
74.192
74.2244
74.2593
74.2914
74.319
74.3417
74.3592
74.3764
74.4005
74.4309
74.3888
72.6358
70.603
66.0457
56.0108
39.0698
75.1298
75.1032
75.0762
75.0489
75.0256
75.0039
74.9838
74.9652
74.9482
74.9328
74.9189
74.9065
74.8957
74.8865
74.8788
74.8726
74.868
74.865
74.8635
74.8637
74.8653
74.8686
74.8733
74.8797
74.8872
74.8988
74.9037
74.9168
74.9315
74.9477
74.9655
74.985
75.0062
75.0291
75.0539
75.0806
75.1092
75.14
75.173
75.209
75.2486
75.2925
75.3396
75.3844
75.4292
75.4745
75.5209
75.5344
74.4409
70.6846
75.8539
75.8344
75.815
75.7962
75.7805
75.766
75.753
75.7414
75.7311
75.7221
75.7145
75.7083
75.7033
75.6998
75.6975
75.6966
75.6971
75.6989
75.7021
75.7067
75.7126
75.7199
75.7285
75.7385
75.7497
75.7665
75.7795
75.7964
75.8143
75.8337
75.8547
75.8772
75.9015
75.9275
75.9552
75.9847
76.016
76.0493
76.0844
76.1215
76.1606
76.2019
76.2459
76.2932
76.3423
76.3843
76.4099
76.3848
75.7047
72.1829
76.0283
76.0218
76.0144
76.0073
76.0011
75.995
75.9897
75.9847
75.9801
75.9759
75.9722
75.969
75.9662
75.9639
75.962
75.9606
75.9597
75.9592
75.9593
75.9598
75.9608
75.9622
75.9641
75.9664
75.969
75.972
75.9778
75.9784
75.9835
75.9887
75.9943
76.0003
76.0066
76.0132
76.0201
76.0272
76.0346
76.0422
76.05
76.0575
76.0662
76.0765
76.0856
76.083
76.0556
75.9259
75.5377
71.1495
62.5516
50.0751
76.5687
76.5691
76.5696
76.5706
76.5717
76.5725
76.5739
76.5753
76.5768
76.5785
76.5804
76.5824
76.5847
76.5871
76.5898
76.5926
76.5957
76.599
76.6026
76.6064
76.6104
76.6147
76.6192
76.6239
76.6288
76.6338
76.641
76.6461
76.652
76.6583
76.6647
76.6714
76.6782
76.6852
76.6923
76.6995
76.7066
76.7141
76.7229
76.7335
76.7456
76.7457
76.6675
76.383
75.2472
68.545
58.2182
44.3399
29.9154
17.8212
76.6812
76.686
76.6899
76.6938
76.6975
76.7005
76.7035
76.7062
76.7088
76.7111
76.7133
76.7153
76.7171
76.7188
76.7203
76.7217
76.723
76.7242
76.7253
76.7265
76.7276
76.7287
76.73
76.7313
76.7327
76.7343
76.7362
76.739
76.7413
76.7444
76.748
76.7523
76.7572
76.7629
76.7693
76.7774
76.7887
76.8043
76.815
76.7917
76.5732
75.9612
72.525
61.5212
47.3064
30.8818
18.2836
10.5889
6.44551
4.23831
77.2753
77.2844
77.2935
77.303
77.3112
77.3191
77.3265
77.3335
77.34
77.346
77.3516
77.3568
77.3615
77.3658
77.3697
77.3733
77.3764
77.3792
77.3816
77.3838
77.3856
77.3872
77.3884
77.3895
77.3903
77.391
77.3914
77.3918
77.3921
77.3924
77.3926
77.3927
77.3927
77.3947
77.4017
77.414
77.4058
77.3192
76.8325
75.8597
69.6315
51.7551
32.4639
18.1152
8.69456
3.97075
3.06654
2.82351
2.63969
2.56095
77.4028
77.4243
77.4444
77.4628
77.4773
77.4902
77.501
77.5098
77.5164
77.5209
77.5233
77.5236
77.5218
77.5178
77.5117
77.5034
77.4928
77.48
77.4648
77.4473
77.4274
77.4049
77.3799
77.3521
77.3216
77.2882
77.2519
77.2123
77.1694
77.1228
77.0734
77.0219
76.9694
76.912
76.8502
76.5958
75.7332
74.2877
60.1851
39.2005
24.511
5.28404
2.69008
2.62145
2.58814
2.52604
2.49949
2.49356
2.49112
2.4902
78.3219
78.3387
78.3549
78.37
78.3819
78.3928
78.4022
78.4099
78.416
78.4205
78.4233
78.4246
78.4242
78.4222
78.4185
78.4132
78.4062
78.3975
78.387
78.3748
78.3609
78.345
78.3274
78.3079
78.2864
78.263
78.2376
78.2102
78.1812
78.1506
78.1179
78.0918
77.9932
77.452
75.9504
66.5943
47.3023
28.6214
2.94389
2.34679
2.65346
2.4881
2.4769
2.4712
2.47165
2.47326
2.47336
2.47305
2.47313
2.47338
79.5562
79.5667
79.578
79.5892
79.5988
79.6084
79.6173
79.6257
79.6337
79.6412
79.6482
79.6548
79.6609
79.6668
79.6723
79.6776
79.6824
79.6872
79.6917
79.6962
79.7005
79.7049
79.7089
79.7132
79.717
79.723
79.7348
79.7594
79.7868
79.8113
79.5082
78.2615
71.417
54.3102
32.3866
2.49226
2.4314
2.78359
2.46089
2.45217
2.44899
2.44959
2.44942
2.44999
2.45044
2.45452
2.45336
2.45353
2.45392
2.45445
80.394
80.4073
80.4202
80.4311
80.4403
80.4484
80.4548
80.4603
80.4647
80.468
80.4702
80.4713
80.4713
80.4703
80.4683
80.4651
80.4609
80.4556
80.4492
80.4414
80.4326
80.4226
80.4131
80.4026
80.386
80.3599
80.3836
80.4226
79.1308
77.2017
59.1965
38.4753
2.64946
2.39613
2.82099
2.4434
2.43823
2.43674
2.43176
2.43143
2.43157
2.43189
2.43222
2.43256
2.43331
2.43673
2.43643
2.43591
2.43571
2.43582
2.23586
2.23797
2.23251
2.2289
2.22745
2.22828
2.22715
2.23096
2.22607
2.21997
2.21435
2.20888
2.20317
2.19715
2.1906
2.1836
2.17633
2.16896
2.16156
2.15418
2.14686
2.13963
2.13252
2.12553
2.11867
2.11194
2.10534
2.09887
2.09251
2.08627
2.08013
2.0741
2.06817
2.06233
2.05657
2.0509
2.04531
2.03978
2.03432
2.02893
2.02358
2.01829
2.01304
2.00783
2.00264
1.99748
1.99234
1.9872
1.98205
1.97687
2.35425
2.3549
2.3543
2.35207
2.34995
2.34756
2.34248
2.33425
2.32535
2.32105
2.31144
2.30599
2.31211
2.29136
2.27889
2.26781
2.25858
2.24959
2.24039
2.23098
2.22163
2.21253
2.20367
2.19507
2.18677
2.17876
2.17106
2.16364
2.15651
2.14965
2.14305
2.1367
2.13058
2.12468
2.11899
2.1135
2.10819
2.10305
2.09808
2.09326
2.08857
2.08402
2.07958
2.07525
2.07102
2.06688
2.06282
2.05882
2.05487
2.05095
2.30196
2.30076
2.29923
2.30248
2.2922
2.2885
2.2809
2.27527
2.26922
2.26308
2.25876
2.25892
2.25063
2.23902
2.24418
2.23479
2.26633
2.24208
2.23115
2.22318
2.21634
2.2099
2.20376
2.19798
2.19257
2.18758
2.18282
2.17831
2.17414
2.17023
2.16656
2.16312
2.15989
2.15688
2.15406
2.15143
2.14899
2.14672
2.14463
2.14271
2.14095
2.13936
2.13793
2.13665
2.13554
2.13458
2.13378
2.13314
2.13266
2.13234
2.04742
2.04585
2.04502
2.04466
2.0449
2.04607
2.04808
2.0502
2.05228
2.05553
2.0572
2.0571
2.05774
2.05899
2.06156
2.06265
2.07095
2.09101
2.0846
2.08242
2.08283
2.08576
2.08961
2.09372
2.09812
2.10325
2.10725
2.11177
2.11624
2.12056
2.12471
2.12866
2.13242
2.136
2.1394
2.14263
2.14572
2.14868
2.15152
2.15425
2.15689
2.15944
2.16192
2.16434
2.16672
2.16905
2.17134
2.17359
2.17623
2.17839
1.88232
1.87932
1.87795
1.87794
1.87947
1.88218
1.8848
1.88705
1.88924
1.8923
1.89678
1.90249
1.90846
1.91479
1.92308
1.93613
1.95748
1.96347
1.96548
1.96887
1.97642
1.9866
1.99532
2.00689
2.0183
2.02977
2.04144
2.05303
2.06434
2.07524
2.08566
2.09558
2.10499
2.1139
2.12233
2.13032
2.13789
2.14508
2.1519
2.1584
2.16462
2.17065
2.17648
2.18265
2.1878
2.19337
2.19787
2.20267
2.2087
2.21308
1.99057
1.98796
1.98534
1.9829
1.9796
1.97539
1.97273
1.97208
1.97176
1.97317
1.9764
1.97843
1.98111
1.98461
1.9901
2.00804
1.99909
2.00097
2.00389
2.00911
2.01635
2.02419
2.03273
2.04174
2.05118
2.06084
2.07059
2.08019
2.08948
2.09834
2.10675
2.11466
2.12209
2.12906
2.13559
2.14173
2.14751
2.15301
2.15826
2.16339
2.16867
2.17705
2.18775
2.18226
2.18756
2.19328
2.19766
2.2021
2.2058
2.25125
2.24978
2.24779
2.24748
2.24665
2.2432
2.24006
2.23915
2.23704
2.23599
2.23636
2.23481
2.23095
2.22748
2.22636
2.2228
2.21977
2.2128
2.21062
2.20914
2.20817
2.20751
2.20702
2.20657
2.20619
2.20588
2.20559
2.20522
2.2047
2.20399
2.20309
2.20198
2.20065
2.19911
2.19735
2.19538
2.1932
2.19082
2.18828
2.18543
2.1823
2.18085
2.20098
2.23613
2.13598
2.13308
2.12866
2.12298
2.11672
2.10879
2.10467
2.48945
2.49581
2.49871
2.50057
2.50302
2.50607
2.50395
2.50631
2.50365
2.50214
2.5082
2.50456
2.49724
2.49243
2.48667
2.48079
2.47059
2.46302
2.45499
2.44635
2.43708
2.42729
2.41705
2.40651
2.3957
2.38469
2.37353
2.36227
2.35093
2.33955
2.32813
2.31667
2.30515
2.29356
2.28187
2.27003
2.25797
2.24561
2.23284
2.21992
2.20935
2.20504
2.26194
2.22897
2.20466
2.18899
2.17365
2.16043
2.14543
2.12239
3.54086
2.83356
2.7029
2.66515
2.652
2.64874
2.64765
2.64759
2.64783
2.64797
2.64537
2.64522
2.64289
2.63603
2.63154
2.6261
2.61957
2.61184
2.60292
2.59289
2.58185
2.56992
2.5572
2.54379
2.52981
2.51539
2.50063
2.48562
2.47043
2.45509
2.43965
2.42413
2.40853
2.39286
2.37709
2.36121
2.34513
2.32876
2.31195
2.29459
2.27743
2.26299
2.25163
2.24244
2.22378
2.2049
2.1834
2.17857
2.25338
2.23906
20.682
8.69885
4.24097
3.08183
2.80741
2.72733
2.69202
2.67757
2.67219
2.67108
2.6719
2.67301
2.67188
2.67839
2.67405
2.67092
2.66744
2.66341
2.65839
2.65225
2.64501
2.6367
2.62737
2.61711
2.60602
2.59418
2.58169
2.56865
2.55513
2.54119
2.52691
2.51231
2.49746
2.48237
2.46706
2.45154
2.4358
2.41981
2.40351
2.38678
2.36954
2.35192
2.33446
2.31771
2.30143
2.28539
2.26998
2.25713
2.24693
2.24051
59.7004
34.9079
13.3976
5.19844
3.24202
2.82812
2.73014
2.70538
2.69531
2.69116
2.68955
2.68947
2.69048
2.69162
2.69225
2.69241
2.69249
2.69226
2.69141
2.68971
2.68711
2.6835
2.67886
2.67319
2.66652
2.65886
2.65028
2.64081
2.63055
2.61955
2.60788
2.59564
2.58287
2.56966
2.55606
2.54212
2.5279
2.51344
2.49877
2.48392
2.4689
2.45372
2.43841
2.42307
2.40784
2.39284
2.37833
2.36449
2.35116
2.33896
65.32
51.6572
25.666
8.07034
3.79516
2.96538
2.78781
2.74978
2.74185
2.74006
2.73957
2.73982
2.74033
2.74124
2.74255
2.74424
2.74619
2.74811
2.74975
2.75089
2.75132
2.75096
2.74957
2.7471
2.74351
2.73876
2.73285
2.72579
2.7176
2.70835
2.69809
2.68691
2.67489
2.66213
2.6487
2.6347
2.6202
2.60529
2.59003
2.57449
2.55872
2.54277
2.52668
2.51046
2.49417
2.47782
2.46144
2.44506
2.42872
2.41244
35.5314
22.5495
12.1856
5.44309
3.28876
2.86397
2.7866
2.77507
2.77423
2.77616
2.77621
2.77746
2.77948
2.78104
2.78314
2.78552
2.78815
2.79086
2.79349
2.79586
2.79779
2.79916
2.79979
2.79959
2.79847
2.79629
2.79296
2.78833
2.78232
2.77483
2.76605
2.75613
2.74514
2.73317
2.72036
2.70683
2.69274
2.6782
2.66336
2.64834
2.63324
2.61819
2.60326
2.58855
2.57412
2.56006
2.54641
2.53324
2.5206
2.50852
9.88329
5.7549
3.8935
3.06739
2.78361
2.72597
2.71767
2.7171
2.7183
2.71987
2.72171
2.72382
2.7263
2.72975
2.73395
2.73713
2.73798
2.73976
2.74201
2.74428
2.74603
2.74719
2.74776
2.74814
2.74844
2.7466
2.74321
2.73792
2.73066
2.72286
2.71486
2.70609
2.69628
2.68557
2.6741
2.66201
2.64944
2.63656
2.62351
2.61035
2.59712
2.58394
2.57094
2.55824
2.54587
2.53389
2.5223
2.51113
2.50036
2.48996
3.14965
2.72305
2.63267
2.60657
2.59897
2.59778
2.59856
2.5999
2.60115
2.60232
2.60274
2.60333
2.60375
2.6042
2.60544
2.60662
2.60598
2.60455
2.60409
2.59917
2.59813
2.5962
2.59359
2.58963
2.58477
2.58036
2.57429
2.57629
2.5639
2.55572
2.54768
2.53941
2.53071
2.52154
2.51192
2.50201
2.49221
2.48312
2.47486
2.46522
2.45556
2.44675
2.43913
2.43241
2.42648
2.42137
2.41707
2.41358
2.41087
2.40887
2.53824
2.52697
2.52352
2.52305
2.52338
2.52386
2.52405
2.52411
2.52534
2.52453
2.52249
2.52095
2.5192
2.51709
2.51512
2.51317
2.51
2.50634
2.50214
2.49657
2.49133
2.48591
2.48009
2.47379
2.467
2.46011
2.45312
2.44723
2.43943
2.42982
2.4177
2.40872
2.39935
2.3891
2.37702
2.366
2.35648
2.3476
2.3391
2.33118
2.32414
2.31825
2.31355
2.31001
2.30762
2.30635
2.30629
2.30765
2.3104
2.31379
2.49033
2.49066
2.49089
2.49101
2.49096
2.49086
2.49069
2.4904
2.48997
2.48918
2.48822
2.4869
2.48678
2.4841
2.48254
2.48099
2.4828
2.47807
2.47497
2.472
2.46894
2.46613
2.46247
2.45864
2.45516
2.45157
2.44709
2.43956
2.434
2.42825
2.42255
2.41645
2.41165
2.40694
2.4005
2.39052
2.38253
2.37556
2.36974
2.36495
2.36088
2.35756
2.35524
2.35414
2.3537
2.35394
2.35539
2.35815
2.36059
2.3605
2.4737
2.474
2.4743
2.47461
2.47495
2.47575
2.47769
2.47731
2.47723
2.47756
2.47793
2.47828
2.47889
2.48
2.48065
2.48017
2.48012
2.48047
2.481
2.48156
2.48227
2.48333
2.48403
2.48468
2.48533
2.48606
2.48611
2.48705
2.48859
2.49092
2.49177
2.49205
2.49243
2.49419
2.49486
2.49976
2.49861
2.4991
2.49973
2.50026
2.50085
2.50138
2.50213
2.50396
2.50417
2.50517
2.50602
2.50685
2.50717
2.50734
2.455
2.45558
2.45619
2.45684
2.45762
2.45875
2.46173
2.46248
2.46266
2.46446
2.46583
2.46561
2.46735
2.46882
2.47167
2.47344
2.4722
2.47394
2.47598
2.47832
2.47971
2.48214
2.48467
2.48735
2.49019
2.49429
2.51304
2.51187
2.51085
2.51406
2.51862
2.52288
2.52812
2.53337
2.53825
2.54316
2.54811
2.55297
2.55704
2.56177
2.56709
2.57231
2.57696
2.58088
2.58468
2.58779
2.58926
2.58993
2.5901
2.58954
2.43596
2.4361
2.43625
2.43653
2.43717
2.43736
2.43673
2.43727
2.43725
2.43757
2.43828
2.43943
2.43973
2.43985
2.44005
2.44053
2.44078
2.4415
2.4423
2.44309
2.44392
2.44471
2.44576
2.44681
2.44773
2.44949
2.45413
2.45986
2.46171
2.46298
2.46119
2.45859
2.45945
2.46121
2.463
2.4648
2.46677
2.4701
2.47324
2.47531
2.47708
2.47775
2.47709
2.47719
2.47773
2.47776
2.47784
2.47828
2.47614
2.47231
1.97293
1.97021
1.96747
1.96468
1.96183
1.95894
1.95601
1.95299
1.94992
1.9468
1.94361
1.94034
1.93704
1.93429
1.93076
1.92714
1.92358
1.92001
1.91659
1.91312
1.90955
1.90639
1.91288
1.90926
1.91965
1.90379
1.90141
1.90238
1.90403
1.91594
1.91423
1.90915
1.89759
1.8796
1.886
1.88231
1.87813
1.89023
1.99041
1.98525
1.9157
1.89827
1.88701
1.88565
1.87949
1.87835
1.88531
2.14658
1.89236
1.87604
1.87987
1.87636
1.87233
1.87271
1.87815
1.90088
2.02571
1.78827
1.77004
1.76888
1.76798
1.75914
1.76465
1.78815
1.81862
1.76019
1.74198
1.73554
1.74328
1.7357
1.7462
1.77173
1.78186
1.72891
1.71368
1.71067
1.71339
1.70369
1.71891
1.75482
1.75649
1.74673
1.73751
1.7367
1.73675
1.73036
1.73748
1.75894
1.75472
1.7469
1.77163
1.76481
1.79674
1.76899
1.77842
1.77195
1.77474
1.81084
1.79093
1.78205
1.77777
1.7768
1.7736
1.77207
1.78091
1.79108
1.78326
1.77051
1.76515
1.7698
1.76004
1.76945
1.7691
1.76825
1.76818
1.76883
1.7695
1.77025
1.77076
1.77122
1.77411
1.77495
1.76201
1.7619
1.76248
1.76285
1.76312
1.76335
1.7635
1.76363
1.76373
1.76382
1.76391
1.76402
1.76414
1.76429
1.76449
1.76472
1.76501
1.76535
1.76574
1.76619
1.7667
1.76727
1.76788
1.76854
1.76924
1.76998
1.77073
1.77149
1.77226
1.77302
1.77377
1.77448
1.77516
1.77579
1.77636
1.77688
1.77733
1.7777
1.778
1.77821
1.77834
1.77838
1.77833
1.77819
1.77796
1.77764
1.77723
1.77673
1.77614
1.77547
1.77471
1.77387
1.77295
1.77195
1.77087
1.76972
1.7685
1.76721
1.76585
1.76442
1.76293
1.76137
1.75975
1.75807
1.75633
1.75454
1.75268
1.75077
1.7488
1.74677
1.74469
1.74256
1.74037
1.73813
1.73584
1.7335
1.73111
1.72866
1.72617
1.72363
1.72104
1.71841
1.71572
1.71299
1.71021
1.70739
1.70451
1.70159
1.69862
1.69561
1.69254
1.68943
1.68627
1.68306
1.6798
1.67649
1.67312
1.66971
1.66624
1.66272
1.65915
1.65552
1.65183
1.64809
1.64429
1.64044
1.63652
1.63255
1.62851
1.62442
1.62026
1.61605
1.61177
1.60743
1.60303
1.59857
1.59404
1.58946
1.58481
1.5801
1.57533
1.5705
1.56561
1.56066
1.55565
1.55057
1.54544
1.54026
1.53501
1.52971
1.52436
1.51895
1.51348
1.50797
1.5024
1.49678
1.49112
1.48541
1.47965
1.47384
1.46799
1.46209
1.45616
1.45018
1.44416
1.4381
1.432
1.42586
1.41969
1.41347
1.40722
1.40094
1.39462
1.38826
1.38186
1.37543
1.36897
1.36247
1.35594
1.34938
1.34278
1.33615
1.32949
1.32279
1.31606
1.30929
1.30248
1.29564
1.28877
1.28186
1.2749
1.26787
1.26079
1.25376
1.24685
1.23965
1.23145
1.22278
2.048
2.04598
2.04397
2.04194
2.0399
2.03784
2.03577
2.03367
2.03155
2.0294
2.02721
2.025
2.02295
2.04516
2.03058
2.02715
2.02471
2.02278
2.02037
2.01826
2.01629
2.01466
2.04075
2.02745
2.02435
2.02322
2.02175
2.01842
2.01737
2.02063
2.02316
2.02575
2.13614
2.09722
2.08633
2.07954
2.0902
2.068
2.0792
2.10135
2.1016
2.09367
2.07308
2.06111
2.06577
2.06763
2.08105
2.1097
2.11267
1.97476
1.95614
1.95193
1.95373
1.95466
1.95791
1.98113
2.00862
2.01388
1.86398
1.8415
1.83606
1.83528
1.81825
1.84082
1.88429
1.8822
1.85483
1.83316
1.82472
1.82249
1.81424
1.82822
1.91871
1.90199
1.87983
1.86839
1.86584
1.86274
1.86828
1.93022
1.87846
1.8665
1.86197
1.85977
1.85306
1.85403
1.87979
1.86035
1.85534
1.85736
1.8349
1.8962
1.86127
1.85859
1.86646
1.85311
1.85885
1.87164
1.82739
1.83416
1.8359
1.80089
1.80691
1.80868
1.79786
1.79598
1.79786
1.80046
1.79903
1.80303
1.80545
1.80627
1.80823
1.81056
1.81365
1.81571
1.81755
1.82126
1.82519
1.82694
1.82232
1.82324
1.82399
1.82498
1.82597
1.82675
1.82736
1.82781
1.82813
1.82834
1.82848
1.82856
1.82861
1.82863
1.82865
1.82868
1.82872
1.82879
1.82888
1.82902
1.82919
1.8294
1.82966
1.82995
1.83028
1.83063
1.83102
1.83141
1.83182
1.83223
1.83262
1.833
1.83336
1.83368
1.83395
1.83418
1.83435
1.83446
1.8345
1.83447
1.83437
1.83419
1.83393
1.83359
1.83317
1.83266
1.83208
1.83141
1.83066
1.82983
1.82892
1.82793
1.82687
1.82573
1.82453
1.82325
1.8219
1.82049
1.81901
1.81747
1.81587
1.81421
1.81248
1.8107
1.80886
1.80697
1.80502
1.80301
1.80096
1.79884
1.79668
1.79447
1.7922
1.78988
1.78752
1.7851
1.78264
1.78013
1.77757
1.77496
1.77231
1.76961
1.76687
1.76408
1.76124
1.75836
1.75543
1.75246
1.74944
1.74638
1.74327
1.74011
1.7369
1.73365
1.73035
1.727
1.72359
1.72014
1.71663
1.71307
1.70945
1.70578
1.70206
1.69827
1.69443
1.69052
1.68656
1.68254
1.67845
1.6743
1.67009
1.66581
1.66147
1.65707
1.6526
1.64806
1.64346
1.6388
1.63407
1.62927
1.62441
1.61949
1.6145
1.60944
1.60432
1.59914
1.5939
1.58859
1.58322
1.5778
1.57231
1.56677
1.56117
1.55552
1.54981
1.54405
1.53824
1.53238
1.52648
1.52052
1.51452
1.50848
1.50239
1.49626
1.49009
1.48388
1.47764
1.47136
1.46504
1.45868
1.45229
1.44587
1.43942
1.43293
1.42641
1.41986
1.41329
1.40668
1.40004
1.39338
1.38669
1.37997
1.37322
1.36645
1.35965
1.35282
1.34597
1.33909
1.33217
1.32523
1.31826
1.31127
1.30424
1.29713
1.28998
1.28291
1.27597
1.26874
1.26044
1.25159
2.13222
2.13303
2.13267
2.13266
2.13285
2.133
2.13321
2.13348
2.13382
2.13419
2.13462
2.13502
2.13659
2.13873
2.13944
2.11648
2.11603
2.11674
2.11741
2.11806
2.11871
2.11934
2.12056
2.13421
2.12577
2.12566
2.12672
2.12626
2.12734
2.15473
2.13082
2.14064
2.1236
2.25524
2.18869
2.18365
2.19226
2.19282
2.19634
2.21872
2.28705
2.1366
2.11988
2.12224
2.1221
2.10531
2.12941
2.21953
2.18438
2.15722
2.14366
2.14633
2.14566
2.14181
2.15839
2.18178
2.18257
1.98694
1.97052
1.96545
1.96321
1.94319
1.96058
2.01493
2.00449
1.98275
1.97139
1.9686
1.96672
1.95342
1.95611
2.05612
1.97533
1.96785
1.97892
1.97712
1.97158
1.97384
2.00142
1.92943
1.9551
1.93939
1.94187
1.93791
1.91632
1.92069
1.88447
1.88435
1.88332
1.88072
1.87896
1.87874
1.87541
1.87241
1.87012
1.86556
1.86305
1.88234
1.87419
1.87083
1.88098
1.8791
1.87549
1.87332
1.87136
1.88288
1.87273
1.87518
1.87505
1.87437
1.874
1.87436
1.87631
1.87423
1.87638
1.87917
1.88107
1.88215
1.88246
1.88241
1.88239
1.88268
1.88329
1.88386
1.88428
1.88455
1.88471
1.88476
1.88474
1.88466
1.88455
1.88442
1.88427
1.88413
1.884
1.88388
1.88379
1.88373
1.8837
1.88371
1.88374
1.88381
1.8839
1.88402
1.88415
1.8843
1.88445
1.88461
1.88475
1.88489
1.88499
1.88507
1.88512
1.88512
1.88508
1.88499
1.88484
1.88463
1.88436
1.88402
1.88361
1.88313
1.88259
1.88197
1.88128
1.88051
1.87968
1.87877
1.8778
1.87675
1.87564
1.87446
1.87321
1.8719
1.87053
1.86909
1.86759
1.86604
1.86443
1.86276
1.86104
1.85926
1.85743
1.85554
1.8536
1.85162
1.84958
1.84749
1.84535
1.84316
1.84093
1.83864
1.83631
1.83393
1.83151
1.82903
1.82651
1.82395
1.82134
1.81868
1.81598
1.81323
1.81044
1.8076
1.80472
1.80179
1.79881
1.79579
1.79272
1.7896
1.78644
1.78322
1.77996
1.77664
1.77327
1.76984
1.76636
1.76283
1.75924
1.75559
1.75188
1.74811
1.74427
1.74038
1.73642
1.73239
1.7283
1.72413
1.71991
1.71561
1.71124
1.70681
1.7023
1.69772
1.69307
1.68835
1.68356
1.6787
1.67377
1.66876
1.66369
1.65854
1.65333
1.64805
1.6427
1.63728
1.63179
1.62625
1.62064
1.61496
1.60923
1.60344
1.59759
1.59168
1.58572
1.57971
1.57365
1.56754
1.56139
1.55518
1.54894
1.54265
1.53633
1.52996
1.52356
1.51712
1.51065
1.50415
1.49762
1.49105
1.48446
1.47784
1.4712
1.46452
1.45783
1.45111
1.44436
1.4376
1.43081
1.42401
1.41718
1.41034
1.40348
1.3966
1.3897
1.38279
1.37585
1.3689
1.36192
1.35493
1.34792
1.34089
1.33384
1.32672
1.31956
1.31249
1.30558
1.29839
1.29009
1.28116
2.17997
2.18224
2.18235
2.18338
2.18342
2.2005
2.19294
2.19336
2.19577
2.19477
2.19574
2.19723
2.21494
2.19395
2.19387
2.19871
2.19585
2.20019
2.19939
2.19969
2.20346
2.19863
2.20852
2.20842
2.20889
2.21231
2.20611
2.20745
2.20763
2.19438
2.20103
2.19957
2.19959
2.25148
2.21806
2.21816
2.21679
2.20218
2.20523
2.38259
2.24177
2.22884
2.23866
2.22759
2.23032
2.23741
2.29584
2.14869
2.13447
2.16349
2.16006
2.16066
2.15458
2.14741
2.14356
2.34677
2.19423
2.17691
2.17107
2.16233
2.12157
2.13379
2.12937
2.05927
2.05257
2.04804
2.04475
2.04038
2.03429
2.02966
2.106
2.08143
2.06285
2.08909
2.06975
2.06628
2.06069
2.04067
2.03598
2.03698
2.01954
2.03549
2.01263
2.01778
2.00712
2.00194
1.99751
1.99587
1.99383
1.96872
1.96228
1.95907
1.95518
1.95126
1.94856
1.9462
1.94416
1.94647
1.94481
1.93793
1.9405
1.94816
1.93029
1.92953
1.92935
1.93446
1.92794
1.93033
1.93559
1.92893
1.93346
1.92917
1.93085
1.93181
1.93529
1.93385
1.9335
1.93315
1.93291
1.93299
1.93324
1.93346
1.93358
1.9336
1.93352
1.93337
1.93316
1.93292
1.93265
1.93236
1.93206
1.93177
1.93149
1.93123
1.93099
1.93076
1.93056
1.93039
1.93024
1.93011
1.93
1.92991
1.92983
1.92976
1.9297
1.92963
1.92956
1.92947
1.92937
1.92925
1.9291
1.92892
1.92871
1.92846
1.92817
1.92783
1.92745
1.92701
1.92653
1.92598
1.92539
1.92473
1.92402
1.92324
1.92241
1.92152
1.92057
1.91956
1.9185
1.91737
1.91619
1.91495
1.91365
1.9123
1.91089
1.90944
1.90792
1.90636
1.90475
1.90308
1.90137
1.8996
1.89779
1.89593
1.89402
1.89206
1.89006
1.88801
1.88591
1.88377
1.88158
1.87935
1.87706
1.87474
1.87236
1.86994
1.86748
1.86496
1.86241
1.8598
1.85715
1.85445
1.85171
1.84892
1.84607
1.84318
1.84024
1.83725
1.83421
1.83112
1.82797
1.82477
1.82151
1.81819
1.81481
1.81137
1.80787
1.80431
1.80068
1.79699
1.79322
1.78939
1.78549
1.78151
1.77746
1.77334
1.76914
1.76486
1.76051
1.75608
1.75157
1.74699
1.74232
1.73758
1.73275
1.72785
1.72287
1.71781
1.71267
1.70745
1.70216
1.69679
1.69134
1.68582
1.68023
1.67457
1.66883
1.66303
1.65717
1.65124
1.64524
1.63919
1.63308
1.62691
1.62069
1.61442
1.6081
1.60174
1.59533
1.58888
1.58238
1.57585
1.56929
1.56269
1.55606
1.5494
1.54272
1.53601
1.52927
1.52251
1.51573
1.50893
1.50212
1.49528
1.48843
1.48157
1.4747
1.46781
1.46091
1.454
1.44709
1.44017
1.43324
1.4263
1.41935
1.4124
1.40544
1.39847
1.39149
1.3845
1.37751
1.37051
1.36349
1.35642
1.34932
1.34233
1.3355
1.3284
1.32021
1.31143
2.21528
2.24514
2.23386
2.2344
2.23607
2.23762
2.23875
2.24554
2.24285
2.24411
2.24521
2.24591
2.26085
2.2862
2.24191
2.24436
2.24622
2.24773
2.24917
2.25363
2.25459
2.25626
2.25792
2.25936
2.26098
2.27703
2.25272
2.25412
2.25544
2.25681
2.25801
2.25885
2.25993
2.26085
2.26147
2.26136
2.26183
2.26062
2.25192
2.25
2.26579
2.25916
2.2585
2.26093
2.3055
2.21071
2.20824
2.22069
2.20907
2.20964
2.20992
2.20525
2.15872
2.15353
2.15633
2.15565
2.12187
2.11686
2.11871
2.10391
2.11932
2.09631
2.09826
2.09391
2.08285
2.07831
2.11678
2.10735
2.09342
2.08635
2.08178
2.07635
2.08016
2.06854
2.0771
2.05274
2.04934
2.04846
2.04426
2.0405
2.0377
2.03491
2.03249
2.03346
2.03711
2.03606
2.03205
2.02462
2.01158
2.00735
2.00508
2.00352
2.00213
2.00141
2.00061
1.9989
1.99934
2.00237
2.03258
1.97521
1.97471
1.97482
1.97477
1.97544
1.9765
1.97633
1.97777
1.98132
1.98674
1.97557
1.97735
1.97416
1.97637
1.97348
1.97375
1.97395
1.97408
1.97423
1.97418
1.97419
1.97415
1.97402
1.97382
1.97356
1.97324
1.97289
1.97252
1.97212
1.97172
1.97131
1.9709
1.9705
1.97011
1.96974
1.96938
1.96903
1.96871
1.96839
1.9681
1.96782
1.96755
1.96729
1.96704
1.9668
1.96655
1.96631
1.96606
1.96581
1.96554
1.96527
1.96497
1.96465
1.96431
1.96394
1.96354
1.96311
1.96264
1.96214
1.96159
1.961
1.96037
1.9597
1.95897
1.9582
1.95738
1.95652
1.9556
1.95463
1.95362
1.95255
1.95143
1.95027
1.94905
1.94779
1.94648
1.94512
1.94371
1.94226
1.94076
1.93921
1.93761
1.93597
1.93429
1.93255
1.93078
1.92895
1.92708
1.92517
1.92321
1.9212
1.91915
1.91705
1.91491
1.91272
1.91048
1.90819
1.90586
1.90348
1.90105
1.89857
1.89604
1.89346
1.89083
1.88815
1.88541
1.88262
1.87977
1.87687
1.8739
1.87088
1.8678
1.86465
1.86144
1.85816
1.85481
1.85139
1.8479
1.84433
1.84069
1.83698
1.83318
1.8293
1.82534
1.8213
1.81717
1.81296
1.80866
1.80427
1.79979
1.79523
1.79057
1.78583
1.78099
1.77607
1.77106
1.76596
1.76077
1.7555
1.75013
1.74469
1.73915
1.73354
1.72784
1.72207
1.71622
1.71029
1.70429
1.69822
1.69208
1.68588
1.67961
1.67328
1.6669
1.66046
1.65397
1.64743
1.64084
1.63422
1.62755
1.62084
1.61411
1.60734
1.60054
1.59372
1.58687
1.58
1.57311
1.56621
1.55929
1.55237
1.54543
1.53848
1.53153
1.52457
1.51761
1.51064
1.50368
1.49672
1.48976
1.48281
1.47586
1.46891
1.46197
1.45504
1.44811
1.44119
1.43427
1.42736
1.42045
1.41354
1.40663
1.39974
1.39283
1.38589
1.37893
1.37207
1.36537
1.35841
1.35046
1.34212
2.26147
2.25943
2.26249
2.26528
2.26785
2.27046
2.27333
2.2765
2.27833
2.28116
2.28547
2.29453
2.42099
2.12166
2.12422
2.1283
2.13087
2.1334
2.13512
2.13675
2.13966
2.1411
2.1423
2.1439
2.16489
2.16518
2.16443
2.16449
2.16514
2.16537
2.16562
2.16598
2.16598
2.16688
2.16955
2.21757
2.10739
2.10805
2.11275
2.11276
2.1108
2.11123
2.13622
2.08101
2.08032
2.0833
2.08206
2.07577
2.07526
2.11389
2.1409
2.09604
2.09341
2.09165
2.08954
2.0871
2.08496
2.0869
2.07442
2.07268
2.07124
2.06991
2.06844
2.07068
2.07564
2.07386
2.04803
2.03864
2.03659
2.03582
2.03534
2.03448
2.03317
2.0349
2.03024
2.02922
2.02825
2.02728
2.02635
2.02568
2.02469
2.02372
2.0247
2.03289
2.0422
2.04275
2.04182
2.03622
2.02072
2.01624
2.01541
2.01503
2.01468
2.01432
2.01396
2.01424
2.01852
2.02624
2.02745
2.01207
2.00491
2.00457
2.00481
2.00479
2.00491
2.00503
2.0052
2.00799
2.00578
2.0055
2.00565
2.00546
2.00541
2.0054
2.00518
2.00614
2.00608
2.00522
2.00483
2.00448
2.00411
2.00372
2.0033
2.00286
2.00241
2.00196
2.00151
2.00106
2.00062
2.0002
1.99978
1.99939
1.99901
1.99864
1.9983
1.99797
1.99766
1.99737
1.9971
1.99684
1.9966
1.99637
1.99615
1.99594
1.99574
1.99553
1.99533
1.99512
1.99491
1.99469
1.99445
1.9942
1.99393
1.99364
1.99332
1.99297
1.9926
1.99219
1.99175
1.99127
1.99075
1.99019
1.98959
1.98895
1.98826
1.98753
1.98675
1.98593
1.98507
1.98415
1.98319
1.98219
1.98114
1.98004
1.9789
1.97771
1.97648
1.9752
1.97387
1.9725
1.97109
1.96963
1.96813
1.96658
1.96499
1.96335
1.96167
1.95994
1.95816
1.95634
1.95447
1.95255
1.95058
1.94857
1.9465
1.94439
1.94222
1.94001
1.93774
1.93542
1.93304
1.9306
1.92811
1.92556
1.92295
1.92028
1.91754
1.91474
1.91188
1.90894
1.90593
1.90285
1.89969
1.89645
1.89314
1.88974
1.88626
1.88269
1.87903
1.87528
1.87144
1.86751
1.86348
1.85935
1.85513
1.8508
1.84638
1.84185
1.83722
1.83249
1.82766
1.82273
1.8177
1.81257
1.80734
1.802
1.79658
1.79105
1.78543
1.77972
1.77392
1.76802
1.76205
1.75598
1.74984
1.74362
1.73733
1.73096
1.72452
1.71802
1.71146
1.70484
1.69817
1.69144
1.68467
1.67785
1.671
1.6641
1.65718
1.65023
1.64325
1.63625
1.62923
1.62219
1.61514
1.60809
1.60102
1.59396
1.58689
1.57982
1.57276
1.56571
1.55866
1.55163
1.54461
1.5376
1.53061
1.52363
1.51668
1.50974
1.50283
1.49593
1.48906
1.4822
1.47537
1.46856
1.46176
1.45499
1.44823
1.44148
1.43475
1.42804
1.42133
1.41459
1.40786
1.40123
1.39471
1.38792
1.38037
1.37277
2.17739
2.13489
2.12392
2.11816
2.11264
2.10722
2.10189
2.09591
2.08959
2.08139
2.07922
2.08721
2.18199
2.16975
2.15035
2.13611
2.12786
2.12079
2.11447
2.10868
2.11058
2.09986
2.09358
2.14878
2.07588
2.07089
2.07176
2.06688
2.06436
2.10097
2.03586
2.0355
2.03255
2.01739
2.01899
2.06033
2.00986
2.00522
2.00446
2.00153
1.99641
1.99779
1.99709
1.96425
1.96517
1.96599
1.9657
1.96412
1.96481
1.96934
2.00485
1.93778
1.93683
1.93824
1.9386
1.93894
1.93913
1.9425
1.96105
1.92515
1.92602
1.92615
1.92586
1.92528
1.92725
1.98943
1.9723
1.96499
1.96548
1.96563
1.9655
1.96839
1.96967
1.9671
1.96778
1.96862
1.96956
1.97114
1.97965
1.97061
1.97093
1.97156
1.9721
1.974
1.97702
1.98021
1.98591
2.02701
2.02612
2.01191
2.00426
2.00335
2.00393
2.00462
2.00523
2.00588
2.00746
2.01092
2.0147
2.02064
2.03014
2.03238
2.02733
2.01629
2.01237
2.0132
2.01389
2.01444
2.01473
2.01546
2.01618
2.01688
2.01756
2.0182
2.01897
2.02002
2.02423
2.01853
2.01872
2.0191
2.01946
2.01978
2.02005
2.02028
2.02048
2.02065
2.0208
2.02092
2.02104
2.02114
2.02124
2.02133
2.02141
2.02149
2.02157
2.02165
2.02173
2.0218
2.02187
2.02193
2.022
2.02206
2.02211
2.02216
2.02219
2.02222
2.02224
2.02224
2.02222
2.02218
2.02213
2.02205
2.02194
2.02181
2.02164
2.02145
2.02122
2.02095
2.02065
2.02031
2.01993
2.01951
2.01905
2.01855
2.018
2.01741
2.01678
2.0161
2.01538
2.01462
2.01381
2.01296
2.01207
2.01113
2.01015
2.00912
2.00806
2.00694
2.00579
2.00459
2.00335
2.00207
2.00074
1.99937
1.99796
1.99649
1.99499
1.99343
1.99183
1.99019
1.98849
1.98675
1.98495
1.9831
1.9812
1.97925
1.97724
1.97518
1.97306
1.97088
1.96864
1.96634
1.96397
1.96154
1.95904
1.95647
1.95383
1.95111
1.94832
1.94544
1.94249
1.93944
1.93631
1.93309
1.92978
1.92637
1.92286
1.91926
1.91555
1.91173
1.90781
1.90377
1.89963
1.89537
1.89101
1.88652
1.88192
1.87721
1.87238
1.86744
1.86238
1.85721
1.85193
1.84653
1.84102
1.83541
1.82969
1.82387
1.81794
1.81192
1.80579
1.79958
1.79328
1.78689
1.78042
1.77387
1.76724
1.76055
1.75379
1.74697
1.74009
1.73316
1.72618
1.71916
1.71209
1.70499
1.69786
1.69071
1.68353
1.67634
1.66913
1.66191
1.65468
1.64746
1.64024
1.63302
1.62581
1.61861
1.61143
1.60427
1.59713
1.59001
1.58293
1.57587
1.56884
1.56184
1.55488
1.54796
1.54107
1.53423
1.52741
1.52064
1.51391
1.50721
1.50056
1.49394
1.48735
1.4808
1.47427
1.46778
1.46131
1.45487
1.44844
1.44201
1.4356
1.42928
1.42301
1.41648
1.40944
1.40277
2.11265
2.15255
2.11439
2.10328
2.13687
2.11759
2.1207
2.15996
2.15091
2.13469
2.1484
2.12699
2.12708
2.1282
2.12934
2.26332
2.10851
2.0932
2.09671
2.04414
2.06025
2.0836
2.08133
2.06714
2.05425
2.04569
2.04707
2.03694
2.03431
2.0476
2.05588
1.96549
1.95412
1.95721
1.94999
1.93858
1.93806
1.94781
1.95519
1.86392
1.85393
1.85216
1.84404
1.84087
2.06198
1.90556
1.9013
1.89825
1.89631
1.87887
1.87793
1.95988
1.88537
1.88282
1.89881
1.89085
1.88118
1.94149
1.93413
1.92739
1.95037
1.93272
1.96078
1.91369
1.91505
1.91161
1.91109
1.94613
1.90794
1.91047
1.91367
1.92062
1.9175
1.92503
1.91569
1.92012
1.92369
1.92608
1.93192
1.94179
1.92932
1.93355
1.93667
1.94123
1.94798
1.94994
1.95414
1.95719
1.9631
1.96987
1.97385
1.97736
1.97953
1.98056
1.98336
1.98652
1.98955
1.99239
1.99585
2.00043
2.0064
2.01354
2.02295
2.02748
2.03001
2.03116
2.02599
2.02095
2.02061
2.02192
2.02358
2.02509
2.02654
2.0281
2.02912
2.03058
2.03901
2.03563
2.03641
2.03764
2.03881
2.0396
2.04066
2.04164
2.04253
2.04333
2.04408
2.04477
2.04542
2.04601
2.04657
2.0471
2.04759
2.04806
2.0485
2.04891
2.0493
2.04967
2.05001
2.05033
2.05063
2.05091
2.05116
2.05139
2.05159
2.05177
2.05192
2.05205
2.05214
2.0522
2.05223
2.05223
2.0522
2.05213
2.05203
2.05189
2.05171
2.05149
2.05124
2.05095
2.05062
2.05024
2.04983
2.04938
2.04889
2.04836
2.04779
2.04718
2.04653
2.04584
2.04511
2.04434
2.04353
2.04269
2.0418
2.04088
2.03991
2.03891
2.03787
2.03678
2.03566
2.0345
2.03329
2.03205
2.03076
2.02942
2.02805
2.02662
2.02515
2.02364
2.02207
2.02045
2.01879
2.01706
2.01529
2.01345
2.01156
2.00961
2.0076
2.00552
2.00337
2.00116
1.99888
1.99652
1.99408
1.99157
1.98897
1.98629
1.98352
1.98066
1.97771
1.97466
1.9715
1.96824
1.96488
1.9614
1.95781
1.95411
1.95028
1.94634
1.94227
1.93808
1.93376
1.92931
1.92473
1.92003
1.91519
1.91022
1.90513
1.89991
1.89455
1.88908
1.88348
1.87776
1.87191
1.86596
1.85989
1.85371
1.84742
1.84103
1.83454
1.82796
1.82129
1.81453
1.80769
1.80078
1.7938
1.78675
1.77964
1.77248
1.76526
1.75801
1.75071
1.74338
1.73603
1.72865
1.72125
1.71383
1.70641
1.69899
1.69157
1.68415
1.67674
1.66935
1.66197
1.65462
1.64729
1.64
1.63274
1.62552
1.61833
1.6112
1.60411
1.59707
1.59008
1.58315
1.57627
1.56945
1.56268
1.55598
1.54933
1.54274
1.53621
1.52974
1.52332
1.51696
1.51065
1.5044
1.49819
1.49202
1.4859
1.47981
1.47374
1.46769
1.46169
1.45577
1.44985
1.44367
1.43725
1.43156
2.21268
2.19799
2.18357
2.17011
2.16366
2.15476
2.14188
2.13783
2.20896
2.18505
2.13982
2.1782
2.15227
2.16823
2.20275
2.21371
2.11498
2.08313
2.07252
2.06662
2.04997
2.04835
2.26252
2.16767
2.15018
2.14732
2.07922
2.10752
2.1223
2.08526
2.06272
2.0655
2.00463
2.13376
2.13236
2.11617
2.10355
2.10101
2.09567
2.09179
2.0892
2.08826
2.10575
2.11714
2.12411
2.13209
2.12437
2.11626
2.12918
2.05529
2.06856
2.07575
1.95111
2.00657
1.88386
1.95786
1.96681
1.96134
1.96135
1.96317
1.96743
1.95296
1.95102
1.95369
1.96543
1.97241
1.88059
1.88471
1.88815
1.88915
1.89525
1.89067
1.88982
1.95733
1.94017
1.93789
1.94106
1.94508
1.93565
1.9487
1.94942
1.93849
1.95439
1.95426
1.96945
1.96148
1.96898
1.97204
1.97586
1.97976
1.98362
1.98623
1.99029
1.99424
1.99822
2.00254
2.00618
2.00909
2.01289
2.01461
2.01851
2.02237
2.02668
2.03161
2.03618
2.04102
2.0459
2.04837
2.05064
2.05084
2.05059
2.05119
2.05047
2.05178
2.05398
2.05565
2.05632
2.0611
2.06024
2.07642
2.07774
2.07548
2.07699
2.07801
2.07884
2.07979
2.08062
2.08127
2.082
2.08267
2.08329
2.08386
2.08439
2.08487
2.08531
2.08572
2.0861
2.08644
2.08674
2.08699
2.08721
2.08739
2.08753
2.08764
2.08772
2.08776
2.08776
2.08774
2.08768
2.08758
2.08745
2.08729
2.0871
2.08687
2.08661
2.08632
2.08599
2.08563
2.08524
2.08482
2.08437
2.08388
2.08336
2.08281
2.08223
2.08162
2.08098
2.0803
2.0796
2.07886
2.0781
2.0773
2.07648
2.07562
2.07473
2.07381
2.07286
2.07188
2.07087
2.06982
2.06874
2.06762
2.06647
2.06527
2.06404
2.06277
2.06146
2.06011
2.05871
2.05726
2.05577
2.05423
2.05263
2.05098
2.04927
2.0475
2.04567
2.04378
2.04182
2.03979
2.03769
2.03551
2.03325
2.03092
2.02849
2.02598
2.02338
2.02068
2.01788
2.01497
2.01196
2.00884
2.0056
2.00224
1.99876
1.99516
1.99143
1.98756
1.98356
1.97942
1.97515
1.97073
1.96616
1.96146
1.9566
1.95161
1.94647
1.94118
1.93575
1.93018
1.92448
1.91863
1.91265
1.90655
1.90031
1.89395
1.88748
1.88089
1.8742
1.8674
1.8605
1.85351
1.84643
1.83927
1.83203
1.82473
1.81736
1.80994
1.80247
1.79495
1.78739
1.7798
1.77219
1.76455
1.7569
1.74924
1.74157
1.73391
1.72625
1.71861
1.71098
1.70338
1.6958
1.68825
1.68074
1.67327
1.66585
1.65847
1.65115
1.64389
1.63668
1.62954
1.62247
1.61547
1.60854
1.60169
1.59491
1.58822
1.5816
1.57506
1.56861
1.56223
1.55594
1.54972
1.54359
1.53753
1.53154
1.52563
1.51978
1.514
1.50827
1.5026
1.49697
1.49137
1.48585
1.4804
1.47491
1.4692
1.46345
1.45867
2.26137
2.26732
2.26694
2.2724
2.27228
2.25558
2.23091
2.21602
2.21447
2.20573
2.20021
2.19525
2.19035
2.18856
2.19015
2.19307
2.19371
2.19342
2.20311
2.22954
2.23921
2.23615
2.21452
2.19369
2.19053
2.18718
2.18291
2.18456
2.19994
2.22035
2.22659
2.22698
2.21207
2.1994
2.19381
2.14962
2.17802
2.21173
2.13759
2.11874
2.11447
2.11403
2.10562
2.1089
2.13223
2.14048
2.14041
2.1354
2.11591
2.16657
2.16392
2.17483
2.27131
2.27802
2.26661
2.29184
2.23631
2.2573
2.26843
2.12657
2.16504
2.17641
2.22713
2.14602
2.23883
2.22933
2.22686
2.25243
2.26632
2.10046
2.10377
2.12451
2.03038
2.03004
1.95395
1.96779
1.92489
1.97978
1.98697
1.97772
1.98297
1.99258
1.99464
1.99824
2.00735
2.00509
2.00813
2.01219
2.01568
2.01851
2.02301
2.02653
2.0352
2.03685
2.03918
2.04381
2.04704
2.05057
2.05448
2.05752
2.06502
2.06619
2.0687
2.08412
2.08
2.08176
2.08
2.08236
2.08539
2.08798
2.09103
2.09165
2.0931
2.09704
2.10768
2.10804
2.10458
2.10323
2.11496
2.11252
2.10942
2.13341
2.13717
2.13024
2.13641
2.13305
2.13918
2.12643
2.1264
2.12729
2.1263
2.12906
2.12611
2.12614
2.12599
2.12591
2.12581
2.1257
2.12564
2.12559
2.12557
2.12555
2.12557
2.1254
2.12529
2.12515
2.12498
2.12478
2.12455
2.12428
2.12399
2.12366
2.12331
2.12292
2.12251
2.12206
2.12158
2.12107
2.12053
2.11997
2.11938
2.11876
2.11811
2.11744
2.11675
2.11603
2.11529
2.11452
2.11373
2.11292
2.11208
2.11123
2.11035
2.10944
2.10852
2.10757
2.10659
2.10559
2.10457
2.10351
2.10243
2.10132
2.10018
2.09901
2.0978
2.09656
2.09528
2.09396
2.09259
2.09118
2.08973
2.08822
2.08666
2.08505
2.08337
2.08164
2.07983
2.07796
2.07602
2.07401
2.07191
2.06973
2.06747
2.06511
2.06266
2.06011
2.05745
2.05469
2.05182
2.04883
2.04572
2.04248
2.03911
2.03561
2.03197
2.02819
2.02426
2.02019
2.01596
2.01158
2.00704
2.00235
1.99749
1.99247
1.9873
1.98196
1.97647
1.97081
1.965
1.95904
1.95293
1.94667
1.94027
1.93374
1.92707
1.92027
1.91335
1.90632
1.89918
1.89194
1.8846
1.87717
1.86966
1.86207
1.85442
1.8467
1.83893
1.83112
1.82326
1.81538
1.80746
1.79953
1.79158
1.78363
1.77568
1.76773
1.75979
1.75187
1.74398
1.73611
1.72827
1.72048
1.71272
1.70502
1.69737
1.68977
1.68224
1.67477
1.66738
1.66006
1.65282
1.64566
1.63859
1.63161
1.62472
1.61793
1.61124
1.60465
1.59817
1.59179
1.58551
1.57934
1.57328
1.56732
1.56146
1.55571
1.55005
1.54449
1.53903
1.53365
1.52836
1.52313
1.51797
1.51287
1.50787
1.50294
1.49797
1.49282
1.48777
1.48378
2.33317
2.32939
2.32751
2.34049
2.35706
2.358
2.33787
2.31412
2.2974
2.29158
2.2873
2.28229
2.27797
2.27374
2.26958
2.2654
2.26096
2.2566
2.25393
2.25263
2.25023
2.26732
2.27585
2.27514
2.24059
2.21548
2.19813
2.21189
2.20538
2.20794
2.4698
2.40793
2.3777
2.36443
2.36794
2.35587
2.35203
2.35177
2.37534
2.37934
2.33745
2.31102
2.29826
2.31107
2.28792
2.28469
2.29443
2.30157
2.29872
2.2673
2.24869
2.31813
2.31421
2.32296
2.4218
2.42744
2.3047
2.41503
2.41878
2.41966
2.45065
2.45162
2.35202
2.33331
2.32749
2.33663
2.32824
2.3297
2.35507
2.39906
2.35497
2.34379
2.30115
2.21914
2.22622
2.13317
2.13568
2.1427
2.10789
2.12653
2.1358
2.07723
2.08073
2.08902
2.09467
2.08296
2.09302
2.09942
2.07693
2.08209
2.08758
2.09219
2.09735
2.10153
2.10544
2.11311
2.11675
2.1197
2.12366
2.12684
2.12713
2.13178
2.13313
2.13584
2.14249
2.14446
2.14473
2.1486
2.14978
2.15238
2.16483
2.15594
2.15674
2.15251
2.1543
2.15685
2.16369
2.16486
2.15574
2.15008
2.16055
2.1605
2.16819
2.1684
2.16547
2.16246
2.17835
2.16618
2.17072
2.16582
2.16474
2.16854
2.16587
2.16451
2.17675
2.16923
2.16749
2.16788
2.16782
2.1675
2.16704
2.16675
2.16648
2.16618
2.16587
2.16622
2.16495
2.1645
2.16397
2.16341
2.16281
2.16218
2.16151
2.16083
2.16013
2.15941
2.15868
2.15792
2.15714
2.15634
2.15553
2.1547
2.15385
2.15299
2.15212
2.15124
2.15034
2.14943
2.14851
2.14757
2.14663
2.14567
2.1447
2.14372
2.14272
2.14171
2.14069
2.13965
2.13859
2.13751
2.13642
2.1353
2.13415
2.13299
2.13179
2.13056
2.1293
2.128
2.12666
2.12529
2.12386
2.12239
2.12086
2.11928
2.11763
2.11592
2.11415
2.1123
2.11037
2.10836
2.10627
2.10408
2.1018
2.09942
2.09693
2.09433
2.09162
2.08879
2.08583
2.08274
2.07952
2.07615
2.07264
2.06898
2.06516
2.06119
2.05705
2.05275
2.04828
2.04364
2.03882
2.03383
2.02866
2.02332
2.0178
2.01211
2.00624
2.0002
1.99399
1.98761
1.98108
1.97439
1.96754
1.96056
1.95343
1.94618
1.93879
1.9313
1.92369
1.91598
1.90818
1.90029
1.89233
1.88429
1.8762
1.86805
1.85986
1.85164
1.84338
1.8351
1.82681
1.81851
1.8102
1.80191
1.79363
1.78537
1.77713
1.76892
1.76075
1.75262
1.74454
1.73652
1.72855
1.72064
1.7128
1.70504
1.69735
1.68974
1.68222
1.6748
1.66746
1.66023
1.65311
1.64609
1.63919
1.6324
1.62574
1.6192
1.61279
1.60651
1.60036
1.59435
1.58847
1.58272
1.57711
1.57163
1.56628
1.56106
1.55596
1.55098
1.54611
1.54135
1.53668
1.5321
1.52764
1.52327
1.51887
1.51434
1.51001
1.50675
2.39993
2.39119
2.38223
2.37276
2.36994
2.72182
2.475
2.4514
2.43936
2.43073
2.42267
2.41488
2.40733
2.40002
2.39293
2.38627
2.37981
2.37268
2.3667
2.36057
2.35438
2.34805
2.34104
2.35929
2.43624
2.42046
2.39243
2.37607
2.38801
2.37683
2.51272
2.44966
2.41555
2.41046
2.40729
2.40447
2.40158
2.39781
2.39753
2.42279
2.43638
2.39124
2.36663
2.35589
2.3606
2.35819
2.35311
2.35976
2.37561
2.37436
2.282
2.26605
2.33097
2.31604
2.329
2.52312
2.45722
2.4364
2.50962
2.47702
2.50553
2.5193
2.52114
2.40811
2.38196
2.37466
2.37503
2.37406
2.37282
2.38921
2.52178
2.43388
2.42009
2.41509
2.24853
2.28277
2.20558
2.18865
2.22756
2.21598
2.21769
2.27246
2.27101
2.25508
2.24753
2.25239
2.23966
2.23795
2.25616
2.24268
2.23654
2.23351
2.23097
2.22863
2.22814
2.2263
2.22503
2.22852
2.22514
2.22396
2.22332
2.22301
2.22257
2.22204
2.22182
2.22268
2.22364
2.21644
2.21832
2.21713
2.23819
2.23028
2.22959
2.23169
2.2328
2.23155
2.23333
2.23798
2.24585
2.24843
2.2184
2.21589
2.22378
2.20959
2.2192
2.2263
2.19951
2.19598
2.205
2.17244
2.19548
2.1962
2.18984
2.20396
2.20015
2.20071
2.20125
2.20032
2.25277
2.2123
2.20747
2.20742
2.20685
2.20614
2.20539
2.20454
2.20377
2.20307
2.20365
2.20149
2.20037
2.19946
2.19845
2.19746
2.19645
2.19542
2.19439
2.19336
2.19235
2.19135
2.19032
2.18929
2.18826
2.18724
2.18621
2.18518
2.18415
2.18313
2.18211
2.18109
2.18008
2.17907
2.17806
2.17705
2.17604
2.17502
2.17399
2.17296
2.17192
2.17087
2.16981
2.16873
2.16764
2.16652
2.16538
2.16421
2.16302
2.16179
2.16052
2.15922
2.15786
2.15646
2.15501
2.1535
2.15193
2.15029
2.14858
2.14679
2.14491
2.14295
2.1409
2.13874
2.13648
2.13411
2.13162
2.12902
2.12628
2.12341
2.1204
2.11724
2.11394
2.11047
2.10685
2.10306
2.09909
2.09495
2.09063
2.08613
2.08144
2.07655
2.07148
2.06622
2.06076
2.0551
2.04926
2.04322
2.03699
2.03057
2.02397
2.0172
2.01025
2.00313
1.99585
1.98841
1.98083
1.97311
1.96526
1.95729
1.94921
1.94102
1.93274
1.92438
1.91594
1.90743
1.89887
1.89026
1.88161
1.87293
1.86424
1.85552
1.8468
1.83809
1.82938
1.82069
1.81202
1.80339
1.79479
1.78623
1.77771
1.76926
1.76086
1.75252
1.74426
1.73607
1.72796
1.71993
1.712
1.70416
1.69642
1.68879
1.68128
1.67388
1.6666
1.65945
1.65243
1.64555
1.63882
1.63223
1.6258
1.61952
1.61341
1.60746
1.60168
1.59606
1.59062
1.58535
1.58025
1.57531
1.57053
1.56592
1.56146
1.55713
1.55294
1.54888
1.54496
1.54116
1.53736
1.53348
1.52987
1.52732
2.49963
2.49352
2.48749
2.48157
2.47578
2.50418
2.47841
2.44546
2.43858
2.4328
2.42732
2.42189
2.41645
2.41098
2.40548
2.4006
2.39468
2.38866
2.38307
2.37745
2.37195
2.36638
2.35677
2.35803
2.68108
2.47317
2.44836
2.43894
2.43634
2.43017
2.42523
2.43798
2.41963
2.41297
2.40724
2.4017
2.39614
2.38931
2.37927
2.39288
2.51833
2.3912
2.36094
2.34811
2.33993
2.33166
2.32231
2.31081
2.31647
2.40823
2.28857
2.25979
2.29535
2.28382
2.27516
2.60654
2.46181
2.43207
2.47018
2.43501
2.44927
2.5648
2.49983
2.4598
2.43953
2.42583
2.4128
2.42359
2.41273
2.40384
2.73167
2.64708
2.61735
2.71204
2.60986
2.61399
2.60801
2.44364
2.429
2.44472
2.41111
2.41836
2.43653
2.3641
2.35176
2.3481
2.34505
2.32545
2.32763
2.32792
2.30317
2.29873
2.29672
2.29484
2.29317
2.29296
2.28995
2.28892
2.28945
2.28182
2.28001
2.27832
2.27652
2.27458
2.2725
2.2702
2.26824
2.27175
2.26582
2.26854
2.26569
2.26325
2.26172
2.25268
2.24868
2.24637
2.24247
2.23759
2.23484
2.30778
2.27846
2.26727
2.28347
2.2771
2.27451
2.27849
2.27518
2.23318
2.27183
2.26408
2.26448
2.28721
2.28358
2.27307
2.26705
2.26785
2.25466
2.25199
2.26395
2.28873
2.28325
2.26447
2.25492
2.25104
2.24833
2.2457
2.24308
2.2408
2.23823
2.23633
2.23472
2.23287
2.2353
2.23169
2.22892
2.2274
2.22594
2.22457
2.22324
2.22201
2.22085
2.21979
2.2188
2.21785
2.21673
2.21575
2.21478
2.21381
2.21289
2.21197
2.21106
2.21016
2.20926
2.20837
2.20749
2.20661
2.20572
2.20483
2.20392
2.203
2.20208
2.20114
2.20018
2.19921
2.19821
2.19719
2.19614
2.19506
2.19394
2.19278
2.19158
2.19033
2.18902
2.18765
2.18622
2.18472
2.18314
2.18148
2.17973
2.17789
2.17595
2.1739
2.17173
2.16944
2.16703
2.16448
2.16179
2.15896
2.15597
2.15282
2.14951
2.14602
2.14235
2.1385
2.13446
2.13022
2.12579
2.12115
2.11631
2.11126
2.10599
2.10052
2.09482
2.08892
2.0828
2.07647
2.06994
2.0632
2.05625
2.04911
2.04178
2.03427
2.02658
2.01872
2.01071
2.00254
1.99423
1.98579
1.97723
1.96856
1.95978
1.95092
1.94198
1.93298
1.92391
1.9148
1.90564
1.89646
1.88726
1.87805
1.86884
1.85964
1.85045
1.84128
1.83214
1.82303
1.81397
1.80495
1.796
1.7871
1.77827
1.76951
1.76083
1.75223
1.74373
1.73532
1.72701
1.71881
1.71072
1.70276
1.69492
1.68721
1.67965
1.67222
1.66496
1.65785
1.65091
1.64414
1.63755
1.63115
1.62494
1.61894
1.61313
1.60754
1.60215
1.59699
1.59203
1.5873
1.58277
1.57846
1.57435
1.57044
1.56671
1.56316
1.55979
1.55657
1.55338
1.55016
1.54727
1.54541
2.48208
2.47638
2.4705
2.46464
2.45933
2.4813
2.45945
2.45295
2.44745
2.44227
2.43724
2.43232
2.42748
2.42271
2.418
2.41392
2.40909
2.40454
2.40009
2.39567
2.39139
2.38732
2.38049
2.37746
2.58199
2.41849
2.40624
2.40067
2.39581
2.39106
2.38629
2.38147
2.37684
2.37135
2.36592
2.3605
2.35496
2.34618
2.33688
2.69303
2.52903
2.50646
2.49765
2.49234
2.48788
2.48443
2.48104
2.47539
2.53404
2.48193
2.31398
2.30701
2.30987
2.30428
2.30063
2.64218
2.41612
2.39904
2.40095
2.36315
2.71629
2.61073
2.53998
2.59706
2.50614
2.52029
2.48287
2.47345
2.47821
2.42229
2.78618
2.6492
2.63033
2.68845
2.62936
2.65871
2.62203
2.46563
2.46178
2.47734
2.45872
2.47842
2.46934
2.35884
2.35778
2.37526
2.37679
2.37871
2.38584
2.38289
2.34372
2.34407
2.34461
2.34463
2.3446
2.34767
2.34666
2.34643
2.3495
2.34354
2.34223
2.34112
2.33987
2.33858
2.33728
2.33586
2.33448
2.33405
2.33103
2.32195
2.32499
2.32167
2.32125
2.32162
2.31446
2.3128
2.31311
2.31237
2.31102
2.33351
2.32219
2.29548
2.29399
2.29455
2.28877
2.29391
2.33736
2.30164
2.29386
2.30083
2.28623
2.29321
2.30399
2.29604
2.2865
2.28338
2.28245
2.27317
2.27809
2.29397
2.29806
2.2964
2.29434
2.28057
2.2679
2.26287
2.25964
2.2572
2.25602
2.25461
2.25271
2.25162
2.25102
2.25117
2.25085
2.25179
2.25101
2.24969
2.24605
2.245
2.24461
2.24406
2.2434
2.24288
2.24241
2.24185
2.24192
2.24182
2.23957
2.23871
2.23825
2.23769
2.23717
2.23664
2.23609
2.23552
2.23493
2.23434
2.23376
2.23318
2.23258
2.23196
2.23131
2.23064
2.22994
2.22921
2.22844
2.22764
2.22679
2.22589
2.22494
2.22394
2.22288
2.22175
2.22056
2.21929
2.21794
2.2165
2.21496
2.21333
2.21158
2.20973
2.20775
2.20564
2.20339
2.201
2.19846
2.19576
2.19289
2.18985
2.18663
2.18322
2.17962
2.17582
2.17181
2.16759
2.16315
2.15848
2.15359
2.14847
2.14312
2.13754
2.13172
2.12566
2.11937
2.11284
2.10609
2.0991
2.0919
2.08447
2.07683
2.06899
2.06095
2.05272
2.04431
2.03573
2.027
2.01811
2.00909
1.99994
1.99068
1.98132
1.97186
1.96233
1.95273
1.94307
1.93337
1.92363
1.91387
1.9041
1.89432
1.88454
1.87478
1.86504
1.85532
1.84565
1.83601
1.82643
1.81691
1.80744
1.79805
1.78874
1.77951
1.77037
1.76132
1.75238
1.74354
1.73483
1.72623
1.71777
1.70945
1.70127
1.69325
1.68539
1.6777
1.67019
1.66287
1.65575
1.64884
1.64214
1.63567
1.62943
1.62344
1.61769
1.6122
1.60698
1.60202
1.59733
1.59292
1.58878
1.58491
1.58131
1.57795
1.57485
1.572
1.56936
1.56683
1.56434
1.56222
1.56106
2.40771
2.40688
2.40588
2.40596
2.40579
2.40964
2.39944
2.39795
2.39663
2.39576
2.39557
2.39554
2.39561
2.39577
2.39602
2.39634
2.39674
2.39721
2.39777
2.39838
2.39895
2.39985
2.40058
2.40061
2.46524
2.43733
2.42714
2.42781
2.42928
2.43097
2.43285
2.43489
2.43711
2.43951
2.44209
2.44504
2.44808
2.44883
2.46532
2.4789
2.37155
2.3729
2.37561
2.37809
2.38053
2.38276
2.38293
2.38381
2.54516
2.43376
2.42978
2.43157
2.43413
2.43298
2.44835
2.46615
2.35534
2.39883
2.39614
2.4101
2.44057
2.33649
2.40743
2.39305
2.4045
2.39774
2.31636
2.35171
2.34599
2.34622
2.57057
2.37416
2.36014
2.35779
2.30355
2.56761
2.43044
2.40716
2.39695
2.38922
2.36722
2.5672
2.46823
2.44984
2.44017
2.43476
2.4263
2.41881
2.48541
2.44805
2.4375
2.43314
2.42763
2.41716
2.41121
2.40952
2.40413
2.4008
2.39434
2.3848
2.38093
2.37728
2.37368
2.3702
2.3668
2.36344
2.3599
2.35917
2.35289
2.34307
2.34283
2.33953
2.33641
2.34409
2.33689
2.33283
2.32942
2.32619
2.32263
2.32024
2.33261
2.31352
2.30965
2.30741
2.30382
2.30137
2.38615
2.33723
2.32923
2.33233
2.33022
2.33051
2.34001
2.34229
2.29082
2.28455
2.28482
2.28339
2.28276
2.28817
2.29348
2.30679
2.32399
2.28782
2.33559
2.31958
2.31855
2.28205
2.27116
2.26395
2.261
2.2592
2.25798
2.25497
2.25447
2.25435
2.25422
2.25408
2.25634
2.2853
2.28294
2.27234
2.2706
2.2701
2.26934
2.26896
2.26778
2.26704
2.26669
2.26615
2.26615
2.27155
2.2708
2.26683
2.26553
2.26518
2.26464
2.2643
2.26396
2.2636
2.26323
2.2629
2.26261
2.26229
2.26174
2.26129
2.26082
2.26031
2.25977
2.25919
2.25856
2.25787
2.25712
2.2563
2.2554
2.25442
2.25335
2.25219
2.25094
2.24958
2.24811
2.24652
2.24481
2.24296
2.24097
2.23882
2.23652
2.23406
2.23142
2.22859
2.22558
2.22236
2.21895
2.21531
2.21146
2.20738
2.20306
2.19851
2.19371
2.18867
2.18337
2.17782
2.17201
2.16594
2.15961
2.15302
2.14618
2.13908
2.13174
2.12414
2.11631
2.10825
2.09996
2.09145
2.08274
2.07383
2.06473
2.05546
2.04603
2.03644
2.02672
2.01688
2.00692
1.99686
1.98672
1.9765
1.96623
1.9559
1.94554
1.93515
1.92474
1.91433
1.90393
1.89353
1.88316
1.87283
1.86253
1.85228
1.84208
1.83195
1.82189
1.8119
1.802
1.79219
1.78248
1.77288
1.76339
1.75402
1.74478
1.73568
1.72673
1.71793
1.70929
1.70084
1.69256
1.68448
1.67661
1.66895
1.66152
1.65433
1.64739
1.64071
1.63431
1.62819
1.62236
1.61684
1.61163
1.60675
1.60219
1.59797
1.59408
1.59053
1.5873
1.58439
1.58181
1.57952
1.57746
1.57555
1.574
1.57324
2.31552
2.31673
2.31688
2.31816
2.31853
2.31978
2.32137
2.32302
2.32484
2.32737
2.3297
2.33518
2.33662
2.3367
2.3386
2.34069
2.34276
2.3448
2.34677
2.34867
2.35048
2.3522
2.35383
2.35522
2.3573
2.37663
2.36224
2.36232
2.36299
2.36364
2.36411
2.36438
2.36446
2.36431
2.36394
2.36335
2.36217
2.36036
2.42012
2.38575
2.38073
2.37888
2.37732
2.37576
2.37418
2.37213
2.36958
2.42298
2.39435
2.38962
2.38709
2.38502
2.38229
2.37824
2.47237
2.42186
2.41525
2.41289
2.39114
2.44874
2.39551
2.39346
2.39184
2.36663
2.44403
2.3809
2.37604
2.37503
2.3569
2.46435
2.41806
2.40884
2.41984
2.41348
2.42485
2.45885
2.35365
2.34822
2.35317
2.35173
2.34994
2.46492
2.40915
2.40099
2.39846
2.39798
2.39402
2.39399
2.43014
2.3866
2.40279
2.39031
2.39555
2.37955
2.37663
2.37487
2.37162
2.38078
2.37343
2.37028
2.36753
2.36492
2.36224
2.35949
2.35683
2.35419
2.35137
2.3491
2.3531
2.34536
2.3424
2.34012
2.33746
2.3357
2.33778
2.33077
2.3279
2.32563
2.32334
2.3209
2.32239
2.31889
2.31503
2.3144
2.31248
2.31054
2.31039
2.33822
2.31092
2.30756
2.30773
2.30548
2.30598
2.30989
2.30756
2.29022
2.28509
2.28236
2.28092
2.27694
2.27773
2.28371
2.31813
2.30165
2.29436
2.29159
2.29902
2.30255
2.30296
2.29936
2.28418
2.2736
2.27
2.26861
2.26827
2.26693
2.26718
2.26792
2.26962
2.27306
2.27486
2.2836
2.31254
2.31113
2.29833
2.29068
2.28808
2.28774
2.28826
2.28843
2.28883
2.28983
2.29095
2.29164
2.29239
2.29718
2.29852
2.2916
2.28873
2.28943
2.29045
2.29109
2.29183
2.29201
2.29213
2.29239
2.29223
2.29284
2.29234
2.29221
2.29209
2.29187
2.29155
2.29114
2.29066
2.29012
2.28948
2.28873
2.28786
2.28687
2.28575
2.2845
2.28312
2.2816
2.27993
2.27811
2.27613
2.27399
2.27166
2.26915
2.26644
2.26353
2.26041
2.25707
2.2535
2.24969
2.24564
2.24135
2.23679
2.23197
2.22689
2.22153
2.2159
2.20999
2.2038
2.19732
2.19057
2.18353
2.17622
2.16863
2.16077
2.15264
2.14426
2.13562
2.12674
2.11763
2.1083
2.09876
2.08902
2.07909
2.06899
2.05873
2.04833
2.0378
2.02715
2.01639
2.00555
1.99464
1.98367
1.97265
1.96159
1.95051
1.93942
1.92834
1.91726
1.90621
1.89519
1.88421
1.87328
1.86241
1.85161
1.84089
1.83025
1.8197
1.80925
1.79891
1.78869
1.77859
1.76862
1.7588
1.74913
1.73963
1.73029
1.72114
1.71218
1.70342
1.69488
1.68656
1.67848
1.67066
1.66309
1.65581
1.64881
1.64212
1.63574
1.62968
1.62397
1.6186
1.61359
1.60895
1.6047
1.60083
1.59734
1.59424
1.59154
1.58922
1.58726
1.58563
1.58431
1.58346
2.3625
2.36424
2.36642
2.36891
2.37142
2.37362
2.37594
2.37843
2.38108
2.38487
2.39163
2.4269
2.40961
2.37848
2.37588
2.37683
2.37847
2.37982
2.38097
2.38201
2.38291
2.38367
2.3843
2.3848
2.38527
2.39306
2.38987
2.38895
2.38875
2.38859
2.38835
2.38802
2.3876
2.38711
2.38655
2.38592
2.38523
2.38456
2.38565
2.386
2.38106
2.37989
2.37889
2.3779
2.37683
2.3756
2.37808
2.37677
2.36668
2.36519
2.36375
2.36225
2.36059
2.35833
2.3974
2.37827
2.36977
2.36779
2.36554
2.36319
2.36081
2.35883
2.3529
2.38802
2.37241
2.36653
2.36528
2.35997
2.36409
2.36559
2.33606
2.34188
2.33763
2.33359
2.43656
2.37395
2.36546
2.3614
2.3583
2.35463
2.35138
2.39538
2.37202
2.36485
2.36179
2.35975
2.35455
2.38473
2.36709
2.3636
2.3623
2.36139
2.35336
2.3504
2.34818
2.34623
2.34391
2.34482
2.34103
2.33614
2.33398
2.332
2.32996
2.32786
2.32579
2.32377
2.32171
2.31965
2.31782
2.31952
2.3154
2.31319
2.31254
2.30992
2.30827
2.3094
2.30546
2.30331
2.30132
2.29939
2.29756
2.29568
2.29376
2.29187
2.29017
2.28838
2.28658
2.28523
2.29877
2.28802
2.28549
2.28488
2.28322
2.28225
2.28178
2.2825
2.28105
2.2782
2.27651
2.27463
2.27481
2.27434
2.27411
2.27441
2.27391
2.27507
2.27778
2.28201
2.28609
2.29848
2.30004
2.28511
2.2771
2.27234
2.26994
2.26953
2.2709
2.27194
2.2729
2.27449
2.27646
2.28063
2.28582
2.29827
2.3186
2.31904
2.31457
2.30575
2.30077
2.29992
2.30129
2.3023
2.30319
2.30424
2.30539
2.30732
2.30874
2.30954
2.31481
2.33347
2.33301
2.32694
2.32447
2.32453
2.32501
2.3254
2.32562
2.32641
2.32928
2.32918
2.32778
2.32854
2.32804
2.3286
2.32759
2.32703
2.32668
2.32625
2.32568
2.32502
2.32429
2.32345
2.32248
2.32135
2.32007
2.31864
2.31705
2.31529
2.31335
2.31123
2.3089
2.30637
2.30363
2.30067
2.29748
2.29405
2.29038
2.28645
2.28227
2.27782
2.27311
2.2681
2.26281
2.25724
2.25137
2.2452
2.23873
2.23197
2.2249
2.21753
2.20986
2.2019
2.19364
2.1851
2.17628
2.16719
2.15783
2.14823
2.13838
2.1283
2.118
2.1075
2.09681
2.08595
2.07492
2.06375
2.05246
2.04105
2.02954
2.01795
2.00629
1.99458
1.98283
1.97106
1.95928
1.9475
1.93573
1.924
1.9123
1.90065
1.88907
1.87755
1.86612
1.85478
1.84354
1.83241
1.8214
1.81052
1.79977
1.78918
1.77874
1.76847
1.75838
1.74847
1.73876
1.72927
1.71999
1.71094
1.70214
1.69359
1.68531
1.67731
1.6696
1.66219
1.6551
1.64834
1.64191
1.63584
1.63013
1.62478
1.61982
1.61525
1.61107
1.60729
1.60391
1.60093
1.59836
1.59618
1.59435
1.5929
2.50724
2.50815
2.51402
2.55027
2.55019
2.53529
2.54148
2.54248
2.54392
2.55543
2.55792
2.5569
2.55498
2.55048
2.53984
2.52851
2.52334
2.52036
2.51711
2.51351
2.50978
2.50595
2.502
2.49793
2.49381
2.48985
2.48574
2.48079
2.47635
2.47196
2.46756
2.46316
2.45877
2.4544
2.45007
2.44578
2.44153
2.43734
2.43317
2.42939
2.42546
2.42095
2.41708
2.41336
2.40966
2.40632
2.40403
2.39847
2.39502
2.39179
2.38866
2.38563
2.3827
2.37985
2.37726
2.37491
2.37665
2.37283
2.36962
2.36703
2.36462
2.36252
2.35981
2.35855
2.36981
2.35496
2.35278
2.35093
2.34944
2.34514
2.34343
2.34245
2.33942
2.34371
2.34223
2.31906
2.31735
2.31629
2.31512
2.3137
2.31265
2.32878
2.31687
2.31482
2.31531
2.31363
2.31254
2.32021
2.3096
2.31216
2.31005
2.31576
2.31043
2.3082
2.30636
2.30458
2.30267
2.3009
2.3031
2.29972
2.29742
2.2956
2.29385
2.29212
2.29042
2.28874
2.2871
2.28548
2.2839
2.28239
2.2809
2.27956
2.27806
2.27656
2.2751
2.27362
2.27225
2.27089
2.26938
2.26822
2.26693
2.26565
2.2644
2.26308
2.26173
2.26058
2.25949
2.25835
2.25751
2.2663
2.26042
2.25915
2.25831
2.25784
2.25683
2.25631
2.2561
2.25605
2.25687
2.25677
2.25527
2.25493
2.25501
2.25524
2.25582
2.25643
2.25712
2.25812
2.25963
2.26259
2.26584
2.26846
2.27465
2.27723
2.27903
2.27528
2.27378
2.27537
2.27762
2.28009
2.28253
2.28529
2.28837
2.29321
2.29911
2.3079
2.3216
2.32678
2.32699
2.31848
2.31385
2.31479
2.31767
2.32049
2.32309
2.32578
2.32856
2.33144
2.33529
2.33959
2.34514
2.3603
2.3642
2.36435
2.3562
2.35228
2.35318
2.35459
2.35498
2.35957
2.35908
2.359
2.36178
2.37151
2.37093
2.36749
2.36654
2.36666
2.36598
2.3669
2.36461
2.3634
2.36268
2.36191
2.36116
2.36027
2.35916
2.35788
2.35639
2.3547
2.35282
2.35077
2.34843
2.34588
2.34311
2.34011
2.33689
2.33338
2.32961
2.32559
2.32131
2.31676
2.31192
2.30681
2.3014
2.29567
2.28964
2.28332
2.27668
2.26975
2.26247
2.25488
2.24698
2.23877
2.23026
2.22144
2.21232
2.2029
2.1932
2.18324
2.173
2.16252
2.1518
2.14084
2.12968
2.11832
2.10678
2.09508
2.08322
2.07123
2.05913
2.04693
2.03465
2.02231
2.00991
1.99749
1.98505
1.97261
1.96018
1.94779
1.93543
1.92313
1.91091
1.89876
1.88671
1.87477
1.86294
1.85124
1.83969
1.82828
1.81704
1.80597
1.79508
1.78438
1.77389
1.76361
1.75356
1.74374
1.73417
1.72485
1.7158
1.70703
1.69854
1.69036
1.68248
1.67492
1.66768
1.66078
1.65423
1.64803
1.64218
1.63671
1.6316
1.62687
1.62251
1.61853
1.61493
1.6117
1.60884
1.60632
2.58841
2.58809
2.59057
2.59681
2.60404
2.60635
2.6065
2.60627
2.60516
2.60346
2.5997
2.59113
2.57928
2.5718
2.56612
2.56095
2.55639
2.55188
2.54709
2.54208
2.53689
2.53153
2.52601
2.52035
2.51457
2.50869
2.50276
2.49667
2.49059
2.48449
2.47838
2.47228
2.46621
2.46017
2.4542
2.44829
2.44243
2.43669
2.43104
2.42549
2.42009
2.41478
2.40954
2.40449
2.39954
2.39567
2.39049
2.38587
2.38146
2.37719
2.37303
2.369
2.36508
2.36129
2.35761
2.35402
2.3506
2.34726
2.34394
2.34082
2.33773
2.33459
2.33327
2.33001
2.32747
2.32865
2.32177
2.31884
2.31611
2.31346
2.31086
2.30828
2.30545
2.31746
2.30888
2.30341
2.30096
2.29866
2.29644
2.29423
2.29208
2.30061
2.29293
2.29066
2.28973
2.28782
2.2863
2.28647
2.28219
2.28173
2.28006
2.28053
2.27803
2.27618
2.27503
2.27342
2.272
2.27073
2.26937
2.267
2.26624
2.26451
2.26328
2.26189
2.26004
2.25862
2.25727
2.25595
2.25464
2.25334
2.25205
2.25084
2.25204
2.2494
2.24809
2.24709
2.24545
2.24441
2.24331
2.24202
2.24167
2.24041
2.23958
2.23896
2.23811
2.23723
2.2363
2.23609
2.23545
2.23485
2.23922
2.23664
2.23603
2.2357
2.23554
2.23546
2.23543
2.23556
2.23597
2.23886
2.23793
2.23908
2.23966
2.24017
2.24142
2.24255
2.24349
2.24477
2.24658
2.24841
2.25034
2.25242
2.25525
2.2585
2.26497
2.268
2.27104
2.27191
2.27301
2.27527
2.27813
2.2812
2.28434
2.28746
2.29072
2.29427
2.29929
2.30872
2.36663
2.3408
2.33446
2.3345
2.33855
2.33708
2.34325
2.3458
2.34768
2.35052
2.35392
2.35698
2.36088
2.36611
2.3713
2.38417
2.39993
2.40221
2.39768
2.39033
2.38818
2.3894
2.39142
2.39272
2.39455
2.39659
2.39794
2.39909
2.40528
2.41854
2.41947
2.40466
2.39891
2.40217
2.40098
2.42219
2.41139
2.40453
2.40269
2.40174
2.40072
2.39963
2.39826
2.39664
2.39473
2.39251
2.39
2.38731
2.38446
2.38138
2.37804
2.37446
2.37065
2.36658
2.36225
2.35766
2.35275
2.34757
2.34209
2.33634
2.33027
2.32386
2.31712
2.31008
2.30271
2.29503
2.28702
2.27869
2.27003
2.26106
2.25183
2.24218
2.23228
2.22209
2.21162
2.20087
2.18987
2.17861
2.16712
2.15541
2.14351
2.13141
2.1191
2.10666
2.09409
2.08139
2.06861
2.05573
2.04278
2.02978
2.01676
2.00373
1.99071
1.97771
1.96475
1.95184
1.93901
1.92627
1.91363
1.90111
1.88872
1.87648
1.8644
1.85248
1.84075
1.82922
1.81789
1.80677
1.79589
1.78525
1.77485
1.76471
1.75484
1.74525
1.73595
1.72694
1.71823
1.70984
1.70177
1.69402
1.68661
1.67954
1.67282
1.66645
1.66043
1.65478
1.64949
1.64457
1.64002
1.63583
1.63203
1.62845
2.47318
2.4713
2.47146
2.47686
2.50361
2.48067
2.47134
2.46751
2.46362
2.4592
2.45378
2.44876
2.44415
2.43996
2.43573
2.4314
2.42697
2.42243
2.41778
2.41303
2.40821
2.40332
2.39838
2.39342
2.38844
2.38345
2.37849
2.37356
2.36868
2.36387
2.35913
2.35449
2.34995
2.34553
2.34124
2.33709
2.33308
2.32922
2.3255
2.32195
2.31858
2.3157
2.31237
2.30865
2.30586
2.30322
2.30073
2.29836
2.29613
2.29403
2.29204
2.29015
2.28838
2.2867
2.28511
2.28361
2.28218
2.28083
2.27953
2.27826
2.27719
2.277
2.27554
2.27617
2.27515
2.27619
2.2743
2.27272
2.27185
2.27102
2.27023
2.26947
2.26871
2.26824
2.26942
2.26706
2.26631
2.26567
2.26504
2.26443
2.26374
2.26363
2.26435
2.26079
2.25997
2.25936
2.25868
2.25782
2.25748
2.25636
2.25582
2.255
2.25426
2.25339
2.2527
2.25189
2.25108
2.25037
2.25042
2.24906
2.2481
2.24752
2.2465
2.24577
2.24496
2.24358
2.2426
2.2417
2.24081
2.23992
2.23904
2.23815
2.23821
2.23699
2.23583
2.23504
2.23422
2.23336
2.23345
2.23237
2.23149
2.2311
2.23037
2.22981
2.23053
2.22981
2.2288
2.22834
2.22814
2.2279
2.22777
2.23077
2.22927
2.22921
2.22935
2.22964
2.23003
2.23052
2.2314
2.2325
2.23256
2.23364
2.23478
2.23591
2.23737
2.23893
2.24061
2.24257
2.24453
2.2464
2.24851
2.25096
2.25357
2.25624
2.25932
2.26276
2.26638
2.27086
2.27437
2.27797
2.28145
2.28461
2.28806
2.29185
2.29598
2.30031
2.30475
2.30966
2.31778
2.34365
2.32775
2.3406
2.34393
2.35306
2.35862
2.35895
2.36585
2.36677
2.37626
2.38171
2.38582
2.39202
2.39754
2.40271
2.41235
2.43267
2.44387
2.41221
2.40879
2.4115
2.41594
2.41995
2.42331
2.42619
2.42883
2.43304
2.44164
2.46188
2.4329
2.44182
2.44006
2.44582
2.45349
2.45366
2.45181
2.44218
2.45361
2.44978
2.46858
2.46131
2.4484
2.44445
2.44235
2.44002
2.43755
2.43521
2.43265
2.42987
2.42693
2.42401
2.42068
2.41716
2.41341
2.4094
2.4051
2.40052
2.39565
2.39048
2.38506
2.3792
2.37309
2.36665
2.35998
2.3529
2.34538
2.33762
2.32955
2.32115
2.31245
2.30353
2.29402
2.28431
2.27432
2.26402
2.25342
2.24254
2.23138
2.21995
2.20826
2.19635
2.18428
2.17183
2.15925
2.1465
2.13359
2.12054
2.10737
2.09411
2.08075
2.06726
2.05375
2.04024
2.02671
2.01321
1.99972
1.98628
1.97291
1.95963
1.94649
1.93342
1.92049
1.90772
1.89513
1.88272
1.87052
1.85852
1.84675
1.83521
1.82393
1.8129
1.80214
1.79166
1.78147
1.77158
1.762
1.75273
1.74378
1.73515
1.72686
1.71892
1.71131
1.70406
1.69717
1.69063
1.68447
1.67867
1.67325
1.66819
1.66357
1.65897
)
;

boundaryField
{
    Inlet
    {
        type            fixedFluxPressure;
        gradient        nonuniform 0();
        value           nonuniform 0();
    }
    BotOutlet1
    {
        type            totalPressure;
        rho             rho;
        psi             none;
        gamma           1;
        p0              nonuniform 0();
        value           nonuniform 0();
    }
    BotOutlet2
    {
        type            totalPressure;
        rho             rho;
        psi             none;
        gamma           1;
        p0              nonuniform 0();
        value           nonuniform 0();
    }
    TopInlet
    {
        type            fixedFluxPressure;
        gradient        nonuniform 0();
        value           nonuniform 0();
    }
    FreeStream
    {
        type            fixedFluxPressure;
        gradient        nonuniform List<scalar> 
20
(
-99.9571
-100.366
-99.2942
-95.9217
-89.848
-81.4402
-71.8045
-62.254
-53.6654
-46.1371
-39.0251
-31.7903
-24.0677
-15.5849
-10.9586
-13.2884
-23.6232
-39.1284
-52.704
-64.2715
)
;
        value           nonuniform List<scalar> 
20
(
1.2201
1.2489
1.2785
1.30885
1.33971
1.37058
1.40085
1.42989
1.45723
1.48254
1.5057
1.52646
1.54477
1.56064
1.57294
1.5831
1.59227
1.60527
1.62703
1.65724
)
;
    }
    FrontNBack
    {
        type            empty;
    }
    LeftSide
    {
        type            zeroGradient;
    }
    procBoundary2to1
    {
        type            processor;
        value           nonuniform List<scalar> 
400
(
53.7234
53.7914
53.8708
53.9571
54.0524
54.1621
54.288
54.4223
54.5329
54.6421
54.9371
55.2515
53.6943
48.5557
38.9036
21.1228
9.87967
2.84598
2.09774
2.8788
3.08615
2.83066
2.55196
2.3467
2.22379
2.16729
2.14678
2.1424
2.14304
2.13944
2.13283
2.12916
2.12731
2.12539
2.12321
2.12018
2.11692
2.11377
2.11029
2.10648
2.1025
2.09841
2.09458
2.09212
2.09624
2.076
2.0757
2.07508
2.07597
2.07915
2.08767
2.1052
2.07714
2.07929
2.08165
2.08372
2.08515
2.08597
2.08615
2.08561
2.08433
2.08244
2.08008
2.07733
2.07428
2.07097
2.06746
2.0638
2.06002
2.05614
2.05218
2.04815
2.04406
2.03991
2.03573
2.03151
2.02725
2.02298
2.01868
2.01437
2.01004
2.00571
2.00137
1.99703
1.99269
1.98835
1.984
1.97965
1.97531
1.97096
1.9666
1.96224
1.95788
1.95349
1.9491
1.94468
1.94023
1.93574
1.93119
1.92657
1.92301
1.92056
1.91811
1.91563
1.91311
1.91056
1.90796
1.90533
1.90265
1.89993
1.89728
1.89444
1.89152
1.88858
1.88576
1.88319
1.88051
1.87758
1.87542
1.87261
1.86603
1.88326
1.86943
1.8703
1.87619
1.88017
1.88209
1.89366
1.89645
1.87957
1.86443
1.85371
1.84762
1.86296
1.8233
1.83137
1.83397
1.74816
1.7432
1.74269
1.74123
1.73555
1.7319
1.73232
1.74144
1.7327
1.7272
1.72488
1.72142
1.71558
1.71318
1.71617
1.77508
1.771
1.7574
1.75183
1.74712
1.7587
1.75602
1.75583
1.76347
1.76507
1.69938
1.69354
1.6906
1.69305
1.69164
1.68656
1.69901
1.72047
1.72008
1.70997
1.70352
1.71027
1.71026
1.70993
1.72464
1.73584
1.72583
1.71619
1.71071
1.70897
1.71152
1.71127
1.71613
1.72723
1.73098
1.73225
1.72841
1.72265
1.72183
1.72354
1.72561
1.72763
1.73003
1.73524
1.75809
1.76065
1.71217
1.71042
1.71219
1.71449
1.71667
1.71925
1.72608
1.74313
1.74899
1.68578
1.68111
1.68234
1.68433
1.68532
1.68257
1.68298
1.68464
1.68616
1.68756
1.68884
1.68999
1.69063
1.69335
1.69579
1.68485
1.68547
1.68612
1.68657
1.68699
1.68742
1.68784
1.68825
1.68867
1.68911
1.68957
1.69007
1.6906
1.69117
1.6918
1.69248
1.69321
1.69401
1.69487
1.69579
1.69677
1.6978
1.69889
1.70003
1.7012
1.70241
1.70363
1.70485
1.70607
1.70729
1.70849
1.70966
1.71079
1.71188
1.71291
1.71388
1.71478
1.7156
1.71635
1.717
1.71757
1.71804
1.71843
1.71871
1.71891
1.719
1.71899
1.71888
1.71868
1.71838
1.71799
1.71752
1.71695
1.7163
1.71557
1.71476
1.71388
1.71291
1.71188
1.71077
1.70959
1.70835
1.70704
1.70566
1.70422
1.70272
1.70116
1.69953
1.69785
1.69611
1.69431
1.69246
1.69055
1.68859
1.68657
1.68449
1.68237
1.68019
1.67795
1.67567
1.67333
1.67094
1.66851
1.66602
1.66348
1.66089
1.65824
1.65555
1.65281
1.65002
1.64717
1.64428
1.64133
1.63834
1.63529
1.63218
1.62903
1.62582
1.62255
1.61924
1.61586
1.61244
1.60895
1.60541
1.60181
1.59815
1.59444
1.59067
1.58684
1.58294
1.57899
1.57498
1.57091
1.56678
1.56259
1.55834
1.55403
1.54966
1.54523
1.54074
1.53619
1.53158
1.52691
1.52218
1.51739
1.51255
1.50765
1.50269
1.49768
1.49261
1.48748
1.48231
1.47708
1.4718
1.46646
1.46108
1.45565
1.45017
1.44464
1.43907
1.43345
1.42778
1.42207
1.41632
1.41052
1.40469
1.39881
1.39289
1.38693
1.38093
1.37489
1.36881
1.36269
1.35654
1.35034
1.3441
1.33783
1.33152
1.32516
1.31878
1.31235
1.30588
1.29938
1.29284
1.28626
1.27964
1.27297
1.26627
1.25953
1.25274
1.24591
1.239
1.23203
1.22512
1.2183
1.21119
1.20314
1.1947
)
;
    }
    procBoundary2to3
    {
        type            processor;
        value           nonuniform List<scalar> 
400
(
82.15
82.1466
82.1433
82.1401
82.1369
82.1333
82.1296
82.1258
82.1219
82.1178
82.1135
82.1092
82.1046
82.0998
82.0946
82.0893
82.0834
82.0772
82.07
82.0617
82.0526
82.0489
82.0669
82.1145
81.9645
80.7125
77.6336
63.1418
44.3252
4.08487
2.06577
2.76241
2.44255
2.43623
2.43314
2.42553
2.42503
2.42486
2.42476
2.42452
2.42416
2.42369
2.42314
2.42264
2.42263
2.42306
2.42192
2.4203
2.41889
2.41774
2.41653
2.41524
2.41386
2.41315
2.41118
2.40957
2.40786
2.40604
2.40973
2.4056
2.40295
2.40086
2.39875
2.39658
2.39437
2.39272
2.40463
2.39386
2.39005
2.38716
2.38451
2.3818
2.3797
2.37784
2.37691
2.37666
2.37381
2.37044
2.36679
2.36275
2.35562
2.34735
2.34193
2.33771
2.3332
2.32844
2.32346
2.31841
2.31488
2.31336
2.30717
2.29905
2.29139
2.28515
2.27876
2.27237
2.26662
2.25984
2.25032
2.24301
2.2378
2.2342
2.23097
2.2329
2.22641
2.21199
2.20709
2.20337
2.19971
2.196
2.19231
2.1887
2.18512
2.18159
2.17811
2.17468
2.1713
2.168
2.16476
2.16159
2.15849
2.15549
2.15258
2.14979
2.14712
2.1446
2.14222
2.14002
2.138
2.13619
2.1346
2.13323
2.13204
2.13108
2.13037
2.12995
2.12991
2.12987
2.13009
2.13066
2.13151
2.13278
2.13506
2.14142
2.1408
2.14149
2.14316
2.14533
2.14768
2.15019
2.15285
2.15563
2.15852
2.1615
2.16455
2.16765
2.17079
2.17396
2.17713
2.1803
2.18344
2.18813
2.19046
2.19421
2.1972
2.20074
2.20302
2.20515
2.20785
2.21048
2.21302
2.21548
2.21785
2.22012
2.22229
2.22461
2.22646
2.2283
2.23005
2.23171
2.23322
2.23464
2.2418
2.24113
2.24206
2.24298
2.24395
2.24484
2.24556
2.24641
2.24695
2.24756
2.24809
2.24855
2.24895
2.24927
2.24953
2.24972
2.25002
2.25048
2.24986
2.24971
2.24981
2.24952
2.25079
2.24992
2.24955
2.24921
2.24885
2.24847
2.24806
2.24764
2.24719
2.24761
2.24683
2.24631
2.24583
2.2454
2.24489
2.24467
2.24415
2.24385
2.24345
2.2431
2.2447
2.24352
2.24316
2.24295
2.24286
2.2428
2.24281
2.24449
2.244
2.24407
2.24437
2.2448
2.24532
2.24594
2.24667
2.24755
2.24857
2.24964
2.25055
2.25183
2.25329
2.25486
2.25656
2.25842
2.26042
2.26271
2.26511
2.2675
2.26987
2.27249
2.27536
2.27833
2.28145
2.28479
2.28836
2.29201
2.29575
2.30011
2.30459
2.30844
2.31197
2.31603
2.32058
2.32517
2.33005
2.33602
2.34125
2.34702
2.35222
2.36128
2.36544
2.36915
2.37517
2.38014
2.38568
2.39166
2.40003
2.4068
2.40966
2.41293
2.41738
2.42015
2.46338
2.44721
2.44469
2.44659
2.45026
2.45398
2.45731
2.46023
2.46305
2.46765
2.49991
2.48718
2.48192
2.48474
2.48525
2.49255
2.50217
2.50325
2.50343
2.50173
2.49213
2.49749
2.48149
2.51797
2.5104
2.49847
2.50142
2.48995
2.49254
2.47833
2.47254
2.4715
2.47071
2.46945
2.46763
2.46533
2.46288
2.46005
2.4568
2.4532
2.44922
2.44484
2.4401
2.43502
2.42958
2.4238
2.4177
2.41128
2.40444
2.39724
2.38975
2.38193
2.37377
2.36535
2.35656
2.34735
2.33788
2.32813
2.31808
2.30772
2.29706
2.28611
2.27487
2.26337
2.25163
2.23961
2.22725
2.21472
2.202
2.18908
2.17598
2.16271
2.14929
2.13574
2.12208
2.10841
2.09462
2.0807
2.06674
2.05283
2.03894
2.0251
2.01137
1.99761
1.98398
1.97048
1.95711
1.94392
1.9309
1.91804
1.90538
1.89297
1.88079
1.86886
1.85719
1.84579
1.83469
1.82389
1.8134
1.80321
1.79334
1.78381
1.77462
1.76578
1.7573
1.74917
1.74141
1.73402
1.727
1.72036
1.71412
1.70823
1.70285
1.69722
)
;
    }
}


// ************************************************************************* //
