/*--------------------------------*- C++ -*----------------------------------*\
| =========                 |                                                 |
| \\      /  F ield         | OpenFOAM: The Open Source CFD Toolbox           |
|  \\    /   O peration     | Version:  2.4.0                                 |
|   \\  /    A nd           | Web:      www.OpenFOAM.org                      |
|    \\/     M anipulation  |                                                 |
\*---------------------------------------------------------------------------*/
FoamFile
{
    version     2.0;
    format      ascii;
    class       faceList;
    location    "constant/polyMesh";
    object      faces;
}
// * * * * * * * * * * * * * * * * * * * * * * * * * * * * * * * * * * * * * //


626
(
4(2 254 255 3)
4(4 256 257 5)
4(6 258 259 7)
4(8 260 261 9)
4(10 262 263 11)
4(12 264 265 13)
4(14 266 267 15)
4(16 268 269 17)
4(18 270 271 19)
4(20 272 273 21)
4(22 274 275 23)
4(24 276 277 25)
4(26 278 279 27)
4(28 280 281 29)
4(30 282 283 31)
4(32 284 285 33)
4(34 286 287 35)
4(36 288 289 37)
4(38 290 291 39)
4(40 292 293 41)
4(42 294 295 43)
4(44 296 297 45)
4(46 298 299 47)
4(48 300 301 49)
4(50 302 303 51)
4(52 304 305 53)
4(54 306 307 55)
4(56 308 309 57)
4(58 310 311 59)
4(60 312 313 61)
4(62 314 315 63)
4(64 316 317 65)
4(66 318 319 67)
4(68 320 321 69)
4(70 322 323 71)
4(72 324 325 73)
4(74 326 327 75)
4(76 328 329 77)
4(78 330 331 79)
4(80 332 333 81)
4(82 334 335 83)
4(84 336 337 85)
4(86 338 339 87)
4(88 340 341 89)
4(90 342 343 91)
4(92 344 345 93)
4(94 346 347 95)
4(96 348 349 97)
4(98 350 351 99)
4(100 352 353 101)
4(102 354 355 103)
4(104 356 357 105)
4(106 358 359 107)
4(108 360 361 109)
4(110 362 363 111)
4(112 364 365 113)
4(114 366 367 115)
4(116 368 369 117)
4(118 370 371 119)
4(120 372 373 121)
4(122 374 375 123)
4(124 376 377 125)
4(126 378 379 127)
4(128 380 381 129)
4(130 382 383 131)
4(132 384 385 133)
4(134 386 387 135)
4(136 388 389 137)
4(138 390 391 139)
4(140 392 393 141)
4(142 394 395 143)
4(144 396 397 145)
4(146 398 399 147)
4(148 400 401 149)
4(150 402 403 151)
4(152 404 405 153)
4(154 406 407 155)
4(156 408 409 157)
4(158 410 411 159)
4(160 412 413 161)
4(162 414 415 163)
4(164 416 417 165)
4(166 418 419 167)
4(168 420 421 169)
4(170 422 423 171)
4(172 424 425 173)
4(174 426 427 175)
4(176 428 429 177)
4(178 430 431 179)
4(180 432 433 181)
4(182 434 435 183)
4(184 436 437 185)
4(186 438 439 187)
4(188 440 441 189)
4(190 442 443 191)
4(192 444 445 193)
4(194 446 447 195)
4(196 448 449 197)
4(198 450 451 199)
4(200 452 453 201)
4(202 454 455 203)
4(204 456 457 205)
4(206 458 459 207)
4(208 460 461 209)
4(210 462 463 211)
4(212 464 465 213)
4(214 466 467 215)
4(216 468 469 217)
4(218 470 471 219)
4(220 472 473 221)
4(222 474 475 223)
4(224 476 477 225)
4(226 478 479 227)
4(228 480 481 229)
4(230 482 483 231)
4(232 484 485 233)
4(234 486 487 235)
4(236 488 489 237)
4(238 490 491 239)
4(240 492 493 241)
4(242 494 495 243)
4(244 496 497 245)
4(246 498 499 247)
4(248 500 501 249)
4(0 2 3 1)
4(2 4 5 3)
4(4 6 7 5)
4(6 8 9 7)
4(8 10 11 9)
4(10 12 13 11)
4(12 14 15 13)
4(14 16 17 15)
4(16 18 19 17)
4(18 20 21 19)
4(20 22 23 21)
4(22 24 25 23)
4(24 26 27 25)
4(26 28 29 27)
4(28 30 31 29)
4(30 32 33 31)
4(32 34 35 33)
4(34 36 37 35)
4(36 38 39 37)
4(38 40 41 39)
4(40 42 43 41)
4(42 44 45 43)
4(44 46 47 45)
4(46 48 49 47)
4(48 50 51 49)
4(50 52 53 51)
4(52 54 55 53)
4(54 56 57 55)
4(56 58 59 57)
4(58 60 61 59)
4(60 62 63 61)
4(62 64 65 63)
4(64 66 67 65)
4(66 68 69 67)
4(68 70 71 69)
4(70 72 73 71)
4(72 74 75 73)
4(74 76 77 75)
4(76 78 79 77)
4(78 80 81 79)
4(80 82 83 81)
4(82 84 85 83)
4(84 86 87 85)
4(86 88 89 87)
4(88 90 91 89)
4(90 92 93 91)
4(92 94 95 93)
4(94 96 97 95)
4(96 98 99 97)
4(98 100 101 99)
4(100 102 103 101)
4(102 104 105 103)
4(104 106 107 105)
4(106 108 109 107)
4(108 110 111 109)
4(110 112 113 111)
4(112 114 115 113)
4(114 116 117 115)
4(116 118 119 117)
4(118 120 121 119)
4(120 122 123 121)
4(122 124 125 123)
4(124 126 127 125)
4(126 128 129 127)
4(128 130 131 129)
4(130 132 133 131)
4(132 134 135 133)
4(134 136 137 135)
4(136 138 139 137)
4(138 140 141 139)
4(140 142 143 141)
4(142 144 145 143)
4(144 146 147 145)
4(146 148 149 147)
4(148 150 151 149)
4(150 152 153 151)
4(152 154 155 153)
4(154 156 157 155)
4(156 158 159 157)
4(158 160 161 159)
4(160 162 163 161)
4(162 164 165 163)
4(164 166 167 165)
4(166 168 169 167)
4(168 170 171 169)
4(170 172 173 171)
4(172 174 175 173)
4(174 176 177 175)
4(176 178 179 177)
4(178 180 181 179)
4(180 182 183 181)
4(182 184 185 183)
4(184 186 187 185)
4(186 188 189 187)
4(188 190 191 189)
4(190 192 193 191)
4(192 194 195 193)
4(194 196 197 195)
4(196 198 199 197)
4(198 200 201 199)
4(200 202 203 201)
4(202 204 205 203)
4(204 206 207 205)
4(206 208 209 207)
4(208 210 211 209)
4(210 212 213 211)
4(212 214 215 213)
4(214 216 217 215)
4(216 218 219 217)
4(218 220 221 219)
4(220 222 223 221)
4(222 224 225 223)
4(224 226 227 225)
4(226 228 229 227)
4(228 230 231 229)
4(230 232 233 231)
4(232 234 235 233)
4(234 236 237 235)
4(236 238 239 237)
4(238 240 241 239)
4(240 242 243 241)
4(242 244 245 243)
4(244 246 247 245)
4(246 248 249 247)
4(248 250 251 249)
4(252 253 255 254)
4(254 255 257 256)
4(256 257 259 258)
4(258 259 261 260)
4(260 261 263 262)
4(262 263 265 264)
4(264 265 267 266)
4(266 267 269 268)
4(268 269 271 270)
4(270 271 273 272)
4(272 273 275 274)
4(274 275 277 276)
4(276 277 279 278)
4(278 279 281 280)
4(280 281 283 282)
4(282 283 285 284)
4(284 285 287 286)
4(286 287 289 288)
4(288 289 291 290)
4(290 291 293 292)
4(292 293 295 294)
4(294 295 297 296)
4(296 297 299 298)
4(298 299 301 300)
4(300 301 303 302)
4(302 303 305 304)
4(304 305 307 306)
4(306 307 309 308)
4(308 309 311 310)
4(310 311 313 312)
4(312 313 315 314)
4(314 315 317 316)
4(316 317 319 318)
4(318 319 321 320)
4(320 321 323 322)
4(322 323 325 324)
4(324 325 327 326)
4(326 327 329 328)
4(328 329 331 330)
4(330 331 333 332)
4(332 333 335 334)
4(334 335 337 336)
4(336 337 339 338)
4(338 339 341 340)
4(340 341 343 342)
4(342 343 345 344)
4(344 345 347 346)
4(346 347 349 348)
4(348 349 351 350)
4(350 351 353 352)
4(352 353 355 354)
4(354 355 357 356)
4(356 357 359 358)
4(358 359 361 360)
4(360 361 363 362)
4(362 363 365 364)
4(364 365 367 366)
4(366 367 369 368)
4(368 369 371 370)
4(370 371 373 372)
4(372 373 375 374)
4(374 375 377 376)
4(376 377 379 378)
4(378 379 381 380)
4(380 381 383 382)
4(382 383 385 384)
4(384 385 387 386)
4(386 387 389 388)
4(388 389 391 390)
4(390 391 393 392)
4(392 393 395 394)
4(394 395 397 396)
4(396 397 399 398)
4(398 399 401 400)
4(400 401 403 402)
4(402 403 405 404)
4(404 405 407 406)
4(406 407 409 408)
4(408 409 411 410)
4(410 411 413 412)
4(412 413 415 414)
4(414 415 417 416)
4(416 417 419 418)
4(418 419 421 420)
4(420 421 423 422)
4(422 423 425 424)
4(424 425 427 426)
4(426 427 429 428)
4(428 429 431 430)
4(430 431 433 432)
4(432 433 435 434)
4(434 435 437 436)
4(436 437 439 438)
4(438 439 441 440)
4(440 441 443 442)
4(442 443 445 444)
4(444 445 447 446)
4(446 447 449 448)
4(448 449 451 450)
4(450 451 453 452)
4(452 453 455 454)
4(454 455 457 456)
4(456 457 459 458)
4(458 459 461 460)
4(460 461 463 462)
4(462 463 465 464)
4(464 465 467 466)
4(466 467 469 468)
4(468 469 471 470)
4(470 471 473 472)
4(472 473 475 474)
4(474 475 477 476)
4(476 477 479 478)
4(478 479 481 480)
4(480 481 483 482)
4(482 483 485 484)
4(484 485 487 486)
4(486 487 489 488)
4(488 489 491 490)
4(490 491 493 492)
4(492 493 495 494)
4(494 495 497 496)
4(496 497 499 498)
4(498 499 501 500)
4(500 501 503 502)
4(0 252 254 2)
4(2 254 256 4)
4(4 256 258 6)
4(6 258 260 8)
4(8 260 262 10)
4(10 262 264 12)
4(12 264 266 14)
4(14 266 268 16)
4(16 268 270 18)
4(18 270 272 20)
4(20 272 274 22)
4(22 274 276 24)
4(24 276 278 26)
4(26 278 280 28)
4(28 280 282 30)
4(30 282 284 32)
4(32 284 286 34)
4(34 286 288 36)
4(36 288 290 38)
4(38 290 292 40)
4(40 292 294 42)
4(42 294 296 44)
4(44 296 298 46)
4(46 298 300 48)
4(48 300 302 50)
4(50 302 304 52)
4(52 304 306 54)
4(54 306 308 56)
4(56 308 310 58)
4(58 310 312 60)
4(60 312 314 62)
4(62 314 316 64)
4(64 316 318 66)
4(66 318 320 68)
4(68 320 322 70)
4(70 322 324 72)
4(72 324 326 74)
4(74 326 328 76)
4(76 328 330 78)
4(78 330 332 80)
4(80 332 334 82)
4(82 334 336 84)
4(84 336 338 86)
4(86 338 340 88)
4(88 340 342 90)
4(90 342 344 92)
4(92 344 346 94)
4(94 346 348 96)
4(96 348 350 98)
4(98 350 352 100)
4(100 352 354 102)
4(102 354 356 104)
4(104 356 358 106)
4(106 358 360 108)
4(108 360 362 110)
4(110 362 364 112)
4(112 364 366 114)
4(114 366 368 116)
4(116 368 370 118)
4(118 370 372 120)
4(120 372 374 122)
4(122 374 376 124)
4(124 376 378 126)
4(126 378 380 128)
4(128 380 382 130)
4(130 382 384 132)
4(132 384 386 134)
4(134 386 388 136)
4(136 388 390 138)
4(138 390 392 140)
4(140 392 394 142)
4(142 394 396 144)
4(144 396 398 146)
4(146 398 400 148)
4(148 400 402 150)
4(150 402 404 152)
4(152 404 406 154)
4(154 406 408 156)
4(156 408 410 158)
4(158 410 412 160)
4(160 412 414 162)
4(162 414 416 164)
4(164 416 418 166)
4(166 418 420 168)
4(168 420 422 170)
4(170 422 424 172)
4(172 424 426 174)
4(174 426 428 176)
4(176 428 430 178)
4(178 430 432 180)
4(180 432 434 182)
4(182 434 436 184)
4(184 436 438 186)
4(186 438 440 188)
4(188 440 442 190)
4(190 442 444 192)
4(192 444 446 194)
4(194 446 448 196)
4(196 448 450 198)
4(198 450 452 200)
4(200 452 454 202)
4(202 454 456 204)
4(204 456 458 206)
4(206 458 460 208)
4(208 460 462 210)
4(210 462 464 212)
4(212 464 466 214)
4(214 466 468 216)
4(216 468 470 218)
4(218 470 472 220)
4(220 472 474 222)
4(222 474 476 224)
4(224 476 478 226)
4(226 478 480 228)
4(228 480 482 230)
4(230 482 484 232)
4(232 484 486 234)
4(234 486 488 236)
4(236 488 490 238)
4(238 490 492 240)
4(240 492 494 242)
4(242 494 496 244)
4(244 496 498 246)
4(246 498 500 248)
4(248 500 502 250)
4(250 502 503 251)
4(0 1 253 252)
4(101 103 355 353)
4(103 105 357 355)
4(105 107 359 357)
4(107 109 361 359)
4(109 111 363 361)
4(111 113 365 363)
4(113 115 367 365)
4(115 117 369 367)
4(117 119 371 369)
4(119 121 373 371)
4(121 123 375 373)
4(123 125 377 375)
4(125 127 379 377)
4(127 129 381 379)
4(129 131 383 381)
4(131 133 385 383)
4(133 135 387 385)
4(135 137 389 387)
4(137 139 391 389)
4(139 141 393 391)
4(141 143 395 393)
4(143 145 397 395)
4(145 147 399 397)
4(147 149 401 399)
4(149 151 403 401)
4(151 153 405 403)
4(153 155 407 405)
4(155 157 409 407)
4(157 159 411 409)
4(159 161 413 411)
4(161 163 415 413)
4(163 165 417 415)
4(165 167 419 417)
4(167 169 421 419)
4(169 171 423 421)
4(171 173 425 423)
4(173 175 427 425)
4(175 177 429 427)
4(177 179 431 429)
4(179 181 433 431)
4(181 183 435 433)
4(183 185 437 435)
4(185 187 439 437)
4(187 189 441 439)
4(189 191 443 441)
4(191 193 445 443)
4(193 195 447 445)
4(195 197 449 447)
4(197 199 451 449)
4(199 201 453 451)
4(201 203 455 453)
4(203 205 457 455)
4(205 207 459 457)
4(207 209 461 459)
4(209 211 463 461)
4(211 213 465 463)
4(213 215 467 465)
4(215 217 469 467)
4(217 219 471 469)
4(219 221 473 471)
4(221 223 475 473)
4(223 225 477 475)
4(225 227 479 477)
4(227 229 481 479)
4(229 231 483 481)
4(231 233 485 483)
4(233 235 487 485)
4(235 237 489 487)
4(237 239 491 489)
4(239 241 493 491)
4(241 243 495 493)
4(243 245 497 495)
4(245 247 499 497)
4(247 249 501 499)
4(249 251 503 501)
4(1 3 255 253)
4(3 5 257 255)
4(5 7 259 257)
4(7 9 261 259)
4(9 11 263 261)
4(11 13 265 263)
4(13 15 267 265)
4(15 17 269 267)
4(17 19 271 269)
4(19 21 273 271)
4(21 23 275 273)
4(23 25 277 275)
4(25 27 279 277)
4(27 29 281 279)
4(29 31 283 281)
4(31 33 285 283)
4(33 35 287 285)
4(35 37 289 287)
4(37 39 291 289)
4(39 41 293 291)
4(41 43 295 293)
4(43 45 297 295)
4(45 47 299 297)
4(47 49 301 299)
4(49 51 303 301)
4(51 53 305 303)
4(53 55 307 305)
4(55 57 309 307)
4(57 59 311 309)
4(59 61 313 311)
4(61 63 315 313)
4(63 65 317 315)
4(65 67 319 317)
4(67 69 321 319)
4(69 71 323 321)
4(71 73 325 323)
4(73 75 327 325)
4(75 77 329 327)
4(77 79 331 329)
4(79 81 333 331)
4(81 83 335 333)
4(83 85 337 335)
4(85 87 339 337)
4(87 89 341 339)
4(89 91 343 341)
4(91 93 345 343)
4(93 95 347 345)
4(95 97 349 347)
4(97 99 351 349)
4(99 101 353 351)
)


// ************************************************************************* //
