/*--------------------------------*- C++ -*----------------------------------*\
| =========                 |                                                 |
| \\      /  F ield         | OpenFOAM: The Open Source CFD Toolbox           |
|  \\    /   O peration     | Version:  2.4.0                                 |
|   \\  /    A nd           | Web:      www.OpenFOAM.org                      |
|    \\/     M anipulation  |                                                 |
\*---------------------------------------------------------------------------*/
FoamFile
{
    version     2.0;
    format      ascii;
    class       volScalarField;
    location    "3.4";
    object      T;
}
// * * * * * * * * * * * * * * * * * * * * * * * * * * * * * * * * * * * * * //

dimensions      [0 0 0 1 0 0 0];

internalField   nonuniform List<scalar> 
8000
(
293.144
293.432
293.721
294.011
294.303
294.597
294.892
295.189
295.487
295.784
296.08
296.374
296.665
296.955
297.245
297.541
297.987
297.987
297.988
297.988
297.988
297.989
297.99
297.99
297.991
297.992
297.992
297.993
297.993
297.994
297.995
297.995
297.996
297.996
297.996
297.997
297.997
297.997
297.998
297.998
297.998
297.998
297.998
297.999
297.999
297.999
297.999
297.999
297.999
297.999
293.145
293.434
293.724
294.014
294.304
294.594
294.884
295.174
295.465
295.755
296.046
296.338
296.633
296.935
297.247
297.577
297.994
297.994
297.994
297.994
297.994
297.994
297.994
297.995
297.995
297.995
297.995
297.996
297.996
297.996
297.997
297.997
297.997
297.997
297.998
297.998
297.998
297.998
297.998
297.999
297.999
297.999
297.999
297.999
297.999
297.999
297.999
297.999
297.999
298
293.144
293.432
293.719
294.006
294.292
294.577
294.861
295.144
295.428
295.712
295.998
296.287
296.578
296.871
297.159
297.431
297.678
297.993
297.993
297.994
297.994
297.994
297.995
297.995
297.996
297.996
297.996
297.997
297.997
297.997
297.997
297.998
297.998
297.998
297.998
297.998
297.998
297.999
297.999
297.999
297.999
297.999
297.999
297.999
297.999
297.999
297.999
298
298
298
293.142
293.426
293.709
293.991
294.27
294.548
294.825
295.099
295.372
295.644
295.915
296.184
296.454
296.726
297
297.277
297.54
297.762
297.994
297.995
297.995
297.996
297.996
297.996
297.997
297.997
297.997
297.997
297.998
297.998
297.998
297.998
297.998
297.998
297.998
297.999
297.999
297.999
297.999
297.999
297.999
297.999
297.999
297.999
297.999
297.999
298
298
298
298
293.14
293.418
293.696
293.971
294.244
294.514
294.782
295.047
295.309
295.569
295.826
296.081
296.334
296.585
296.836
297.087
297.338
297.575
297.777
297.995
297.996
297.996
297.996
297.997
297.997
297.997
297.997
297.998
297.998
297.998
297.998
297.998
297.998
297.999
297.999
297.999
297.999
297.999
297.999
297.999
297.999
297.999
297.999
297.999
298
298
298
298
298
298
293.137
293.411
293.683
293.953
294.22
294.484
294.745
295.003
295.258
295.509
295.757
296.001
296.243
296.481
296.717
296.95
297.183
297.412
297.627
297.807
297.996
297.996
297.997
297.997
297.997
297.997
297.998
297.998
297.998
297.998
297.998
297.999
297.999
297.999
297.999
297.999
297.999
297.999
297.999
297.999
297.999
297.999
298
298
298
298
298
298
298
298
293.135
293.405
293.674
293.941
294.205
294.466
294.725
294.98
295.232
295.481
295.726
295.967
296.204
296.437
296.665
296.888
297.106
297.322
297.536
297.756
297.997
297.997
297.998
297.998
297.998
297.998
297.998
297.998
297.998
297.999
297.999
297.999
297.999
297.999
297.999
297.999
297.999
297.999
297.999
298
298
298
298
298
298
298
298
298
298
298
293.135
293.406
293.675
293.944
294.211
294.476
294.74
295.002
295.26
295.516
295.768
296.016
296.259
296.497
296.728
296.954
297.173
297.386
297.593
297.794
297.998
297.998
297.998
297.998
297.998
297.998
297.999
297.999
297.999
297.999
297.999
297.999
297.999
297.999
297.999
298
298
298
298
298
298
298
298
298
298
298
298
298
298
298
293.14
293.419
293.699
293.98
294.261
294.543
294.825
295.107
295.386
295.663
295.936
296.204
296.466
296.721
296.967
297.205
297.432
297.645
297.853
297.998
297.998
297.999
297.999
297.999
297.999
297.999
297.999
297.999
297.999
297.999
298
298
298
298
298
298
298
298
298
298
298
298
298
298
298
298
298
298
298
298
293.149
293.448
293.75
294.055
294.363
294.674
294.987
295.301
295.615
295.925
296.23
296.528
296.816
297.094
297.361
297.617
297.877
297.999
298
298
298
298
298
298
298
298
298
298
298
298
298
298
298
298
298
298
298
298
298
298
298
298
298
298
298
298
298
298
298
298
293.167
293.504
293.844
294.191
294.544
294.903
295.267
295.632
295.995
296.352
296.698
297.03
297.339
297.634
297.923
297.999
298
298
298
298
298
298
298
298
298
298
298
298
298
298
298
298
298
298
298
298
298
298
298
298
298
298
298
298
298
298
298
298
298
298
293.197
293.593
293.997
294.411
294.835
295.269
295.708
296.149
296.583
296.993
297.387
297.806
297.972
298
298
298
298
298
298
298
298
298
298
298
298
298
298
298
298
298
298
298
298
298
298
298
298
298
298
298
298
298
298
298
298
298
298
298
298
298
293.243
293.735
294.24
294.761
295.298
295.848
296.407
296.972
297.544
297.844
297.998
298
298
298
298
298
298
298
298
298
298
298
298
298
298
298
298
298
298
298
298
298
298
298
298
298
298
298
298
298
298
298
298
298
298
298
298
298
298
298
293.327
293.989
294.671
295.377
296.103
296.831
297.504
297.995
297.999
297.998
297.998
297.999
297.999
298
298
298
298
298
298
298
298
298
298
298
298
298
298
298
298
298
298
298
298
298
298
298
298
298
298
298
298
298
298
298
298
298
298
298
298
298
293.447
294.351
295.271
296.197
297.094
297.989
297.999
297.998
297.998
297.998
297.999
297.999
297.999
297.999
297.999
297.999
297.999
297.999
297.999
297.999
297.999
297.999
297.999
297.999
297.999
297.999
297.999
298
298
298
298
298
298
298
298
298
298
298
298
298
298
298
298
298
298
298
298
298
298
298
293.565
294.69
295.787
296.825
297.982
297.983
297.986
297.989
297.991
297.992
297.994
297.995
297.995
297.996
297.996
297.997
297.997
297.997
297.997
297.997
297.998
297.998
297.998
297.998
297.998
297.998
297.998
297.998
297.999
297.999
297.999
297.999
297.999
297.999
297.999
297.999
297.999
297.999
297.999
297.999
298
298
298
298
298
298
298
298
298
298
293.697
295.099
296.519
297.986
297.986
297.986
297.987
297.988
297.989
297.989
297.99
297.991
297.991
297.992
297.992
297.992
297.993
297.993
297.993
297.994
297.994
297.994
297.994
297.995
297.995
297.995
297.995
297.996
297.996
297.996
297.996
297.997
297.997
297.997
297.997
297.998
297.998
297.998
297.998
297.999
297.999
297.999
297.999
297.999
297.999
297.999
297.999
298
298
298
293.666
294.987
296.277
297.967
297.969
297.973
297.976
297.978
297.98
297.982
297.983
297.984
297.985
297.985
297.986
297.987
297.988
297.989
297.989
297.99
297.991
297.991
297.992
297.992
297.993
297.993
297.993
297.994
297.994
297.994
297.994
297.994
297.995
297.995
297.995
297.995
297.996
297.996
297.996
297.997
297.997
297.997
297.998
297.998
297.998
297.998
297.999
297.999
297.999
297.999
293.687
295.067
296.477
297.985
297.99
297.997
297.998
297.989
297.981
297.975
297.972
297.969
297.968
297.968
297.969
297.971
297.973
297.975
297.976
297.978
297.979
297.98
297.981
297.981
297.981
297.981
297.981
297.981
297.981
297.981
297.981
297.981
297.981
297.981
297.982
297.982
297.982
297.983
297.984
297.985
297.986
297.987
297.989
297.99
297.991
297.993
297.994
297.995
297.995
297.996
293.407
294.209
294.988
295.745
296.498
297.271
297.77
297.993
297.803
297.693
297.688
297.704
297.728
297.756
297.786
297.816
297.842
297.865
297.883
297.898
297.909
297.919
297.925
297.93
297.934
297.937
297.94
297.943
297.945
297.947
297.949
297.951
297.952
297.954
297.956
297.957
297.959
297.961
297.963
297.965
297.968
297.97
297.972
297.975
297.978
297.98
297.983
297.986
297.988
297.99
297.999
297.999
298
298
298
298
298
298
298
298
298
298
298
298
298
298
298
298
298
298
298
298
298
298
298
298
298
298
298
298
298
298
298
298
298
298
298
298
298
298
298
298
298
298
298
298
298
298
298
298
298
298
298
298
298
298
298
298
298
298
298
298
298
298
298
298
298
298
298
298
298
298
298
298
298
298
298
298
298
298
298
298
298
298
298
298
298
298
298
298
298
298
298
298
298
298
298
298
298
298
298
298
298
298
298
298
298
298
298
298
298
298
298
298
298
298
298
298
298
298
298
298
298
298
298
298
298
298
298
298
298
298
298
298
298
298
298
298
298
298
298
298
298
298
298
298
298
298
298
298
298
298
298
298
298
298
298
298
298
298
298
298
298
298
298
298
298
298
298
298
298
298
298
298
298
298
298
298
298
298
298
298
298
298
298
298
298
298
298
298
298
298
298
298
298
298
298
298
298
298
298
298
298
298
298
298
298
298
298
298
298
298
298
298
298
298
298
298
298
298
298
298
298
298
298
298
298
298
298
298
298
298
298
298
298
298
298
298
298
298
298
298
298
298
298
298
298
298
298
298
298
298
298
298
298
298
298
298
298
298
298
298
298
298
298
298
298
298
298
298
298
298
298
298
298
298
298
298
298
298
298
298
298
298
298
298
298
298
298
298
298
298
298
298
298
298
298
298
298
298
298
298
298
298
298
298
298
298
298
298
298
298
298
298
298
298
298
298
298
298
298
298
298
298
298
298
298
298
298
298
298
298
298
298
298
298
298
298
298
298
298
298
298
298
298
298
298
298
298
298
298
298
298
298
298
298
298
298
298
298
298
298
298
298
298
298
298
298
298
298
298
298
298
298
298
298
298
298
298
298
298
298
298
298
298
298
298
298
298
298
298
298
298
298
298
298
298
298
298
298
298
298
298
298
298
298
298
298
298
298
298
298
298
298
298
298
298
298
298
298
298
298
298
298
298
298
298
298
298
298
298
298
298
298
298
298
298
298
298
298
298
298
298
298
298
298
298
298
298
298
298
298
298
298
298
298
298
298
298
298
298
298
298
298
298
298
298
298
298
298
298
298
298
298
298
298
298
298
298
298
298
298
298
298
298
298
298
298
298
298
298
298
298
298
298
298
298
298
298
298
298
298
298
298
298
298
298
298
298
298
298
298
298
298
298
298
298
298
298
298
298
298
298
298
298
298
298
298
298
298
298
298
298
298
298
298
298
298
298
298
298
298
298
298
298
298
298
298
298
298
298
298
298
298
298
298
298
298
298
298
298
298
298
298
298
298
298
298
298
298
298
298
298
298
298
298
298
298
298
298
298
298
298
298
298
298
298
298
298
298
298
298
298
298
298
298
298
298
298
298
298
298
298
298
298
298
298
298
298
298
298
298
298
298
298
298
298
298
298
298
298
298
298
298
298
298
298
298
298
298
298
298
298
298
298
298
298
298
298
298
298
298
298
298
298
298
298
298
298
298
298
298
298
298
298
298
298
298
298
298
298
298
298
298
298
298
298
298
298
298
298
298
298
298
298
298
298
298
298
298
298
298
298
298
298
298
298
298
298
298
298
298
298
298
298
298
298
298
298
298
298
298
298
298
298
298
298
298
298
298
298
298
298
298
298
298
298
298
298
298
298
298
298
298
298
298
298
298
298
298
298
298
298
298
298
298
298
298
298
298
298
298
298
298
298
298
298
298
298
298
298
298
298
298
298
298
298
298
298
298
298
298
298
298
298
298
298
298
298
298
298
298
298
298
298
298
298
298
298
298
298
298
298
298
298
298
298
298
298
298
298
298
298
298
298
298
298
298
298
298
298
298
298
298
298
298
298
298
298
298
298
298
298
298
298
298
298
298
298
298
298
298
298
298
298
298
298
298
298
298
298
298
298
298
298
298
298
298
298
298
298
298
298
298
298
298
298
298
298
298
297.999
297.999
297.999
298
298
298
298
298
298
298
298
298
298
298
298
298
298
298
298
298
298
298
298
298
298
298
298
298
298
298
298
298
298
298
298
298
298
298
298
298
298
298
298
298
298
298
298
298
298
298
297.997
297.997
297.998
297.998
297.998
297.999
297.999
297.999
297.999
297.999
297.999
297.999
298
298
298
298
298
298
298
298
298
298
298
298
298
298
298
298
298
298
298
298
298
298
298
298
298
298
298
298
298
298
298
298
298
298
298
298
298
298
297.991
297.993
297.994
297.995
297.995
297.996
297.996
297.997
297.997
297.997
297.998
297.998
297.998
297.998
297.999
297.999
297.999
297.999
297.999
297.999
297.999
297.999
298
298
298
298
298
298
298
298
298
298
298
298
298
298
298
298
298
298
298
298
298
298
298
298
298
298
298
298
298
298
298
298
298
298
298
298
298
298
298
298
298
298
298
298
298
298
298
298
298
298
298
298
298
298
298
298
298
298
298
298
298
298
298
298
298
298
298
298
298
298
298
298
298
298
298
298
298
298
298
298
298
298
298
298
298
298
298
298
298
298
298
298
298
298
298
298
298
298
298
298
298
298
298
298
298
298
298
298
298
298
298
298
298
298
298
298
298
298
298
298
298
298
298
298
298
298
298
298
298
298
298
298
298
298
298
298
298
298
298
298
298
298
298
298
298
298
298
298
298
298
298
298
298
298
298
298
298
298
298
298
298
298
298
298
298
298
298
298
298
298
298
298
298
298
298
298
298
298
298
298
298
298
298
298
298
298
298
298
298
298
298
298
298
298
298
298
298
298
298
298
298
298
298
298
298
298
298
298
298
298
298
298
298
298
298
298
298
298
298
298
298
298
298
298
298
298
298
298
298
298
298
298
298
298
298
298
298
298
298
298
298
298
298
298
298
298
298
298
298
298
298
298
298
298
298
298
298
298
298
298
298
298
298
298
298
298
298
298
298
298
298
298
298
298
298
298
298
298
298
298
298
298
298
298
298
298
298
298
298
298
298
298
298
298
298
298
298
298
298
298
298
298
298
298
298
298
298
298
298
298
298
298
298
298
298
298
298
298
298
298
298
298
298
298
298
298
298
298
298
298
298
298
298
298
298
298
298
298
298
298
298
298
298
298
298
298
298
298
298
298
298
298
298
298
298
298
298
298
298
298
298
298
298
298
298
298
298
298
298
298
298
298
298
298
298
298
298
298
298
298
298
298
298
298
298
298
298
298
298
298
298
298
298
298
298
298
298
298
298
298
298
298
298
298
298
298
298
298
298
298
298
298
298
298
298
298
298
298
298
298
298
298
298
298
298
298
298
298
298
298
298
298
298
298
298
298
298
298
298
298
298
298
298
298
298
298
298
298
298
298
298
298
298
298
298
298
298
298
298
298
298
298
298
298
298
298
298
298
298
298
298
298
298
298
298
298
298
298
298
298
298
298
298
298
298
298
298
298
298
298
298
298
298
298
298
298
298
298
298
298
298
298
298
298
298
298
298
298
298
298
298
298
298
298
298
298
298
298
298
298
298
298
298
298
298
298
298
298
298
298
298
298
298
298
298
298
298
298
298
298
298
298
298
298
298
298
298
298
298
298
298
298
298
298
298
298
298
298
298
298
298
298
298
298
298
298
298
298
298
298
298
298
298
298
298
298
298
298
298
298
298
298
298
298
298
298
298
298
298
298
298
298
298
298
298
298
298
298
298
298
298
298
298
298
298
298
298
298
298
298
298
298
298
298
298
298
298
298
298
298
298
298
298
298
298
298
298
298
298
298
298
298
298
298
298
298
298
298
298
298
298
298
298
298
298
298
298
298
298
298
298
298
298
298
298
298
298
298
298
298
298
298
298
298
298
298
298
298
298
298
298
298
298
298
298
298
298
298
298
298
298
298
298
298
298
298
298
298
298
298
298
298
298
298
298
298
298
298
298
298
298
298
298
298
298
298
298
298
298
298
298
298
298
298
298
298
298
298
298
298
298
298
298
298
298
298
298
298
298
298
298
298
298
298
298
298
298
298
298
298
298
298
298
298
298
298
298
298
298
298
298
298
298
298
298
298
298
298
298
298
298
298
298
298
298
298
298
298
298
298
298
298
298
298
298
298
298
298
298
298
298
298
298
298
298
298
298
298
298
298
298
298
298
298
298
298
298
298
298
298
298
298
298
298
298
298
298
298
298
298
298
298
298
298
298
298
298
298
298
298
298
298
298
298
298
298
298
298
298
298
298
298
298
298
298
298
298
298
298
298
298
298
298
298
298
298
298
298
298
298
298
298
298
298
298
298
298
298
298
298
298
298
298
298
298
298
298
298
298
298
298
298
298
298
298
298
298
298
298
298
298
298
298
298
298
298
298
298
298
298
298
298
298
298
298
298
298
298
298
298
298
298
298
298
298
298
298
298
298
298
298
298
298
298
298
298
298
298
298
298
298
298
298
298
298
298
298
298
298
298
298
298
298
298
298
298
298
298
298
298
298
298
298
298
298
298
298
298
298
298
298
298
298
298
298
298
298
298
298
298
298
298
298
298
298
298
298
298
298
298
298
298
298
298
298
298
298
298
298
298
298
298
298
298
298
298
298
298
298
298
298
298
298
298
298
298
298
298
298
298
298
298
298
298
298
298
298
298
298
298
298
298
298
298
298
298
298
298
298
298
298
298
298
298
298
298
298
298
298
298
298
298
298
298
298
298
298
298
298
298
298
298
298
298
298
298
298
298
298
298
298
298
298
298
298
298
298
298
298
298
298
298
298
298
298
298
298
298
298
298
298
298
298
298
298
298
298
298
298
298
298
298
298
298
298
298
298
298
298
298
298
298
298
298
298
298
298
298
298
298
298
298
298
298
298
298
298
298
298
298
298
298
298
298
298
298
298
298
298
298
298
298
298
298
298
298
298
298
298
298
298
298
298
298
298
298
298
298
298
298
298
298
298
298
298
298
298
298
298
298
298
298
298
298
298
298
298
298
298
298
298
298
298
298
298
298
298
298
298
298
298
298
298
298
298
298
298
298
298
298
298
298
298
298
298
298
298
298
298
298
298
298
298
298
298
298
298
298
298
298
298
298
298
298
298
298
298
298
298
298
298
298
298
298
298
298
298
298
298
298
298
298
298
298
298
298
298
298
298
298
298
298
298
298
298
298
298
298
298
298
298
298
298
298
298
298
298
298
298
298
298
298
298
298
298
298
298
298
298
298
298
298
298
298
298
298
298
298
298
298
298
298
298
298
298
298
298
298
298
298
298
298
298
298
298
298
298
298
298
298
298
298
298
298
298
298
298
298
298
298
298
298
298
298
298
298
298
298
298
298
298
298
298
298
298
298
298
298
298
298
298
298
298
298
298
298
298
298
298
298
298
298
298
298
298
298
298
298
298
298
298
298
298
298
298
298
298
298
298
298
298
298
298
298
298
298
298
298
298
298
298
298
298
298
298
298
298
298
298
298
298
298
298
298
298
298
298
298
298
298
298
298
298
298
298
298
298
298
298
298
298
298
298
298
298
298
298
298
298
298
298
298
298
298
298
298
298
298
298
298
298
298
298
298
298
298
298
298
298
298
298
298
298
298
298
298
298
298
298
298
298
298
298
298
298
298
298
298
298
298
298
298
298
298
298
298
298
298
298
298
298
298
298
298
298
298
298
298
298
298
298
298
298
298
298
298
298
298
298
298
298
298
298
298
298
298
298
298
298
298
298
298
298
298
298
298
298
298
298
298
298
298
298
298
298
298
298
298
298
298
298
298
298
298
298
298
298
298
298
298
298
298
298
298
298
298
298
298
298
298
298
298
298
298
298
298
298
298
298
298
298
298
298
298
298
298
298
298
298
298
298
298
298
298
298
298
298
298
298
298
298
298
298
298
298
298
298
298
298
298
298
298
298
298
298
298
298
298
298
298
298
298
298
298
298
298
298
298
298
298
298
298
298
298
298
298
298
298
298
298
298
298
298
298
298
298
298
298
298
298
298
298
298
298
298
298
298
298
298
298
298
298
298
298
298
298
298
298
298
298
298
298
298
298
298
298
298
298
298
298
298
298
298
298
298
298
298
298
298
298
298
298
298
298
298
298
298
298
298
298
298
298
298
298
298
298
298
298
298
298
298
298
298
298
298
298
298
298
298
298
298
298
298
298
298
298
298
298
298
298
298
298
298
298
298
298
298
298
298
298
298
298
298
298
298
298
298
298
298
298
298
298
298
298
298
298
298
298
298
298
298
298
298
298
298
298
298
298
298
298
298
298
298
298
298
298
298
298
298
298
298
298
298
298
298
298
298
298
298
298
298
298
298
298
298
298
298
298
298
298
298
298
298
298
298
298
298
298
298
298
298
298
298
298
298
298
298
298
298
298
298
298
298
298
298
298
298
298
298
298
298
298
298
298
298
298
298
298
298
298
298
298
298
298
298
298
298
298
298
298
298
298
298
298
298
298
298
298
298
298
298
298
298
298
298
298
298
298
298
298
298
298
298
298
298
298
298
298
298
298
298
298
298
298
298
298
298
298
298
298
298
298
298
298
298
298
298
298
298
298
298
298
298
298
298
298
298
298
298
298
298
298
298
298
298
298
298
298
298
298
298
298
298
298
298
298
298
298
298
298
298
298
298
298
298
298
298
298
298
298
298
298
298
298
298
298
298
298
298
298
298
298
298
298
298
298
298
298
298
298
298
298
298
298
298
298
298
298
298
298
298
298
298
298
298
298
298
298
298
298
298
298
298
298
298
298
298
298
298
298
298
298
298
298
298
298
298
298
298
298
298
298
298
298
298
298
298
298
298
298
298
298
298
298
298
298
298
298
298
298
298
298
298
298
298
298
298
298
298
298
298
298
298
298
298
298
298
298
298
298
298
298
298
298
298
298
298
298
298
298
298
298
298
298
298
298
298
298
298
298
298
298
298
298
298
298
298
298
298
298
298
298
298
298
298
298
298
298
298
298
298
298
298
298
298
298
298
298
298
298
298
298
298
298
298
298
298
298
298
298
298
298
298
298
298
298
298
298
298
298
298
298
298
298
298
298
298
298
298
298
298
298
298
298
298
298
298
298
298
298
298
298
298
298
298
298
298
298
298
298
298
298
298
298
298
298
298
298
298
298
298
298
298
298
298
298
298
298
298
298
298
298
298
298
298
298
298
298
298
298
298
298
298
298
298
298
298
298
298
298
298
298
298
298
298
298
298
298
298
298
298
298
298
298
298
298
298
298
298
298
298
298
298
298
298
298
298
298
298
298
298
298
298
298
298
298
298
298
298
298
298
298
298
298
298
298
298
298
298
298
298
298
298
298
298
298
298
298
298
298
298
298
298
298
298
298
298
298
298
298
298
298
298
298
298
298
298
298
298
298
298
298
298
298
298
298
298
298
298
298
298
298
298
298
298
298
298
298
298
298
298
298
298
298
298
298
298
298
298
298
298
298
298
298
298
298
298
298
298
298
298
298
298
298
298
298
298
298
298
298
298
298
298
298
298
298
298
298
298
298
298
298
298
298
298
298
298
298
298
298
298
298
298
298
298
298
298
298
298
298
298
298
298
298
298
298
298
298
298
298
298
298
298
298
298
298
298
298
298
298
298
298
298
298
298
298
298
298
298
298
298
298
298
298
298
298
298
298
298
298
298
298
298
298
298
298
298
298
298
298
298
298
298
298
298
298
298
298
298
298
298
298
298
298
298
298
298
298
298
298
298
298
298
298
298
298
298
298
298
298
298
298
298
298
298
298
298
298
298
298
298
298
298
298
298
298
298
298
298
298
298
298
298
298
298
298
298
298
298
298
298
298
298
298
298
298
298
298
298
298
298
298
298
298
298
298
298
298
298
298
298
298
298
298
298
298
298
298
298
298
298
298
298
298
298
298
298
298
298
298
298
298
298
298
298
298
298
298
298
298
298
298
298
298
298
298
298
298
298
298
298
298
298
298
298
298
298
298
298
298
298
298
298
298
298
298
298
298
298
298
298
298
298
298
298
298
298
298
298
298
298
298
298
298
298
298
298
298
298
298
298
298
298
298
298
298
298
298
298
298
298
298
298
298
298
298
298
298
298
298
298
298
298
298
298
298
298
298
298
298
298
298
298
298
298
298
298
298
298
298
298
298
298
298
298
298
298
298
298
298
298
298
298
298
298
298
298
298
298
298
298
298
298
298
298
298
298
298
298
298
298
298
298
298
298
298
298
298
298
298
298
298
298
298
298
298
298
298
298
298
298
298
298
298
298
298
298
298
298
298
298
298
298
298
298
298
298
298
298
298
298
298
298
298
298
298
298
298
298
298
298
298
298
298
298
298
298
298
298
298
298
298
298
298
298
298
298
298
298
298
298
298
298
298
298
298
298
298
298
298
298
298
298
298
298
298
298
298
298
298
298
298
298
298
298
298
298
298
298
298
298
298
298
298
298
298
298
298
298
298
298
298
298
298
298
298
298
298
298
298
298
298
298
298
298
298
298
298
298
298
298
298
298
298
298
298
298
298
298
298
298
298
298
298
298
298
298
298
298
298
298
298
298
298
298
298
298
298
298
298
298
298
298
298
298
298
298
298
298
298
298
298
298
298
298
298
298
298
298
298
298
298
298
298
298
298
298
298
298
298
298
298
298
298
298
298
298
298
298
298
298
298
298
298
298
298
298
298
298
298
298
298
298
298
298
298
298
298
298
298
298
298
298
298
298
298
298
298
298
298
298
298
298
298
298
298
298
298
298
298
298
298
298
298
298
298
298
298
298
298
298
298
298
298
298
298
298
298
298
298
298
298
298
298
298
298
298
298
298
298
298
298
298
298
298
298
298
298
298
298
298
298
298
298
298
298
298
298
298
298
298
298
298
298
298
298
298
298
298
298
298
298
298
298
298
298
298
298
298
298
298
298
298
298
298
298
298
298
298
298
298
298
298
298
298
298
298
298
298
298
298
298
298
298
298
298
298
298
298
298
298
298
298
298
298
298
298
298
298
298
298
298
298
298
298
298
298
298
298
298
298
298
298
298
298
298
298
298
298
298
298
298
298
298
298
298
298
298
298
298
298
298
298
298
298
298
298
298
298
298
298
298
298
298
298
298
298
298
298
298
298
298
298
298
298
298
298
298
298
298
298
298
298
298
298
298
298
298
298
298
298
298
298
298
298
298
298
298
298
298
298
298
298
298
298
298
298
298
298
298
298
298
298
298
298
298
298
298
298
298
298
298
298
298
298
298
298
298
298
298
298
298
298
298
298
298
298
298
298
298
298
298
298
298
298
298
298
298
298
298
298
298
298
298
298
298
298
298
298
298
298
298
298
298
298
298
298
298
298
298
298
298
298
298
298
298
298
298
298
298
298
298
298
298
298
298
298
298
298
298
298
298
298
298
298
298
298
298
298
298
298
298
298
298
298
298
298
298
298
298
298
298
298
298
298
298
298
298
298
298
298
298
298
298
298
298
298
298
298
298
298
298
298
298
298
298
298
298
298
298
298
298
298
298
298
298
298
298
298
298
298
298
298
298
298
298
298
298
298
298
298
298
298
298
298
298
298
298
298
298
298
298
298
298
298
298
298
298
298
298
298
298
298
298
298
298
298
298
298
298
298
298
298
298
298
298
298
298
298
298
298
298
298
298
298
298
298
298
298
298
298
298
298
298
298
298
298
298
298
298
298
298
298
298
298
298
298
298
298
298
298
298
298
298
298
298
298
298
298
298
298
298
298
298
298
298
298
298
298
298
298
298
298
298
298
298
298
298
298
298
298
298
298
298
298
298
298
298
298
298
298
298
298
298
298
298
298
298
298
298
298
298
298
298
298
298
298
298
298
298
298
298
298
298
298
298
298
298
298
298
298
298
298
298
298
298
298
298
298
298
298
298
298
298
298
298
298
298
298
298
298
298
298
298
298
298
298
298
298
298
298
298
298
298
298
298
298
298
298
298
298
298
298
298
298
298
298
298
298
298
298
298
298
298
298
298
298
298
298
298
298
298
298
298
298
298
298
298
298
298
298
298
298
298
298
298
298
298
298
298
298
298
298
298
298
298
298
298
298
298
298
298
298
298
298
298
298
298
298
298
298
298
298
298
298
298
298
298
298
298
298
298
298
298
298
298
298
298
298
298
298
298
298
298
298
298
298
298
298
298
298
298
298
298
298
298
298
298
298
298
298
298
298
298
298
298
298
298
298
298
298
298
298
298
298
298
298
298
298
298
298
298
298
298
298
298
298
298
298
298
298
298
298
298
298
298
298
298
298
298
298
298
298
298
298
298
298
298
298
298
298
298
298
298
298
298
298
298
298
298
298
298
298
298
298
298
298
298
298
298
298
298
298
298
298
298
298
298
298
298
298
298
298
298
298
298
298
298
298
298
298
298
298
298
298
298
298
298
298
298
298
298
298
298
298
298
298
298
298
298
298
298
298
298
298
298
298
298
298
298
298
298
298
298
298
298
298
298
298
298
298
298
298
298
298
298
298
298
298
298
298
298
298
298
298
298
298
298
298
298
298
298
298
298
298
298
298
298
298
298
298
298
298
298
298
298
298
298
298
298
298
298
298
298
298
298
298
298
298
298
298
298
298
298
298
298
298
298
298
298
298
298
298
298
298
298
298
298
298
298
298
298
298
298
298
298
298
298
298
298
298
298
298
298
298
298
298
298
298
298
298
298
298
298
298
298
298
298
298
298
298
298
298
298
298
298
298
298
298
298
298
298
298
298
298
298
298
298
298
298
298
298
298
298
298
298
298
298
298
298
298
298
298
298
298
298
298
298
298
298
298
298
298
298
298
298
298
298
298
298
298
298
298
298
298
298
298
298
298
298
298
298
298
298
298
298
298
298
298
298
298
298
298
298
298
298
298
298
298
298
298
298
298
298
298
298
298
298
298
298
298
298
298
298
298
298
298
298
298
298
298
298
298
298
298
298
298
298
298
298
298
298
298
298
298
298
298
298
298
298
298
298
298
298
298
298
298
298
298
298
298
298
298
298
298
298
298
298
298
298
298
298
298
298
298
298
298
298
298
298
298
298
298
298
298
298
298
298
298
298
298
298
298
298
298
298
298
298
298
298
298
298
298
298
298
298
298
298
298
298
298
298
298
298
298
298
298
298
298
298
298
298
298
298
298
298
298
298
298
298
298
298
298
298
298
298
298
298
298
298
298
298
298
298
298
298
298
298
298
298
298
298
298
298
298
298
298
298
298
298
298
298
298
298
298
298
298
298
298
298
298
298
298
298
298
298
298
298
298
298
298
298
298
298
298
298
298
298
298
298
298
298
298
298
298
298
298
298
298
298
298
298
298
298
298
298
298
298
298
298
298
298
298
298
298
298
298
298
298
298
298
298
298
298
298
298
298
298
298
298
298
298
298
298
298
298
298
298
298
298
298
298
298
298
298
298
298
298
298
298
298
298
298
298
298
298
298
298
298
298
298
298
298
298
298
298
298
298
298
298
298
298
298
298
298
298
298
298
298
298
298
298
298
298
298
298
298
298
298
298
298
298
298
298
298
298
298
298
298
298
298
298
298
298
298
298
298
298
298
298
298
298
298
298
298
298
298
298
298
298
298
298
298
298
298
298
298
298
298
298
298
298
298
298
298
298
298
298
298
298
298
298
298
298
298
298
298
298
298
298
298
298
298
298
298
298
298
298
298
298
298
298
298
298
298
298
298
298
298
298
298
298
298
298
298
298
298
298
298
298
298
298
298
298
298
298
298
298
298
298
298
298
298
298
298
298
298
298
298
298
298
298
298
298
298
298
298
298
298
298
298
298
298
298
298
298
298
298
298
298
298
298
298
298
298
298
298
298
298
298
298
298
298
298
298
298
298
298
298
298
298
298
298
298
298
298
298
298
298
298
298
298
298
298
298
298
298
298
298
298
298
298
298
298
298
298
298
298
298
298
298
298
298
298
298
298
298
298
298
298
298
298
298
298
298
298
298
298
298
298
298
298
298
298
298
298
298
298
298
298
298
298
298
298
298
298
298
298
298
298
298
298
298
298
298
298
298
298
298
298
298
298
298
298
298
298
298
298
298
298
298
298
298
298
298
298
298
298
298
298
298
298
298
298
298
298
298
298
298
298
298
298
298
298
298
298
298
298
298
298
298
298
298
298
298
298
298
298
298
298
298
298
298
298
298
298
298
298
298
298
298
298
298
298
298
298
298
298
298
298
298
298
298
298
298
298
298
298
298
298
298
298
298
298
298
298
298
298
298
298
298
298
298
298
298
298
298
298
298
298
298
298
298
298
298
298
298
298
298
298
298
298
298
298
298
298
298
298
298
298
298
298
298
298
298
298
298
298
298
298
298
298
298
298
298
298
298
298
298
298
298
298
298
298
298
298
298
298
298
298
298
298
298
298
298
298
298
298
298
298
298
298
298
298
298
298
298
298
298
298
298
298
298
298
298
298
298
298
298
298
298
298
298
298
298
298
298
298
298
298
298
298
298
298
298
298
298
298
298
298
298
298
298
298
298
298
298
298
298
298
298
298
298
298
298
298
298
298
298
298
298
298
298
298
298
298
298
298
298
298
298
298
298
298
298
298
298
298
298
298
298
298
298
298
298
298
298
298
298
298
298
298
298
298
298
298
298
298
298
298
298
298
298
298
298
298
298
298
298
298
298
298
298
298
298
298
298
298
298
298
298
298
298
298
298
298
298
298
298
298
298
298
298
298
298
298
298
298
298
298
298
298
298
298
298
298
298
298
298
298
298
298
298
298
298
298
298
298
298
298
298
298
298
298
298
298
298
298
298
298
298
298
298
298
298
298
298
298
298
298
298
298
298
298
298
298
298
298
298
298
298
298
298
298
298
298
298
298
298
298
298
298
298
298
298
298
298
298
298
298
298
298
298
298
298
298
298
298
298
298
298
298
298
298
298
298
298
298
298
298
298
298
298
298
298
298
298
298
298
298
298
298
298
298
298
298
298
298
298
298
298
298
298
298
298
298
298
298
298
298
298
298
298
298
298
298
298
298
298
298
298
298
298
298
298
298
298
298
298
298
298
298
298
298
298
298
298
298
298
298
298
298
298
298
298
298
298
298
298
298
298
298
298
298
298
298
298
298
298
298
298
298
298
298
298
298
298
298
298
298
298
298
298
298
298
298
298
298
298
298
298
298
298
298
298
298
298
298
298
298
298
298
298
298
298
298
298
298
298
298
298
298
298
298
298
298
298
298
298
298
298
298
298
298
298
298
298
298
298
298
298
298
298
298
298
298
298
298
298
298
298
298
298
298
298
298
298
298
298
298
298
298
298
298
298
298
298
298
298
298
298
298
298
298
298
298
298
298
298
298
298
298
298
298
298
298
298
298
298
298
298
298
298
298
298
298
298
298
298
298
298
298
298
298
298
298
298
298
298
298
298
298
298
298
298
298
298
298
298
298
298
298
298
298
298
298
298
298
298
298
298
298
298
298
298
298
298
298
298
298
298
298
298
298
298
298
298
298
298
298
298
298
298
298
298
298
298
298
298
298
298
298
298
298
298
298
298
298
298
298
298
298
298
298
298
298
298
298
298
298
298
298
298
298
298
298
298
298
298
298
298
298
298
298
298
298
298
298
298
298
298
298
298
298
298
298
298
298
298
298
298
298
298
298
298
298
298
298
298
298
298
298
298
298
298
298
298
298
298
298
298
298
298
298
298
298
298
298
298
298
298
298
298
298
298
298
298
298
298
298
298
298
298
298
298
298
298
298
298
298
298
298
298
298
298
298
298
298
298
298
298
298
298
298
298
298
298
298
298
298
298
298
298
298
298
298
298
298
298
298
298
298
298
298
298
298
298
298
298
298
298
298
298
298
298
298
298
298
298
298
298
298
298
298
298
298
298
298
298
298
298
298
298
298
298
298
298
298
298
298
298
298
298
298
298
298
298
298
298
298
298
298
298
298
298
298
298
298
298
298
298
298
298
298
298
298
298
298
298
298
298
298
298
298
298
298
298
298
298
298
298
298
298
298
298
298
298
298
298
298
298
298
298
298
298
298
298
298
298
298
298
298
298
298
298
298
298
298
298
298
298
298
298
298
298
298
298
298
298
298
298
298
298
298
298
298
298
298
298
298
298
298
298
298
298
298
298
298
298
298
298
298
298
298
298
298
298
298
298
298
298
298
298
298
298
298
298
298
298
298
298
298
298
298
298
298
298
298
298
298
298
298
298
298
298
298
298
298
298
298
298
298
298
298
298
298
298
298
298
298
298
298
298
298
298
298
298
298
298
298
298
298
298
298
298
298
298
298
298
298
298
298
298
298
298
298
298
298
298
298
298
298
298
298
298
298
298
298
298
298
298
298
298
298
298
298
298
298
298
298
298
298
298
298
298
298
298
298
298
298
298
298
298
298
298
298
298
298
298
298
298
298
298
298
298
298
298
298
298
298
298
298
298
298
298
298
298
298
298
298
298
298
298
298
298
298
298
298
298
298
298
298
298
298
298
298
298
298
298
298
298
298
298
298
298
298
298
298
298
298
298
298
298
298
298
298
298
298
298
298
298
298
298
298
298
298
298
298
298
298
298
298
298
298
298
298
298
298
298
298
298
298
298
298
298
298
298
298
298
298
298
298
298
298
298
298
298
298
298
298
298
298
298
298
298
298
298
298
298
298
298
298
298
298
298
298
298
298
298
298
298
298
298
298
298
298
298
298
298
298
298
298
298
298
298
298
298
298
298
298
298
298
298
298
298
298
298
298
298
298
298
298
298
298
298
298
298
298
298
298
298
298
298
298
298
298
298
298
298
298
298
298
298
298
298
298
298
298
298
298
298
298
298
298
298
298
298
298
298
298
298
298
298
298
298
298
298
298
298
298
298
298
298
298
298
298
298
298
298
298
298
298
298
298
298
298
298
298
298
298
298
298
298
298
298
298
298
298
298
298
298
298
298
298
298
298
298
298
298
298
298
298
298
298
298
298
298
298
298
298
298
298
298
298
298
298
298
298
298
298
298
298
298
298
298
298
298
298
298
298
298
298
298
298
298
298
298
298
298
298
298
298
298
298
298
298
298
298
298
298
298
298
298
298
298
298
298
298
298
298
298
298
298
298
298
298
298
298
298
298
298
298
298
298
298
298
298
298
298
298
298
298
298
298
298
298
298
298
298
298
298
298
298
298
298
298
298
298
298
298
298
298
298
298
298
298
298
298
298
298
298
298
298
298
298
298
298
298
298
298
298
298
298
298
298
298
298
298
298
298
298
298
298
298
298
298
298
298
298
298
298
298
298
298
298
298
298
298
298
298
298
298
298
298
298
298
298
298
298
298
298
298
298
298
298
298
298
298
298
298
298
298
298
298
298
298
298
298
298
298
298
298
298
298
298
298
298
298
298
298
298
298
298
298
298
298
298
298
298
298
298
298
298
298
298
298
298
298
298
298
298
298
298
298
298
298
298
298
298
298
298
298
298
298
298
298
298
298
298
298
298
298
298
298
298
298
298
298
298
298
298
298
298
298
298
298
298
298
298
298
298
298
298
298
298
298
298
298
298
298
298
298
298
298
298
298
298
298
298
298
298
298
298
298
298
298
298
298
298
298
298
298
298
298
298
298
298
298
298
298
298
298
298
298
298
298
298
298
298
298
298
298
298
298
298
298
298
298
298
298
298
298
298
298
298
298
298
298
298
298
298
298
298
298
298
298
298
298
298
298
298
298
298
298
298
298
298
298
298
298
298
298
298
298
298
298
298
298
298
298
298
298
298
298
298
298
298
298
298
298
298
298
298
298
298
298
298
298
298
298
298
298
298
298
298
298
298
298
298
298
298
298
298
298
298
298
298
298
298
298
298
298
298
298
298
298
298
298
298
298
298
298
298
298
298
298
298
298
298
298
298
298
298
298
298
298
298
298
298
298
298
298
298
298
298
298
298
298
298
298
298
298
298
298
298
298
298
298
298
298
298
298
298
298
298
298
298
298
298
298
298
298
298
298
298
298
298
298
298
298
298
298
298
298
298
298
298
298
298
298
298
298
298
298
298
298
298
298
298
298
298
298
298
298
298
298
298
298
)
;

boundaryField
{
    Inlet
    {
        type            fixedValue;
        value           nonuniform 0();
    }
    BotOutlet1
    {
        type            zeroGradient;
    }
    BotOutlet2
    {
        type            zeroGradient;
    }
    TopInlet
    {
        type            zeroGradient;
    }
    FreeStream
    {
        type            fixedValue;
        value           uniform 298;
    }
    FrontNBack
    {
        type            empty;
    }
    LeftSide
    {
        type            fixedValue;
        value           uniform 293;
    }
    procBoundary2to1
    {
        type            processor;
        value           nonuniform List<scalar> 
400
(
293.142
293.425
293.711
293.998
294.289
294.583
294.881
295.182
295.486
295.792
296.098
296.402
296.701
296.993
297.275
297.546
297.97
297.972
297.974
297.976
297.978
297.98
297.982
297.984
297.985
297.986
297.988
297.989
297.99
297.991
297.992
297.993
297.993
297.994
297.995
297.995
297.996
297.996
297.997
297.997
297.997
297.998
297.998
297.998
297.998
297.998
297.999
297.999
297.999
297.999
297.999
297.999
297.999
297.999
297.999
298
298
298
298
298
298
298
298
298
298
298
298
298
298
298
298
298
298
298
298
298
298
298
298
298
298
298
298
298
298
298
298
298
298
298
298
298
298
298
298
298
298
298
298
298
298
298
298
298
298
298
298
298
298
298
298
298
298
298
298
298
298
298
298
298
298
298
298
298
298
298
298
298
298
298
298
298
298
298
298
298
298
298
298
298
298
298
298
298
298
298
298
298
298
298
298
298
298
298
298
298
298
298
298
298
298
298
298
298
298
298
298
298
298
298
298
298
298
298
298
298
298
298
298
298
298
298
298
298
298
298
298
298
298
298
298
298
298
298
298
298
298
298
298
298
298
298
298
298
298
298
298
298
298
298
298
298
298
298
298
298
298
298
298
298
298
298
298
298
298
298
298
298
298
298
298
298
298
298
298
298
298
298
298
298
298
298
298
298
298
298
298
298
298
298
298
298
298
298
298
298
298
298
298
298
298
298
298
298
298
298
298
298
298
298
298
298
298
298
298
298
298
298
298
298
298
298
298
298
298
298
298
298
298
298
298
298
298
298
298
298
298
298
298
298
298
298
298
298
298
298
298
298
298
298
298
298
298
298
298
298
298
298
298
298
298
298
298
298
298
298
298
298
298
298
298
298
298
298
298
298
298
298
298
298
298
298
298
298
298
298
298
298
298
298
298
298
298
298
298
298
298
298
298
298
298
298
298
298
298
298
298
298
298
298
298
298
298
298
298
298
298
298
298
298
298
298
298
298
298
298
298
298
298
298
298
298
298
298
298
298
298
298
298
298
)
;
    }
    procBoundary2to3
    {
        type            processor;
        value           nonuniform List<scalar> 
400
(
293.23
293.684
294.125
294.549
294.958
295.355
295.748
296.145
296.556
296.981
297.412
297.849
297.997
297.999
297.999
297.999
297.999
297.999
297.999
298
298
298
297.998
297.995
297.992
297.989
297.985
297.983
297.981
297.98
297.979
297.979
297.98
297.98
297.981
297.981
297.982
297.982
297.983
297.983
297.984
297.984
297.984
297.985
297.985
297.986
297.987
297.988
297.989
297.99
297.991
297.992
297.993
297.993
297.994
297.994
297.995
297.995
297.996
297.996
297.996
297.996
297.997
297.997
297.997
297.997
297.998
297.998
297.998
297.998
297.998
297.998
297.999
297.999
297.999
297.999
297.999
297.999
297.999
297.999
297.999
298
298
298
298
298
298
298
298
298
298
298
298
298
298
298
298
298
298
298
298
298
298
298
298
298
298
298
298
298
298
298
298
298
298
298
298
298
298
298
298
298
298
298
298
298
298
298
298
298
298
298
298
298
298
298
298
298
298
298
298
298
298
298
298
298
298
298
298
298
298
298
298
298
298
298
298
298
298
298
298
298
298
298
298
298
298
298
298
298
298
298
298
298
298
298
298
298
298
298
298
298
298
298
298
298
298
298
298
298
298
298
298
298
298
298
298
298
298
298
298
298
298
298
298
298
298
298
298
298
298
298
298
298
298
298
298
298
298
298
298
298
298
298
298
298
298
298
298
298
298
298
298
298
298
298
298
298
298
298
298
298
298
298
298
298
298
298
298
298
298
298
298
298
298
298
298
298
298
298
298
298
298
298
298
298
298
298
298
298
298
298
298
298
298
298
298
298
298
298
298
298
298
298
298
298
298
298
298
298
298
298
298
298
298
298
298
298
298
298
298
298
298
298
298
298
298
298
298
298
298
298
298
298
298
298
298
298
298
298
298
298
298
298
298
298
298
298
298
298
298
298
298
298
298
298
298
298
298
298
298
298
298
298
298
298
298
298
298
298
298
298
298
298
298
298
298
298
298
298
298
298
298
298
298
298
298
298
298
298
298
298
298
298
298
298
298
298
298
298
298
298
298
298
298
298
298
298
298
298
298
298
298
298
298
298
298
298
298
298
)
;
    }
}


// ************************************************************************* //
