/*--------------------------------*- C++ -*----------------------------------*\
| =========                 |                                                 |
| \\      /  F ield         | OpenFOAM: The Open Source CFD Toolbox           |
|  \\    /   O peration     | Version:  2.4.0                                 |
|   \\  /    A nd           | Web:      www.OpenFOAM.org                      |
|    \\/     M anipulation  |                                                 |
\*---------------------------------------------------------------------------*/
FoamFile
{
    version     2.0;
    format      ascii;
    class       volScalarField;
    location    "2.3";
    object      H;
}
// * * * * * * * * * * * * * * * * * * * * * * * * * * * * * * * * * * * * * //

dimensions      [0 2 -2 0 0 0 0];

internalField   nonuniform List<scalar> 
8000
(
-11371.6
-9636.25
-7849.03
-5984.05
-4032.62
-2028.06
-19.8085
-22.4716
-16.95
-11.5642
-8.57824
-6.39783
-4.8007
-3.6546
-2.86277
-2.31792
-1.94274
-1.68341
-1.50226
-1.3734
-1.27908
-1.20719
-1.14953
-1.10066
-1.05706
-1.01656
-0.977944
-0.940586
-0.904264
-0.868979
-0.834845
-0.802014
-0.77063
-0.740806
-0.712607
-0.686048
-0.660904
-0.637055
-0.614413
-0.592908
-0.572474
-0.553048
-0.534566
-0.516966
-0.50019
-0.484182
-0.468891
-0.454269
-0.440271
-0.42686
-11198.7
-9115.28
-6973.42
-4750.12
-2450.66
-24.1705
-18.0055
-15.883
-14.1197
-12.2376
-10.4776
-8.90007
-7.58014
-6.50038
-5.63934
-4.95744
-4.41366
-3.97615
-3.61994
-3.32547
-3.07741
-2.86376
-2.67518
-2.5046
-2.34689
-2.19859
-2.05754
-1.92264
-1.7935
-1.67018
-1.55347
-1.44375
-1.34132
-1.24629
-1.15859
-1.07805
-1.00456
-0.937834
-0.877442
-0.822909
-0.773732
-0.729227
-0.688796
-0.651925
-0.618174
-0.58717
-0.558593
-0.532171
-0.507675
-0.484909
-11134.6
-8949.53
-6784.51
-4660.95
-2607.25
-46.8427
-32.8763
-28.9616
-25.317
-22.06
-19.2526
-16.9108
-14.9819
-13.3783
-12.0288
-10.8776
-9.8821
-9.01128
-8.24211
-7.55721
-6.94292
-6.38812
-5.88355
-5.42152
-4.99577
-4.60142
-4.23481
-3.89337
-3.57539
-3.27974
-3.00568
-2.75261
-2.51994
-2.30695
-2.1128
-1.93645
-1.77672
-1.63233
-1.50192
-1.38409
-1.27804
-1.18253
-1.09639
-1.01856
-0.948052
-0.884037
-0.825772
-0.772623
-0.724042
-0.679566
-11165.6
-9041.15
-6931.87
-4854.03
-2829.62
-100.452
-70.589
-62.929
-55.7336
-49.1945
-43.4311
-38.3958
-34.0164
-30.2102
-26.8974
-24.0066
-21.4766
-19.2563
-17.3027
-15.5794
-14.0553
-12.7034
-11.5004
-10.4263
-9.46394
-8.59901
-7.81951
-7.11548
-6.47871
-5.90232
-5.38051
-4.90825
-4.48107
-4.09493
-3.74607
-3.43098
-3.14639
-2.88921
-2.65659
-2.44591
-2.25477
-2.08101
-1.9227
-1.77815
-1.64588
-1.5246
-1.4132
-1.31073
-1.21638
-1.12945
-11164.3
-9031.74
-6896.79
-4761.07
-2633.8
-244.684
-175.514
-154.474
-135.451
-118.45
-103.375
-90.1225
-78.5604
-68.4919
-59.7368
-52.1326
-45.5344
-39.8133
-34.8552
-30.5596
-26.838
-23.613
-20.8169
-18.3913
-16.2851
-14.4547
-12.8623
-11.4753
-10.2658
-9.20945
-8.28536
-7.47596
-6.76733
-6.145
-5.59655
-5.11129
-4.68011
-4.29526
-3.95016
-3.63924
-3.35784
-3.10204
-2.86857
-2.65473
-2.45826
-2.27731
-2.11032
-1.95599
-1.81326
-1.6812
-11075.6
-8755.67
-6403.7
-4006.63
-1576.92
-316.384
-255.557
-221.02
-195.866
-176.467
-160.948
-147.696
-135.615
-124.018
-112.886
-102.25
-92.1546
-82.6503
-73.7808
-65.5796
-58.0673
-51.2499
-45.1191
-39.6525
-34.8158
-30.5656
-26.8521
-23.6224
-20.8234
-18.4032
-16.3131
-14.5085
-12.9489
-11.5987
-10.4264
-9.40486
-8.51088
-7.72472
-7.02974
-6.41204
-5.86008
-5.36432
-4.9169
-4.51139
-4.14251
-3.80594
-3.49812
-3.21612
-2.9575
-2.72017
-10872
-8156.68
-5451.17
-2780.46
-28.2664
-23.7646
-29.3575
-33.6373
-37.5397
-40.9885
-44.168
-47.0469
-49.5497
-51.3815
-51.9919
-51.1433
-48.9789
-45.8496
-42.161
-38.2739
-34.4551
-30.8705
-27.6056
-24.6903
-22.1205
-19.8737
-17.9177
-16.2171
-14.7373
-13.4459
-12.3146
-11.3189
-10.4382
-9.65502
-8.95474
-8.32501
-7.7555
-7.23757
-6.76402
-6.32892
-5.92733
-5.55518
-5.20912
-4.88636
-4.58457
-4.30185
-4.03658
-3.78739
-3.55313
-3.33281
-10921
-8303.85
-5683.76
-3040.2
-34.5358
-11.7069
-19.6223
-20.1227
-23.5714
-26.2866
-29.3062
-32.7793
-35.6141
-37.7216
-38.8637
-39.0105
-38.2831
-36.887
-35.0506
-32.9834
-30.8561
-28.7933
-26.867
-25.1043
-23.4987
-22.0331
-20.688
-19.443
-18.2797
-17.1844
-16.1502
-15.1753
-14.2607
-13.4067
-12.6121
-11.8736
-11.1875
-10.5493
-9.95516
-9.40121
-8.88395
-8.40031
-7.94744
-7.5224
-7.12239
-6.74504
-6.38848
-6.05109
-5.73122
-5.42741
-11193.7
-9152.4
-7185.44
-5326.13
-3611.4
-2022.76
-32.4695
-17.2183
-13.204
-9.52953
-1.76035
-8.6811
-14.5638
-17.8271
-21.3161
-23.5883
-24.9863
-25.7275
-25.9914
-25.9
-25.5376
-24.9395
-24.1599
-23.7799
-23.5186
-23.2258
-22.9079
-22.5669
-22.2009
-21.8102
-21.4027
-20.991
-20.5896
-20.2071
-19.8407
-19.4809
-19.1183
-18.7467
-18.3634
-17.9671
-17.5587
-17.142
-16.7203
-16.291
-15.8501
-15.398
-14.9406
-14.4823
-14.0217
-13.5591
-11496.5
-10054
-8672.76
-7370.25
-6147.74
-4995.55
-3902.61
-2863.84
-1877.72
-1020.19
-524.734
-10.2125
-4.68557
-4.71283
-4.46297
-4.34648
-3.85526
-3.31495
-2.79046
-2.43506
-2.22033
-0.60918
-0.166869
-1.4819
-2.96702
-4.59388
-6.17002
-7.58093
-8.78282
-9.75628
-10.4877
-11.0181
-11.384
-11.7806
-12.1437
-12.4661
-12.7451
-12.9629
-13.1248
-13.2864
-13.4351
-13.5209
-13.576
-13.6343
-13.6982
-13.7637
-13.7488
-13.7046
-13.6438
-13.561
-11698.8
-10651.5
-9643.96
-8692.72
-7807.3
-6991.45
-6244.75
-5564.34
-4946.52
-4386.37
-3877.61
-3412.02
-2982.27
-2582.69
-2210.91
-1865.97
-1546.75
-1251.96
-979.469
-727.206
-492.231
-270.463
-83.7382
-2.18623
-0.95332
-0.758426
-0.559828
-0.371497
-0.221154
-0.095784
-0.0231283
-0.4811
-1.04205
-1.72944
-2.51952
-3.30217
-3.9948
-4.60096
-5.20433
-5.80864
-6.38059
-6.8973
-7.45213
-8.04754
-8.58926
-9.0358
-9.4033
-9.71572
-9.98285
-10.2349
-11812.9
-10986.4
-10180.5
-9404.78
-8665.34
-7965.63
-7306.93
-6688.98
-6110.59
-5570.06
-5065.6
-4595.55
-4158.44
-3752.97
-3377.81
-3031.52
-2712.49
-2418.95
-2148.98
-1900.59
-1671.65
-1459.9
-1263.22
-1079.5
-906.207
-742.22
-588.92
-443.987
-305.04
-165.839
-11.3415
-0.365277
-0.162058
-0.109676
-0.0545037
-0.0154877
-0.272023
-0.59098
-0.966679
-1.4856
-2.04651
-2.5615
-3.03028
-3.46189
-3.85788
-4.20818
-4.49813
-4.75294
-5.03201
-5.35045
-11869.2
-11150.8
-10441.7
-9746.96
-9070.97
-8416.99
-7787.45
-7184.11
-6608.21
-6060.66
-5542.18
-5053.3
-4594.38
-4165.54
-3766.69
-3397.4
-3056.93
-2744.23
-2457.96
-2196.55
-1958.27
-1741.29
-1543.75
-1363.86
-1199.87
-1050.16
-913.236
-787.726
-672.409
-566.16
-467.826
-376.09
-289.665
-208.278
-133.124
-66.2083
-0.893764
-0.106218
-0.0641952
-0.0439559
-0.0082922
-0.393893
-0.778972
-1.12383
-1.4229
-1.67294
-1.90039
-2.15717
-2.43715
-2.71542
-11896.3
-11230.1
-10567.3
-9910.84
-9263.68
-8628.86
-8009.31
-7407.88
-6827.26
-6270
-5738.39
-5234.44
-4759.8
-4315.67
-3902.75
-3521.21
-3170.71
-2850.44
-2559.13
-2295.19
-2056.76
-1841.81
-1648.24
-1473.92
-1316.81
-1174.95
-1046.55
-929.966
-823.752
-726.64
-637.549
-555.561
-479.901
-409.888
-344.878
-284.202
-227.091
-172.6
-118.92
-63.2864
-0.720778
-0.0846083
-0.0578667
-0.0407091
-0.0267308
-0.113522
-0.193104
-0.283381
-0.387061
-0.510194
-11907.6
-11263.2
-10620.1
-9980.17
-9345.67
-8719.38
-8104.36
-7503.85
-6921.14
-6359.46
-5821.83
-5310.94
-4829.01
-4377.72
-3958.15
-3570.74
-3215.33
-2891.2
-2597.13
-2331.53
-2092.5
-1877.96
-1685.72
-1513.61
-1359.48
-1221.29
-1097.17
-985.397
-884.425
-792.893
-709.607
-633.532
-563.778
-499.584
-440.301
-385.383
-334.38
-286.905
-242.608
-201.149
-162.187
-125.483
-90.5918
-57.8604
-28.727
-0.384078
-0.0715167
-0.0402391
-0.00179026
-0.0670605
-11916.7
-11290.3
-10665.1
-10042.6
-9424.78
-8814.02
-8213.19
-7625.41
-7053.91
-6501.92
-5972.48
-5468.34
-4991.78
-4544.54
-4127.79
-3742.08
-3387.36
-3063.04
-2768.07
-2500.96
-2259.98
-2043.16
-1848.45
-1673.73
-1516.95
-1376.13
-1249.42
-1135.11
-1031.67
-937.742
-852.1
-773.698
-701.633
-635.125
-573.487
-516.142
-462.627
-412.571
-365.646
-321.53
-279.891
-240.521
-203.051
-167.098
-132.414
-98.9367
-66.9266
-36.0525
-0.529129
-0.105672
-11923.6
-11311.4
-10700.8
-10093.6
-9491.52
-8896.96
-8312.57
-7741.28
-7186.09
-6649.97
-6135.73
-5645.85
-5182.4
-4746.95
-4340.53
-3963.61
-3616.11
-3297.48
-3006.69
-2742.4
-2502.94
-2286.5
-2091.13
-1914.83
-1755.66
-1611.71
-1481.2
-1362.49
-1254.08
-1154.62
-1062.87
-977.762
-898.528
-824.718
-755.601
-690.621
-629.36
-571.488
-516.741
-464.91
-415.83
-369.368
-325.411
-283.865
-244.635
-207.628
-172.74
-139.863
-108.896
-79.8536
-11929.6
-11329.7
-10732.3
-10139.3
-9552.91
-8975.43
-8409.47
-7857.76
-7323.01
-6807.86
-6314.67
-5845.53
-5402.09
-4985.55
-4596.62
-4235.52
-3902.01
-3595.4
-3314.64
-3058.37
-2825
-2612.75
-2419.75
-2244.15
-2084.08
-1937.75
-1803.46
-1679.63
-1564.86
-1457.87
-1357.56
-1262.97
-1173.32
-1087.95
-1006.33
-928.065
-852.847
-780.48
-710.844
-643.888
-579.622
-518.103
-459.425
-403.707
-351.083
-301.684
-255.628
-213.013
-173.905
-138.307
-11938.7
-11357.4
-10779.6
-10207.6
-9643.94
-9090.95
-8551.14
-8026.94
-7520.67
-7034.46
-6570.16
-6129.3
-5713.03
-5322.09
-4956.79
-4617.06
-4302.41
-4012.02
-3744.77
-3499.27
-3273.98
-3067.2
-2877.18
-2702.14
-2540.33
-2390.06
-2249.75
-2117.91
-1993.2
-1874.45
-1760.67
-1650.98
-1544.7
-1441.26
-1340.27
-1241.44
-1144.62
-1049.79
-956.997
-866.418
-778.293
-692.936
-610.708
-532.009
-457.286
-386.975
-321.439
-261.085
-206.373
-157.274
-11950.3
-11392.5
-10839.3
-10293.5
-9757.63
-9234.24
-8725.62
-8233.89
-7760.93
-7308.36
-6877.47
-6469.24
-6084.28
-5722.83
-5384.78
-5069.68
-4776.77
-4505.02
-4253.17
-4019.76
-3803.22
-3601.88
-3414.07
-3238.1
-3072.32
-2915.14
-2765.09
-2620.83
-2481.17
-2345.06
-2211.66
-2080.25
-1950.3
-1821.44
-1693.44
-1566.24
-1439.92
-1314.7
-1190.92
-1069.06
-949.694
-833.525
-721.201
-613.442
-511.311
-415.782
-326.684
-245.362
-176.116
-118.201
-0.413997
-0.401651
-0.389791
-0.378389
-0.367422
-0.356866
-0.346699
-0.336903
-0.327458
-0.318349
-0.309559
-0.301074
-0.292882
-0.284969
-0.277324
-0.269936
-0.262797
-0.255896
-0.249227
-0.242781
-0.236551
-0.230532
-0.224717
-0.219102
-0.213681
-0.208451
-0.203408
-0.198548
-0.193867
-0.189363
-0.185033
-0.180875
-0.176886
-0.173063
-0.169403
-0.165905
-0.162568
-0.159389
-0.156367
-0.153501
-0.150789
-0.14823
-0.145822
-0.143563
-0.141453
-0.139489
-0.137671
-0.135996
-0.134464
-0.133072
-0.463705
-0.443922
-0.425435
-0.408138
-0.391936
-0.376746
-0.362493
-0.349113
-0.336544
-0.324732
-0.313626
-0.303181
-0.293354
-0.284106
-0.2754
-0.267203
-0.259484
-0.252213
-0.245365
-0.238915
-0.23284
-0.227121
-0.221737
-0.216671
-0.211908
-0.207434
-0.203235
-0.199299
-0.195615
-0.192173
-0.188964
-0.185981
-0.183215
-0.180659
-0.178308
-0.176156
-0.174198
-0.172428
-0.170841
-0.169435
-0.168206
-0.16715
-0.166266
-0.16555
-0.165001
-0.164615
-0.16439
-0.164326
-0.164419
-0.164668
-0.638795
-0.601392
-0.567072
-0.535525
-0.506497
-0.47977
-0.455153
-0.432479
-0.411597
-0.392372
-0.374682
-0.358411
-0.343457
-0.329721
-0.317114
-0.305553
-0.294961
-0.285265
-0.2764
-0.268303
-0.26092
-0.254197
-0.248088
-0.242548
-0.237538
-0.233022
-0.228967
-0.225343
-0.222125
-0.219287
-0.216808
-0.214668
-0.21285
-0.211336
-0.210113
-0.209168
-0.208491
-0.208071
-0.207902
-0.207975
-0.208284
-0.208823
-0.209587
-0.210572
-0.211772
-0.213186
-0.21481
-0.216641
-0.218679
-0.22092
-1.04938
-0.975748
-0.908006
-0.845703
-0.788447
-0.735882
-0.687685
-0.643557
-0.603217
-0.566403
-0.532864
-0.502363
-0.474677
-0.449594
-0.426913
-0.406447
-0.388019
-0.371464
-0.35663
-0.343373
-0.331564
-0.32108
-0.311813
-0.303659
-0.296528
-0.290336
-0.285005
-0.280469
-0.276664
-0.273536
-0.271034
-0.269115
-0.267739
-0.266871
-0.266481
-0.26654
-0.267024
-0.267912
-0.269186
-0.270829
-0.272826
-0.275166
-0.277838
-0.280833
-0.284144
-0.287765
-0.291692
-0.295919
-0.300445
-0.305269
-1.55903
-1.44606
-1.34167
-1.24533
-1.15652
-1.07479
-0.99969
-0.930806
-0.867742
-0.810119
-0.757577
-0.70977
-0.666367
-0.627054
-0.591532
-0.559517
-0.530741
-0.504951
-0.481912
-0.461402
-0.443215
-0.427161
-0.413064
-0.400762
-0.390105
-0.380958
-0.373197
-0.366709
-0.361393
-0.357155
-0.353913
-0.351592
-0.350127
-0.349457
-0.349529
-0.350298
-0.351721
-0.353762
-0.35639
-0.359577
-0.363299
-0.367535
-0.372269
-0.377485
-0.383171
-0.389318
-0.395917
-0.402963
-0.410453
-0.418384
-2.50238
-2.30259
-2.11945
-1.95172
-1.79847
-1.65885
-1.5317
-1.416
-1.3108
-1.21528
-1.12867
-1.05025
-0.979388
-0.915462
-0.857912
-0.806214
-0.759882
-0.718467
-0.68155
-0.648749
-0.619709
-0.594105
-0.571638
-0.552035
-0.535048
-0.520451
-0.508038
-0.497623
-0.489038
-0.482134
-0.476774
-0.472838
-0.470217
-0.468817
-0.468552
-0.469347
-0.471136
-0.473863
-0.477478
-0.481937
-0.487202
-0.493244
-0.500034
-0.507552
-0.515777
-0.524697
-0.5343
-0.544578
-0.555526
-0.567142
-3.12558
-2.93067
-2.74743
-2.57527
-2.41362
-2.262
-2.11993
-1.98698
-1.86275
-1.74687
-1.63896
-1.53869
-1.44573
-1.35976
-1.28045
-1.20751
-1.14062
-1.07949
-1.02379
-0.973248
-0.92755
-0.886407
-0.849531
-0.816645
-0.787476
-0.761765
-0.739265
-0.719741
-0.702973
-0.688755
-0.676897
-0.667225
-0.659579
-0.653817
-0.649807
-0.647436
-0.6466
-0.64721
-0.649189
-0.652468
-0.656989
-0.662704
-0.669571
-0.677555
-0.68663
-0.696772
-0.707964
-0.720194
-0.733455
-0.747741
-5.13849
-4.86356
-4.6019
-4.35277
-4.11537
-3.88897
-3.67293
-3.46676
-3.27007
-3.08255
-2.90402
-2.73432
-2.57341
-2.42125
-2.27788
-2.14329
-2.01748
-1.90038
-1.79187
-1.6918
-1.59994
-1.51603
-1.43973
-1.37069
-1.30851
-1.25278
-1.20305
-1.15889
-1.11989
-1.08561
-1.05567
-1.02969
-1.00733
-0.988282
-0.972259
-0.959012
-0.948326
-0.940015
-0.933921
-0.929914
-0.927887
-0.927751
-0.929438
-0.932893
-0.938073
-0.944948
-0.953496
-0.963702
-0.975558
-0.989061
-13.0963
-12.6383
-12.1872
-11.7429
-11.3003
-10.8559
-10.4068
-9.95195
-9.49022
-9.02139
-8.5463
-8.06687
-7.58588
-7.10705
-6.63469
-6.1732
-5.72653
-5.29836
-4.89186
-4.50964
-4.15363
-3.82506
-3.52447
-3.25175
-3.00623
-2.78678
-2.59189
-2.41979
-2.26856
-2.13622
-2.02076
-1.92023
-1.83346
-1.75841
-1.69335
-1.63677
-1.58744
-1.54432
-1.50658
-1.47355
-1.4447
-1.41961
-1.39797
-1.37954
-1.36413
-1.35161
-1.34187
-1.33483
-1.33045
-1.32865
-13.4596
-13.3217
-13.1514
-12.9427
-12.7043
-12.4354
-12.1306
-11.7983
-11.4446
-11.0719
-10.6834
-10.2819
-9.86973
-9.44931
-9.02175
-8.59025
-8.15767
-7.7267
-7.3002
-6.88139
-6.47358
-6.08004
-5.70382
-5.34766
-5.01383
-4.70404
-4.41933
-4.16011
-3.9261
-3.71648
-3.52981
-3.36414
-3.21709
-3.08608
-2.9686
-2.86273
-2.76673
-2.67898
-2.59796
-2.52261
-2.45209
-2.38582
-2.32342
-2.26468
-2.20947
-2.15775
-2.10954
-2.06494
-2.02404
-1.98697
-10.4897
-10.7457
-10.9662
-11.1157
-11.1963
-11.2128
-11.1698
-11.0822
-10.9598
-10.809
-10.6346
-10.4392
-10.2249
-9.99337
-9.74337
-9.47742
-9.1968
-8.90328
-8.59884
-8.28627
-7.96888
-7.65037
-7.33476
-7.02611
-6.72847
-6.44541
-6.17989
-5.93393
-5.7091
-5.50645
-5.32318
-5.15805
-5.00834
-4.87082
-4.74306
-4.62322
-4.5096
-4.40082
-4.29554
-4.19275
-4.09169
-3.99201
-3.89345
-3.79576
-3.69888
-3.60265
-3.5077
-3.41438
-3.32332
-3.23515
-5.71778
-6.16026
-6.69452
-7.2547
-7.68527
-7.95924
-8.10319
-8.17171
-8.24233
-8.30408
-8.35182
-8.39172
-8.42807
-8.45793
-8.4789
-8.48891
-8.48711
-8.47063
-8.43688
-8.38443
-8.31307
-8.22368
-8.11827
-8
-7.87229
-7.73937
-7.60378
-7.47125
-7.34439
-7.21733
-7.09753
-6.98268
-6.87706
-6.77672
-6.67975
-6.58493
-6.49223
-6.40051
-6.30941
-6.21808
-6.12578
-6.03278
-5.93913
-5.84444
-5.74756
-5.64862
-5.54738
-5.44355
-5.3377
-5.23066
-3.01849
-3.33586
-3.65886
-3.97593
-4.28605
-4.58794
-4.87623
-5.15179
-5.41222
-5.65661
-5.88914
-6.10904
-6.31178
-6.49508
-6.65841
-6.80011
-6.92165
-7.02444
-7.11348
-7.18379
-7.23564
-7.27705
-7.30274
-7.31352
-7.31126
-7.29905
-7.27385
-7.24558
-7.21412
-7.1782
-7.13833
-7.0957
-7.05137
-7.00516
-6.95761
-6.90819
-6.857
-6.8047
-6.75128
-6.69663
-6.64073
-6.58365
-6.52658
-6.46773
-6.40716
-6.34421
-6.27986
-6.21487
-6.14903
-6.08278
-0.650763
-0.807073
-0.975226
-1.14825
-1.31916
-1.48739
-1.66152
-1.84977
-2.05135
-2.25879
-2.46599
-2.66903
-2.86428
-3.04865
-3.22065
-3.38046
-3.53022
-3.67443
-3.81977
-3.96325
-4.10506
-4.24432
-4.37215
-4.49767
-4.62651
-4.74846
-4.85931
-4.95714
-5.03967
-5.10733
-5.16165
-5.20338
-5.23327
-5.25268
-5.26286
-5.26469
-5.2592
-5.2474
-5.23056
-5.20971
-5.18602
-5.16012
-5.13205
-5.1024
-5.07276
-5.0433
-5.01413
-4.98534
-4.95712
-4.92979
-0.116717
-0.153229
-0.187535
-0.232695
-0.290411
-0.363122
-0.448529
-0.530426
-0.601348
-0.681131
-0.773464
-0.868844
-0.961978
-1.05145
-1.13688
-1.21806
-1.29476
-1.36691
-1.43468
-1.49849
-1.55935
-1.61883
-1.67825
-1.7396
-1.80345
-1.86743
-1.92741
-1.98019
-2.02386
-2.05807
-2.08399
-2.10272
-2.11434
-2.12095
-2.12261
-2.12039
-2.11277
-2.10083
-2.08572
-2.06844
-2.04896
-2.0273
-2.00521
-1.98349
-1.96202
-1.9411
-1.92087
-1.90161
-1.88326
-1.86636
-0.0684589
-0.0365354
-0.00311516
-0.032281
-0.0572236
-0.0767275
-0.095311
-0.116801
-0.146619
-0.179645
-0.205859
-0.234181
-0.267084
-0.29872
-0.326848
-0.351104
-0.371526
-0.388263
-0.401612
-0.41198
-0.419876
-0.425997
-0.430465
-0.433553
-0.435706
-0.437091
-0.437883
-0.438372
-0.438817
-0.43946
-0.440645
-0.442444
-0.445769
-0.450343
-0.456339
-0.463983
-0.47336
-0.48458
-0.497729
-0.512941
-0.530349
-0.550093
-0.572279
-0.59701
-0.624346
-0.65433
-0.68693
-0.722066
-0.759448
-0.798729
-52.8965
-27.7087
-1.75063
-0.0654127
-0.0206653
-0.000641557
-0.0123238
-0.0212697
-0.0270364
-0.0312806
-0.033891
-0.0322335
-0.0306425
-0.0288192
-0.0250599
-0.0192757
-0.011614
-0.00230479
0.00834934
0.0199837
0.0321812
0.0444911
0.0564616
0.0676029
0.0774454
0.0854898
0.0912553
0.0943689
0.0944722
0.0912047
0.0842276
0.0731941
0.0578571
0.0379824
0.0134602
-0.0158162
-0.0499442
-0.0890023
-0.133044
-0.182102
-0.236186
-0.295281
-0.359352
-0.428351
-0.502214
-0.580853
-0.664097
-0.751702
-0.8434
-0.938923
-106.164
-77.4768
-52.3892
-30.9889
-13.9135
-0.181955
-0.00249148
-0.00593323
-0.00624207
-0.00432107
-0.000105798
0.00299358
0.0368845
0.0721311
0.10839
0.145211
0.182286
0.219271
0.255755
0.291265
0.325272
0.357207
0.386478
0.412483
0.434621
0.452311
0.465023
0.472271
0.473646
0.46885
0.457646
0.439867
0.415412
0.384219
0.346328
0.301765
0.250608
0.192963
0.128937
0.058691
-0.0176363
-0.0999189
-0.188067
-0.282066
-0.38199
-0.487851
-0.599641
-0.717361
-0.840386
-0.968168
-113.158
-74.2407
-43.4797
-16.9913
-0.18595
-0.00213118
-0.00462906
-0.00554509
-0.00410287
-8.08464e-05
0.000372995
0.00905875
0.0903531
0.171232
0.250686
0.328418
0.404156
0.477384
0.547735
0.614817
0.678213
0.737498
0.792256
0.842088
0.886629
0.925556
0.958599
0.985548
1.00625
1.02063
1.02863
1.03027
1.0256
1.01466
0.997533
0.974279
0.944947
0.90956
0.868122
0.820596
0.766919
0.707005
0.640731
0.567936
0.488438
0.402095
0.308769
0.208409
0.101976
-0.00977038
-62.7723
-0.722251
-0.0115862
-0.00157849
-0.00027075
-0.00413061
-0.00321158
-0.00177834
9.56828e-05
0.0018724
0.0168579
0.145098
0.26991
0.392028
0.510857
0.626253
0.737988
0.845764
0.949237
1.04804
1.14181
1.23018
1.31284
1.3895
1.45993
1.52394
1.58141
1.63226
1.67649
1.71414
1.74527
1.76998
1.78841
1.80066
1.80687
1.80713
1.80153
1.79014
1.773
1.75014
1.72158
1.68735
1.6475
1.60208
1.55121
1.49507
1.4339
1.36818
1.29843
1.22531
-0.132092
-0.131448
-0.130841
-0.130272
-0.129742
-0.12925
-0.128798
-0.128384
-0.12801
-0.127676
-0.127382
-0.127129
-0.126916
-0.126744
-0.126613
-0.126524
-0.126476
-0.12647
-0.126505
-0.126583
-0.126703
-0.126865
-0.12707
-0.127318
-0.127608
-0.127941
-0.128318
-0.128737
-0.1292
-0.129706
-0.130255
-0.130848
-0.131484
-0.132163
-0.132886
-0.133653
-0.134463
-0.135316
-0.136213
-0.137153
-0.138136
-0.139163
-0.140233
-0.141346
-0.142502
-0.143701
-0.144942
-0.146227
-0.147554
-0.148923
-0.150335
-0.151789
-0.153284
-0.154822
-0.156401
-0.158022
-0.159684
-0.161388
-0.163132
-0.164918
-0.166744
-0.168611
-0.170518
-0.172466
-0.174454
-0.176482
-0.178551
-0.18066
-0.182809
-0.184998
-0.187228
-0.189499
-0.19181
-0.194163
-0.196557
-0.198992
-0.20147
-0.203991
-0.206555
-0.209164
-0.211817
-0.214516
-0.217263
-0.220057
-0.222902
-0.225797
-0.228745
-0.231749
-0.234808
-0.237927
-0.241108
-0.244353
-0.247665
-0.251048
-0.254504
-0.258039
-0.261656
-0.265359
-0.269153
-0.273044
-0.277036
-0.281135
-0.285348
-0.289681
-0.29414
-0.298734
-0.303468
-0.308353
-0.313394
-0.318602
-0.323986
-0.329555
-0.33532
-0.341291
-0.347481
-0.353901
-0.360565
-0.367486
-0.374681
-0.382164
-0.389954
-0.398069
-0.406529
-0.415356
-0.424573
-0.434204
-0.444277
-0.454819
-0.46586
-0.477431
-0.489564
-0.502294
-0.515654
-0.529679
-0.544405
-0.559865
-0.576092
-0.593117
-0.610968
-0.629669
-0.649239
-0.669692
-0.691035
-0.713266
-0.736379
-0.760356
-0.785171
-0.810788
-0.837163
-0.864239
-0.891952
-0.920225
-0.948973
-0.978101
-1.0075
-1.03707
-1.06668
-1.09621
-1.12552
-1.15448
-1.18295
-1.21079
-1.23787
-1.26403
-1.28917
-1.31313
-1.3358
-1.35707
-1.37683
-1.39498
-1.41144
-1.42615
-1.43904
-1.45008
-1.45924
-1.46651
-1.4719
-1.47545
-1.47718
-1.47715
-1.47543
-1.47209
-1.4672
-1.46087
-1.4532
-1.44429
-1.43425
-1.42313
-1.41099
-1.39784
-1.38372
-1.36867
-1.3527
-1.33587
-1.3182
-1.29974
-1.28053
-1.2606
-1.24001
-1.21881
-1.19704
-1.17476
-1.15201
-1.12885
-1.10535
-1.08154
-1.05749
-1.03324
-1.00885
-0.984351
-0.959791
-0.935206
-0.91063
-0.886095
-0.861628
-0.837256
-0.813
-0.78888
-0.764914
-0.741118
-0.717508
-0.694098
-0.670901
-0.647931
-0.625203
-0.602733
-0.580534
-0.558623
-0.537016
-0.515729
-0.494778
-0.474179
-0.453946
-0.434093
-0.414636
-0.395585
-0.376955
-0.358755
-0.340996
-0.323688
-0.30684
-0.290458
-0.274549
-0.259119
-0.244175
-0.22972
-0.215739
-0.202232
-0.18921
-0.176683
-0.164658
-0.153137
-0.14212
-0.131608
-0.121599
-0.11209
-0.103078
-0.0945566
-0.0865201
-0.0789603
-0.0718679
-0.0652325
-0.0590423
-0.0532844
-0.0479449
-0.0430087
-0.0384599
-0.034282
-0.0304577
-0.026969
-0.0237979
-0.0209259
-0.0183343
-0.0160047
-0.0139187
-0.0120581
-0.0104053
-0.00894302
-0.00765465
-0.00652427
-0.00553673
-0.00467765
-0.00393355
-0.00329183
-0.00274079
-0.00226966
-0.00186856
-0.00152854
-0.0012415
-0.00100018
-0.00079813
-0.000629665
-0.000489799
-0.000374208
-0.000279166
-0.000201485
-0.000138454
-8.77799e-05
-4.75204e-05
-1.60334e-05
-0.164983
-0.165248
-0.16556
-0.165919
-0.166325
-0.166779
-0.167281
-0.167832
-0.168432
-0.169082
-0.169782
-0.170533
-0.171334
-0.172187
-0.173091
-0.174048
-0.175057
-0.17612
-0.177235
-0.178404
-0.179628
-0.180906
-0.182239
-0.183627
-0.18507
-0.186569
-0.188124
-0.189736
-0.191404
-0.193129
-0.194911
-0.196749
-0.198645
-0.200598
-0.202609
-0.204676
-0.206801
-0.208983
-0.211222
-0.213518
-0.215871
-0.21828
-0.220745
-0.223265
-0.225842
-0.228473
-0.231158
-0.233898
-0.23669
-0.239536
-0.242433
-0.245382
-0.248381
-0.251429
-0.254527
-0.257672
-0.260863
-0.264101
-0.267384
-0.27071
-0.274079
-0.277489
-0.280941
-0.284432
-0.287961
-0.291529
-0.295134
-0.298775
-0.302451
-0.306162
-0.309908
-0.313687
-0.317499
-0.321344
-0.325222
-0.329132
-0.333075
-0.337051
-0.341061
-0.345104
-0.349182
-0.353296
-0.357448
-0.361638
-0.365869
-0.370142
-0.374462
-0.378829
-0.383249
-0.387724
-0.392259
-0.396858
-0.401527
-0.406271
-0.411098
-0.416013
-0.421025
-0.426141
-0.431371
-0.436723
-0.442207
-0.447835
-0.453616
-0.459562
-0.465685
-0.471996
-0.478509
-0.485234
-0.492183
-0.499369
-0.506803
-0.514497
-0.522461
-0.530709
-0.539251
-0.548101
-0.55727
-0.566772
-0.576622
-0.586836
-0.597432
-0.60843
-0.61985
-0.631719
-0.644063
-0.656913
-0.670305
-0.684277
-0.698872
-0.714135
-0.730119
-0.746879
-0.764471
-0.782958
-0.802403
-0.822868
-0.844418
-0.867112
-0.891005
-0.916145
-0.942568
-0.970298
-0.999344
-1.0297
-1.06133
-1.0942
-1.12824
-1.16336
-1.19947
-1.23643
-1.27412
-1.31238
-1.35102
-1.38988
-1.42876
-1.46746
-1.50578
-1.54349
-1.5804
-1.61629
-1.65095
-1.68419
-1.71583
-1.74568
-1.77359
-1.79942
-1.82303
-1.84432
-1.86321
-1.87964
-1.89358
-1.90503
-1.91403
-1.92062
-1.92483
-1.92672
-1.92641
-1.92406
-1.91993
-1.91421
-1.90685
-1.89805
-1.88776
-1.87601
-1.86298
-1.84865
-1.83324
-1.81667
-1.79915
-1.78066
-1.76122
-1.74085
-1.71961
-1.69756
-1.67474
-1.6512
-1.627
-1.60221
-1.57688
-1.55107
-1.52485
-1.49826
-1.47135
-1.44418
-1.4168
-1.38926
-1.3616
-1.33385
-1.30604
-1.27819
-1.25033
-1.22246
-1.19461
-1.16679
-1.13901
-1.11127
-1.08358
-1.05595
-1.02838
-1.00087
-0.973434
-0.946074
-0.918804
-0.891636
-0.86459
-0.837685
-0.810943
-0.784386
-0.758038
-0.731923
-0.706063
-0.680479
-0.655192
-0.630222
-0.605587
-0.581305
-0.55739
-0.533858
-0.510722
-0.487995
-0.46569
-0.443821
-0.422393
-0.401382
-0.380797
-0.360656
-0.340998
-0.321849
-0.303227
-0.285149
-0.26763
-0.250683
-0.234322
-0.218559
-0.203404
-0.188866
-0.174953
-0.161669
-0.149018
-0.137001
-0.125617
-0.114862
-0.104732
-0.0952168
-0.0863079
-0.0779925
-0.0702563
-0.0630828
-0.056454
-0.0503499
-0.0447493
-0.0396297
-0.0349676
-0.0307384
-0.0269172
-0.0234786
-0.0203971
-0.0176472
-0.0152037
-0.0130419
-0.0111377
-0.00946781
-0.00801004
-0.00674312
-0.00564701
-0.00470293
-0.00389339
-0.00320225
-0.00261475
-0.00211746
-0.00169828
-0.00134644
-0.00105239
-0.000807755
-0.000605275
-0.000438686
-0.000302626
-0.00019253
-0.000104514
-3.52704e-05
-0.222827
-0.22422
-0.225678
-0.227204
-0.228798
-0.23046
-0.232191
-0.233993
-0.235866
-0.237812
-0.23983
-0.241923
-0.24409
-0.246334
-0.248655
-0.251054
-0.253532
-0.256091
-0.25873
-0.261452
-0.264258
-0.267148
-0.270123
-0.273185
-0.276335
-0.279574
-0.282903
-0.286324
-0.289837
-0.293444
-0.297145
-0.300939
-0.304827
-0.30881
-0.312885
-0.317054
-0.321316
-0.325669
-0.330114
-0.334649
-0.339273
-0.343985
-0.348783
-0.353666
-0.358631
-0.363678
-0.368802
-0.374003
-0.379276
-0.38462
-0.390031
-0.395505
-0.401039
-0.406628
-0.412268
-0.417955
-0.423683
-0.429449
-0.435248
-0.441073
-0.446922
-0.452789
-0.458672
-0.464568
-0.470476
-0.476398
-0.48233
-0.488269
-0.494211
-0.50015
-0.506084
-0.512009
-0.517921
-0.523818
-0.529696
-0.535553
-0.541386
-0.547195
-0.552977
-0.558733
-0.564461
-0.570163
-0.575839
-0.58149
-0.587118
-0.592727
-0.59832
-0.603902
-0.609478
-0.615056
-0.620643
-0.626249
-0.631884
-0.637561
-0.643293
-0.649096
-0.654988
-0.660986
-0.667111
-0.673386
-0.679831
-0.686473
-0.693335
-0.700442
-0.70782
-0.715493
-0.723484
-0.73181
-0.740488
-0.74953
-0.758942
-0.768732
-0.778902
-0.789453
-0.800384
-0.811691
-0.823372
-0.835423
-0.84784
-0.860621
-0.873765
-0.887274
-0.901152
-0.91541
-0.930063
-0.945134
-0.960655
-0.976668
-0.993226
-1.0104
-1.02827
-1.04693
-1.06649
-1.08709
-1.10886
-1.13196
-1.15654
-1.18278
-1.21081
-1.24076
-1.2727
-1.30659
-1.34235
-1.37982
-1.41885
-1.45924
-1.50084
-1.54345
-1.5869
-1.63097
-1.67548
-1.72015
-1.76473
-1.80894
-1.85249
-1.89506
-1.93637
-1.97612
-2.01403
-2.04987
-2.08343
-2.11452
-2.143
-2.16879
-2.19183
-2.21212
-2.22972
-2.24471
-2.2571
-2.26691
-2.27412
-2.27882
-2.2811
-2.28094
-2.27856
-2.27402
-2.26763
-2.25943
-2.24955
-2.23842
-2.22614
-2.21272
-2.19795
-2.18184
-2.16448
-2.14595
-2.12637
-2.1059
-2.08455
-2.0625
-2.03972
-2.01641
-1.99257
-1.96825
-1.94351
-1.91839
-1.89295
-1.86723
-1.84125
-1.81506
-1.78869
-1.76217
-1.73551
-1.70874
-1.6819
-1.655
-1.62807
-1.60107
-1.57401
-1.54688
-1.51966
-1.49236
-1.46496
-1.43746
-1.40982
-1.38203
-1.35409
-1.32597
-1.29767
-1.26918
-1.24052
-1.21168
-1.1827
-1.15359
-1.12441
-1.09518
-1.06594
-1.03674
-1.0076
-0.97854
-0.949598
-0.920794
-0.892147
-0.863674
-0.835387
-0.807298
-0.779417
-0.751755
-0.724269
-0.696926
-0.669728
-0.642693
-0.615857
-0.589285
-0.563018
-0.537087
-0.511523
-0.486356
-0.461617
-0.437338
-0.413552
-0.390292
-0.36759
-0.345477
-0.323986
-0.303146
-0.282983
-0.263525
-0.244793
-0.22681
-0.209591
-0.19315
-0.177499
-0.162644
-0.148588
-0.135331
-0.122867
-0.11119
-0.100287
-0.0901433
-0.0807407
-0.0720578
-0.0640704
-0.0567518
-0.0500734
-0.0440042
-0.0385122
-0.033564
-0.0291253
-0.0251615
-0.021638
-0.0185202
-0.0157743
-0.0133672
-0.011267
-0.00944303
-0.00786629
-0.00650947
-0.00534709
-0.00435564
-0.00351359
-0.00280148
-0.00220185
-0.00169923
-0.00128003
-0.000932479
-0.000646393
-0.000413061
-0.000225035
-7.59388e-05
-0.309264
-0.312146
-0.315129
-0.318215
-0.321406
-0.324703
-0.328108
-0.331622
-0.335249
-0.338989
-0.342846
-0.34682
-0.350915
-0.355133
-0.359477
-0.36395
-0.368556
-0.373297
-0.378178
-0.383201
-0.388367
-0.393679
-0.399138
-0.404744
-0.410499
-0.416403
-0.422456
-0.428659
-0.435012
-0.441516
-0.448171
-0.454978
-0.461937
-0.469049
-0.476313
-0.48373
-0.491301
-0.499023
-0.506897
-0.514921
-0.523095
-0.531416
-0.539882
-0.54849
-0.557238
-0.56612
-0.575133
-0.584272
-0.59353
-0.602901
-0.612378
-0.621953
-0.631617
-0.64136
-0.651172
-0.661043
-0.670961
-0.680914
-0.690889
-0.700873
-0.710853
-0.720814
-0.730742
-0.740621
-0.750436
-0.760167
-0.769803
-0.779334
-0.788749
-0.79804
-0.807199
-0.816217
-0.825088
-0.833804
-0.842359
-0.850751
-0.858979
-0.867052
-0.874983
-0.882779
-0.890427
-0.89792
-0.90525
-0.91241
-0.919396
-0.926207
-0.93284
-0.9393
-0.94559
-0.951718
-0.957695
-0.963536
-0.969258
-0.974886
-0.980445
-0.98597
-0.991497
-0.997065
-1.00272
-1.0085
-1.01445
-1.02063
-1.02708
-1.03389
-1.04111
-1.04883
-1.05716
-1.0662
-1.076
-1.08659
-1.09794
-1.11002
-1.12279
-1.13621
-1.15024
-1.16482
-1.17989
-1.1954
-1.21129
-1.22748
-1.24391
-1.2605
-1.27719
-1.29393
-1.31066
-1.32736
-1.34399
-1.36055
-1.37702
-1.39344
-1.40981
-1.4262
-1.44268
-1.45936
-1.47641
-1.49402
-1.51249
-1.53213
-1.55334
-1.57658
-1.60238
-1.63134
-1.66357
-1.69903
-1.73728
-1.7779
-1.8204
-1.86433
-1.90925
-1.95477
-2.00041
-2.04579
-2.09063
-2.13454
-2.17718
-2.21827
-2.25749
-2.2945
-2.32897
-2.36056
-2.38902
-2.41419
-2.43597
-2.45436
-2.46945
-2.48154
-2.49074
-2.49696
-2.50072
-2.50182
-2.5009
-2.49779
-2.49267
-2.48574
-2.47711
-2.467
-2.45553
-2.44284
-2.42913
-2.41434
-2.3983
-2.38149
-2.36411
-2.34604
-2.32746
-2.30819
-2.28831
-2.26784
-2.24701
-2.22591
-2.20455
-2.18297
-2.16124
-2.13935
-2.1173
-2.0951
-2.07279
-2.05038
-2.02786
-2.00525
-1.98252
-1.95969
-1.93669
-1.91367
-1.89058
-1.86744
-1.84423
-1.82092
-1.79746
-1.77385
-1.75
-1.72593
-1.70157
-1.67692
-1.65193
-1.62655
-1.60078
-1.57458
-1.54797
-1.52093
-1.49351
-1.46572
-1.43761
-1.40925
-1.38071
-1.35203
-1.32323
-1.29433
-1.26535
-1.23633
-1.2073
-1.17828
-1.14928
-1.12018
-1.09093
-1.06147
-1.03179
-1.00186
-0.971727
-0.941426
-0.910985
-0.880429
-0.84979
-0.819101
-0.788398
-0.757718
-0.727096
-0.696572
-0.666193
-0.636008
-0.60607
-0.576436
-0.54716
-0.518299
-0.489912
-0.462055
-0.434785
-0.408159
-0.382229
-0.357044
-0.332653
-0.309096
-0.286413
-0.264638
-0.243798
-0.223918
-0.205016
-0.187105
-0.170191
-0.154277
-0.139358
-0.125426
-0.112465
-0.100457
-0.0893773
-0.0791972
-0.0698843
-0.0614024
-0.0537125
-0.0467727
-0.0405393
-0.0349671
-0.03001
-0.0256215
-0.0217553
-0.0183657
-0.0154083
-0.01284
-0.0106201
-0.00870992
-0.00707338
-0.00567733
-0.00449153
-0.0034888
-0.002645
-0.00193895
-0.00135225
-0.000869032
-0.000475667
-0.000160457
-0.424925
-0.429629
-0.434487
-0.439501
-0.444673
-0.450006
-0.455504
-0.461168
-0.467004
-0.473014
-0.479202
-0.485572
-0.492129
-0.498877
-0.505822
-0.512968
-0.520324
-0.527892
-0.535676
-0.543677
-0.551901
-0.56035
-0.569028
-0.577939
-0.587084
-0.596469
-0.606095
-0.615965
-0.626082
-0.636447
-0.647064
-0.657933
-0.669055
-0.680432
-0.692062
-0.703946
-0.716082
-0.728468
-0.741102
-0.75398
-0.767097
-0.780446
-0.794022
-0.807814
-0.821814
-0.83601
-0.850388
-0.864934
-0.87963
-0.894459
-0.909399
-0.924429
-0.939524
-0.954659
-0.969808
-0.984941
-1.00003
-1.01505
-1.02997
-1.04476
-1.05939
-1.07385
-1.08811
-1.10216
-1.116
-1.12962
-1.14305
-1.15632
-1.16949
-1.18267
-1.19583
-1.20894
-1.22198
-1.23491
-1.24769
-1.26026
-1.27258
-1.28458
-1.29619
-1.30735
-1.31801
-1.32814
-1.33769
-1.34663
-1.35493
-1.36259
-1.36961
-1.37601
-1.38185
-1.38717
-1.39204
-1.3965
-1.40062
-1.40448
-1.40818
-1.41185
-1.41571
-1.41998
-1.42485
-1.43044
-1.43679
-1.44388
-1.4517
-1.46025
-1.46955
-1.47975
-1.49094
-1.50285
-1.51605
-1.53005
-1.54541
-1.56172
-1.57885
-1.59667
-1.61503
-1.63378
-1.65281
-1.672
-1.69128
-1.7106
-1.72978
-1.74864
-1.76689
-1.78428
-1.80062
-1.8157
-1.8294
-1.8417
-1.85267
-1.86263
-1.87207
-1.88119
-1.89005
-1.89851
-1.90654
-1.9142
-1.92169
-1.92935
-1.93785
-1.94849
-1.96245
-1.97839
-1.99855
-2.01991
-2.04584
-2.07537
-2.10736
-2.14131
-2.17677
-2.2133
-2.25034
-2.2872
-2.32363
-2.35908
-2.39337
-2.42589
-2.45638
-2.48437
-2.51019
-2.5335
-2.55392
-2.57134
-2.58566
-2.59689
-2.60521
-2.61075
-2.61329
-2.61302
-2.61044
-2.60607
-2.5999
-2.59231
-2.58332
-2.57281
-2.56117
-2.54833
-2.53497
-2.52089
-2.50634
-2.49114
-2.47534
-2.45889
-2.44222
-2.4253
-2.40808
-2.3906
-2.37279
-2.35467
-2.33648
-2.31822
-2.29995
-2.28168
-2.26339
-2.24518
-2.22701
-2.20889
-2.19075
-2.17256
-2.1543
-2.13607
-2.11789
-2.09968
-2.08147
-2.06323
-2.045
-2.02668
-2.00827
-1.98969
-1.97092
-1.95192
-1.93262
-1.91294
-1.89286
-1.87233
-1.85133
-1.82984
-1.80782
-1.7853
-1.76231
-1.7389
-1.71511
-1.69094
-1.66647
-1.6417
-1.61671
-1.59146
-1.56591
-1.53999
-1.51372
-1.48728
-1.46063
-1.43368
-1.40636
-1.37871
-1.3507
-1.32231
-1.29349
-1.26418
-1.23435
-1.20396
-1.17302
-1.14152
-1.10952
-1.07706
-1.04416
-1.01085
-0.977142
-0.943082
-0.908718
-0.874118
-0.839354
-0.804495
-0.769613
-0.734786
-0.700098
-0.665635
-0.631485
-0.597733
-0.564464
-0.531759
-0.499698
-0.468359
-0.437816
-0.408136
-0.379383
-0.351614
-0.324883
-0.299235
-0.274712
-0.251346
-0.229165
-0.208188
-0.188427
-0.169886
-0.152563
-0.136446
-0.121519
-0.107755
-0.0951224
-0.0835838
-0.0730952
-0.063608
-0.0550694
-0.0474233
-0.0406111
-0.0345724
-0.0292462
-0.0245715
-0.0204882
-0.016938
-0.0138652
-0.0112169
-0.00894418
-0.00700215
-0.00535029
-0.00395264
-0.00277766
-0.001798
-0.000990105
-0.00033376
-0.576773
-0.583704
-0.590863
-0.598256
-0.605886
-0.613756
-0.621871
-0.630235
-0.638853
-0.647729
-0.656866
-0.666271
-0.675947
-0.685899
-0.69613
-0.706646
-0.717448
-0.728543
-0.739939
-0.751644
-0.763668
-0.776022
-0.788717
-0.801764
-0.815178
-0.828972
-0.843156
-0.857733
-0.872707
-0.888079
-0.90385
-0.920021
-0.936589
-0.953554
-0.970912
-0.988658
-1.00679
-1.02529
-1.04415
-1.06337
-1.08293
-1.1028
-1.12298
-1.14343
-1.16414
-1.18508
-1.2062
-1.22748
-1.24888
-1.27035
-1.29185
-1.31333
-1.33474
-1.35603
-1.37716
-1.39809
-1.41878
-1.43923
-1.45944
-1.47947
-1.49941
-1.51925
-1.53894
-1.55844
-1.57767
-1.59655
-1.61501
-1.63295
-1.65028
-1.66691
-1.68289
-1.69829
-1.71313
-1.72739
-1.74099
-1.75387
-1.76597
-1.77723
-1.78763
-1.79713
-1.80572
-1.81343
-1.82029
-1.82639
-1.83184
-1.83669
-1.84106
-1.84508
-1.8487
-1.85204
-1.85514
-1.85827
-1.86154
-1.86497
-1.86876
-1.87342
-1.87934
-1.88588
-1.89395
-1.90264
-1.9132
-1.92536
-1.93862
-1.95276
-1.96768
-1.98315
-1.99876
-2.01438
-2.03044
-2.0472
-2.06451
-2.08224
-2.10015
-2.11811
-2.13596
-2.15358
-2.17098
-2.18844
-2.20569
-2.22223
-2.23862
-2.25401
-2.26909
-2.28305
-2.29563
-2.30668
-2.31612
-2.32443
-2.33223
-2.33805
-2.34294
-2.34813
-2.35188
-2.35693
-2.36167
-2.36568
-2.36929
-2.37292
-2.37491
-2.37707
-2.37935
-2.38276
-2.38815
-2.3959
-2.40623
-2.41908
-2.43445
-2.45158
-2.47017
-2.48968
-2.51002
-2.53064
-2.55074
-2.56988
-2.58764
-2.60342
-2.61676
-2.62877
-2.63895
-2.64742
-2.654
-2.65828
-2.66053
-2.66068
-2.65938
-2.6564
-2.65183
-2.64566
-2.63829
-2.62983
-2.62042
-2.61028
-2.59954
-2.58784
-2.57562
-2.56318
-2.5504
-2.53732
-2.52408
-2.51072
-2.497
-2.4828
-2.46865
-2.45446
-2.44018
-2.42584
-2.41149
-2.39714
-2.38288
-2.36873
-2.35462
-2.34062
-2.32674
-2.31306
-2.29951
-2.28607
-2.27272
-2.25952
-2.24636
-2.2332
-2.22008
-2.2069
-2.19382
-2.18071
-2.16755
-2.15431
-2.14093
-2.12738
-2.11362
-2.09961
-2.08528
-2.07057
-2.05543
-2.03984
-2.02377
-2.00722
-1.99001
-1.97217
-1.95364
-1.93458
-1.91507
-1.89502
-1.87484
-1.85431
-1.83343
-1.81217
-1.79053
-1.76845
-1.74584
-1.72261
-1.69894
-1.67492
-1.65053
-1.62583
-1.60075
-1.57522
-1.5491
-1.52227
-1.49463
-1.46611
-1.43666
-1.40627
-1.37496
-1.34282
-1.30988
-1.27611
-1.2415
-1.2061
-1.16995
-1.13314
-1.09574
-1.0578
-1.01939
-0.980591
-0.941501
-0.902228
-0.862875
-0.82354
-0.784318
-0.745307
-0.706611
-0.668335
-0.630573
-0.593416
-0.556953
-0.52127
-0.486452
-0.452581
-0.419738
-0.387998
-0.357432
-0.328106
-0.300078
-0.273397
-0.248105
-0.224233
-0.201802
-0.180821
-0.161291
-0.143199
-0.126523
-0.11123
-0.0972775
-0.0846149
-0.0731832
-0.0629168
-0.0537448
-0.0455925
-0.0383822
-0.0320356
-0.0264744
-0.0216224
-0.0174065
-0.0137581
-0.010614
-0.00791708
-0.00561688
-0.00366926
-0.00203632
-0.000685709
-0.759777
-0.768498
-0.777566
-0.786988
-0.79677
-0.806918
-0.81744
-0.828342
-0.839632
-0.851316
-0.863402
-0.875898
-0.888812
-0.902152
-0.915925
-0.930139
-0.944803
-0.959923
-0.975508
-0.991564
-1.0081
-1.02511
-1.04262
-1.06061
-1.0791
-1.09809
-1.11757
-1.13756
-1.15806
-1.17909
-1.20064
-1.22272
-1.24534
-1.2685
-1.29218
-1.31639
-1.34113
-1.36637
-1.3921
-1.41831
-1.44497
-1.47205
-1.49952
-1.52735
-1.55547
-1.58386
-1.61245
-1.64117
-1.66996
-1.69875
-1.72745
-1.75597
-1.78421
-1.81207
-1.83943
-1.86617
-1.89216
-1.91726
-1.9413
-1.96413
-1.98557
-2.00561
-2.02432
-2.04187
-2.05837
-2.07395
-2.0885
-2.10215
-2.11493
-2.12718
-2.13884
-2.14928
-2.15923
-2.16807
-2.1771
-2.18573
-2.1939
-2.20161
-2.20889
-2.21577
-2.2223
-2.22858
-2.23504
-2.24219
-2.24879
-2.25456
-2.26038
-2.26708
-2.27384
-2.2805
-2.28694
-2.2932
-2.29931
-2.30568
-2.31167
-2.31696
-2.32246
-2.32735
-2.33333
-2.34019
-2.34802
-2.35693
-2.36695
-2.37808
-2.39024
-2.40331
-2.41703
-2.43114
-2.44588
-2.46106
-2.47654
-2.49215
-2.50767
-2.52291
-2.5379
-2.5526
-2.56607
-2.57889
-2.59073
-2.60207
-2.61316
-2.62388
-2.63414
-2.64383
-2.65271
-2.66068
-2.66757
-2.67325
-2.67773
-2.68145
-2.68358
-2.68036
-2.67812
-2.67574
-2.67294
-2.6699
-2.66664
-2.66275
-2.65719
-2.65274
-2.64976
-2.64743
-2.64624
-2.64619
-2.64756
-2.65066
-2.6551
-2.66055
-2.66631
-2.67248
-2.67879
-2.68487
-2.69041
-2.69518
-2.69884
-2.70125
-2.70272
-2.70336
-2.70335
-2.70182
-2.69865
-2.69542
-2.69145
-2.68673
-2.6813
-2.6752
-2.66847
-2.66116
-2.65334
-2.64506
-2.63637
-2.62731
-2.61799
-2.60857
-2.5989
-2.58848
-2.57835
-2.56817
-2.55793
-2.54764
-2.53736
-2.52697
-2.51659
-2.50641
-2.4964
-2.48642
-2.47656
-2.46675
-2.45722
-2.44784
-2.43872
-2.4299
-2.42108
-2.41238
-2.40356
-2.395
-2.38653
-2.37806
-2.36956
-2.36104
-2.35244
-2.34375
-2.33502
-2.32628
-2.31752
-2.30873
-2.2999
-2.29102
-2.28205
-2.27294
-2.26356
-2.25366
-2.24319
-2.23203
-2.22014
-2.20745
-2.19395
-2.17983
-2.16487
-2.14978
-2.13439
-2.11838
-2.10156
-2.08403
-2.06588
-2.04715
-2.02761
-2.0072
-1.98592
-1.96386
-1.94116
-1.91801
-1.89472
-1.8716
-1.84878
-1.82579
-1.8022
-1.77772
-1.75215
-1.72535
-1.69727
-1.6679
-1.63731
-1.60552
-1.57258
-1.53857
-1.50348
-1.46742
-1.4305
-1.3928
-1.35435
-1.31514
-1.27518
-1.23455
-1.19332
-1.1516
-1.10949
-1.06708
-1.02444
-0.981681
-0.938923
-0.896253
-0.85372
-0.811377
-0.769289
-0.727534
-0.686198
-0.645377
-0.605173
-0.565696
-0.527057
-0.489372
-0.452753
-0.41731
-0.383148
-0.350361
-0.319037
-0.289251
-0.261063
-0.234522
-0.209658
-0.186488
-0.16501
-0.14521
-0.127054
-0.110497
-0.0954784
-0.0819276
-0.0697631
-0.0588959
-0.049232
-0.0406741
-0.0331251
-0.0264903
-0.0206798
-0.0156105
-0.011208
-0.00740693
-0.00415169
-0.00139606
-1.00104
-1.0099
-1.01929
-1.02921
-1.03968
-1.05071
-1.06231
-1.07448
-1.08724
-1.1006
-1.11456
-1.12914
-1.14434
-1.16018
-1.17667
-1.19381
-1.21161
-1.23008
-1.24922
-1.26906
-1.28958
-1.3108
-1.33272
-1.35534
-1.37865
-1.40267
-1.42738
-1.45277
-1.47885
-1.50558
-1.53296
-1.56097
-1.58958
-1.61875
-1.64846
-1.67866
-1.70931
-1.74034
-1.77172
-1.80336
-1.83519
-1.86715
-1.89914
-1.93107
-1.96286
-1.99439
-2.02557
-2.05629
-2.08644
-2.1159
-2.14458
-2.17236
-2.19914
-2.22482
-2.24933
-2.27259
-2.29454
-2.31517
-2.33447
-2.3525
-2.36955
-2.38631
-2.40176
-2.4158
-2.42952
-2.44186
-2.45384
-2.46613
-2.4778
-2.48874
-2.49917
-2.50913
-2.51764
-2.52465
-2.53199
-2.53901
-2.54574
-2.55222
-2.55851
-2.56462
-2.57085
-2.57786
-2.58441
-2.59026
-2.59626
-2.60109
-2.60723
-2.61379
-2.62022
-2.62632
-2.63195
-2.63695
-2.64121
-2.64475
-2.64755
-2.64911
-2.64881
-2.64895
-2.64921
-2.64998
-2.65162
-2.65443
-2.65864
-2.66439
-2.6719
-2.68109
-2.6914
-2.70312
-2.71583
-2.72906
-2.74246
-2.75571
-2.76852
-2.78064
-2.79183
-2.80206
-2.8112
-2.81851
-2.82381
-2.82877
-2.83286
-2.83616
-2.83865
-2.84039
-2.84137
-2.8416
-2.84101
-2.8396
-2.83739
-2.83403
-2.82906
-2.82391
-2.81848
-2.81311
-2.80829
-2.80407
-2.79913
-2.79464
-2.79103
-2.78792
-2.78556
-2.78332
-2.78094
-2.7792
-2.77814
-2.7775
-2.7772
-2.77711
-2.77711
-2.77712
-2.77704
-2.77678
-2.77627
-2.77545
-2.77428
-2.77277
-2.77109
-2.76974
-2.76845
-2.76498
-2.76228
-2.75985
-2.75712
-2.75404
-2.75057
-2.74672
-2.74248
-2.73786
-2.73286
-2.72753
-2.72189
-2.716
-2.71002
-2.70408
-2.69801
-2.69135
-2.68539
-2.67946
-2.67355
-2.66776
-2.66227
-2.65669
-2.65109
-2.64544
-2.63973
-2.63453
-2.62942
-2.62447
-2.61982
-2.615
-2.6101
-2.60533
-2.60028
-2.59536
-2.59036
-2.58524
-2.57998
-2.57468
-2.56938
-2.56377
-2.55805
-2.5524
-2.54673
-2.54108
-2.53557
-2.53035
-2.52538
-2.52069
-2.51625
-2.5118
-2.50693
-2.50142
-2.49518
-2.4882
-2.48049
-2.47209
-2.46321
-2.45349
-2.44278
-2.43116
-2.41814
-2.40405
-2.38898
-2.37274
-2.35522
-2.33637
-2.31612
-2.29458
-2.27195
-2.24845
-2.22436
-2.20005
-2.17607
-2.15276
-2.13025
-2.10798
-2.08505
-2.06084
-2.03501
-2.00742
-1.97801
-1.94685
-1.91404
-1.87962
-1.84377
-1.80671
-1.76862
-1.72983
-1.69061
-1.65101
-1.61089
-1.57013
-1.52866
-1.48651
-1.44374
-1.40044
-1.35671
-1.31267
-1.26844
-1.22429
-1.18029
-1.13636
-1.09233
-1.04809
-1.00363
-0.958962
-0.914117
-0.86916
-0.82418
-0.77928
-0.734583
-0.690225
-0.646354
-0.603122
-0.560688
-0.519214
-0.478855
-0.439765
-0.402087
-0.365953
-0.331477
-0.29876
-0.267877
-0.238888
-0.211825
-0.1867
-0.163502
-0.142197
-0.122731
-0.105032
-0.0890102
-0.0745646
-0.0615855
-0.0499591
-0.0395721
-0.0303165
-0.022093
-0.0148149
-0.00841017
-0.00282305
-1.32925
-1.33043
-1.33237
-1.33508
-1.33856
-1.34282
-1.34785
-1.35367
-1.36027
-1.36766
-1.37583
-1.38479
-1.39454
-1.40508
-1.41641
-1.42853
-1.44145
-1.45515
-1.46965
-1.48493
-1.50101
-1.51786
-1.5355
-1.55391
-1.57309
-1.59302
-1.61371
-1.63514
-1.6573
-1.68016
-1.70372
-1.72795
-1.75282
-1.77832
-1.80441
-1.83105
-1.85821
-1.88585
-1.91393
-1.94238
-1.97117
-2.00024
-2.02953
-2.05898
-2.08852
-2.11809
-2.14763
-2.17707
-2.20632
-2.23534
-2.26404
-2.29236
-2.32023
-2.34758
-2.37437
-2.40053
-2.42605
-2.45109
-2.47563
-2.49902
-2.52173
-2.54335
-2.5646
-2.58545
-2.60572
-2.62603
-2.64568
-2.66392
-2.6814
-2.69685
-2.71227
-2.7271
-2.74105
-2.75413
-2.76673
-2.77882
-2.78926
-2.79897
-2.80699
-2.81512
-2.82276
-2.82975
-2.83619
-2.84248
-2.84862
-2.85309
-2.85702
-2.85906
-2.86173
-2.86424
-2.86617
-2.86748
-2.86813
-2.86809
-2.86737
-2.86585
-2.86375
-2.86144
-2.85918
-2.85727
-2.85593
-2.85541
-2.85589
-2.85766
-2.86137
-2.86704
-2.87361
-2.87905
-2.88741
-2.89665
-2.90613
-2.91554
-2.92463
-2.93316
-2.94091
-2.94772
-2.95346
-2.95793
-2.96095
-2.96287
-2.96373
-2.9636
-2.96257
-2.96076
-2.95813
-2.9548
-2.95078
-2.94628
-2.94132
-2.93594
-2.93025
-2.92449
-2.91884
-2.91385
-2.91024
-2.90659
-2.90295
-2.89892
-2.89527
-2.89306
-2.89109
-2.88935
-2.88779
-2.8861
-2.8849
-2.88396
-2.88323
-2.88269
-2.88228
-2.88199
-2.88177
-2.88167
-2.88156
-2.88143
-2.88127
-2.88128
-2.88187
-2.88408
-2.88645
-2.88843
-2.8907
-2.8913
-2.89342
-2.89543
-2.89682
-2.89744
-2.89726
-2.89629
-2.89456
-2.89219
-2.88931
-2.88609
-2.88289
-2.88042
-2.87909
-2.87785
-2.87672
-2.87651
-2.87618
-2.8756
-2.87478
-2.87366
-2.87221
-2.8705
-2.86895
-2.86768
-2.86674
-2.86503
-2.86235
-2.8607
-2.85905
-2.85713
-2.8551
-2.85305
-2.85063
-2.84742
-2.84399
-2.84038
-2.83656
-2.83246
-2.82862
-2.82461
-2.82042
-2.81616
-2.8121
-2.80881
-2.80644
-2.80434
-2.80254
-2.80096
-2.79902
-2.79656
-2.79369
-2.79053
-2.78731
-2.78413
-2.78118
-2.77814
-2.77393
-2.76832
-2.76024
-2.7496
-2.7372
-2.72309
-2.70733
-2.68969
-2.67025
-2.64924
-2.62725
-2.60463
-2.58122
-2.5573
-2.53325
-2.50887
-2.48404
-2.45847
-2.43265
-2.40504
-2.37533
-2.34361
-2.30969
-2.27358
-2.23537
-2.1952
-2.15331
-2.10989
-2.06547
-2.02076
-1.97639
-1.93229
-1.88804
-1.84329
-1.79797
-1.75211
-1.70581
-1.65922
-1.6125
-1.56584
-1.51962
-1.47423
-1.42984
-1.38584
-1.34177
-1.29737
-1.25252
-1.20712
-1.16112
-1.11452
-1.06735
-1.01966
-0.971537
-0.923081
-0.874422
-0.825701
-0.777077
-0.728722
-0.680824
-0.633578
-0.587188
-0.541853
-0.497767
-0.455112
-0.414055
-0.374746
-0.337309
-0.301849
-0.268438
-0.237122
-0.207915
-0.1808
-0.155732
-0.132636
-0.111417
-0.0919626
-0.0741484
-0.0578491
-0.0429451
-0.0293309
-0.016923
-0.00566907
-1.96096
-1.94394
-1.92803
-1.91328
-1.8997
-1.88732
-1.87615
-1.86621
-1.85749
-1.84999
-1.84372
-1.83868
-1.83486
-1.83226
-1.83087
-1.83068
-1.8317
-1.83391
-1.83729
-1.84185
-1.84756
-1.85441
-1.86239
-1.87147
-1.88165
-1.89289
-1.90518
-1.91849
-1.93279
-1.94806
-1.96425
-1.98134
-1.99928
-2.01803
-2.03753
-2.05775
-2.07863
-2.10012
-2.12214
-2.14464
-2.16755
-2.19079
-2.21431
-2.23803
-2.26189
-2.28582
-2.30974
-2.33361
-2.35734
-2.38088
-2.40416
-2.42712
-2.4497
-2.47186
-2.49364
-2.51512
-2.53637
-2.55745
-2.57859
-2.59987
-2.62065
-2.64126
-2.66178
-2.68197
-2.70173
-2.72171
-2.74148
-2.7616
-2.78107
-2.79912
-2.81607
-2.8332
-2.84986
-2.86578
-2.88088
-2.89545
-2.90967
-2.92228
-2.93375
-2.9435
-2.95332
-2.96277
-2.9723
-2.98055
-2.98735
-2.99265
-2.99692
-3.00169
-3.00591
-3.00954
-3.01262
-3.01503
-3.01687
-3.01814
-3.019
-3.01943
-3.01952
-3.01938
-3.01911
-3.01883
-3.01865
-3.01898
-3.02062
-3.02232
-3.02361
-3.02575
-3.02871
-3.03247
-3.03617
-3.03895
-3.04332
-3.04792
-3.05232
-3.05638
-3.05998
-3.06302
-3.0654
-3.06704
-3.0679
-3.06796
-3.06725
-3.06582
-3.06379
-3.06114
-3.05771
-3.05398
-3.04985
-3.04543
-3.04073
-3.03586
-3.03098
-3.02623
-3.0217
-3.01751
-3.01382
-3.01086
-3.00909
-3.00736
-3.00516
-3.00276
-2.99974
-2.99827
-2.99803
-2.99749
-2.99713
-2.99645
-2.99713
-2.99825
-2.99969
-3.00143
-3.00349
-3.00591
-3.00872
-3.0122
-3.01698
-3.02253
-3.02692
-3.03026
-3.0355
-3.04234
-3.04977
-3.05746
-3.06421
-3.07026
-3.07478
-3.07764
-3.07961
-3.08015
-3.07926
-3.07709
-3.07414
-3.07183
-3.07042
-3.06739
-3.06552
-3.0644
-3.06369
-3.0662
-3.06949
-3.07297
-3.07647
-3.07991
-3.0832
-3.08634
-3.08965
-3.09338
-3.09606
-3.09819
-3.09943
-3.09989
-3.10097
-3.10191
-3.10285
-3.10398
-3.10553
-3.10744
-3.10947
-3.11125
-3.11257
-3.11293
-3.11261
-3.11178
-3.11049
-3.10916
-3.10779
-3.10598
-3.1047
-3.10424
-3.10439
-3.10454
-3.10368
-3.10323
-3.10305
-3.10324
-3.10413
-3.10566
-3.10756
-3.1102
-3.11286
-3.11354
-3.1123
-3.10936
-3.10424
-3.09643
-3.08556
-3.0727
-3.05847
-3.0429
-3.0261
-3.00816
-2.9894
-2.969
-2.94691
-2.92363
-2.89906
-2.87277
-2.84382
-2.81231
-2.77826
-2.74183
-2.70361
-2.66282
-2.61973
-2.57448
-2.52702
-2.47729
-2.42604
-2.37442
-2.32308
-2.27221
-2.22121
-2.16969
-2.11758
-2.06503
-2.01225
-1.9595
-1.90699
-1.85522
-1.80466
-1.75539
-1.70732
-1.66016
-1.61359
-1.56716
-1.52059
-1.47362
-1.42606
-1.37783
-1.32887
-1.27917
-1.22875
-1.17772
-1.12613
-1.07404
-1.02155
-0.968749
-0.91578
-0.862808
-0.810027
-0.757643
-0.705863
-0.65489
-0.604923
-0.556154
-0.508763
-0.462919
-0.418774
-0.376454
-0.336058
-0.297649
-0.261254
-0.226858
-0.19441
-0.163812
-0.134939
-0.10764
-0.0817579
-0.0571421
-0.0336671
-0.0112599
-3.16967
-3.12503
-3.08149
-3.03909
-2.99782
-2.95772
-2.91901
-2.88179
-2.84602
-2.81174
-2.77897
-2.74773
-2.71805
-2.68994
-2.66342
-2.63851
-2.61523
-2.59361
-2.57365
-2.55536
-2.53874
-2.52378
-2.51049
-2.49886
-2.48887
-2.48052
-2.47377
-2.46862
-2.46502
-2.46297
-2.4624
-2.4633
-2.46558
-2.46919
-2.47407
-2.48023
-2.48764
-2.49602
-2.50534
-2.51539
-2.5264
-2.53819
-2.55067
-2.56358
-2.57688
-2.59046
-2.60441
-2.61858
-2.63293
-2.64746
-2.66213
-2.67689
-2.69179
-2.70617
-2.71945
-2.73119
-2.74148
-2.74981
-2.75683
-2.76371
-2.7706
-2.77759
-2.78474
-2.79223
-2.80024
-2.80867
-2.81731
-2.82635
-2.83549
-2.84513
-2.85511
-2.86551
-2.87646
-2.88735
-2.89759
-2.90715
-2.91754
-2.92784
-2.93869
-2.94898
-2.95851
-2.96726
-2.97555
-2.9845
-2.99369
-3.00351
-3.01226
-3.0204
-3.02693
-3.03402
-3.04148
-3.04869
-3.05563
-3.06225
-3.06861
-3.07497
-3.08106
-3.08635
-3.09118
-3.09533
-3.09983
-3.10422
-3.10863
-3.11382
-3.11931
-3.12322
-3.12712
-3.13088
-3.13445
-3.13667
-3.13802
-3.14051
-3.14273
-3.14452
-3.14592
-3.14712
-3.14793
-3.14756
-3.14723
-3.14653
-3.14541
-3.14399
-3.14256
-3.14072
-3.13802
-3.13495
-3.13221
-3.12933
-3.12636
-3.12339
-3.12049
-3.11778
-3.11541
-3.11339
-3.1116
-3.11009
-3.10905
-3.10847
-3.10849
-3.10877
-3.10857
-3.10816
-3.10857
-3.11005
-3.11257
-3.11521
-3.11813
-3.12089
-3.1239
-3.12808
-3.13274
-3.13787
-3.14351
-3.15017
-3.15897
-3.16773
-3.17578
-3.18292
-3.19025
-3.19974
-3.20917
-3.21823
-3.22679
-3.23315
-3.2386
-3.24299
-3.24615
-3.24821
-3.2502
-3.25248
-3.25171
-3.25004
-3.24876
-3.2453
-3.24359
-3.24547
-3.24753
-3.25004
-3.25182
-3.25607
-3.26109
-3.2666
-3.27244
-3.2784
-3.28425
-3.28986
-3.29504
-3.29891
-3.30033
-3.30173
-3.30292
-3.30422
-3.30605
-3.30935
-3.31396
-3.31819
-3.32343
-3.32865
-3.33228
-3.33648
-3.34029
-3.34362
-3.34664
-3.3495
-3.35253
-3.35566
-3.35807
-3.3592
-3.36147
-3.36451
-3.36819
-3.37171
-3.37485
-3.37845
-3.38214
-3.38653
-3.39116
-3.39506
-3.39802
-3.39948
-3.40064
-3.40094
-3.39999
-3.39782
-3.39439
-3.38972
-3.38389
-3.37708
-3.36898
-3.35931
-3.34775
-3.33438
-3.31959
-3.30298
-3.28454
-3.26408
-3.2416
-3.21726
-3.19025
-3.15925
-3.12383
-3.08557
-3.04521
-3.00204
-2.95575
-2.90586
-2.85301
-2.798
-2.74188
-2.68411
-2.62531
-2.56577
-2.50585
-2.44499
-2.3838
-2.32281
-2.26208
-2.202
-2.14324
-2.08597
-2.02995
-1.9754
-1.92212
-1.87018
-1.81868
-1.76714
-1.71526
-1.66298
-1.61005
-1.5564
-1.50222
-1.44765
-1.39274
-1.33748
-1.28179
-1.22567
-1.16914
-1.1123
-1.05532
-0.998369
-0.941635
-0.885274
-0.82942
-0.774197
-0.719729
-0.666118
-0.613466
-0.561871
-0.511424
-0.462194
-0.414212
-0.367539
-0.322206
-0.278055
-0.234873
-0.19239
-0.150272
-0.108139
-0.0655802
-0.022195
-5.14823
-5.08648
-5.02424
-4.96166
-4.89891
-4.83588
-4.77282
-4.70986
-4.64727
-4.58518
-4.52329
-4.46187
-4.40109
-4.34137
-4.28268
-4.22515
-4.16893
-4.1143
-4.06114
-4.00965
-3.95992
-3.91226
-3.86676
-3.82336
-3.78216
-3.74338
-3.70706
-3.67329
-3.64222
-3.61381
-3.58815
-3.5653
-3.54548
-3.5287
-3.51504
-3.50461
-3.49749
-3.49376
-3.49338
-3.49652
-3.50331
-3.51362
-3.52762
-3.5454
-3.56686
-3.5919
-3.62033
-3.65213
-3.68809
-3.73455
-3.81162
-3.8678
-3.91248
-3.95933
-3.98758
-3.98279
-3.98504
-3.98759
-3.98029
-3.96349
-3.94026
-3.91276
-3.88228
-3.85034
-3.8177
-3.78514
-3.75337
-3.72288
-3.69414
-3.66727
-3.64273
-3.62094
-3.602
-3.58617
-3.57529
-3.58101
-3.57465
-3.56541
-3.54075
-3.51838
-3.497
-3.47111
-3.44097
-3.40744
-3.3717
-3.33547
-3.29879
-3.26273
-3.22896
-3.1982
-3.17038
-3.14586
-3.12488
-3.10763
-3.09376
-3.08318
-3.07452
-3.06732
-3.06184
-3.05791
-3.05564
-3.05392
-3.05229
-3.05176
-3.05295
-3.05528
-3.05697
-3.05876
-3.06102
-3.06418
-3.06942
-3.0762
-3.08257
-3.08997
-3.09898
-3.10758
-3.11539
-3.12311
-3.13116
-3.13783
-3.14339
-3.14896
-3.1542
-3.15905
-3.16293
-3.16535
-3.16775
-3.16974
-3.17146
-3.17294
-3.17392
-3.17435
-3.1745
-3.17481
-3.1752
-3.17569
-3.17651
-3.17699
-3.17719
-3.17771
-3.1784
-3.17925
-3.18028
-3.18177
-3.18356
-3.1854
-3.18724
-3.18947
-3.19191
-3.19475
-3.19804
-3.20189
-3.20543
-3.20886
-3.21259
-3.21718
-3.22205
-3.22714
-3.23266
-3.23893
-3.24438
-3.24926
-3.2545
-3.26053
-3.26713
-3.27299
-3.27848
-3.28353
-3.28895
-3.29467
-3.30067
-3.30599
-3.3101
-3.31416
-3.31811
-3.32285
-3.32912
-3.33404
-3.339
-3.34451
-3.35092
-3.35733
-3.36381
-3.37013
-3.37686
-3.38401
-3.39037
-3.39633
-3.40207
-3.40742
-3.41281
-3.41758
-3.42185
-3.42642
-3.43122
-3.43613
-3.44096
-3.44586
-3.45085
-3.45572
-3.46044
-3.46504
-3.46934
-3.47358
-3.47788
-3.48222
-3.48641
-3.49029
-3.49393
-3.4975
-3.50113
-3.5054
-3.50913
-3.51267
-3.51536
-3.51803
-3.52092
-3.52378
-3.52682
-3.53025
-3.53326
-3.53597
-3.53855
-3.54125
-3.54368
-3.54572
-3.54731
-3.54837
-3.54859
-3.54817
-3.54687
-3.5446
-3.54127
-3.53667
-3.5306
-3.52291
-3.51363
-3.50244
-3.48927
-3.47334
-3.45467
-3.43306
-3.40828
-3.38005
-3.348
-3.31142
-3.26979
-3.22361
-3.17381
-3.12054
-3.06384
-3.00375
-2.93994
-2.87423
-2.80695
-2.73972
-2.67206
-2.60403
-2.5366
-2.47049
-2.4057
-2.34278
-2.28157
-2.22131
-2.16122
-2.10108
-2.04082
-1.98108
-1.92051
-1.85951
-1.79833
-1.73742
-1.67688
-1.6166
-1.55623
-1.49549
-1.43427
-1.37262
-1.31078
-1.24903
-1.18765
-1.12688
-1.06685
-1.00744
-0.949125
-0.891661
-0.834807
-0.778381
-0.722238
-0.666261
-0.610337
-0.554327
-0.498018
-0.44108
-0.383023
-0.323174
-0.260636
-0.194252
-0.122563
-0.0437978
-6.03233
-5.99291
-5.95285
-5.91259
-5.87099
-5.82863
-5.78567
-5.74181
-5.69701
-5.65211
-5.60701
-5.56169
-5.51646
-5.47092
-5.42534
-5.37961
-5.33425
-5.28927
-5.24471
-5.20063
-5.15705
-5.114
-5.07158
-5.02989
-4.98943
-4.94967
-4.91086
-4.87285
-4.83606
-4.80086
-4.76715
-4.73506
-4.7048
-4.6764
-4.64982
-4.62524
-4.60282
-4.58296
-4.56575
-4.55142
-4.54014
-4.53202
-4.52726
-4.52615
-4.52895
-4.53578
-4.54676
-4.56179
-4.58043
-4.60179
-4.62442
-4.64548
-4.66383
-4.68043
-4.69604
-4.71113
-4.72572
-4.73755
-4.7473
-4.75496
-4.75963
-4.75909
-4.75264
-4.74092
-4.72412
-4.70362
-4.68019
-4.65472
-4.6284
-4.60348
-4.58216
-4.56069
-4.53689
-4.51655
-4.50051
-4.48789
-4.47774
-4.46683
-4.45808
-4.44309
-4.42252
-4.39401
-4.36223
-4.32728
-4.29142
-4.25614
-4.22008
-4.18456
-4.15112
-4.12299
-4.10024
-4.08307
-4.07199
-4.06711
-4.06995
-4.10008
-4.16194
-4.18993
-4.22182
-4.20977
-4.20109
-4.19574
-4.17879
-4.14959
-4.10948
-4.06105
-4.00308
-3.93437
-3.85538
-3.76961
-3.68042
-3.59134
-3.50609
-3.42486
-3.35079
-3.28581
-3.23087
-3.18614
-3.15135
-3.12641
-3.10905
-3.09847
-3.09313
-3.09258
-3.09597
-3.10211
-3.11085
-3.11964
-3.12849
-3.13766
-3.14708
-3.15619
-3.16511
-3.17369
-3.18125
-3.18791
-3.19389
-3.19972
-3.20505
-3.21052
-3.21535
-3.21954
-3.22308
-3.2262
-3.2294
-3.23252
-3.23549
-3.23836
-3.24129
-3.24572
-3.24804
-3.25014
-3.25277
-3.25542
-3.25793
-3.26033
-3.26259
-3.26468
-3.26671
-3.26978
-3.27179
-3.2729
-3.27368
-3.27511
-3.27668
-3.27821
-3.27971
-3.28118
-3.28307
-3.28496
-3.28624
-3.28743
-3.28781
-3.28871
-3.29007
-3.29094
-3.29187
-3.29278
-3.29405
-3.29534
-3.29647
-3.29772
-3.29892
-3.30001
-3.30165
-3.30377
-3.30658
-3.30898
-3.31106
-3.31349
-3.31659
-3.31998
-3.32401
-3.32812
-3.33223
-3.33635
-3.34111
-3.34607
-3.35117
-3.35663
-3.36263
-3.36856
-3.37441
-3.38011
-3.38547
-3.39102
-3.39673
-3.40247
-3.4083
-3.41379
-3.41902
-3.42387
-3.42866
-3.43335
-3.43799
-3.44266
-3.44763
-3.45317
-3.45859
-3.46431
-3.47017
-3.4765
-3.48323
-3.49043
-3.49792
-3.5056
-3.51318
-3.52072
-3.5282
-3.53558
-3.5428
-3.54954
-3.55578
-3.56124
-3.56596
-3.56988
-3.573
-3.57529
-3.57653
-3.57646
-3.57501
-3.57212
-3.56754
-3.56082
-3.55169
-3.53974
-3.5245
-3.50527
-3.48164
-3.45307
-3.41906
-3.37924
-3.33352
-3.28253
-3.22616
-3.16456
-3.09939
-3.03218
-2.96442
-2.89708
-2.83072
-2.76516
-2.69975
-2.63336
-2.56499
-2.49436
-2.4228
-2.35014
-2.27713
-2.20497
-2.13321
-2.06238
-1.994
-1.92692
-1.86028
-1.7931
-1.72465
-1.65488
-1.58418
-1.51308
-1.44257
-1.37384
-1.30716
-1.24256
-1.18012
-1.11945
-1.06013
-1.00169
-0.943619
-0.885406
-0.826517
-0.766401
-0.704409
-0.639633
-0.570843
-0.496322
-0.413736
-0.319911
-0.210522
-0.0797207
-4.90996
-4.89463
-4.87955
-4.86486
-4.84976
-4.83499
-4.82058
-4.80634
-4.79219
-4.77812
-4.76403
-4.74985
-4.73553
-4.72103
-4.70637
-4.69179
-4.68008
-4.6671
-4.65213
-4.63706
-4.61941
-4.60298
-4.5886
-4.57518
-4.5623
-4.54965
-4.5372
-4.52517
-4.51372
-4.50265
-4.4919
-4.48145
-4.47143
-4.46158
-4.45196
-4.44268
-4.43372
-4.42507
-4.41672
-4.40868
-4.40094
-4.39351
-4.38637
-4.37971
-4.37486
-4.36898
-4.36248
-4.35585
-4.34807
-4.33921
-4.33092
-4.32274
-4.31498
-4.30781
-4.30144
-4.2962
-4.29219
-4.28977
-4.28938
-4.29137
-4.29617
-4.30431
-4.31612
-4.3314
-4.34967
-4.37032
-4.39275
-4.41646
-4.44112
-4.46641
-4.49372
-4.52253
-4.5484
-4.57315
-4.59563
-4.61952
-4.64391
-4.6675
-4.68979
-4.7113
-4.73268
-4.74603
-4.7555
-4.76258
-4.767
-4.76889
-4.76834
-4.76682
-4.77322
-4.77403
-4.77428
-4.77935
-4.78978
-4.80516
-4.82635
-4.85466
-4.88866
-4.92524
-4.9604
-4.98788
-5.00709
-5.01907
-5.02343
-5.02874
-5.06208
-5.06024
-5.04586
-4.99084
-4.92566
-4.85721
-4.77297
-4.67168
-4.55604
-4.42855
-4.29353
-4.15541
-4.01754
-3.88354
-3.75627
-3.63902
-3.53382
-3.44168
-3.36226
-3.29672
-3.2449
-3.20591
-3.1793
-3.16158
-3.15189
-3.14942
-3.1528
-3.16098
-3.17192
-3.18492
-3.19898
-3.2143
-3.23007
-3.24604
-3.26152
-3.27641
-3.29066
-3.30489
-3.31851
-3.33094
-3.34248
-3.35353
-3.36401
-3.37393
-3.38362
-3.39611
-3.40818
-3.419
-3.42822
-3.43603
-3.44514
-3.45384
-3.46153
-3.46784
-3.47275
-3.47626
-3.47855
-3.47996
-3.47988
-3.47844
-3.47605
-3.47293
-3.46938
-3.46683
-3.46201
-3.45677
-3.45149
-3.44563
-3.43913
-3.43207
-3.42457
-3.4154
-3.40446
-3.39181
-3.37849
-3.36532
-3.35221
-3.33906
-3.32602
-3.31326
-3.30087
-3.2891
-3.27828
-3.26749
-3.2572
-3.24718
-3.23819
-3.23021
-3.22299
-3.21647
-3.21104
-3.20592
-3.20119
-3.19679
-3.19304
-3.1902
-3.18792
-3.18609
-3.18473
-3.1838
-3.18354
-3.18359
-3.18373
-3.18447
-3.18594
-3.18789
-3.19069
-3.19415
-3.19801
-3.2025
-3.20728
-3.21286
-3.2191
-3.22611
-3.23389
-3.2422
-3.25127
-3.26052
-3.27041
-3.28072
-3.29177
-3.3034
-3.3158
-3.3289
-3.3427
-3.35686
-3.3714
-3.38606
-3.40072
-3.41511
-3.4288
-3.44183
-3.45406
-3.46573
-3.47681
-3.48723
-3.49699
-3.50623
-3.51462
-3.52247
-3.52962
-3.53619
-3.54212
-3.54708
-3.55059
-3.55202
-3.55064
-3.54567
-3.53608
-3.52078
-3.49873
-3.46909
-3.43176
-3.38735
-3.33651
-3.28093
-3.22428
-3.16952
-3.11746
-3.06296
-3.00269
-2.93515
-2.86077
-2.7805
-2.69599
-2.60934
-2.52352
-2.44061
-2.36152
-2.28614
-2.2134
-2.13993
-2.06354
-1.9836
-1.90072
-1.81605
-1.73098
-1.64704
-1.56551
-1.48726
-1.41271
-1.34184
-1.27472
-1.21054
-1.14861
-1.08812
-1.02805
-0.967322
-0.904651
-0.83841
-0.766222
-0.6847
-0.589033
-0.472307
-0.324411
-0.130474
-1.85517
-1.84744
-1.84063
-1.83504
-1.83085
-1.82821
-1.82714
-1.82764
-1.82966
-1.8331
-1.83787
-1.8438
-1.85076
-1.85861
-1.86751
-1.87899
-1.89174
-1.90566
-1.92153
-1.9393
-1.95891
-1.97993
-2.00275
-2.02882
-2.05715
-2.08704
-2.11816
-2.15026
-2.18288
-2.21592
-2.24946
-2.28353
-2.31819
-2.35349
-2.38948
-2.42627
-2.46393
-2.50277
-2.54283
-2.58287
-2.62311
-2.6644
-2.70703
-2.75102
-2.79677
-2.8446
-2.8949
-2.94735
-3.00149
-3.05732
-3.1151
-3.17522
-3.23734
-3.30164
-3.36814
-3.43708
-3.50819
-3.58116
-3.65562
-3.73115
-3.80725
-3.88343
-3.95949
-4.03951
-4.11697
-4.1884
-4.25793
-4.32132
-4.38215
-4.44527
-4.50731
-4.56729
-4.62644
-4.68419
-4.73677
-4.78595
-4.8302
-4.87302
-4.91395
-4.95231
-4.98698
-5.01808
-5.04578
-5.06982
-5.09099
-5.12431
-5.16954
-5.18858
-5.20825
-5.20598
-5.20893
-5.22501
-5.24303
-5.2628
-5.28846
-5.3079
-5.31993
-5.32445
-5.32757
-5.32189
-5.3157
-5.30732
-5.2719
-5.22646
-5.15805
-5.08156
-5.00253
-4.91376
-4.81644
-4.70974
-4.59492
-4.47326
-4.3478
-4.22097
-4.09496
-3.9721
-3.85538
-3.74594
-3.64495
-3.55483
-3.47646
-3.41013
-3.35574
-3.31293
-3.28098
-3.25958
-3.24669
-3.24095
-3.24097
-3.24655
-3.25692
-3.27075
-3.28724
-3.30637
-3.32685
-3.34773
-3.3688
-3.38977
-3.41134
-3.43305
-3.45472
-3.47636
-3.49794
-3.51934
-3.5407
-3.5622
-3.58435
-3.60742
-3.63047
-3.65541
-3.68253
-3.71367
-3.74227
-3.76827
-3.79253
-3.81714
-3.84053
-3.86177
-3.88038
-3.89611
-3.90902
-3.91928
-3.92692
-3.93202
-3.93468
-3.93549
-3.93617
-3.93392
-3.93161
-3.92843
-3.92291
-3.91688
-3.90953
-3.89924
-3.8848
-3.86623
-3.84345
-3.81679
-3.7868
-3.75397
-3.71909
-3.68322
-3.64654
-3.60953
-3.57226
-3.53546
-3.49954
-3.46472
-3.43052
-3.39637
-3.36279
-3.33035
-3.29914
-3.26918
-3.24054
-3.21325
-3.18736
-3.16292
-3.1402
-3.1188
-3.09866
-3.0797
-3.06203
-3.04585
-3.03097
-3.01734
-3.00509
-2.99436
-2.98474
-2.97678
-2.97064
-2.96613
-2.96313
-2.96161
-2.96175
-2.96318
-2.96616
-2.97064
-2.97635
-2.98302
-2.99047
-2.99867
-3.00766
-3.01767
-3.02835
-3.03975
-3.05183
-3.06496
-3.0793
-3.09471
-3.11105
-3.12813
-3.14585
-3.16412
-3.18297
-3.20224
-3.22167
-3.2412
-3.26075
-3.28037
-3.29981
-3.31886
-3.33734
-3.35522
-3.37279
-3.39058
-3.4087
-3.42727
-3.44601
-3.46422
-3.48123
-3.49636
-3.50888
-3.51806
-3.52323
-3.52364
-3.51834
-3.50717
-3.49177
-3.47719
-3.46447
-3.45048
-3.43119
-3.40618
-3.37434
-3.33394
-3.28311
-3.22034
-3.14542
-3.05898
-2.96567
-2.86873
-2.77354
-2.68645
-2.61101
-2.53813
-2.45971
-2.37265
-2.27828
-2.17729
-2.07208
-1.96551
-1.86041
-1.75879
-1.66222
-1.57124
-1.48584
-1.4059
-1.33134
-1.26121
-1.19438
-1.12951
-1.06495
-0.998439
-0.926775
-0.845079
-0.745901
-0.617669
-0.441924
-0.188847
-0.829908
-0.854943
-0.880911
-0.90794
-0.936019
-0.965117
-0.995176
-1.02616
-1.05804
-1.09079
-1.12439
-1.1589
-1.1946
-1.23066
-1.26686
-1.30465
-1.34231
-1.38023
-1.41849
-1.45709
-1.4958
-1.53469
-1.57365
-1.61262
-1.65153
-1.69019
-1.72845
-1.76617
-1.80333
-1.83961
-1.87469
-1.90844
-1.94179
-1.97442
-2.00648
-2.03802
-2.06891
-2.09907
-2.12896
-2.15805
-2.18612
-2.2132
-2.2395
-2.26557
-2.29135
-2.31728
-2.34356
-2.36959
-2.39575
-2.42209
-2.44923
-2.47725
-2.5071
-2.54006
-2.57377
-2.60914
-2.64662
-2.6861
-2.72734
-2.77014
-2.81563
-2.86169
-2.907
-2.95368
-3.00061
-3.05368
-3.10974
-3.16599
-3.22783
-3.29521
-3.36638
-3.44004
-3.5153
-3.5913
-3.66729
-3.74249
-3.81534
-3.88502
-3.95222
-4.01321
-4.06741
-4.11479
-4.15855
-4.20191
-4.24805
-4.31549
-4.37714
-4.43446
-4.50142
-4.57703
-4.65549
-4.73389
-4.80941
-4.87976
-4.94336
-5.00318
-5.04262
-5.06706
-5.0775
-5.07303
-5.052
-5.0108
-4.96061
-4.90082
-4.82991
-4.75016
-4.66283
-4.56996
-4.47183
-4.37037
-4.26776
-4.1657
-4.06593
-3.97002
-3.87936
-3.79534
-3.71949
-3.65114
-3.59094
-3.53941
-3.49723
-3.46388
-3.43884
-3.42153
-3.41124
-3.40726
-3.40895
-3.41569
-3.4257
-3.43913
-3.45471
-3.47272
-3.49273
-3.51404
-3.53728
-3.56052
-3.58388
-3.60712
-3.6299
-3.65329
-3.6769
-3.70044
-3.72389
-3.74727
-3.77065
-3.79484
-3.81926
-3.84353
-3.86775
-3.89333
-3.92005
-3.94715
-3.97635
-4.00191
-4.02481
-4.04665
-4.06727
-4.08614
-4.10308
-4.11796
-4.13068
-4.14117
-4.14936
-4.1551
-4.15824
-4.15885
-4.15717
-4.15357
-4.14795
-4.14147
-4.13399
-4.12227
-4.10882
-4.09187
-4.07078
-4.04764
-4.0213
-3.99103
-3.95702
-3.91959
-3.87923
-3.83656
-3.79209
-3.74619
-3.69967
-3.65204
-3.60388
-3.55535
-3.50679
-3.45866
-3.41104
-3.3642
-3.3184
-3.27382
-3.23059
-3.18883
-3.14861
-3.11002
-3.07335
-3.03824
-3.00454
-2.97268
-2.94263
-2.9143
-2.88764
-2.86263
-2.83934
-2.81783
-2.79834
-2.78101
-2.76605
-2.75352
-2.74342
-2.73571
-2.73032
-2.72713
-2.7258
-2.7261
-2.72788
-2.73103
-2.73549
-2.74109
-2.74731
-2.75389
-2.76108
-2.76918
-2.77827
-2.7884
-2.79962
-2.81198
-2.82554
-2.84037
-2.85633
-2.87329
-2.89113
-2.90989
-2.92953
-2.94991
-2.97104
-2.99302
-3.01584
-3.03946
-3.06413
-3.09083
-3.11947
-3.15034
-3.18344
-3.21834
-3.25431
-3.29021
-3.32485
-3.35676
-3.38454
-3.4071
-3.4239
-3.43525
-3.44394
-3.46143
-3.46659
-3.47282
-3.47676
-3.47216
-3.47046
-3.46972
-3.46551
-3.45595
-3.43961
-3.41491
-3.38018
-3.33385
-3.27576
-3.21226
-3.15364
-3.09889
-3.03783
-2.96827
-2.8892
-2.79811
-2.69424
-2.57813
-2.4525
-2.32191
-2.19005
-2.06014
-1.93461
-1.81516
-1.70293
-1.59828
-1.50125
-1.41119
-1.3274
-1.24878
-1.17376
-1.10013
-1.02438
-0.941167
-0.841939
-0.712014
-0.525564
-0.236497
-1.01478
-1.07078
-1.12802
-1.18653
-1.24625
-1.30709
-1.36898
-1.43197
-1.49581
-1.56026
-1.62534
-1.69111
-1.75748
-1.82463
-1.89159
-1.95874
-2.02614
-2.09361
-2.16089
-2.22823
-2.29533
-2.36158
-2.42695
-2.49167
-2.5559
-2.61928
-2.68161
-2.74279
-2.80276
-2.86192
-2.92119
-2.97722
-3.03166
-3.08308
-3.13397
-3.18438
-3.23352
-3.28125
-3.32758
-3.37226
-3.41548
-3.45797
-3.49867
-3.53694
-3.5732
-3.60681
-3.63945
-3.67055
-3.69951
-3.72623
-3.75143
-3.77537
-3.7937
-3.81019
-3.82463
-3.83766
-3.85171
-3.86573
-3.87938
-3.89302
-3.90899
-3.92784
-3.94611
-3.96554
-3.98418
-4.00709
-4.03381
-4.06191
-4.09073
-4.12005
-4.15208
-4.18769
-4.22563
-4.26685
-4.31101
-4.35408
-4.39783
-4.44156
-4.4892
-4.5399
-4.58863
-4.63758
-4.6861
-4.73612
-4.78333
-4.8203
-4.84654
-4.87004
-4.88833
-4.90467
-4.9193
-4.93396
-4.93865
-4.9379
-4.9296
-4.91156
-4.88902
-4.85952
-4.82071
-4.77504
-4.72328
-4.66655
-4.60564
-4.54091
-4.47296
-4.40237
-4.33018
-4.25744
-4.18534
-4.11502
-4.04746
-3.98352
-3.92393
-3.86928
-3.82031
-3.7775
-3.73974
-3.7078
-3.68107
-3.66037
-3.64553
-3.63593
-3.63115
-3.63077
-3.63432
-3.64131
-3.65119
-3.6635
-3.67758
-3.69298
-3.70954
-3.72724
-3.74595
-3.76363
-3.78132
-3.79896
-3.81609
-3.83239
-3.84904
-3.86556
-3.8815
-3.89668
-3.91104
-3.92449
-3.93696
-3.94856
-3.96006
-3.9696
-3.97801
-3.98495
-3.99078
-3.99631
-4.00043
-4.00301
-4.00433
-4.00441
-4.00316
-4.0006
-3.99671
-3.99143
-3.98655
-3.97801
-3.96669
-3.95396
-3.93987
-3.92429
-3.90811
-3.89047
-3.87157
-3.85077
-3.82797
-3.80381
-3.77787
-3.74968
-3.71931
-3.68691
-3.65265
-3.61681
-3.57925
-3.53941
-3.49743
-3.4536
-3.40809
-3.36143
-3.31404
-3.26617
-3.21852
-3.17124
-3.12446
-3.07845
-3.0335
-2.98985
-2.94761
-2.90683
-2.86752
-2.82956
-2.79276
-2.75716
-2.72293
-2.69017
-2.65789
-2.62675
-2.59703
-2.56901
-2.54295
-2.51866
-2.49616
-2.47568
-2.45727
-2.44105
-2.42714
-2.41564
-2.40663
-2.40014
-2.3961
-2.39435
-2.39479
-2.39741
-2.40191
-2.40793
-2.41508
-2.42295
-2.43136
-2.43948
-2.44723
-2.45501
-2.46346
-2.47304
-2.48379
-2.4958
-2.50918
-2.52397
-2.54018
-2.55777
-2.57667
-2.59684
-2.61826
-2.641
-2.66473
-2.68923
-2.71475
-2.74027
-2.76527
-2.79069
-2.81755
-2.84698
-2.87921
-2.91438
-2.95252
-2.9932
-3.03518
-3.07697
-3.1172
-3.15483
-3.18915
-3.22049
-3.25008
-3.27714
-3.30105
-3.33005
-3.36053
-3.38645
-3.40657
-3.42052
-3.42817
-3.42955
-3.42492
-3.41499
-3.40191
-3.39083
-3.36751
-3.33871
-3.31941
-3.29786
-3.26299
-3.21879
-3.1613
-3.08506
-2.98879
-2.87435
-2.7451
-2.60535
-2.45982
-2.31308
-2.1683
-2.02778
-1.89323
-1.7658
-1.64591
-1.53344
-1.42794
-1.32879
-1.23493
-1.14457
-1.05475
-0.960779
-0.854903
-0.723157
-0.53873
-0.248849
-1.07273
-1.14688
-1.22236
-1.29895
-1.37663
-1.45513
-1.53462
-1.61491
-1.6961
-1.77775
-1.85977
-1.94157
-2.02364
-2.1056
-2.18729
-2.26862
-2.34977
-2.43066
-2.51054
-2.58989
-2.66795
-2.74576
-2.82288
-2.89923
-2.97501
-3.0498
-3.12355
-3.19594
-3.2675
-3.33808
-3.40795
-3.47697
-3.54443
-3.60727
-3.67097
-3.73331
-3.79356
-3.85171
-3.90819
-3.96182
-4.01281
-4.06077
-4.1074
-4.15267
-4.19721
-4.23883
-4.27854
-4.31484
-4.3513
-4.38637
-4.41951
-4.45173
-4.48281
-4.51044
-4.53356
-4.55598
-4.57764
-4.59687
-4.61388
-4.62962
-4.6439
-4.65353
-4.65498
-4.66062
-4.66708
-4.67589
-4.68505
-4.69276
-4.70047
-4.7063
-4.71528
-4.72618
-4.73678
-4.74461
-4.74918
-4.75778
-4.76763
-4.77424
-4.77927
-4.78157
-4.7869
-4.79189
-4.79223
-4.78878
-4.78547
-4.78279
-4.77322
-4.76404
-4.7541
-4.74018
-4.72352
-4.70368
-4.68141
-4.6565
-4.62824
-4.59686
-4.56225
-4.5244
-4.48445
-4.44276
-4.39969
-4.35529
-4.30987
-4.26441
-4.21927
-4.17482
-4.13153
-4.08989
-4.05032
-4.01318
-3.97876
-3.94727
-3.9191
-3.89447
-3.87223
-3.8529
-3.83602
-3.82212
-3.81099
-3.80234
-3.79584
-3.79119
-3.78839
-3.78669
-3.78579
-3.78515
-3.78489
-3.7846
-3.78388
-3.78318
-3.78121
-3.77778
-3.77281
-3.76634
-3.75911
-3.75081
-3.74115
-3.73002
-3.71813
-3.70353
-3.68635
-3.66749
-3.64717
-3.62548
-3.60274
-3.57931
-3.55539
-3.53219
-3.51079
-3.49253
-3.47863
-3.46529
-3.45344
-3.43988
-3.42689
-3.4148
-3.40248
-3.39086
-3.38045
-3.37091
-3.36268
-3.35209
-3.33924
-3.324
-3.30736
-3.2909
-3.27379
-3.25556
-3.23603
-3.21507
-3.19267
-3.16848
-3.14248
-3.11443
-3.08398
-3.05103
-3.01531
-2.97698
-2.93616
-2.8929
-2.84783
-2.80125
-2.75344
-2.70463
-2.65514
-2.60553
-2.55649
-2.50842
-2.4615
-2.4158
-2.37127
-2.32806
-2.28701
-2.24836
-2.21228
-2.17859
-2.14766
-2.11952
-2.09364
-2.06998
-2.04833
-2.02853
-2.0106
-1.99441
-1.97983
-1.96675
-1.95508
-1.94479
-1.93587
-1.92834
-1.92222
-1.91753
-1.91428
-1.91244
-1.91197
-1.91297
-1.91573
-1.92037
-1.92691
-1.93524
-1.94505
-1.95609
-1.96821
-1.98145
-1.99594
-2.01093
-2.02664
-2.04309
-2.06023
-2.07821
-2.09713
-2.11709
-2.138
-2.15975
-2.18228
-2.20562
-2.22971
-2.25448
-2.27975
-2.30537
-2.33143
-2.35832
-2.38689
-2.41685
-2.44893
-2.48234
-2.51722
-2.5546
-2.59587
-2.64074
-2.68817
-2.73711
-2.78603
-2.83347
-2.87783
-2.91845
-2.9565
-2.9944
-3.03698
-3.08425
-3.13347
-3.18172
-3.22459
-3.25973
-3.28661
-3.30588
-3.31858
-3.32544
-3.32683
-3.32244
-3.31184
-3.29624
-3.27435
-3.24115
-3.19632
-3.13996
-3.07088
-2.98968
-2.89858
-2.8002
-2.69489
-2.5834
-2.46603
-2.34422
-2.21908
-2.09189
-1.96412
-1.83714
-1.71228
-1.59001
-1.4711
-1.35593
-1.24416
-1.13461
-1.02495
-0.911584
-0.788647
-0.64589
-0.46418
-0.20559
-0.10256
-0.168559
-0.235884
-0.304451
-0.374142
-0.444863
-0.516516
-0.589037
-0.662338
-0.736265
-0.810803
-0.885708
-0.960819
-1.036
-1.11118
-1.18626
-1.26121
-1.33602
-1.4108
-1.4856
-1.56016
-1.63448
-1.70841
-1.78226
-1.85565
-1.92847
-2.00062
-2.07202
-2.1426
-2.21236
-2.28145
-2.35041
-2.4192
-2.4857
-2.55269
-2.61964
-2.6861
-2.75127
-2.81555
-2.87912
-2.94192
-3.00393
-3.06514
-3.1256
-3.1855
-3.24535
-3.30528
-3.36416
-3.42256
-3.48138
-3.53958
-3.59737
-3.65484
-3.71206
-3.76728
-3.82106
-3.87386
-3.92444
-3.97242
-4.01778
-4.06099
-4.10216
-4.13849
-4.17273
-4.20393
-4.23118
-4.25579
-4.27563
-4.29108
-4.30177
-4.31268
-4.32184
-4.32919
-4.3348
-4.3391
-4.34201
-4.34448
-4.34576
-4.34479
-4.34405
-4.342
-4.33883
-4.33416
-4.32887
-4.32257
-4.31444
-4.3046
-4.29335
-4.28065
-4.26505
-4.24873
-4.23122
-4.21239
-4.19195
-4.16986
-4.14553
-4.1203
-4.09423
-4.06661
-4.03833
-4.00985
-3.9813
-3.95268
-3.9241
-3.8957
-3.86761
-3.83994
-3.81284
-3.78665
-3.76092
-3.73552
-3.71055
-3.68596
-3.66191
-3.6381
-3.6144
-3.5905
-3.5665
-3.54189
-3.51618
-3.48917
-3.46083
-3.43129
-3.40041
-3.36764
-3.33298
-3.2966
-3.25878
-3.21993
-3.18069
-3.14126
-3.10268
-3.06519
-3.02903
-2.99443
-2.96176
-2.9325
-2.90409
-2.87339
-2.83877
-2.79962
-2.75954
-2.7194
-2.67988
-2.6414
-2.60432
-2.5694
-2.53694
-2.50717
-2.48042
-2.45721
-2.43806
-2.42336
-2.41439
-2.41032
-2.41118
-2.41801
-2.42641
-2.43622
-2.44598
-2.45408
-2.4598
-2.46353
-2.46486
-2.46267
-2.45595
-2.4443
-2.42783
-2.40682
-2.38161
-2.35231
-2.31925
-2.28289
-2.2434
-2.20117
-2.15682
-2.11129
-2.0654
-2.01981
-1.97533
-1.93233
-1.89101
-1.85152
-1.81387
-1.77811
-1.74448
-1.71312
-1.68414
-1.65758
-1.63354
-1.61173
-1.59228
-1.575
-1.5599
-1.5469
-1.5359
-1.52685
-1.51968
-1.51423
-1.51032
-1.50781
-1.50637
-1.50593
-1.50646
-1.50791
-1.5102
-1.51328
-1.51707
-1.52151
-1.52651
-1.53203
-1.538
-1.54434
-1.55106
-1.55807
-1.56526
-1.57261
-1.58022
-1.58812
-1.59638
-1.60529
-1.61528
-1.6265
-1.63898
-1.65269
-1.66748
-1.68324
-1.69999
-1.7178
-1.73656
-1.75626
-1.77688
-1.79801
-1.81945
-1.84132
-1.8638
-1.88681
-1.91019
-1.93378
-1.95741
-1.98108
-2.00494
-2.02923
-2.05413
-2.08042
-2.10933
-2.14158
-2.17895
-2.22241
-2.27167
-2.32589
-2.38396
-2.44447
-2.50604
-2.56677
-2.62559
-2.6827
-2.73875
-2.79406
-2.84859
-2.90186
-2.95284
-3.00029
-3.04274
-3.07953
-3.11108
-3.13844
-3.16243
-3.18346
-3.20084
-3.21316
-3.22014
-3.21607
-3.19858
-3.16742
-3.12562
-3.07567
-3.01776
-2.95137
-2.8746
-2.78693
-2.68796
-2.57826
-2.45939
-2.33321
-2.20123
-2.0651
-1.92651
-1.78701
-1.64792
-1.51037
-1.3753
-1.2426
-1.11091
-0.977859
-0.83999
-0.692366
-0.529177
-0.343929
-0.128319
1.16443
1.12133
1.07758
1.03326
0.988459
0.943247
0.897702
0.8519
0.805849
0.7595
0.713052
0.666533
0.619987
0.573447
0.526937
0.480461
0.43401
0.387553
0.341038
0.294406
0.247527
0.200185
0.152414
0.104316
0.0559716
0.00747095
-0.0411162
-0.0897481
-0.138417
-0.187156
-0.236047
-0.285239
-0.33496
-0.385502
-0.437267
-0.490627
-0.545774
-0.603673
-0.66343
-0.725281
-0.788914
-0.854044
-0.920435
-0.987874
-1.05617
-1.1252
-1.19491
-1.26538
-1.33667
-1.40867
-1.48192
-1.55575
-1.63004
-1.70444
-1.77846
-1.85181
-1.92425
-1.99565
-2.06592
-2.13516
-2.20382
-2.27213
-2.34022
-2.40895
-2.47663
-2.54334
-2.60765
-2.66873
-2.72671
-2.77999
-2.82804
-2.87032
-2.90715
-2.93923
-2.96735
-2.99244
-3.01524
-3.036
-3.05505
-3.07198
-3.08654
-3.09917
-3.11006
-3.11917
-3.12629
-3.13152
-3.13468
-3.13607
-3.13601
-3.13412
-3.13089
-3.12606
-3.11939
-3.11078
-3.1001
-3.08806
-3.07431
-3.05908
-3.04253
-3.02491
-3.0061
-2.98619
-2.96535
-2.94379
-2.92125
-2.89749
-2.87269
-2.8471
-2.82057
-2.79292
-2.76405
-2.73379
-2.70213
-2.66888
-2.63397
-2.59724
-2.55892
-2.51918
-2.47786
-2.43467
-2.3895
-2.34231
-2.29273
-2.24117
-2.18811
-2.13399
-2.07919
-2.02333
-1.96671
-1.90962
-1.85259
-1.79622
-1.74119
-1.68787
-1.63675
-1.5896
-1.54825
-1.51407
-1.48753
-1.4678
-1.45078
-1.43429
-1.41759
-1.40094
-1.38537
-1.37176
-1.36033
-1.35076
-1.34281
-1.33643
-1.33167
-1.32866
-1.32753
-1.32843
-1.33148
-1.3366
-1.34315
-1.34999
-1.35598
-1.36038
-1.36276
-1.36289
-1.36066
-1.35611
-1.3493
-1.34037
-1.32958
-1.31738
-1.30425
-1.29064
-1.27693
-1.26341
-1.25032
-1.23786
-1.22619
-1.21546
-1.20579
-1.1973
-1.19008
-1.18419
-1.17969
-1.17661
-1.17497
-1.17472
-1.17583
-1.1783
-1.18216
-1.18735
-1.19383
-1.20154
-1.21043
-1.22044
-1.23149
-1.24347
-1.25632
-1.26993
-1.28419
-1.29897
-1.31414
-1.32963
-1.34542
-1.3616
-1.37807
-1.39486
-1.41182
-1.42873
-1.4454
-1.46173
-1.47772
-1.49356
-1.50948
-1.52541
-1.54114
-1.55644
-1.57118
-1.58549
-1.59911
-1.61164
-1.6231
-1.6331
-1.64131
-1.6479
-1.65373
-1.65974
-1.66597
-1.6724
-1.67901
-1.68584
-1.69287
-1.70015
-1.70779
-1.71596
-1.72472
-1.73424
-1.74466
-1.7557
-1.76722
-1.77949
-1.79257
-1.80633
-1.82076
-1.83584
-1.85158
-1.86804
-1.88562
-1.90545
-1.92866
-1.95648
-1.98987
-2.0292
-2.07443
-2.12519
-2.18066
-2.23993
-2.30172
-2.36479
-2.42858
-2.49281
-2.55683
-2.61973
-2.68074
-2.73909
-2.79406
-2.84529
-2.89228
-2.93488
-2.974
-3.01119
-3.04703
-3.08117
-3.11234
-3.13861
-3.15775
-3.16878
-3.17124
-3.15998
-3.13751
-3.10354
-3.05415
-2.98985
-2.91238
-2.82194
-2.71825
-2.60355
-2.47985
-2.34885
-2.21227
-2.07202
-1.93009
-1.78855
-1.64945
-1.51455
-1.38497
-1.2607
-1.14032
-1.02005
-0.892363
-0.743004
-0.545021
-0.247049
)
;

boundaryField
{
    Inlet
    {
        type            zeroGradient;
    }
    BotOutlet1
    {
        type            zeroGradient;
    }
    BotOutlet2
    {
        type            zeroGradient;
    }
    TopInlet
    {
        type            zeroGradient;
    }
    FreeStream
    {
        type            zeroGradient;
    }
    FrontNBack
    {
        type            empty;
    }
    LeftSide
    {
        type            zeroGradient;
    }
    procBoundary2to1
    {
        type            processor;
        value           nonuniform List<scalar> 
400
(
-11553.3
-10181.1
-8759.34
-7268.02
-5703.13
-4090.12
-2500.34
-1037.25
-14.996
-1.68159
-1.87927
-1.3157
-1.07889
-0.923847
-0.81507
-0.743901
-0.704422
-0.68836
-0.685425
-0.689709
-0.697174
-0.70509
-0.711804
-0.716388
-0.718439
-0.717897
-0.714919
-0.709779
-0.702793
-0.694289
-0.68457
-0.673912
-0.662554
-0.650698
-0.63851
-0.626126
-0.613639
-0.601119
-0.58863
-0.576231
-0.563937
-0.551766
-0.539732
-0.527847
-0.51612
-0.504559
-0.493169
-0.481953
-0.470913
-0.460051
-0.449366
-0.438857
-0.428524
-0.418364
-0.408375
-0.398557
-0.388906
-0.379421
-0.370101
-0.360943
-0.351946
-0.343109
-0.33443
-0.32591
-0.317546
-0.309339
-0.301288
-0.293393
-0.285653
-0.278069
-0.270641
-0.263369
-0.256253
-0.249294
-0.24249
-0.23584
-0.229344
-0.223
-0.21681
-0.210774
-0.204892
-0.199166
-0.193598
-0.188187
-0.182937
-0.177846
-0.172917
-0.168148
-0.163539
-0.159091
-0.154803
-0.150674
-0.146703
-0.142889
-0.139232
-0.135729
-0.132381
-0.129184
-0.126138
-0.123241
-0.12109
-0.119629
-0.118204
-0.116816
-0.115465
-0.114152
-0.112876
-0.111637
-0.110437
-0.109275
-0.108152
-0.107067
-0.106021
-0.105014
-0.104046
-0.103117
-0.102227
-0.101377
-0.100566
-0.0997954
-0.0990639
-0.0983721
-0.0977201
-0.0971077
-0.0965351
-0.0960022
-0.095509
-0.0950556
-0.0946418
-0.0942677
-0.0939331
-0.0936381
-0.0933825
-0.0931664
-0.0929895
-0.0928518
-0.0927533
-0.0926938
-0.0926732
-0.0926913
-0.0927482
-0.0928435
-0.0929773
-0.0931494
-0.0933596
-0.0936078
-0.0938938
-0.0942176
-0.0945789
-0.0949777
-0.0954137
-0.0958869
-0.0963971
-0.0969441
-0.0975279
-0.0981483
-0.0988051
-0.0994984
-0.100228
-0.100994
-0.101795
-0.102633
-0.103507
-0.104416
-0.105362
-0.106343
-0.10736
-0.108413
-0.109502
-0.110627
-0.111788
-0.112986
-0.11422
-0.11549
-0.116797
-0.118141
-0.119523
-0.120943
-0.122401
-0.123897
-0.125433
-0.127009
-0.128625
-0.130282
-0.131982
-0.133725
-0.135512
-0.137344
-0.139222
-0.141148
-0.143123
-0.145149
-0.147228
-0.149361
-0.15155
-0.153797
-0.156106
-0.158478
-0.160916
-0.163422
-0.166002
-0.168656
-0.17139
-0.174206
-0.17711
-0.180105
-0.183196
-0.186389
-0.189688
-0.193099
-0.196629
-0.200283
-0.204069
-0.207995
-0.212067
-0.216295
-0.220687
-0.225253
-0.230004
-0.234949
-0.240101
-0.245472
-0.251074
-0.256922
-0.26303
-0.269413
-0.276088
-0.28307
-0.290377
-0.298027
-0.30604
-0.314432
-0.323224
-0.332435
-0.342084
-0.352189
-0.36277
-0.373842
-0.385422
-0.397525
-0.410163
-0.423346
-0.437081
-0.451374
-0.466225
-0.48163
-0.497583
-0.514072
-0.531078
-0.548582
-0.566555
-0.584963
-0.603769
-0.622928
-0.64239
-0.662098
-0.681994
-0.702009
-0.722074
-0.742113
-0.762048
-0.781797
-0.801275
-0.820396
-0.839073
-0.85722
-0.874749
-0.891578
-0.907624
-0.922811
-0.937065
-0.95032
-0.962514
-0.973596
-0.983518
-0.992245
-0.999748
-1.00601
-1.011
-1.01474
-1.01721
-1.01844
-1.01844
-1.01723
-1.01485
-1.01134
-1.00674
-1.00111
-0.994472
-0.986888
-0.978397
-0.969043
-0.958865
-0.947901
-0.936187
-0.923759
-0.910653
-0.896903
-0.882547
-0.867619
-0.852159
-0.836205
-0.819796
-0.802975
-0.785782
-0.768261
-0.750453
-0.7324
-0.714145
-0.695729
-0.677189
-0.658565
-0.639893
-0.621206
-0.602536
-0.583915
-0.56537
-0.546926
-0.528609
-0.51044
-0.492441
-0.47463
-0.457025
-0.439644
-0.422502
-0.405615
-0.388998
-0.372663
-0.356625
-0.340897
-0.32549
-0.310416
-0.295686
-0.281308
-0.267294
-0.25365
-0.240383
-0.227501
-0.215009
-0.202912
-0.191214
-0.179917
-0.169024
-0.158536
-0.148453
-0.138774
-0.129499
-0.120626
-0.112146
-0.10405
-0.0963386
-0.0890106
-0.0820619
-0.075487
-0.0692797
-0.0634331
-0.0579393
-0.0527896
-0.0479748
-0.0434849
-0.0393092
-0.0354364
-0.031855
-0.0285526
-0.0255167
-0.0227344
-0.0201926
-0.0178781
-0.0157775
-0.0138776
-0.0121651
-0.0106271
-0.00925079
-0.00802373
-0.00693385
-0.00596953
-0.00511963
-0.00437354
-0.00372119
-0.00315314
-0.00266051
-0.00223505
-0.00186914
-0.00155576
-0.00128848
-0.00106148
-0.00086948
-0.000707752
-0.000572079
-0.000458722
-0.000364393
-0.000286218
-0.000221703
-0.000168703
-0.000125381
-9.01771e-05
-6.17729e-05
-3.90585e-05
-2.11011e-05
-7.11627e-06
)
;
    }
    procBoundary2to3
    {
        type            processor;
        value           nonuniform List<scalar> 
400
(
-11965.4
-11438
-10915.8
-10401.8
-9898.7
-9408.93
-8934.64
-8477.69
-8039.59
-7621.52
-7224.31
-6848.44
-6494.01
-6160.75
-5848.23
-5555.64
-5281.91
-5025.77
-4785.79
-4560.41
-4347.98
-4146.81
-3955.25
-3771.64
-3594.44
-3422.19
-3253.58
-3087.45
-2922.8
-2758.83
-2594.91
-2430.59
-2265.62
-2099.93
-1933.63
-1767.02
-1600.58
-1434.97
-1270.98
-1109.5
-951.95
-800.085
-653.944
-513.772
-384.6
-271.193
-157.838
-48.1172
-0.582693
-0.529778
-0.501531
-0.426505
-0.3856
-0.327516
-0.247642
-0.138437
-0.0069259
0.0159298
0.163191
0.309095
0.453603
0.598062
0.74118
0.882469
1.02142
1.15754
1.29036
1.41942
1.54432
1.66469
1.78022
1.89064
1.99575
2.09541
2.18953
2.27788
2.36017
2.43625
2.50606
2.56963
2.62703
2.67838
2.72383
2.76353
2.79764
2.82632
2.84972
2.86799
2.88126
2.88968
2.89338
2.89251
2.88722
2.8777
2.86412
2.84673
2.82575
2.80144
2.77408
2.74393
2.71769
2.69873
2.67909
2.65881
2.63795
2.61653
2.59461
2.57221
2.54939
2.52618
2.50261
2.4787
2.45447
2.4299
2.40499
2.37974
2.35413
2.32814
2.30173
2.27486
2.24749
2.21958
2.19111
2.16207
2.13248
2.10232
2.0716
2.04028
2.00834
1.97574
1.94242
1.90831
1.87331
1.83728
1.80003
1.76133
1.72089
1.67867
1.63461
1.58887
1.54159
1.49291
1.44298
1.39191
1.33978
1.28663
1.23248
1.17734
1.12118
1.06395
1.0057
0.946496
0.886496
0.825848
0.764682
0.703093
0.641144
0.578861
0.516213
0.453109
0.389369
0.324735
0.259034
0.192559
0.125679
0.0589248
-0.00737949
-0.0730078
-0.137737
-0.201427
-0.264026
-0.325552
-0.386197
-0.445998
-0.504418
-0.561207
-0.615682
-0.667376
-0.71593
-0.761183
-0.803148
-0.841978
-0.87801
-0.911291
-0.941223
-0.967265
-0.989563
-1.00857
-1.02496
-1.03887
-1.05007
-1.05862
-1.06482
-1.06923
-1.07225
-1.07365
-1.07344
-1.07195
-1.06953
-1.06613
-1.0618
-1.05673
-1.05084
-1.04431
-1.03719
-1.03004
-1.02187
-1.01234
-1.0011
-0.988054
-0.973151
-0.956401
-0.937965
-0.918147
-0.897205
-0.874875
-0.850982
-0.825814
-0.799913
-0.773608
-0.746314
-0.717783
-0.688168
-0.658092
-0.628265
-0.5993
-0.571546
-0.545297
-0.520852
-0.498624
-0.479058
-0.462635
-0.449829
-0.441072
-0.436762
-0.436142
-0.438497
-0.443246
-0.449902
-0.458036
-0.467284
-0.477363
-0.488075
-0.49929
-0.510928
-0.52293
-0.535245
-0.547825
-0.560634
-0.573641
-0.586818
-0.600135
-0.613555
-0.627031
-0.640505
-0.653906
-0.667154
-0.680177
-0.692928
-0.705392
-0.717578
-0.729515
-0.741246
-0.752825
-0.764315
-0.775787
-0.787323
-0.798993
-0.810885
-0.823087
-0.835674
-0.848718
-0.862283
-0.87643
-0.89122
-0.906675
-0.92286
-0.939808
-0.957544
-0.976089
-0.995452
-1.01564
-1.03666
-1.05848
-1.08106
-1.10441
-1.1285
-1.15332
-1.17878
-1.20481
-1.23134
-1.25833
-1.2858
-1.31362
-1.34172
-1.36996
-1.39813
-1.42611
-1.45382
-1.48121
-1.50829
-1.53503
-1.56133
-1.58719
-1.61241
-1.6368
-1.66001
-1.6821
-1.70326
-1.72422
-1.74468
-1.76491
-1.78479
-1.80381
-1.82149
-1.83785
-1.85333
-1.86745
-1.88044
-1.89173
-1.90045
-1.90642
-1.91077
-1.91357
-1.91613
-1.91854
-1.9204
-1.92137
-1.92126
-1.91994
-1.91726
-1.91327
-1.90823
-1.90253
-1.89667
-1.89242
-1.88852
-1.88519
-1.88308
-1.88204
-1.88179
-1.88232
-1.88372
-1.8862
-1.89015
-1.89619
-1.90505
-1.91719
-1.93361
-1.95497
-1.9817
-2.01403
-2.05197
-2.09535
-2.14392
-2.1967
-2.2533
-2.3131
-2.37498
-2.43765
-2.49985
-2.56041
-2.6184
-2.67322
-2.72466
-2.77292
-2.8173
-2.85924
-2.90008
-2.93996
-2.97844
-3.01461
-3.0473
-3.07544
-3.09715
-3.11004
-3.11391
-3.10166
-3.0732
-3.02905
-2.96872
-2.8937
-2.80419
-2.70179
-2.58751
-2.46234
-2.32761
-2.18503
-2.03692
-1.886
-1.73517
-1.58719
-1.44429
-1.30765
-1.17689
-1.04901
-0.91694
-0.766011
-0.566844
-0.261509
)
;
    }
}


// ************************************************************************* //
