/*--------------------------------*- C++ -*----------------------------------*\
| =========                 |                                                 |
| \\      /  F ield         | OpenFOAM: The Open Source CFD Toolbox           |
|  \\    /   O peration     | Version:  2.4.0                                 |
|   \\  /    A nd           | Web:      www.OpenFOAM.org                      |
|    \\/     M anipulation  |                                                 |
\*---------------------------------------------------------------------------*/
FoamFile
{
    version     2.0;
    format      ascii;
    class       volScalarField;
    location    "3.8";
    object      p_rgh;
}
// * * * * * * * * * * * * * * * * * * * * * * * * * * * * * * * * * * * * * //

dimensions      [1 -1 -2 0 0 0 0];

internalField   nonuniform List<scalar> 
8000
(
115.396
115.398
115.415
115.443
115.48
115.527
115.584
115.651
115.727
115.812
115.906
116.008
116.117
116.234
116.358
116.487
116.62
116.757
116.895
117.033
117.17
117.303
117.429
117.546
117.65
117.738
117.806
117.849
117.862
117.841
117.78
117.674
117.516
117.297
116.999
116.681
116.273
115.815
115.287
114.691
114.047
113.367
112.679
111.998
111.302
110.558
109.447
104.271
87.8921
58.747
113.381
113.378
113.372
113.362
113.348
113.331
113.31
113.286
113.257
113.224
113.187
113.144
113.097
113.044
112.985
112.92
112.849
112.77
112.685
112.592
112.491
112.382
112.266
112.141
112.009
111.869
111.722
111.568
111.409
111.244
111.076
110.904
110.731
110.558
110.386
110.216
110.052
109.891
109.734
109.58
109.427
109.268
109.094
108.901
108.68
108.402
108.048
107.641
107.189
104.264
113.38
113.362
113.34
113.318
113.295
113.271
113.246
113.219
113.191
113.162
113.132
113.101
113.068
113.035
113.001
112.966
112.93
112.893
112.856
112.818
112.779
112.74
112.701
112.661
112.621
112.58
112.539
112.497
112.454
112.41
112.365
112.317
112.267
112.213
112.155
112.092
112.023
111.945
111.859
111.761
111.65
111.526
111.385
111.228
111.054
110.863
110.657
110.441
110.224
109.983
112.497
112.468
112.432
112.396
112.361
112.326
112.29
112.254
112.218
112.181
112.143
112.106
112.067
112.028
111.989
111.949
111.908
111.866
111.823
111.78
111.736
111.69
111.644
111.596
111.547
111.496
111.444
111.39
111.334
111.276
111.216
111.153
111.088
111.02
110.949
110.876
110.799
110.719
110.636
110.549
110.46
110.367
110.272
110.174
110.075
109.973
109.871
109.769
109.666
109.563
113.222
113.178
113.13
113.085
113.042
113.001
112.961
112.921
112.883
112.845
112.808
112.772
112.736
112.702
112.667
112.634
112.601
112.568
112.536
112.504
112.473
112.443
112.412
112.382
112.353
112.324
112.295
112.267
112.239
112.211
112.184
112.158
112.132
112.107
112.082
112.059
112.036
112.014
111.994
111.975
111.958
111.942
111.929
111.919
111.911
111.907
111.907
111.913
111.924
111.936
112.136
112.101
112.06
112.019
111.979
111.94
111.9
111.861
111.821
111.781
111.742
111.702
111.662
111.622
111.581
111.54
111.499
111.458
111.416
111.374
111.332
111.289
111.246
111.202
111.158
111.113
111.068
111.022
110.976
110.929
110.882
110.834
110.785
110.736
110.687
110.637
110.586
110.535
110.483
110.431
110.378
110.324
110.27
110.215
110.16
110.107
110.056
109.993
109.879
109.592
112.465
112.435
112.402
112.37
112.339
112.308
112.276
112.245
112.213
112.181
112.149
112.117
112.085
112.052
112.019
111.986
111.952
111.918
111.884
111.849
111.814
111.778
111.742
111.705
111.668
111.63
111.591
111.552
111.512
111.471
111.43
111.387
111.344
111.299
111.254
111.208
111.16
111.112
111.062
111.011
110.959
110.908
110.86
110.815
110.746
110.584
110.215
109.996
109.103
102.337
111.553
111.533
111.507
111.482
111.457
111.433
111.408
111.383
111.358
111.333
111.308
111.282
111.257
111.232
111.206
111.181
111.156
111.13
111.105
111.08
111.055
111.031
111.006
110.982
110.958
110.935
110.912
110.889
110.867
110.846
110.826
110.806
110.787
110.769
110.752
110.736
110.721
110.707
110.695
110.687
110.687
110.689
110.661
110.488
109.932
109.016
103.589
91.2694
71.706
48.1367
111.786
111.774
111.762
111.749
111.736
111.722
111.707
111.691
111.674
111.656
111.638
111.618
111.598
111.577
111.555
111.533
111.509
111.485
111.46
111.434
111.407
111.38
111.352
111.322
111.292
111.261
111.23
111.197
111.163
111.128
111.092
111.056
111.018
110.978
110.938
110.896
110.854
110.815
110.776
110.713
110.585
110.15
109.315
105.984
89.715
70.3726
48.5514
28.2788
21.5697
20.8699
110.941
110.935
110.927
110.916
110.905
110.893
110.88
110.866
110.851
110.835
110.818
110.8
110.781
110.761
110.74
110.719
110.696
110.673
110.649
110.624
110.598
110.572
110.544
110.516
110.487
110.457
110.427
110.395
110.363
110.331
110.298
110.264
110.229
110.193
110.158
110.13
110.125
110.115
109.837
108.6
106.097
90.9559
70.156
44.0968
22.6026
21.1486
20.8334
20.3661
20.1638
20.116
111.795
111.784
111.773
111.763
111.753
111.743
111.732
111.721
111.71
111.698
111.686
111.674
111.661
111.648
111.636
111.622
111.609
111.596
111.582
111.568
111.555
111.541
111.527
111.514
111.501
111.487
111.474
111.462
111.449
111.437
111.425
111.412
111.402
111.41
111.452
111.44
110.974
109.515
102.186
75.5325
44.5426
20.0043
20.8832
20.9229
20.2499
19.976
19.9122
19.8807
19.866
19.8608
110.875
110.875
110.872
110.866
110.858
110.849
110.838
110.825
110.81
110.794
110.776
110.756
110.735
110.712
110.687
110.66
110.631
110.601
110.569
110.535
110.499
110.462
110.423
110.382
110.339
110.294
110.248
110.2
110.149
110.096
110.043
110.01
110.009
109.924
109.325
107.843
96.8491
57.7883
24.1829
20.9774
21.0047
19.9461
19.8129
19.8134
19.8113
19.8099
19.8119
19.8141
19.8138
19.8121
112.083
112.078
112.073
112.067
112.061
112.054
112.045
112.036
112.025
112.014
112.001
111.987
111.973
111.957
111.94
111.922
111.903
111.883
111.862
111.841
111.818
111.795
111.77
111.746
111.72
111.694
111.667
111.638
111.609
111.588
111.591
111.594
111.4
110.597
105.997
58.2803
21.4112
19.969
19.9676
19.8412
19.7955
19.7825
19.7757
19.7733
19.7681
19.7587
19.749
19.741
19.7413
19.7091
111.755
111.763
111.769
111.771
111.77
111.766
111.759
111.75
111.738
111.722
111.704
111.683
111.659
111.633
111.603
111.571
111.535
111.497
111.456
111.412
111.365
111.315
111.262
111.206
111.148
111.086
111.02
110.955
110.9
110.856
110.738
110.295
109.5
88.6673
28.3587
19.8008
19.7773
19.7659
19.7688
19.7695
19.7709
19.7709
19.7648
19.7568
19.7396
19.7193
19.6838
19.796
19.8338
20.0418
113.03
113.046
113.062
113.073
113.081
113.084
113.084
113.08
113.073
113.062
113.047
113.029
113.007
112.982
112.952
112.919
112.881
112.84
112.795
112.745
112.691
112.632
112.569
112.5
112.426
112.347
112.263
112.182
112.104
111.977
111.641
111.069
97.8102
34.7711
20.5074
19.8323
19.8565
19.8548
19.8559
19.8538
19.8512
19.8506
19.8518
19.8381
19.805
19.7828
19.7818
19.792
19.8252
19.9275
114.295
114.319
114.343
114.361
114.374
114.382
114.385
114.384
114.379
114.369
114.355
114.336
114.312
114.285
114.252
114.214
114.172
114.125
114.072
114.014
113.951
113.882
113.807
113.725
113.637
113.542
113.44
113.33
113.214
113.101
112.986
112.789
112.305
111.606
62.8336
20.8153
19.7534
19.2715
19.2846
19.2648
19.2599
19.2557
19.2442
19.2341
19.1698
19.077
19.1462
19.1391
19.0478
19.2156
116.431
116.43
116.429
116.427
116.426
116.425
116.425
116.425
116.426
116.428
116.429
116.432
116.435
116.438
116.443
116.448
116.454
116.462
116.47
116.479
116.49
116.502
116.516
116.531
116.548
116.567
116.589
116.612
116.638
116.665
116.699
116.748
116.815
116.818
116.327
114.765
63.5337
21.1375
20.4035
18.5708
18.5773
18.5446
18.5253
18.5236
18.5172
18.5061
18.5024
18.4876
18.4641
18.424
119.835
119.819
119.806
119.796
119.787
119.779
119.773
119.769
119.768
119.769
119.775
119.783
119.796
119.813
119.834
119.86
119.892
119.928
119.97
120.017
120.071
120.131
120.197
120.27
120.351
120.438
120.534
120.638
120.75
120.87
121.001
121.143
121.297
121.445
121.553
121.654
121.532
117.843
100.053
41.7393
20.5011
20.3495
18.9056
18.2307
18.0151
17.9312
17.9167
17.9227
17.9286
17.9286
119.329
119.366
119.394
119.411
119.42
119.425
119.425
119.423
119.419
119.414
119.407
119.401
119.395
119.389
119.384
119.38
119.377
119.375
119.376
119.377
119.38
119.385
119.391
119.399
119.408
119.418
119.429
119.441
119.454
119.466
119.478
119.49
119.5
119.51
119.519
119.515
119.468
119.394
119.328
119.278
113.354
110.256
81.1984
28.2461
18.9072
19.3081
19.4702
18.8396
18.3843
17.9107
126.03
125.579
125.124
124.735
124.399
124.101
123.834
123.595
123.383
123.194
123.028
122.882
122.756
122.648
122.558
122.484
122.427
122.385
122.359
122.347
122.35
122.367
122.399
122.446
122.507
122.583
122.674
122.781
122.904
123.045
123.204
123.384
123.584
123.808
124.059
124.339
124.653
125.007
125.406
125.86
126.357
126.941
127.524
126.595
122.337
119.782
102.479
102.401
47.3943
19.2548
45.4709
37.2114
31.7619
28.6577
26.9124
25.8079
25.0032
24.396
23.9577
23.6168
23.3232
23.0624
22.8371
22.6554
22.5296
22.4524
22.3692
22.2317
22.053
21.882
21.7561
21.6754
21.6195
21.5742
21.6986
22.0994
22.3377
22.1372
21.6728
21.3562
21.2489
21.1963
21.1798
21.3878
22.4864
23.808
23.9635
23.5908
22.7367
21.1797
20.2889
19.9945
19.9069
19.8622
19.81
19.7551
19.7053
19.66
19.6173
19.5765
97.6175
83.4813
68.0472
54.9595
43.168
32.515
25.6614
23.0574
22.0931
21.6582
21.4927
21.4217
21.3948
21.3524
21.2642
21.1479
21.0311
20.9237
20.8266
20.745
20.6852
20.6615
20.6307
20.7174
20.9919
21.4543
21.059
20.7275
20.6272
20.6105
20.8441
21.4853
22.0525
22.1978
21.9313
21.2732
20.7501
20.4423
20.1644
19.9132
19.7845
19.7165
19.6622
19.6092
19.5608
19.5196
19.4861
19.4605
19.4411
19.4273
109.645
107.992
105.539
100.473
88.6769
64.7429
37.6394
24.4282
21.2487
20.5501
20.4145
20.4128
20.4136
20.403
20.3908
20.3769
20.3636
20.3651
20.3311
20.2941
20.2646
20.2401
20.2103
20.1959
20.222
20.3275
20.6541
20.4098
20.3111
20.4433
20.451
20.2273
20.204
20.1481
20.1144
21.687
20.5193
20.1608
19.9561
19.8587
19.8007
19.7505
19.7043
19.6676
19.6393
19.6168
19.6015
19.5932
19.5935
19.6014
109.466
109.363
109.22
108.284
105.678
96.8385
63.0307
28.1377
21.289
20.1958
20.0443
20.0375
20.0287
20.0076
19.999
19.9967
20.0339
20.2821
20.0792
20.0121
19.9643
19.992
19.9465
19.9693
20.2484
20.0107
19.9924
19.9675
19.9743
20.01
20.0817
20.2039
20.3641
21.3346
21.3086
20.7624
20.375
20.1881
20.1275
20.1024
20.0842
20.0702
20.0756
20.2061
20.1847
20.136
20.1206
20.1317
20.152
20.1732
111.942
111.912
111.816
110.841
106.478
93.9743
61.0706
28.1937
21.3028
20.4146
20.2964
20.3071
20.2689
20.2733
20.2861
20.359
20.5251
20.6635
20.5748
20.4481
20.3348
20.4888
20.485
20.5177
20.5674
20.6274
20.7213
20.8622
21.0219
21.1335
21.2332
21.2957
21.2885
21.1877
20.9339
20.6849
20.5415
20.5081
20.5239
20.5338
20.54
20.5709
20.7543
21.2389
23.7783
21.4386
20.9339
20.7618
20.7393
20.7519
109.227
106.808
100.077
86.0472
58.0165
30.9862
22.5675
20.6832
20.2375
20.1646
20.1871
20.1746
20.1777
20.1833
20.1959
20.2477
20.7781
20.7113
20.5058
20.4697
20.4723
20.4417
20.4848
20.6107
20.9226
21.1045
21.1398
21.1046
21.0229
20.8007
20.5911
20.513
20.4414
20.3245
20.2138
20.2575
20.2541
20.3144
21.2838
21.0423
20.6313
20.8737
20.7909
21.1139
22.0853
22.6202
22.4124
21.4763
20.8562
20.7032
91.1847
72.2206
46.6726
28.3444
22.4721
20.9258
20.5283
20.4485
20.4357
20.4501
20.4481
20.4401
20.4334
20.4219
20.4722
20.6131
20.3487
20.3537
20.1885
20.4189
20.4304
20.3751
20.358
20.3531
20.3516
20.3624
20.3752
20.3893
20.3992
20.409
20.4232
20.4566
20.488
20.4969
20.5053
20.5601
20.7852
21.1044
21.2082
21.1585
20.8663
20.5547
20.6094
20.5683
20.9842
21.9328
22.2739
22.3823
22.4442
22.3858
29.6621
22.6267
21.2773
20.669
20.4255
20.3612
20.341
20.3333
20.3296
20.3269
20.3269
20.3246
20.3248
20.329
20.338
20.3533
20.3566
20.3479
20.351
20.3544
20.3548
20.3555
20.3498
20.3503
20.3512
20.354
20.3588
20.3641
20.3645
20.365
20.414
20.3582
20.33
20.3029
20.2712
20.2433
20.2087
20.1622
20.1108
20.0593
19.9674
19.8853
19.8186
19.7432
19.6597
19.615
19.6586
20.6602
20.1394
19.1043
20.627
20.4079
20.298
20.2471
20.2232
20.2147
20.2112
20.2103
20.2108
20.21
20.2059
20.2003
20.1973
20.1951
20.1932
20.1957
20.2193
20.2883
20.2129
20.1843
20.1759
20.1739
20.1714
20.1681
20.1799
20.2502
20.7393
20.4607
20.3771
20.3343
20.3204
20.3202
20.3222
20.3248
20.3279
20.3312
20.334
20.3349
20.3426
20.408
20.6145
20.9933
20.7929
20.5974
20.5008
20.4571
20.4116
20.357
20.2908
20.2238
20.104
20.0966
20.0906
20.0863
20.084
20.0871
20.0891
20.0983
20.1351
20.2908
20.1863
20.1396
20.1183
20.1128
20.1067
20.1109
20.1936
20.911
20.6571
20.4448
20.328
20.2915
20.2825
20.2687
20.2575
20.3
20.4942
20.7146
20.6955
20.3212
20.0736
19.9556
19.9243
19.9078
19.8801
19.8499
19.8373
19.8578
19.8653
19.8372
19.8416
20.0275
20.1249
20.0821
20.0172
19.936
19.7489
19.4905
19.3515
19.2921
19.8591
19.8585
19.8563
19.8516
19.8448
19.8398
19.8521
19.8954
20.4711
20.1864
20.0717
19.9945
19.9935
19.9398
19.938
19.9764
20.0873
20.0892
20.0386
19.892
19.7298
19.7173
19.6583
19.6625
19.7441
19.9204
19.9266
19.8682
19.7697
19.5473
19.3052
19.1793
19.1275
19.0809
19.0644
19.0855
19.2466
19.4431
19.4302
19.3248
19.2238
19.1887
19.0994
18.8719
18.5308
18.3294
18.2551
18.2236
18.1913
18.162
19.81
19.8082
19.8066
19.806
19.8091
19.8061
19.8648
19.9024
19.8092
19.6971
19.6819
19.6435
19.6134
19.6652
19.6645
19.6701
19.671
19.5888
19.4259
19.2773
19.2259
19.1713
19.2421
19.3999
19.3762
19.2966
19.194
19.01
18.7027
18.4857
18.3785
18.2898
18.1988
18.2187
18.4429
18.4788
18.3666
18.2281
18.0777
17.8204
17.4058
17.098
16.9344
16.8138
16.6929
16.5858
16.5297
16.564
16.1477
15.9732
19.6814
19.6642
19.6342
19.6036
19.5953
19.5654
19.544
19.4331
19.5457
19.4701
19.4904
19.5187
19.4601
19.3813
19.2866
19.2405
19.1635
19.0808
19.6018
19.2586
19.0193
18.9167
18.7273
18.7879
18.7148
18.5774
18.3735
18.087
17.8537
17.6936
17.5229
17.3474
17.2408
17.2441
17.2749
17.139
16.9049
16.5138
16.1406
15.8591
15.6194
15.4052
15.2057
14.9906
14.894
14.8946
14.7035
14.3419
13.9184
13.7577
19.7904
19.786
19.725
19.7058
19.6755
19.6018
19.5926
19.5485
19.432
19.4131
19.3491
19.2601
19.1437
19.0708
18.9963
18.9014
18.8071
18.7402
18.8615
18.7194
18.513
18.4231
18.1652
18.0764
18.1914
17.7962
17.5557
17.3921
17.2027
16.9655
16.7895
16.5708
16.3593
16.1093
15.9036
15.7238
15.5008
15.2218
14.9575
14.6768
14.4087
14.1821
13.859
13.6768
13.5589
13.2336
12.8787
12.6099
12.3624
12.081
19.9222
19.7088
20.0068
19.3734
19.4036
19.2108
19.3739
19.2894
18.9487
19.0065
18.6087
18.5721
18.5509
18.5042
18.4355
18.3562
18.2985
18.2998
17.9113
18.1479
17.9734
17.9309
18.0511
17.5664
17.3555
17.2689
17.1207
16.975
16.8237
16.804
16.3587
16.1944
15.9703
15.7994
15.63
15.4063
15.1049
14.852
14.6185
14.3266
14.1029
14.2274
13.7689
13.4422
13.2435
12.9609
12.7333
12.7829
12.5137
12.1163
19.1646
19.1042
19.3381
18.7621
18.7506
18.5055
18.6724
18.5767
18.5127
18.8687
18.5385
18.509
18.4869
18.476
18.4083
18.2432
18.2108
18.4464
17.8138
17.8648
17.7203
17.6893
18.062
17.1137
17.0852
17.0113
16.8758
16.7745
16.6591
16.566
16.5163
16.3783
16.1081
15.9561
15.8573
15.7191
15.5829
15.424
15.2076
15.0157
15.4171
14.5628
14.3834
14.2483
13.6775
13.7206
13.4761
13.1601
12.9174
12.6907
18.3528
18.6379
18.5216
18.5141
18.512
18.3181
18.5471
18.1412
18.1324
17.9234
17.992
17.724
17.7501
17.7522
17.5829
17.5601
17.4271
17.619
17.4377
17.5354
17.4718
17.3667
17.7436
17.2532
17.3959
17.2731
17.3539
17.2773
17.346
16.8806
17.1576
16.9489
16.9059
16.8691
16.7646
16.6387
16.529
16.3632
16.1421
15.9542
15.8224
15.2913
15.2338
15.1757
14.8772
14.9532
14.4683
14.2916
14.0925
13.8193
17.9222
17.9207
17.9298
17.9204
17.8981
17.9669
17.8874
17.8465
17.9493
17.91
17.8998
17.9152
17.9046
17.8928
17.8284
17.8653
17.8467
17.9029
17.9089
17.8051
17.8216
17.822
17.8133
17.9615
17.8313
17.8508
17.6701
17.7466
17.8031
17.7507
17.644
17.9612
17.4077
17.5845
17.4814
17.3675
17.5059
17.4697
17.4684
17.3126
17.5268
17.3767
17.4597
17.5601
17.5375
17.5025
17.3244
17.037
17.2391
16.7124
17.7269
17.7111
17.7175
17.7143
17.7346
17.8212
17.7937
17.7639
17.7904
17.7748
17.7899
17.8234
17.8165
17.7841
17.7711
17.7765
17.7835
17.7919
17.817
17.7854
17.9151
17.8723
17.9089
17.9507
18.0013
18.0208
18.0572
18.1148
18.1801
18.1879
18.1838
18.3526
18.2288
18.3646
18.3274
18.2561
18.452
18.4841
18.565
18.7482
18.4573
18.2793
18.4686
18.5278
18.6476
19.1188
18.9767
18.562
19.0844
18.3811
18.176
18.0874
18.0905
18.0924
18.0965
18.1256
18.1235
18.1075
18.1082
18.1089
18.1112
18.1211
18.1247
18.13
18.1544
18.1714
18.1334
18.1229
18.1284
18.1408
18.151
18.1735
18.1827
18.1998
18.22
18.2384
18.2656
18.2847
18.306
18.3299
18.3527
18.3776
18.4024
18.4271
18.4476
18.4665
18.484
18.4996
18.5121
18.5263
18.5179
18.4312
18.3591
18.5859
18.1675
18.2679
17.7208
17.6489
18.0444
17.8
19.5474
19.5276
19.5078
19.488
19.4683
19.4488
19.4292
19.4095
19.3897
19.3696
19.3493
19.3288
19.3079
19.2868
19.2653
19.2435
19.2214
19.1989
19.1762
19.1531
19.1297
19.1059
19.0818
19.0574
19.0326
19.0074
18.982
18.9561
18.9298
18.9032
18.8761
18.8486
18.8207
18.7924
18.7648
18.735
18.7051
18.6748
18.644
18.6126
18.5807
18.5483
18.5169
18.4822
18.4476
18.4125
18.3769
18.3405
18.3034
18.2655
18.2269
18.1876
18.1477
18.1072
18.0655
18.0215
17.978
17.9339
17.8889
17.8429
17.796
17.7483
17.6997
17.6503
17.6
17.5487
17.4965
17.4435
17.3897
17.3349
17.2794
17.2231
17.1659
17.108
17.0492
16.9897
16.9295
16.8685
16.807
16.7448
16.6819
16.6186
16.5547
16.4903
16.4255
16.3604
16.2949
16.2292
16.1633
16.0973
16.0312
15.9651
15.8991
15.8332
15.7675
15.7021
15.637
15.5723
15.5081
15.4445
15.3815
15.3193
15.2578
15.1971
15.1374
15.0787
15.021
14.9644
14.909
14.8548
14.8018
14.7502
14.6999
14.6509
14.6035
14.5574
14.5128
14.4698
14.4282
14.3882
14.3496
14.3127
14.2772
14.2432
14.2108
14.1798
14.1503
14.1223
14.0957
14.0704
14.0465
14.0238
14.0025
13.9824
13.9635
13.9457
13.9289
13.9131
13.8982
13.8852
13.872
13.8593
13.8467
13.8431
13.8266
13.8195
13.8072
13.797
13.7866
13.7784
13.7774
13.77
13.7751
13.7614
13.7587
13.7512
13.7347
13.7408
13.7022
13.7187
13.6507
13.6447
13.6359
13.6297
13.6089
13.5996
13.5909
13.5767
13.5655
13.5542
13.5425
13.5292
13.5161
13.5028
13.4886
13.4739
13.4599
13.4435
13.4269
13.4092
13.3921
13.375
13.356
13.3351
13.3147
13.2943
13.2734
13.2519
13.2301
13.2081
13.1854
13.1628
13.1401
13.1173
13.0943
13.0714
13.0483
13.0252
13.002
12.9788
12.9554
12.9315
12.9077
12.8836
12.8586
12.834
12.8095
12.7829
12.7546
12.7256
12.6961
12.6654
12.6331
12.5999
12.5662
12.5291
12.4896
12.4491
12.4068
12.3623
12.3161
12.2681
12.2178
12.1652
12.1109
12.0545
11.9961
11.9357
11.8734
11.8093
11.7434
11.6757
11.6064
11.5353
11.4626
11.3884
11.3126
11.2354
11.1568
11.0768
10.9953
10.9124
10.828
10.7426
10.656
10.5683
10.4796
10.3899
10.2991
10.2074
10.1148
10.0212
9.92682
9.8316
9.73556
9.6387
9.54102
9.44253
9.34326
9.24322
9.14246
9.041
8.93887
8.83608
8.73268
8.6287
8.52419
8.4192
8.31377
8.20798
8.10187
7.9955
7.88893
7.78223
7.67546
7.56869
7.46197
7.35538
7.24894
7.1427
7.03669
6.93093
6.82544
6.72024
6.61533
6.51074
6.40646
6.3025
6.19883
6.09546
5.99243
5.88978
5.78743
5.68521
5.58315
5.48181
5.38143
5.28002
5.17383
5.06419
19.4204
19.4165
19.4131
19.4103
19.4078
19.4054
19.4029
19.4002
19.3972
19.3937
19.3895
19.3847
19.3794
19.3733
19.3665
19.3591
19.3508
19.3419
19.3322
19.3219
19.3109
19.2991
19.2867
19.2736
19.2599
19.2456
19.2306
19.215
19.1988
19.1819
19.1645
19.1464
19.1278
19.1085
19.0889
19.0682
19.0463
19.0244
19.0019
18.9788
18.9549
18.9305
18.9064
18.8832
18.8521
18.8241
18.7958
18.7668
18.737
18.7062
18.6746
18.6421
18.6087
18.5744
18.5395
18.5057
18.4833
18.4296
18.3878
18.3482
18.3074
18.2659
18.232
18.1833
18.1372
18.091
18.0443
17.9964
17.9476
17.8986
17.8564
17.7987
17.7448
17.691
17.6364
17.5808
17.524
17.4663
17.4076
17.3481
17.2877
17.2263
17.164
17.1005
17.0358
16.9704
16.9041
16.8369
16.7691
16.7008
16.632
16.5628
16.4933
16.4236
16.3538
16.2838
16.2138
16.1438
16.074
16.0043
15.935
15.866
15.7974
15.7294
15.662
15.5953
15.5294
15.4643
15.4002
15.337
15.2749
15.2139
15.1542
15.0956
15.0384
14.9826
14.9281
14.8752
14.8237
14.7737
14.7253
14.6785
14.6333
14.5898
14.5479
14.5076
14.469
14.4321
14.3969
14.3633
14.3313
14.301
14.2722
14.2451
14.2195
14.1954
14.1727
14.1515
14.1317
14.1133
14.0961
14.0802
14.0653
14.0515
14.0386
14.0286
14.0163
14.0069
13.9972
13.9874
13.9783
13.9708
13.9627
13.9532
13.9471
13.9498
13.9188
13.9219
13.9081
13.957
13.9359
13.9558
13.9502
13.9368
13.9355
13.9089
13.9299
13.9133
13.9046
13.8757
13.8772
13.8616
13.8646
13.8349
13.8296
13.8184
13.8116
13.797
13.7866
13.7755
13.7632
13.7514
13.7387
13.7267
13.7133
13.6979
13.6829
13.6682
13.6529
13.6369
13.6211
13.606
13.5872
13.5708
13.5541
13.5373
13.5205
13.5036
13.4866
13.4695
13.4524
13.4351
13.4174
13.3991
13.3808
13.3621
13.3424
13.3224
13.3031
13.2818
13.2575
13.2327
13.2075
13.1802
13.151
13.1206
13.0883
13.0533
13.0157
12.9764
12.935
12.8912
12.8449
12.7959
12.7482
12.6945
12.6365
12.5781
12.5169
12.4534
12.3875
12.3191
12.2488
12.1759
12.1009
12.0238
11.9445
11.8632
11.7797
11.6943
11.607
11.5177
11.4266
11.3337
11.2391
11.1428
11.0449
10.9455
10.8446
10.7421
10.6382
10.5329
10.4261
10.318
10.2087
10.0982
9.98649
9.87369
9.75984
9.645
9.52925
9.41269
9.29542
9.17755
9.05916
8.94033
8.82115
8.70169
8.58207
8.46239
8.34277
8.22332
8.10416
7.98542
7.86718
7.74955
7.63261
7.51646
7.40118
7.28684
7.17352
7.06127
6.95014
6.84015
6.7313
6.62357
6.51697
6.41147
6.30709
6.20385
6.10185
6.00114
5.90159
5.80287
5.70491
5.60836
5.51361
5.41819
5.31692
5.21035
19.6116
19.6197
19.6284
19.6376
19.647
19.6565
19.666
19.6751
19.6839
19.6919
19.6989
19.7057
19.7113
19.714
19.7169
19.719
19.7202
19.7204
19.7196
19.718
19.7153
19.7118
19.7073
19.7021
19.6961
19.6892
19.6816
19.6731
19.6639
19.6539
19.6431
19.6317
19.6194
19.6065
19.593
19.5794
19.5634
19.5475
19.5309
19.5136
19.4953
19.4766
19.4607
19.4707
19.4228
19.3955
19.371
19.347
19.3218
19.2955
19.2683
19.2401
19.211
19.1809
19.15
19.1219
19.1036
19.092
18.9928
18.9475
18.9113
18.8734
18.8375
18.8113
18.7686
18.7203
18.6727
18.6271
18.5806
18.5333
18.4901
18.466
18.4103
18.3514
18.294
18.2403
18.1858
18.1305
18.0775
18.0413
17.9825
17.9073
17.8444
17.7824
17.7211
17.657
17.5911
17.5238
17.4543
17.3825
17.3092
17.2349
17.1598
17.0843
17.0084
16.9322
16.8559
16.7795
16.7031
16.6269
16.5509
16.4751
16.3997
16.3247
16.2502
16.1762
16.1029
16.0303
15.9585
15.8876
15.8176
15.7486
15.6806
15.6137
15.548
15.4836
15.4204
15.3586
15.2981
15.2391
15.1816
15.1256
15.0711
15.0183
14.9671
14.9175
14.8697
14.8235
14.7791
14.7364
14.6954
14.6562
14.6188
14.5831
14.5492
14.5171
14.4867
14.4579
14.4309
14.4055
14.3818
14.3596
14.3391
14.3201
14.3026
14.2866
14.2718
14.2589
14.2468
14.2363
14.227
14.2184
14.2107
14.2037
14.1968
14.1885
14.2005
14.1875
14.1937
14.1872
14.1814
14.178
14.1751
14.1673
14.1752
14.1592
14.1577
14.1527
14.1502
14.1839
14.1704
14.1755
14.1749
14.1489
14.1955
14.182
14.2286
14.2069
14.1812
14.1877
14.1714
14.1743
14.1554
14.15
14.1407
14.136
14.1195
14.1119
14.102
14.0917
14.0815
14.0716
14.0614
14.0519
14.0412
14.031
14.021
14.011
14.0008
13.9907
13.9805
13.9702
13.96
13.9499
13.9394
13.9283
13.9171
13.9053
13.8911
13.8764
13.861
13.8442
13.8239
13.804
13.7829
13.7592
13.733
13.7057
13.6782
13.6482
13.6155
13.582
13.5439
13.5021
13.4593
13.4169
13.3583
13.3065
13.2494
13.1907
13.1278
13.0623
12.9927
12.9204
12.8439
12.765
12.6828
12.5976
12.5094
12.4183
12.3242
12.2272
12.1275
12.0249
11.9196
11.8116
11.701
11.5878
11.4721
11.354
11.2334
11.1106
10.9855
10.8583
10.7291
10.5979
10.465
10.3303
10.1942
10.0567
9.91793
9.77811
9.63739
9.49591
9.35386
9.21145
9.06893
8.92652
8.78445
8.64296
8.50224
8.3625
8.22392
8.08676
7.95132
7.81785
7.68652
7.55746
7.43082
7.30678
7.18549
7.06708
6.95162
6.83911
6.72958
6.62307
6.51957
6.41906
6.32153
6.22694
6.13525
6.04638
5.96008
5.87592
5.79376
5.71408
5.63703
5.56008
5.47866
5.39422
20.1892
20.2004
20.2114
20.2221
20.2325
20.2426
20.2521
20.2613
20.2724
20.2925
20.4135
20.3417
20.3271
20.3238
20.3265
20.3287
20.3286
20.3276
20.326
20.3233
20.3197
20.3153
20.3103
20.3047
20.2987
20.2921
20.2845
20.2755
20.266
20.255
20.2429
20.2302
20.217
20.2034
20.19
20.1782
20.1804
20.159
20.138
20.1219
20.1067
20.0906
20.0884
20.1184
20.0969
20.0368
19.9985
19.9701
19.9458
19.9211
19.8956
19.8686
19.8411
19.8125
19.7817
19.7529
19.7343
19.7388
19.7006
19.649
19.602
19.5636
19.5246
19.4844
19.4471
19.4135
19.3703
19.301
19.2435
19.1996
19.136
19.1047
19.0247
18.9722
18.9228
18.9017
18.8914
18.8357
18.6387
18.5604
18.4889
18.4425
18.4867
18.664
18.5675
18.3544
18.191
18.0987
18.02
17.9401
17.8563
17.772
17.6878
17.6041
17.521
17.4386
17.357
17.2773
17.1965
17.1171
17.0386
16.9608
16.8838
16.8075
16.7319
16.6572
16.5831
16.5098
16.4373
16.3656
16.2947
16.2247
16.1556
16.0875
16.0203
15.9541
15.8889
15.8249
15.7619
15.7001
15.6395
15.5801
15.522
15.4652
15.4097
15.3556
15.3029
15.2517
15.202
15.1538
15.1072
15.0621
15.0185
14.9766
14.9363
14.8975
14.8605
14.825
14.7913
14.7593
14.729
14.7005
14.6737
14.6488
14.6256
14.6042
14.5844
14.5665
14.55
14.5351
14.5219
14.5102
14.5
14.4916
14.4846
14.4794
14.475
14.4718
14.4697
14.4674
14.4667
14.4663
14.467
14.4705
14.4715
14.4673
14.5071
14.4873
14.4922
14.5055
14.4988
14.5041
14.537
14.4874
14.5283
14.5312
14.5351
14.5424
14.5418
14.5451
14.5458
14.5393
14.5533
14.552
14.5579
14.5708
14.5478
14.5395
14.5456
14.5405
14.5506
14.5412
14.5332
14.5322
14.528
14.5281
14.5204
14.5164
14.5138
14.5104
14.5072
14.5033
14.4998
14.4968
14.4937
14.4907
14.4867
14.4826
14.4779
14.4726
14.4668
14.4596
14.4509
14.4417
14.431
14.4193
14.4054
14.3907
14.3706
14.3468
14.3231
14.2954
14.2675
14.2297
14.1928
14.154
14.1046
14.0597
14.0087
13.9521
13.8932
13.8296
13.7623
13.6885
13.6137
13.5312
13.4471
13.3573
13.2626
13.1644
13.0618
12.9555
12.8451
12.73
12.6108
12.4869
12.3591
12.2276
12.0923
11.953
11.81
11.6632
11.5123
11.3585
11.2014
11.0415
10.8787
10.7131
10.5448
10.3743
10.2018
10.0279
9.85264
9.67634
9.49914
9.3222
9.1464
8.97171
8.79805
8.62588
8.45584
8.2884
8.12388
7.9626
7.8049
7.65139
7.50265
7.35891
7.22041
7.08727
6.95912
6.83577
6.71768
6.60541
6.49927
6.39947
6.30587
6.21784
6.13474
6.05631
5.98263
5.91398
5.85042
5.79157
5.73676
5.68567
5.63827
5.59321
5.54693
5.49789
20.7607
20.7642
20.7661
20.7675
20.7685
20.7692
20.7694
20.769
20.7678
20.7803
20.8972
22.3793
21.7559
21.3823
21.2567
21.2281
21.2292
21.2249
21.214
21.2019
21.1901
21.1781
21.1656
21.151
21.1367
21.1266
21.1192
21.1129
21.1017
21.0861
21.0677
21.0478
21.0269
21.0058
20.9844
20.9764
21.0264
21.7291
21.2089
21.0984
21.059
21.0392
21.0186
21.0647
21.0093
20.9454
20.9313
20.9024
20.9002
21.1385
21.0965
20.7972
20.7215
20.6853
20.6568
20.6213
20.5818
20.539
20.4924
20.4496
20.4304
20.4618
20.3194
20.2333
20.166
20.1054
20.0449
19.9869
19.923
19.8702
19.8462
19.836
19.7452
19.6561
19.5892
19.5249
19.4559
19.3838
19.3538
19.4869
20.6258
19.3273
19.0396
18.9284
18.8668
18.832
18.961
19.654
19.7718
18.0281
17.7253
17.6307
17.6004
17.5574
17.5039
17.4521
17.3998
17.3463
17.3044
17.2437
17.1835
17.1251
17.067
17.0078
16.9508
16.8896
16.8301
16.7708
16.7114
16.652
16.5928
16.5337
16.4749
16.4164
16.3582
16.3005
16.2433
16.1866
16.1305
16.075
16.0202
15.9659
15.9125
15.8597
15.8078
15.7567
15.7065
15.6573
15.609
15.5617
15.5155
15.4705
15.4266
15.3839
15.3425
15.3023
15.2634
15.2259
15.1897
15.1549
15.1216
15.0898
15.0596
15.0311
15.0041
14.9789
14.9553
14.9333
14.913
14.8941
14.8767
14.861
14.8467
14.8344
14.8227
14.8132
14.8052
14.7984
14.7934
14.7897
14.7929
14.7898
14.7918
14.7951
14.7986
14.8027
14.8061
14.8208
14.8228
14.8318
14.8412
14.8447
14.8477
14.8815
14.8641
14.8805
14.8905
14.8902
14.8906
14.9023
14.9202
14.9329
14.9427
14.9496
14.9667
14.9631
14.9701
14.9922
14.9982
14.9803
14.9735
14.9927
14.9854
15.0025
15.0084
14.9872
14.9903
15.0001
15.0033
15.0013
15.0175
15.0116
15.0125
15.0166
15.0188
15.0201
15.021
15.021
15.0194
15.0184
15.0176
15.0163
15.0135
15.0091
15.0035
14.997
14.9885
14.9776
14.9666
14.9518
14.9341
14.9146
14.8918
14.8644
14.8343
14.8001
14.7622
14.7215
14.6765
14.6264
14.5719
14.5115
14.4435
14.3694
14.2959
14.2132
14.1245
14.032
13.9309
13.8228
13.7133
13.5962
13.4724
13.3456
13.2083
13.0649
12.9194
12.765
12.6087
12.4452
12.2731
12.0937
11.9133
11.7248
11.5373
11.3447
11.1447
10.9391
10.7277
10.5144
10.2983
10.0802
9.86161
9.64001
9.42029
9.20384
8.98974
8.77485
8.56086
8.35217
8.15025
7.95343
7.75824
7.56461
7.37809
7.20596
7.04868
6.8968
6.74583
6.60021
6.46299
6.33765
6.22648
6.12768
6.03719
5.95672
5.8891
5.83359
5.78938
5.7556
5.72983
5.70927
5.69338
5.68421
5.68289
5.68852
5.69977
5.71651
5.74105
5.77499
20.66
20.633
20.6047
20.5718
20.5326
20.4891
20.4404
20.3844
20.3186
20.2757
20.4991
21.7885
26.5574
23.6714
22.0234
21.2455
21.0694
20.9991
20.9297
20.8383
20.7452
20.6512
20.5517
20.4634
20.5028
21.1206
22.7374
22.4621
21.6616
20.9911
20.7553
20.6482
20.5586
20.451
20.3387
20.2193
20.1725
20.5555
26.2109
24.2649
22.3891
21.6322
21.3476
21.2294
21.1285
21.0101
20.8929
20.7773
20.6687
20.7525
25.7458
23.5885
22.7163
22.317
22.1609
22.0803
21.9945
21.9044
21.8244
21.7525
21.6925
21.7141
22.0353
22.4658
20.7862
20.5706
20.4983
20.4623
20.4214
20.3759
20.3348
20.3077
20.3653
20.5809
20.6763
20.3544
20.1319
20.1055
20.098
20.1193
23.1035
21.8106
19.5312
19.1825
19.1264
19.1385
19.161
19.4663
20.3074
20.5548
18.1718
17.6303
17.4639
17.4318
17.417
17.3901
17.3571
17.3233
17.2894
17.2582
17.216
17.171
17.1279
17.0828
17.0344
16.9902
16.9427
16.8869
16.8359
16.7866
16.7383
16.6901
16.642
16.5941
16.5467
16.4997
16.4543
16.4209
16.3693
16.3202
16.2749
16.2315
16.1884
16.1458
16.1037
16.0623
16.0214
15.9809
15.9411
15.9021
15.8636
15.8257
15.7885
15.752
15.7164
15.682
15.6481
15.6147
15.5825
15.5514
15.5214
15.4923
15.4642
15.4372
15.4112
15.3863
15.3629
15.3403
15.3189
15.3009
15.2826
15.2629
15.248
15.2349
15.2233
15.2126
15.2028
15.1941
15.1865
15.1801
15.1752
15.1719
15.1693
15.1683
15.1693
15.1719
15.177
15.1838
15.1893
15.1957
15.2038
15.2125
15.2254
15.2324
15.2533
15.2583
15.2717
15.2866
15.2971
15.3046
15.3082
15.3154
15.3361
15.3418
15.3607
15.3867
15.3957
15.399
15.4241
15.4362
15.3843
15.4015
15.4198
15.4241
15.4402
15.4511
15.4574
15.4684
15.4629
15.4636
15.4665
15.4489
15.5688
15.4922
15.4877
15.5053
15.5028
15.5073
15.5066
15.4946
15.4962
15.4958
15.4903
15.4908
15.4806
15.4765
15.4702
15.4601
15.4479
15.4367
15.418
15.4011
15.3807
15.3563
15.3273
15.2945
15.2582
15.2186
15.1752
15.1264
15.0722
15.0134
14.9476
14.87
14.7894
14.7053
14.6141
14.5125
14.404
14.2881
14.1663
14.0382
13.9072
13.7665
13.6127
13.4466
13.2787
13.1004
12.9086
12.7268
12.5357
12.3271
12.1078
11.89
11.6609
11.4307
11.1981
10.9432
10.6827
10.4264
10.168
9.91513
9.65946
9.38642
9.10623
8.84762
8.57172
8.32267
8.08247
7.84679
7.61671
7.37313
7.13947
6.90343
6.69144
6.54133
6.37515
6.17756
6.01274
5.8787
5.77352
5.66223
5.5436
5.41854
5.31716
5.25146
5.23768
5.25847
5.27197
5.26252
5.23645
5.20699
5.19729
5.22331
5.28388
5.34988
5.40542
5.46544
5.53771
5.6147
22.1396
21.5302
21.1098
20.991
21.0011
21.0258
21.0534
21.0785
21.1293
21.4384
22.8792
24.0566
24.2861
21.7434
20.6259
21.6031
20.4289
21.8674
22.5925
22.9446
23.1133
22.9604
22.088
21.1591
20.9107
20.8682
20.8656
20.9788
21.0221
21.2742
21.9264
22.3549
21.7746
21.2115
21.7073
21.5712
22.8664
23.9595
24.1302
22.0911
20.8804
20.3712
20.2812
20.3106
20.3254
20.3203
20.3169
20.308
20.3537
20.8057
21.9921
22.7047
22.4655
21.4752
20.6871
20.4489
20.4113
20.3991
20.3631
20.3202
20.2752
20.2935
20.6515
21.4378
21.6258
21.1419
20.3066
19.7858
19.6111
19.5601
19.5092
19.4412
19.3854
19.3485
19.3185
19.4755
19.3482
19.287
19.4704
20.4979
20.8469
20.61
19.7526
18.5829
17.9663
17.9128
17.7028
18.3703
19.7972
19.5535
18.7152
17.9754
17.7189
17.6324
17.5655
17.4901
17.4181
17.3516
17.2877
17.226
17.1714
17.1866
17.113
17.0184
16.9612
16.9115
16.8636
16.8167
16.7713
16.7277
16.6854
16.6442
16.6041
16.5651
16.5272
16.4899
16.4535
16.4306
16.6134
16.4842
16.3742
16.3236
16.2939
16.2669
16.2387
16.2114
16.1854
16.1602
16.1363
16.112
16.0877
16.0632
16.0393
16.015
15.9912
15.9694
15.9675
15.9315
15.9088
15.8883
15.8686
15.8496
15.8313
15.8201
15.8118
15.78
15.7586
15.7443
15.7286
15.7139
15.7066
15.8253
15.7581
15.6897
15.6674
15.6575
15.6507
15.6423
15.6352
15.6295
15.6244
15.6202
15.6169
15.6146
15.6135
15.6137
15.6138
15.6156
15.6184
15.6219
15.63
15.6396
15.6474
15.6523
15.6581
15.6667
15.6766
15.6901
15.7045
15.7153
15.7242
15.7329
15.7398
15.7494
15.7626
15.769
15.7891
15.8038
15.8045
15.8056
15.8302
15.8383
15.8438
15.872
15.8783
15.8836
15.8967
15.9033
15.9016
15.9069
15.9309
15.9039
15.9199
15.9206
15.902
15.9074
15.9292
15.8789
15.9021
15.8808
15.8743
15.8918
15.8827
15.8711
15.8585
15.8352
15.829
15.8177
15.7994
15.7912
15.7632
15.7426
15.7174
15.6863
15.653
15.6172
15.5785
15.5358
15.4867
15.4316
15.3732
15.3068
15.2366
15.1598
15.0729
14.9835
14.8858
14.7794
14.6617
14.5357
14.4043
14.2649
14.121
13.9648
13.8021
13.6264
13.4342
13.2336
13.0277
12.8346
12.6158
12.3775
12.139
11.8916
11.6308
11.3869
11.1236
10.8467
10.5533
10.2757
9.97725
9.65087
9.36079
9.08841
8.79447
8.47042
8.15678
7.91033
7.63408
7.32823
7.08284
6.8527
6.60501
6.3727
6.23986
6.05431
5.78586
5.63275
5.41929
5.49136
5.15946
5.04699
4.95441
4.86082
4.83685
4.90957
4.89897
4.84643
4.87829
4.92609
4.99758
5.10957
5.25245
5.35662
5.40642
5.47571
5.58237
5.73016
5.95282
6.23057
19.6272
19.5298
19.3934
20.712
20.4406
20.0687
20.5358
20.7987
20.8087
20.4564
22.1814
22.5156
28.863
25.8607
24.859
24.2833
24.008
23.9052
23.7815
23.6725
23.5566
23.4844
24.0081
24.7286
24.7383
24.6197
24.271
23.2806
22.2032
21.8534
21.7434
21.6573
21.5663
21.4995
21.665
22.6206
24.2189
23.9262
22.8443
21.8625
21.4955
21.3941
21.3299
21.3343
21.4729
21.4879
21.0778
20.7765
20.8056
20.5146
21.2521
22.8412
22.5655
21.5968
20.9056
20.6893
20.604
20.5308
20.4462
20.3595
20.2688
20.1865
20.222
20.7264
21.0908
21.063
20.846
20.2426
19.5456
19.2572
19.1522
19.0813
18.997
18.9085
18.8313
18.8893
19.5655
20.502
20.6076
20.2783
19.3073
18.4098
18.0592
18.1133
18.0316
18.0426
18.6076
19.7627
18.7349
18.0075
17.6459
17.504
17.4273
17.3556
17.2831
17.2152
17.1512
17.0899
17.0313
16.976
16.9281
16.8964
16.9157
16.8172
16.7543
16.7068
16.6656
16.6261
16.5881
16.5517
16.5169
16.4837
16.452
16.4218
16.3932
16.3663
16.339
16.3269
16.4275
17.527
16.5256
16.3435
16.2823
16.2669
16.2467
16.2353
16.2812
16.4287
16.4022
16.3171
16.2654
16.2456
16.2338
16.222
16.208
16.1965
16.1923
16.1972
16.1857
16.1705
16.1605
16.158
16.1539
16.166
16.4217
16.3455
16.2163
16.1931
16.1998
16.2037
16.2111
16.3129
16.6935
17.6601
16.2877
15.975
15.9112
15.9328
15.9474
15.9535
15.9633
15.9739
15.9828
15.9913
15.9996
16.0078
16.0154
16.0223
16.0278
16.0304
16.0644
16.0543
16.0637
16.073
16.077
16.0806
16.0816
16.0785
16.0979
16.0961
16.1147
16.137
16.1442
16.1514
16.1621
16.1812
16.1907
16.2038
16.2209
16.2328
16.2402
16.2449
16.2508
16.2577
16.2623
16.2736
16.2748
16.2629
16.2602
16.2564
16.2496
16.2815
16.2707
16.2581
16.2681
16.2615
16.2497
16.285
16.2449
16.2377
16.2396
16.2233
16.1905
16.1675
16.1481
16.1219
16.1003
16.1388
16.0574
16.0231
15.9917
15.9605
15.9212
15.8794
15.8666
15.7949
15.7504
15.7026
15.6455
15.582
15.5136
15.4533
15.3674
15.2852
15.1965
15.099
14.9944
14.8825
14.7627
14.6314
14.4926
14.3477
14.1951
14.0345
13.8663
13.6864
13.4946
13.2935
13.0775
12.8557
12.627
12.3913
12.146
11.8924
11.6347
11.3564
11.0807
10.7956
10.4983
10.191
9.89199
9.59134
9.29839
8.9926
8.68274
8.39348
8.05234
7.7573
7.44691
7.16261
6.90576
6.66158
6.42962
6.18278
5.93482
5.68589
5.49996
5.32861
5.20966
5.07802
4.94339
4.92451
4.76798
4.68625
4.59012
4.4566
4.46444
4.48511
4.58241
4.81744
4.92135
4.7926
4.70523
4.75528
4.83002
4.96406
5.20976
5.36937
5.47586
5.51352
20.1746
20.1402
20.1034
20.0657
20.0239
19.9739
19.9603
20.2365
23.8749
20.9783
20.5182
20.4205
20.3611
20.3119
20.262
21.2844
20.6741
20.5245
20.4491
20.405
20.366
20.3276
20.2877
20.2498
20.2109
20.4491
20.3629
20.0026
20.108
20.0481
20.1283
20.2761
20.2764
20.1545
19.9096
19.8629
19.797
19.6318
22.1495
20.9362
20.6815
20.5706
20.5295
20.4975
20.4581
20.4243
20.3962
20.383
20.4369
20.7161
22.0724
20.2564
20.0993
20.1176
19.7717
19.9054
19.9259
19.8568
19.7308
19.6577
19.6451
19.6426
19.6406
19.6545
19.79
20.4939
20.3392
18.1136
17.9375
17.9227
17.9469
17.9682
17.9842
17.9979
18.0202
18.1583
18.698
21.7014
17.8337
17.5146
17.4465
17.4548
17.4773
17.4994
17.5216
17.554
17.6066
18.3359
18.1325
16.4725
16.4086
16.4155
16.4311
16.4419
16.4479
16.4492
16.4458
16.4382
16.427
16.4125
16.3953
16.3794
16.3821
16.3939
16.362
16.3188
16.2827
16.2536
16.2226
16.1895
16.1542
16.1171
16.078
16.0398
15.9939
15.9491
15.8991
15.8524
15.9262
16.8082
16.6704
16.3836
16.2198
16.153
16.1143
16.0767
16.0486
16.0261
16.0597
16.3199
16.7356
16.6832
16.4021
16.2209
16.1921
16.185
16.2104
16.1613
16.1366
16.1238
16.117
16.1115
16.1058
16.1199
16.2353
16.9937
16.7116
16.5483
16.497
16.5505
16.6145
16.7379
17.2504
19.1032
22.6117
16.9909
16.0872
15.9596
16.0698
16.167
16.2228
16.2729
16.3183
16.353
16.3845
16.4169
16.4336
16.4483
16.4589
16.4658
16.4654
16.592
16.5035
16.5059
16.5095
16.5077
16.506
16.5051
16.4977
16.4728
16.733
16.561
16.5642
16.5917
16.5974
16.6018
16.62
16.6272
16.6381
16.6481
16.6556
16.6611
16.6649
16.6651
16.6632
16.6625
16.6561
16.6595
16.652
16.631
16.6622
16.6159
16.638
16.6219
16.5892
16.6248
16.5352
16.5549
16.536
16.4724
16.555
16.4418
16.4594
16.4276
16.4073
16.374
16.3394
16.296
16.239
16.2244
16.1815
16.1349
16.1099
16.0575
15.9595
15.8889
15.8421
15.7912
15.7203
15.666
15.5964
15.4831
15.3988
15.3105
15.2177
15.1216
15.0233
14.915
14.7936
14.6669
14.53
14.3723
14.2218
14.0655
13.9009
13.7262
13.5423
13.3508
13.1454
12.922
12.6978
12.4628
12.2261
11.9879
11.7337
11.4678
11.1965
10.9216
10.6522
10.3721
10.071
9.75699
9.45319
9.14945
8.88526
8.62563
8.34809
8.0383
7.75855
7.44066
7.20739
6.94652
6.60163
6.37251
6.15583
5.92262
5.76455
5.61391
5.42734
5.22044
5.0638
4.99125
4.88611
4.80322
4.75783
4.70582
4.6304
4.70392
4.63426
4.83089
4.56679
4.6055
4.69454
4.91827
5.06276
5.08274
4.9652
4.92604
4.99125
5.12329
19.2589
19.2308
19.1997
19.1705
19.1542
19.1977
19.1322
19.0996
19.097
20.0204
19.7389
19.5851
19.5567
19.5293
19.4727
19.445
19.2995
19.2601
19.2413
19.3009
19.6696
19.8374
19.8373
19.781
19.6713
19.4765
19.1126
18.8239
18.7267
18.6915
18.6518
18.6259
18.7072
18.5608
18.4954
18.4551
18.4173
18.3739
18.3335
18.2899
18.2751
18.2169
18.1787
18.1396
18.0935
18.1065
18.2641
18.5243
18.5374
18.4522
18.3211
17.9269
17.6549
17.6377
17.589
17.5849
17.586
17.2794
17.204
17.1483
17.0478
17.0372
17.0019
16.6753
16.6654
16.4034
17.8549
16.8694
16.701
16.6084
16.5381
16.466
16.3896
16.3126
16.2331
16.1456
19.1492
17.8237
17.2922
17.1879
17.1477
17.0883
17.0316
16.968
16.896
16.8234
16.7444
16.6485
16.6222
16.8583
16.7038
16.5562
16.4773
16.4478
16.4106
16.3734
16.3372
16.3017
16.2675
16.235
16.2035
16.1729
16.1419
16.1115
16.1062
16.1205
16.1039
15.977
15.9347
15.9287
15.924
15.9191
15.9125
15.9058
15.9016
15.8988
15.9018
15.9087
15.9531
16.1679
16.3126
15.4707
15.4106
15.417
15.4295
15.4405
15.4497
15.4545
15.4593
15.4737
15.4803
15.5278
15.8996
16.4986
16.5413
16.2431
15.943
15.8455
15.8337
15.834
15.8213
15.8054
15.7883
15.786
15.8899
16.0993
16.104
15.5511
15.3662
15.2827
15.2312
15.1566
15.3196
16.8735
21.8999
20.8043
18.739
17.5651
17.2617
17.2121
17.1786
17.1245
17.0747
17.0518
17.1013
17.0633
17.0098
16.9814
16.9666
16.9538
16.9501
16.9664
16.9492
16.8519
16.8333
16.8208
16.8069
16.7904
16.7713
16.751
16.7639
18.7356
17.5166
17.2367
17.1969
17.1868
17.1726
17.1661
17.1617
17.1573
17.1528
17.1476
17.1409
17.1323
17.1215
17.1072
17.0979
17.0771
17.0638
17.0447
17.0151
17.0137
16.9729
16.9692
16.9343
16.9157
16.8676
16.8273
16.8227
16.7814
16.7278
16.7318
16.651
16.6609
16.602
16.5478
16.5143
16.4661
16.4159
16.3575
16.3218
16.2617
16.1965
16.1488
16.0954
16.0287
15.9334
15.9342
15.8472
15.7573
15.6157
15.5292
15.4474
15.3526
15.2764
15.1956
15.0635
14.9337
14.8224
14.7022
14.5718
14.4373
14.3192
14.1638
13.9861
13.8167
13.6448
13.4666
13.2793
13.0836
12.8901
12.6828
12.4501
12.2096
11.9771
11.7458
11.5067
11.2588
11.0216
10.7571
10.4464
10.1757
9.91123
9.64236
9.3778
9.19006
8.88018
8.5679
8.29881
8.04063
7.76754
7.53937
7.31719
7.06681
6.8214
6.61498
6.39944
6.18548
6.03693
5.91114
5.77839
5.64374
5.54278
5.4526
5.33769
5.36621
5.27815
5.20184
5.22836
5.18535
5.22117
5.27835
5.35697
5.37877
5.45958
5.57823
5.75084
6.16993
6.31232
6.61504
18.1533
18.1535
18.1843
18.3519
18.7386
18.8141
17.5727
17.3776
17.3749
17.0553
17.4023
17.4728
17.3744
17.0587
16.816
16.7961
16.4836
16.8988
17.0112
16.9892
16.9143
16.759
16.3739
16.1423
16.1003
16.0831
16.0601
16.0343
16.0193
16.0009
15.9793
15.9517
15.9437
16.0328
16.6505
16.6236
16.3168
16.2337
16.2209
16.2125
16.4905
16.8105
16.8035
16.2206
15.858
16.0949
15.5866
15.8478
15.8111
15.7032
15.5168
15.2694
15.169
15.1534
14.898
15.024
15.0228
14.7775
14.6288
14.607
14.5903
14.5413
14.4802
14.4481
14.4049
14.3804
14.4949
15.939
15.5002
15.17
15.0659
15.0563
15.008
14.9974
14.9798
14.9376
14.9191
14.9381
14.8401
14.9643
15.5095
15.4953
15.349
15.2392
15.2457
15.2344
15.2231
15.1996
15.2993
15.6779
14.8071
15.1207
15.0731
15.1196
16.1452
15.0579
14.989
14.9765
14.9617
14.9489
14.9378
14.925
14.9101
14.8932
14.8749
14.8554
14.8333
14.8209
14.8719
16.0281
15.309
15.1542
15.0926
15.0709
15.0488
15.0194
14.9888
14.9562
14.9331
15.0026
16.1852
15.7065
15.5563
15.4761
15.4595
15.4516
15.4474
15.4485
15.4548
15.4655
15.4803
15.4958
15.5222
15.5435
15.7766
16.241
16.3816
15.495
15.2405
15.169
15.1693
15.1784
15.1733
15.1619
15.2126
15.8366
15.599
15.2553
15.1381
15.0771
15.0181
14.9418
14.9866
15.9959
21.8348
20.4957
18.7828
17.8978
17.6897
17.6326
17.5796
17.5192
17.4642
17.5092
17.6198
17.3809
17.3211
17.2937
17.2822
17.2761
17.292
17.3653
17.3631
17.314
17.3084
17.3189
17.3343
17.3527
17.3717
17.3931
17.5325
18.3996
20.8533
18.3564
17.6303
17.4671
17.4801
17.5016
17.5098
17.5158
17.5215
17.5236
17.5219
17.5169
17.5085
17.4963
17.4805
17.4632
17.4397
17.4164
17.3886
17.3573
17.3302
17.293
17.2621
17.217
17.1989
17.1449
17.1105
17.0759
17.0275
16.9819
16.9418
16.8918
16.8548
16.7797
16.7274
16.6908
16.5685
16.5279
16.4736
16.4109
16.3517
16.2884
16.218
16.1422
16.0793
16.0185
15.943
15.8584
15.7751
15.6936
15.5997
15.4855
15.3919
15.2742
15.1676
15.1177
15.0176
14.9029
14.7252
14.5723
14.4332
14.2921
14.1616
14.057
13.9071
13.6687
13.4817
13.3137
13.1402
12.9525
12.7661
12.6063
12.4146
12.1759
11.9172
11.6899
11.4666
11.2425
11.0327
10.8088
10.5622
10.2999
10.0566
9.81768
9.61969
9.39541
9.10059
8.8595
8.62778
8.39198
8.18837
8.07502
7.82301
7.57214
7.37137
7.19619
7.01867
6.85593
6.76687
6.65372
6.49675
6.32341
6.24184
6.12995
6.11152
5.93945
5.88823
5.8466
5.81422
5.75277
5.68455
5.65949
5.63068
5.66784
5.75332
5.65516
5.49563
5.45663
15.9296
16.137
16.2439
16.1757
16.0359
15.8152
16.7048
15.7002
15.7212
15.6402
15.5367
15.4309
15.2582
14.8936
14.5874
14.5385
14.4975
14.7153
14.5589
14.0928
13.9725
13.9002
13.8368
13.7724
13.7098
13.6478
13.5984
13.6369
14.8907
14.1063
13.8775
13.7734
13.7211
13.6809
13.7633
14.0818
14.1079
14.023
13.9075
13.7908
13.7486
13.6706
13.559
13.3386
12.9938
12.8457
12.7996
12.7621
12.7027
12.6558
12.6207
12.5807
12.5432
12.5128
12.4794
12.4434
12.4441
12.638
13.3559
13.2824
13.0376
12.8388
12.8034
12.7946
12.7868
12.7785
12.8486
13.165
13.2221
13.1714
13.1056
13.0336
12.827
12.7411
12.7476
12.7599
12.7783
12.7981
12.8193
12.8478
12.8724
12.9033
13.006
13.3393
13.446
13.4736
13.2572
13.1113
13.1173
13.1553
13.2021
13.2432
13.2963
13.5134
14.2951
14.2329
13.3097
13.198
13.2162
13.2656
13.3121
13.3545
13.3967
13.4366
13.4721
13.5033
13.528
13.5441
13.6216
14.0004
15.4151
14.8311
14.4224
14.2399
14.2173
14.2269
14.2278
14.2217
14.2087
14.227
14.4372
16.0178
15.5112
15.1453
14.9813
14.9574
14.9564
14.9446
14.9739
15.3868
15.048
14.9724
14.9691
14.9591
14.9531
15.1554
16.4638
16.1892
15.8693
15.7282
15.7214
15.7155
15.7133
15.7192
15.7277
15.7437
15.8127
16.834
16.1281
16.0108
16.0757
16.113
16.1618
16.6668
23.0656
17.7738
17.2659
17.2616
17.3096
17.3441
17.3854
17.4298
17.4498
17.6189
17.7465
17.2636
17.2974
17.3428
17.3825
17.4232
17.4819
17.636
17.584
17.5963
17.6205
17.6436
17.6594
17.665
17.6468
17.6245
17.8241
18.9716
20.1899
19.9742
18.9314
18.2208
18.0616
18.0497
18.0415
18.0237
18.0097
17.9983
17.9864
17.9741
17.9612
17.9471
17.9322
17.9123
17.8904
17.8659
17.8384
17.8075
17.7749
17.7379
17.6994
17.6576
17.6123
17.564
17.5197
17.4672
17.4085
17.3548
17.2968
17.2381
17.179
17.1148
17.0351
17.0451
16.921
16.8599
16.8011
16.7264
16.6574
16.5858
16.5125
16.4425
16.3677
16.2841
16.1983
16.1075
16.0324
15.9612
15.8726
15.7676
15.6559
15.5721
15.4584
15.3957
15.3549
15.1357
15.012
14.889
14.7731
14.5839
14.4083
14.2628
14.1175
14.0353
13.9274
13.7642
13.5465
13.3367
13.166
12.9934
12.8082
12.6201
12.4581
12.3428
12.1558
11.9108
11.6369
11.4089
11.2033
11.006
10.8645
10.7539
10.5268
10.2431
9.97167
9.7647
9.57449
9.38468
9.21136
9.09483
8.91552
8.67931
8.45477
8.28026
8.13223
7.99119
7.88192
7.84591
7.7287
7.47495
7.30724
7.20967
7.11645
7.03252
7.08727
7.18907
7.1178
6.86861
6.71107
6.66157
6.62016
6.56515
6.49894
6.52515
6.53446
6.44725
13.6024
13.5957
13.7851
13.8826
13.7262
13.4128
13.0138
12.7772
12.6478
12.5179
12.4151
12.3286
12.212
12.1155
12.1174
12.137
12.0548
11.9114
11.6826
11.4307
11.3922
11.2638
11.3292
11.0901
11.0373
10.9238
11.0847
11.3945
11.382
11.2681
11.1223
10.906
10.4896
10.2385
10.1552
10.1036
10.0406
10.0333
9.97393
9.92803
9.94066
12.1375
10.8091
10.5555
10.469
10.4551
10.4311
10.6437
10.9858
11.0216
10.0234
9.78703
9.71417
9.73653
9.77952
9.82105
9.86344
9.91619
10.0192
10.3609
10.5982
10.669
10.706
10.5718
10.4292
10.5414
10.1331
10.3794
9.88202
9.96816
10.0884
10.1937
10.293
10.4996
10.7632
10.8912
10.4381
10.4237
10.5923
10.6842
10.9528
11.2867
11.4301
10.8504
10.7804
10.883
10.959
11.0113
11.0745
11.1633
11.2603
11.3467
11.4364
11.6368
12.118
12.3482
12.4202
12.2684
12.0915
12.1162
12.2002
12.2984
12.3897
12.4799
12.574
12.6606
12.7551
12.9859
13.5858
14.2162
14.2253
13.9417
13.6504
13.6302
13.7186
13.8082
13.8832
13.958
14.0841
14.468
15.0038
15.1807
14.6731
14.3536
14.3121
14.3991
14.4979
14.6387
14.9932
15.2221
15.0415
14.8824
14.9285
14.9859
15.0005
15.4206
16.1706
15.6392
15.4141
15.4002
15.4535
15.4979
15.5366
15.5664
15.5864
15.6004
15.6454
17.3876
16.765
16.5684
16.4944
16.5297
16.1933
18.6787
17.6223
17.2506
17.2934
17.3301
17.3329
17.3517
17.3775
17.4014
17.4288
17.5734
17.9776
17.8778
17.8004
17.8017
17.8851
17.9462
18.0447
18.0978
18.1521
18.2112
18.272
18.3286
18.3715
18.4173
18.5637
19.2708
20.5019
20.678
19.7183
18.8703
18.4562
18.3479
18.3497
18.3756
18.399
18.4163
18.4297
18.4409
18.4496
18.4591
18.4734
18.4912
18.4842
18.4777
18.4727
18.466
18.455
18.44
18.4211
18.3977
18.3688
18.3361
18.2991
18.2569
18.211
18.1685
18.1139
18.0428
17.9771
17.9121
17.8414
17.7682
17.6922
17.6152
17.5355
17.4542
17.3725
17.327
17.211
17.1258
17.0455
16.9526
16.8706
16.7806
16.6841
16.5927
16.493
16.379
16.3841
16.2136
16.1055
16.0094
15.9036
15.7788
15.7187
15.5813
15.3953
15.2722
15.1345
15.0052
14.8949
14.7638
14.612
14.4563
14.305
14.1503
14.0467
13.8974
13.7365
13.5165
13.3228
13.158
12.9906
12.8168
12.6478
12.5437
12.3867
12.2001
11.9828
11.7211
11.5176
11.3271
11.1518
11.0836
10.9326
10.7219
10.4308
10.1824
10.0034
9.8326
9.67006
9.60066
9.48914
9.31081
9.07942
8.95888
8.79588
8.84081
8.55195
8.38139
8.25665
8.15148
8.0466
8.00531
8.30241
8.12471
7.93938
7.85518
7.71935
7.7732
7.69927
7.50079
7.52191
7.42346
7.47543
7.50631
12.3286
12.1794
12.7994
12.3255
12.1129
11.9736
11.8455
11.7571
11.8018
11.8812
11.7876
10.9783
10.6741
10.7093
10.4244
10.2325
9.82364
9.67373
9.56982
9.45774
9.52159
9.83066
9.75174
8.37957
8.94957
8.79738
9.93011
9.42085
9.17406
9.0612
8.98007
8.89366
8.83267
8.86358
9.08307
9.12521
9.09991
8.97732
8.6969
8.56044
8.50839
8.53744
8.31508
8.20889
8.14391
8.10449
8.06675
8.03747
8.11265
8.49876
8.88473
8.82433
8.54636
8.18898
8.07892
8.05953
8.05958
8.05775
8.06028
8.15773
8.56412
9.15147
9.11782
8.78995
8.54704
8.58284
8.62507
8.72761
8.91561
8.95151
8.94967
8.96881
9.00717
9.05362
9.11036
9.26654
9.74986
10.4744
10.4903
10.3237
10.0745
10.0359
10.1687
10.2653
10.3784
10.6514
10.8461
10.6621
10.573
10.8139
10.865
11.2941
11.6891
11.8173
11.2221
11.0682
11.0777
11.1885
11.3138
11.7251
12.4665
12.5416
12.373
12.2528
12.3904
12.4541
12.5783
12.7162
12.9817
13.6273
13.9008
13.4834
13.1414
13.0118
13.1038
13.1516
13.425
13.6826
13.7474
13.71
13.661
13.7195
13.8409
14.3258
15.1228
15.0595
14.7086
14.442
14.4438
14.5478
14.6319
14.7628
15.2544
16.4033
16.2229
15.7414
15.6652
15.7255
15.7968
15.8593
15.9089
15.9586
16.0078
16.0996
16.2305
16.5683
16.8338
16.8424
16.6377
16.5283
16.7015
16.6907
17.0122
17.0147
16.9847
17.0836
17.1194
17.1355
17.8769
17.5399
17.7988
17.8132
18.0683
18.3957
18.4889
18.4103
18.309
18.3348
18.4152
18.4867
18.5476
18.6044
18.651
18.6949
18.7276
18.7755
19.0586
20.0773
21.1729
21.0504
20.4857
19.9663
20.2891
19.924
20.7839
19.467
19.2035
19.1563
19.1874
19.2145
19.2296
19.2421
19.2686
19.3919
19.5198
19.3558
19.3173
19.3253
19.3447
19.3575
19.3662
19.3732
19.377
19.375
19.3671
19.3542
19.3351
19.3137
19.2965
19.2633
19.2027
19.1525
19.0877
19.0241
18.9424
18.8455
18.7607
18.6786
18.5934
18.5041
18.4122
18.3341
18.2759
18.1382
18.0121
17.9009
17.793
17.6798
17.5627
17.4665
17.3409
17.225
17.1132
16.9782
16.8539
16.7353
16.6182
16.4934
16.3627
16.2229
16.0865
15.958
15.824
15.6817
15.5438
15.3847
15.2449
15.107
14.9572
14.7917
14.6378
14.457
14.332
14.1743
14.0251
13.8365
13.6544
13.4917
13.3246
13.15
12.9808
12.8758
12.7462
12.5684
12.3308
12.1162
11.9414
11.7637
11.5872
11.4291
11.2813
11.133
11.0166
10.8807
10.7339
10.5732
10.3703
10.1794
10.048
9.9225
9.83814
9.77387
9.66262
9.51676
9.36417
9.28039
9.19105
9.13674
9.52188
9.23561
9.03556
8.9629
8.88139
8.87789
9.12559
8.99132
8.7506
8.71859
8.58229
8.77635
11.8234
11.6673
11.4762
11.4076
11.4215
11.504
11.2239
10.8627
10.6685
10.5189
10.2976
10.259
10.4527
10.2801
10.0196
9.85147
9.71622
9.4755
9.38117
9.33759
9.40162
9.67887
9.37837
8.9915
8.77132
8.65744
8.55442
8.45919
8.39364
8.42815
8.83519
8.7341
8.40306
8.18857
8.09198
8.03025
7.96028
7.94615
8.15163
8.70871
8.64194
8.31541
7.9985
7.90362
7.87898
7.77081
7.83781
8.06149
7.46477
7.47239
7.43744
7.48663
7.7106
7.95708
8.00483
7.45784
7.18172
7.11877
7.13413
7.1555
7.18317
7.25929
7.43747
7.46579
7.39131
7.36802
7.50508
7.50486
7.58208
7.69251
7.93602
8.48139
9.14247
9.03824
8.70299
8.56109
8.58723
8.70173
8.82632
8.93293
9.34348
9.69948
9.65181
9.45743
9.38521
9.45875
9.55706
11.0879
10.4755
10.3495
10.4292
10.5056
10.6237
10.9044
11.4047
11.67
11.6923
11.507
11.4005
11.4288
11.4656
11.5009
11.5673
11.679
11.7746
11.9659
12.5182
13.1229
13.2139
13.0758
12.9991
13.1569
13.2582
13.2652
13.0349
13.0416
13.1359
13.2611
13.4873
14.0536
14.5886
14.6691
14.4324
14.1695
14.242
14.3614
14.3847
14.3992
14.4772
14.582
14.8091
15.4621
16.1283
16.1987
15.8521
15.6546
15.7114
15.8263
15.9345
16.225
16.5472
16.5697
16.57
16.6418
16.6347
17.1077
17.3096
17.0359
16.8636
16.8495
16.9251
17.0117
17.0966
17.1688
17.228
17.2898
17.4226
17.971
18.8994
18.9359
18.5834
18.3992
18.4347
18.4989
18.5458
18.5764
18.6287
18.6843
18.7687
19.1985
21.4231
20.4404
19.8794
19.9486
19.993
20.3576
21.4251
21.8504
20.7193
20.1198
19.945
20.0275
20.1149
20.6447
21.593
20.5634
20.1722
20.081
20.1238
20.172
20.2018
20.2467
20.4001
20.7068
20.8101
20.5297
20.3648
20.3227
20.3625
20.4113
20.448
20.4808
20.5127
20.5395
20.5638
20.5991
20.6613
20.6022
20.5769
20.55
20.5047
20.5304
21.1725
20.9728
20.3916
20.177
20.1094
20.0639
19.9881
19.8955
19.8085
19.7458
19.6946
19.5886
19.4197
19.2716
19.1471
19.0273
18.9017
18.8051
18.9165
18.7431
18.3477
18.1592
18.0167
17.875
17.7305
17.5857
17.4388
17.2897
17.1397
16.9877
16.8401
16.6929
16.5131
16.3541
16.1891
16.0155
15.8412
15.7004
15.5049
15.3321
15.1405
14.9526
14.8929
14.6559
14.4407
14.2602
14.0913
13.9193
13.7426
13.556
13.3976
13.3716
13.0088
12.7931
12.6259
12.4667
12.3062
12.1427
12.0207
11.9207
11.6952
11.4795
11.3157
11.1425
11.0822
10.9459
10.7764
10.667
10.5528
10.4564
10.4033
10.3021
10.1771
10.0473
9.99548
9.93297
9.89584
10.0865
9.87757
9.77135
9.74815
9.7246
9.73472
9.74672
9.72862
9.78557
9.84151
10.121
12.5264
12.4549
12.4233
12.2915
11.7674
11.5802
11.4471
11.3156
11.1926
11.1019
11.0475
11.0528
10.4968
10.6382
10.5172
10.4704
10.5393
10.7497
10.6241
10.3085
10.1026
10.0004
9.9072
9.8175
9.72923
9.65537
9.58038
9.50899
9.45698
9.4792
9.49561
9.46929
9.40658
9.17532
9.00155
8.93832
8.78909
8.99153
9.78009
9.21445
8.84724
8.83003
8.78463
8.81317
9.0031
9.1655
9.16198
8.75738
8.45366
8.37344
8.36378
8.35947
8.34961
8.3727
8.5131
8.9033
9.17397
9.24987
9.18738
8.8075
8.57717
8.56911
8.61193
8.65824
8.70307
8.74452
8.80571
8.93685
9.37722
9.86532
10.0373
10.0682
9.81737
9.47943
9.47357
9.55431
9.65123
9.74279
9.88027
10.106
10.4587
11.2538
9.95043
9.88566
10.039
10.0139
10.4929
10.9402
11.0555
10.4236
10.1582
10.2619
10.2653
10.4221
10.6206
10.8352
11.3651
11.1197
11.4762
11.4276
11.6425
11.8852
12.0351
12.0749
12.1041
12.1918
12.2165
12.1756
12.1765
12.4234
12.4868
12.8306
14.6877
14.029
13.8127
13.7712
13.7734
14.156
14.0047
14.4635
15.6346
15.6851
15.4111
15.2419
15.2303
15.3275
15.4034
16.8684
16.051
16.4251
16.2294
17.0192
17.4288
16.3629
16.0455
15.9464
16.015
16.0904
16.1664
16.2896
16.4302
16.6551
17.2401
17.9433
18.0303
17.7279
17.4764
17.3831
17.4265
17.5129
17.605
17.6866
17.7678
17.902
18.2833
18.8536
19.0727
19.2478
19.365
19.008
18.6923
18.736
18.8533
19.3548
19.2783
19.0873
19.1158
19.1845
19.774
20.8407
20.8731
20.3102
20.5744
20.5257
21.1011
21.74
21.5601
21.1266
20.9352
20.9469
20.991
21.0332
21.2557
21.8942
22.1745
21.7898
21.2956
21.0876
21.143
21.1993
21.3405
21.6572
21.829
21.6809
22.0002
22.1501
21.9909
21.8526
21.7649
21.7681
21.8241
21.879
21.9158
21.944
21.9876
22.0905
22.1623
22.067
22.0203
22.0144
22.0922
22.5591
23.2898
23.2948
22.3579
21.8317
21.6383
21.6063
21.5766
21.7305
21.4521
21.3066
21.2272
21.1539
21.0584
20.9493
20.8384
20.7223
20.5944
20.4979
20.5787
20.9721
20.8385
19.8784
19.4732
19.2921
19.1714
19.0398
18.8964
18.7484
18.5951
18.4375
18.2847
18.1214
17.9261
17.7462
17.5695
17.3891
17.2046
17.0164
16.8326
16.6457
16.4376
16.2441
16.0359
15.8651
15.6666
15.4178
15.2266
15.0469
14.8664
14.6855
14.5004
14.3005
14.099
13.9172
13.7678
13.6982
13.4928
13.3218
13.1601
12.9894
12.8211
12.6669
12.5283
12.3923
12.3114
12.2095
12.0696
11.9238
11.8191
11.7369
11.647
11.7264
11.5741
11.413
11.3413
11.3096
11.2725
11.2132
11.1478
11.1138
11.1073
11.1316
11.1487
11.153
11.1613
11.1943
11.257
11.3361
13.6413
13.5291
13.4034
13.2759
13.1408
13.0067
12.8731
12.756
12.6285
12.4935
12.3551
12.2595
12.154
11.9965
11.8773
11.7527
11.664
11.8464
11.8489
10.8377
10.7533
10.7348
10.599
10.5601
10.6485
10.599
10.5726
10.5861
10.5655
10.1861
10.0083
9.90627
9.77749
9.70246
9.58924
9.50487
9.56127
10.4681
10.2287
9.78154
9.95508
9.35236
9.49526
9.4415
8.66344
8.39781
8.35218
8.30255
8.33556
8.47565
8.6505
8.58114
8.38822
8.30449
8.28767
8.28725
8.39692
8.72068
9.58236
9.59574
9.33503
8.99962
9.04673
9.07291
9.33935
9.9567
10.3301
10.4039
10.1935
9.50483
9.27067
9.2883
9.33334
9.3766
9.42489
9.47759
9.52845
9.57654
9.62662
9.71524
9.95298
10.8717
10.8531
10.6298
11.0184
10.7128
11.2222
11.6586
10.8117
10.9584
10.6258
11.1071
11.4177
11.0405
10.6048
10.5678
10.6826
10.8303
11.0673
11.4172
12.088
11.0324
11.1255
11.2522
11.7288
12.1655
12.308
11.9112
12.6756
12.8267
13.3773
13.9701
14.2199
14.2015
13.665
13.5105
13.5878
13.7093
13.8709
14.306
16.2864
14.8916
14.7029
14.8473
14.9613
15.4545
15.9426
16.2254
16.2406
15.8756
15.8237
15.9041
15.9712
16.1095
16.2935
16.7238
17.4878
17.5323
17.3056
17.5389
17.2058
17.5656
17.7915
17.9719
18.0049
17.7656
17.8866
17.9872
19.2623
18.3439
18.5275
18.4055
19.0182
19.4077
19.5163
19.4786
19.0736
18.9136
18.9197
19.0816
19.2154
19.5808
20.3225
20.8347
20.8664
20.5083
20.1845
20.1234
20.1695
20.2916
20.437
20.636
21.4151
22.0275
22.0934
21.6453
21.3263
21.308
21.385
21.4612
21.5523
21.9077
22.4861
22.6355
22.7178
22.7512
22.4299
22.1182
22.2046
22.2509
22.7973
22.7922
22.547
22.5491
22.6752
23.1049
23.6704
23.6731
23.3062
23.0033
22.9291
22.9559
22.9891
23.0106
23.0323
23.178
23.7404
24.382
24.4144
24.3027
24.1402
23.7307
23.5714
23.4764
23.3242
23.2392
23.2139
23.3194
23.4151
23.3124
23.0495
22.8171
22.6967
22.601
22.4778
22.3406
22.2031
22.0773
22.0485
22.3734
22.5552
22.4048
21.943
21.377
21.0492
20.9044
20.7868
20.6454
20.4948
20.3423
20.1845
20.0122
19.8225
19.6229
19.4197
19.2171
19.0146
18.8132
18.6164
18.4181
18.2221
18.0315
17.8304
17.6261
17.4213
17.2109
16.9956
16.7791
16.5675
16.394
16.1633
15.905
15.6717
15.4591
15.2512
15.0412
14.8756
14.9068
15.7033
14.4198
13.9433
13.7285
13.5643
13.4022
13.2402
13.0811
12.9217
12.7806
12.7137
12.6897
12.58
12.3828
12.1897
12.087
11.983
11.9165
11.8208
11.7483
11.7005
11.6646
11.635
11.6088
11.588
11.5731
11.5679
11.6082
11.6034
11.6266
11.6693
11.7133
16.6993
16.6448
16.5874
16.4801
16.2833
16.1254
16.2908
15.3432
15.3953
15.3593
15.2436
15.0525
14.8797
14.6989
14.6111
14.5627
14.4832
14.5337
14.6133
14.5774
14.5144
14.3698
14.1592
14.0414
14.2792
14.3012
14.2495
14.2791
14.2708
14.1907
14.0865
13.9929
14.1393
14.3162
14.4576
13.1743
12.5339
12.3652
12.2727
12.1777
12.0752
12.0033
12.0823
11.7818
11.661
11.5763
11.5052
11.4405
11.3837
11.3355
11.2894
11.2391
11.2224
11.2259
11.059
11.0313
10.9768
11.0667
11.7685
11.8496
11.3431
11.2379
11.1674
11.0858
11.0433
11.2454
11.9216
13.184
11.6852
10.888
10.695
10.687
10.7294
11.1535
11.8975
12.1705
12.1699
12.0527
12.0557
11.9371
11.3521
11.0484
11.068
11.1501
11.2214
11.2814
11.3613
11.4981
11.7843
13.2096
12.1686
11.9266
11.9708
12.0711
12.1642
12.264
12.5298
13.1493
13.6339
13.8669
13.9939
13.7339
13.119
13.036
13.0933
13.2442
13.6658
15.5307
13.9288
13.6873
13.8052
13.9243
14.3561
15.0231
15.4208
15.6023
15.649
15.5965
15.2309
15.0778
15.1806
15.3303
15.4492
15.6552
16.0795
17.2704
15.6434
15.7729
15.8877
16.2747
16.9894
17.3573
17.5172
17.5265
17.3792
16.9267
17.1214
17.295
17.5693
18.472
18.4685
18.1432
18.1069
18.2008
18.3385
18.6858
19.0877
19.2863
19.4343
19.422
19.1886
19.1917
19.2471
20.0026
20.2832
20.3959
20.134
19.8338
20.0666
19.8497
20.255
20.3116
20.2684
20.3936
20.5079
20.8684
21.2614
21.3069
21.1664
21.3907
21.413
22.3038
22.349
21.8683
21.5332
21.5881
21.7032
22.1184
23.0463
22.925
23.3528
23.3857
24.1033
24.4503
23.9467
23.4858
23.2277
23.2144
23.2764
23.3708
23.7472
24.1776
24.2752
24.0287
23.6553
23.5446
23.5775
23.7111
24.208
24.8479
24.7466
24.234
24.4142
24.4084
24.9851
25.618
25.6467
25.3833
25.0973
24.9834
24.9194
24.8596
24.8374
24.9723
25.4891
25.5908
24.5978
24.2065
24.091
24.066
24.0165
23.9377
23.868
23.9298
24.1384
24.0534
23.8736
23.7234
23.5068
23.2685
23.1508
23.0592
22.9122
22.7542
22.6201
22.4829
22.3293
22.162
21.9877
21.8035
21.594
21.3716
21.1584
20.9521
20.7683
20.6233
20.5284
20.374
20.1465
19.8936
19.6775
19.4796
19.2755
19.0678
18.8721
18.6852
18.5114
18.3538
18.2665
18.237
18.0466
17.729
17.4157
17.1916
17.0206
16.8588
16.7277
16.7171
17.1761
17.0161
16.6185
15.9825
15.5122
15.2161
15.0062
14.8315
14.7674
14.9945
14.6825
14.4073
14.2251
14.1075
14.0019
13.9072
13.8224
13.7436
13.672
13.6129
13.5826
13.4799
13.3761
13.2784
13.1777
13.091
13.0357
13.0019
12.9748
12.9729
12.972
12.9824
18.5927
18.6563
18.6351
18.5391
18.3286
18.0541
18.0409
17.7213
17.9515
18.1089
17.5342
17.0202
18.993
16.3897
16.7569
17.1375
17.058
16.8908
16.7952
16.3482
15.6472
14.9406
14.9759
15.5837
15.9982
15.8913
15.6906
15.5362
15.4061
15.1403
14.8008
14.9027
14.729
14.7646
14.727
14.6021
14.5111
14.4222
14.3474
14.3023
14.3059
14.2542
14.1768
14.1201
14.0551
13.9912
13.936
13.8783
13.7897
13.5854
13.2583
12.9683
12.889
12.5167
12.5891
12.6408
12.5249
12.3891
12.2792
12.4483
13.0256
13.3614
13.4524
13.372
13.2297
13.4337
13.3484
13.221
12.7176
12.1562
12.0392
11.9811
11.8636
11.7482
11.6235
11.5387
11.4478
11.3649
11.2904
11.2358
11.195
11.1709
11.1656
11.1762
11.2173
11.2847
11.305
11.4037
11.7132
12.0119
12.4352
12.6528
12.2402
12.0873
12.1207
12.1856
12.3095
12.591
12.8445
12.4831
12.5039
12.6095
13.1297
13.6392
13.753
13.8162
14.0229
14.4074
14.5755
14.1061
13.9595
13.9663
14.0347
14.1256
14.2903
14.6474
15.4635
14.5658
14.4731
14.5954
14.7396
14.8559
15.0892
15.7313
16.5607
17.0623
17.254
16.9952
16.6239
16.2746
16.2655
16.4685
16.6477
16.8256
16.8283
16.9528
17.0903
17.2727
17.4573
17.5512
17.7057
18.1587
18.593
18.7291
18.8505
18.9159
18.6199
18.6513
18.8252
19.4931
20.4788
20.7441
20.859
20.8685
20.3656
19.919
19.9471
20.1149
20.2529
20.4057
20.5914
20.8439
21.1824
21.3559
21.4824
21.6579
22.0998
23.0158
21.6877
21.6656
21.8101
22.0155
22.5398
23.2962
23.8094
23.8635
23.4137
22.8505
22.7571
22.8595
23.0733
23.2667
23.855
23.73
23.8988
24.0664
24.2093
24.1975
24.2096
24.2534
24.3231
24.4056
24.6303
25.064
25.2316
25.2686
25.1967
25.1003
25.2274
25.483
25.3064
25.1551
25.1929
25.2839
26.0313
25.7711
25.5638
25.432
25.4168
25.4402
25.4453
25.4296
25.5443
25.8701
25.8989
25.8615
25.7894
25.4826
25.1336
24.9689
24.9058
24.8293
24.7637
24.8719
25.506
25.2333
24.7145
24.3717
24.1979
24.0778
23.9498
23.8235
23.712
23.6119
23.502
23.3507
23.1618
22.9671
22.8184
22.8819
23.1591
23.1261
22.7125
21.9987
21.5095
21.2859
21.1113
20.8873
20.6697
20.476
20.3273
20.3396
20.4126
20.3259
19.986
19.6223
19.3184
19.0901
18.889
18.8989
18.4607
18.019
17.7108
17.456
17.2065
17.2169
16.991
17.0983
17.1231
16.5018
15.8255
15.6145
15.6237
15.3675
14.7726
14.3596
14.5195
13.7976
13.4399
13.478
13.6247
13.6965
13.6685
13.56
13.3876
13.2033
13.0423
12.974
12.9944
13.1098
13.0698
12.6066
12.1696
12.1208
12.2239
12.3641
12.686
13.1526
13.4001
13.5224
17.7975
17.8785
18.1417
17.6385
17.7026
17.4972
17.5314
17.5954
17.4866
17.3046
17.0346
17.6364
17.5644
17.6771
17.9645
18.0563
18.0118
17.917
17.8428
17.7495
17.6631
17.5699
17.4733
17.3553
17.3652
17.5934
17.4391
17.0132
16.6843
16.2662
17.615
16.9274
16.6269
16.9637
16.7194
17.0077
17.5084
17.7209
17.715
17.7134
17.7294
17.7333
17.6476
17.5057
17.5305
17.5458
17.6349
17.7101
17.6831
17.4489
17.4188
17.3932
17.0706
16.743
16.4274
16.091
15.7903
15.7376
15.8351
16.0338
16.031
15.9705
15.9197
15.8652
15.8035
15.7418
15.6762
15.614
15.5624
15.4694
15.2941
15.1251
15.125
15.1265
15.2486
15.478
15.5635
15.5537
15.5414
15.5187
15.487
15.4514
15.4133
15.3754
15.3306
15.257
15.2088
15.3791
15.9507
16.4149
16.3244
16.1091
15.8754
15.4307
14.929
15.0619
14.9665
15.0222
15.0992
15.0921
15.0837
15.1893
15.2452
15.2577
15.2633
15.2709
15.3343
15.6676
16.2017
16.2551
16.1746
15.9671
15.6869
15.7337
15.8235
15.9048
15.9755
16.0469
16.1235
16.1991
16.2684
16.3258
16.4148
16.6345
17.2378
17.9938
16.5413
16.6328
16.7409
16.8949
17.1937
17.6109
17.8279
17.9097
17.8431
17.6978
17.7536
17.8739
17.9974
18.1229
18.2958
18.5412
18.6371
18.8001
19.2757
20.1368
20.5746
20.5628
20.2498
19.864
19.9529
20.0832
20.2306
20.3569
20.4359
20.5589
20.6963
20.8255
20.9475
21.079
21.2282
21.3692
21.4616
21.6015
21.881
22.3378
22.6901
22.2521
22.1037
22.1723
22.2898
22.6154
23.3096
24.1621
23.8822
23.3295
23.3082
23.417
23.5391
23.6557
23.7706
23.933
24.1786
24.5539
24.4162
24.4265
24.5023
24.5912
24.7702
25.1155
25.493
25.6284
25.6044
25.4069
25.3767
25.4277
25.5009
25.5851
25.673
25.6952
25.7189
25.7502
25.8271
26.0746
26.5297
26.7212
26.7477
26.5147
26.1137
26.0841
26.015
26.2463
26.3883
26.1746
26.0124
25.9246
25.8613
25.7644
25.66
25.5689
25.4739
25.3695
25.2579
25.1553
25.0691
25.0018
25.0091
25.0722
25.0231
24.9373
24.8413
24.6381
24.3042
24.0259
23.8444
23.6861
23.6158
23.4583
23.2594
23.0064
22.8058
22.6278
22.5962
22.5431
22.3269
22.178
22.0696
21.91
21.7703
21.6243
21.4804
21.3134
20.9621
20.5844
20.2733
19.995
19.702
19.3871
19.1765
19.262
19.2386
19.1873
19.1415
19.1415
19.1365
18.89
18.4934
18.1755
17.9665
17.7742
17.508
16.8633
15.9382
15.2622
14.8807
14.921
15.2037
15.5978
15.7601
15.4796
15.235
15.1735
15.1311
15.0672
15.0306
14.9869
14.9362
14.9061
14.8452
14.6176
13.8433
12.7705
12.2681
12.5024
12.8104
12.8646
12.925
13.0716
13.1759
13.3495
)
;

boundaryField
{
    Inlet
    {
        type            fixedFluxPressure;
        gradient        uniform 0;
        value           nonuniform List<scalar> 
50
(
126.03
125.579
125.124
124.735
124.399
124.101
123.834
123.595
123.383
123.194
123.028
122.882
122.756
122.648
122.558
122.484
122.427
122.385
122.359
122.347
122.35
122.367
122.399
122.446
122.507
122.583
122.674
122.781
122.904
123.045
123.204
123.384
123.584
123.808
124.059
124.339
124.653
125.007
125.406
125.86
126.357
126.941
127.524
126.595
122.337
119.782
102.479
102.401
47.3943
19.2548
)
;
    }
    BotOutlet1
    {
        type            totalPressure;
        rho             rho;
        psi             none;
        gamma           1;
        p0              nonuniform 0();
        value           nonuniform 0();
    }
    BotOutlet2
    {
        type            totalPressure;
        rho             rho;
        psi             none;
        gamma           1;
        p0              nonuniform 0();
        value           nonuniform 0();
    }
    TopInlet
    {
        type            fixedFluxPressure;
        gradient        uniform 0;
        value           nonuniform List<scalar> 
350
(
18.176
18.0874
18.0905
18.0924
18.0965
18.1256
18.1235
18.1075
18.1082
18.1089
18.1112
18.1211
18.1247
18.13
18.1544
18.1714
18.1334
18.1229
18.1284
18.1408
18.151
18.1735
18.1827
18.1998
18.22
18.2384
18.2656
18.2847
18.306
18.3299
18.3527
18.3776
18.4024
18.4271
18.4476
18.4665
18.484
18.4996
18.5121
18.5263
18.5179
18.4312
18.3591
18.5859
18.1675
18.2679
17.7208
17.6489
18.0444
17.8
17.7975
17.8785
18.1417
17.6385
17.7026
17.4972
17.5314
17.5954
17.4866
17.3046
17.0346
17.6364
17.5644
17.6771
17.9645
18.0563
18.0118
17.917
17.8428
17.7495
17.6631
17.5699
17.4733
17.3553
17.3652
17.5934
17.4391
17.0132
16.6843
16.2662
17.615
16.9274
16.6269
16.9637
16.7194
17.0077
17.5084
17.7209
17.715
17.7134
17.7294
17.7333
17.6476
17.5057
17.5305
17.5458
17.6349
17.7101
17.6831
17.4489
17.4188
17.3932
17.0706
16.743
16.4274
16.091
15.7903
15.7376
15.8351
16.0338
16.031
15.9705
15.9197
15.8652
15.8035
15.7418
15.6762
15.614
15.5624
15.4694
15.2941
15.1251
15.125
15.1265
15.2486
15.478
15.5635
15.5537
15.5414
15.5187
15.487
15.4514
15.4133
15.3754
15.3306
15.257
15.2088
15.3791
15.9507
16.4149
16.3244
16.1091
15.8754
15.4307
14.929
15.0619
14.9665
15.0222
15.0992
15.0921
15.0837
15.1893
15.2452
15.2577
15.2633
15.2709
15.3343
15.6676
16.2017
16.2551
16.1746
15.9671
15.6869
15.7337
15.8235
15.9048
15.9755
16.0469
16.1235
16.1991
16.2684
16.3258
16.4148
16.6345
17.2378
17.9938
16.5413
16.6328
16.7409
16.8949
17.1937
17.6109
17.8279
17.9097
17.8431
17.6978
17.7536
17.8739
17.9974
18.1229
18.2958
18.5412
18.6371
18.8001
19.2757
20.1368
20.5746
20.5628
20.2498
19.864
19.9529
20.0832
20.2306
20.3569
20.4359
20.5589
20.6963
20.8255
20.9475
21.079
21.2282
21.3692
21.4616
21.6015
21.881
22.3378
22.6901
22.2521
22.1037
22.1723
22.2898
22.6154
23.3096
24.1621
23.8822
23.3295
23.3082
23.417
23.5391
23.6557
23.7706
23.933
24.1786
24.5539
24.4162
24.4265
24.5023
24.5912
24.7702
25.1155
25.493
25.6284
25.6044
25.4069
25.3767
25.4277
25.5009
25.5851
25.673
25.6952
25.7189
25.7502
25.8271
26.0746
26.5297
26.7212
26.7477
26.5147
26.1137
26.0841
26.015
26.2463
26.3883
26.1746
26.0124
25.9246
25.8613
25.7644
25.66
25.5689
25.4739
25.3695
25.2579
25.1553
25.0691
25.0018
25.0091
25.0722
25.0231
24.9373
24.8413
24.6381
24.3042
24.0259
23.8444
23.6861
23.6158
23.4583
23.2594
23.0064
22.8058
22.6278
22.5962
22.5431
22.3269
22.178
22.0696
21.91
21.7703
21.6243
21.4804
21.3134
20.9621
20.5844
20.2733
19.995
19.702
19.3871
19.1765
19.262
19.2386
19.1873
19.1415
19.1415
19.1365
18.89
18.4934
18.1755
17.9665
17.7742
17.508
16.8633
15.9382
15.2622
14.8807
14.921
15.2037
15.5978
15.7601
15.4796
15.235
15.1735
15.1311
15.0672
15.0306
14.9869
14.9362
14.9061
14.8452
14.6176
13.8433
12.7705
12.2681
12.5024
12.8104
12.8646
12.925
13.0716
13.1759
13.3495
)
;
    }
    FreeStream
    {
        type            fixedFluxPressure;
        gradient        nonuniform List<scalar> 
20
(
-1810.26
-1696.75
-1302.52
-737.656
526.176
1231.03
4618.68
2407.03
2021.87
5103.8
-620.808
-1646.84
-1244.92
-1484.6
1017.13
1059.6
604.576
107.629
622.452
1532.74
)
;
        value           nonuniform List<scalar> 
20
(
5.01566
5.16487
5.35931
5.47812
5.7891
5.6477
6.35438
5.57804
5.17749
6.75185
5.43999
6.40311
7.47294
8.73656
10.1482
11.3645
11.7296
12.9853
13.5391
13.3906
)
;
    }
    FrontNBack
    {
        type            empty;
    }
    LeftSide
    {
        type            zeroGradient;
    }
    procBoundary3to2
    {
        type            processor;
        value           nonuniform List<scalar> 
400
(
113.854
113.857
113.876
113.913
113.968
114.038
114.129
114.238
114.368
114.519
114.692
114.889
115.111
115.36
115.638
115.948
116.291
116.671
117.09
117.553
118.065
118.631
119.255
119.945
120.707
121.547
122.475
123.497
124.623
125.859
127.217
128.705
130.337
132.119
134.04
136.144
138.357
140.765
143.332
146.036
148.815
152.161
156.454
158.542
153.761
138.796
94.7217
63.5362
46.9167
74.8596
60.9423
53.7303
32.2551
28.5668
27.1324
26.4054
25.8707
25.365
24.8672
24.4252
24.0424
23.7147
23.4488
23.247
23.0935
22.9628
22.8455
22.7399
22.6417
22.5462
22.4505
22.3577
22.2692
22.1864
22.1126
22.0493
21.9841
21.9092
21.83
21.754
21.6813
21.6112
21.5445
21.4832
21.4337
21.5305
22.4054
24.0497
24.2381
22.6393
21.1535
20.3678
20.1443
20.084
20.0427
19.9855
19.9243
19.8654
19.8064
19.7467
19.7012
19.6696
19.6375
19.6052
19.5728
19.5403
19.5078
19.4751
19.4423
19.4094
19.3764
19.3433
19.3101
19.2767
19.2432
19.2096
19.1758
19.1418
19.1077
19.0733
19.0388
19.0041
18.9692
18.934
18.8986
18.8629
18.827
18.7907
18.7541
18.7172
18.68
18.6425
18.6045
18.5662
18.5276
18.4884
18.4487
18.4087
18.3681
18.3271
18.2856
18.2436
18.2009
18.1577
18.114
18.0696
18.0247
17.9791
17.9329
17.8861
17.8386
17.7905
17.7416
17.6921
17.642
17.5911
17.5396
17.4873
17.4344
17.3808
17.3264
17.2714
17.2158
17.1595
17.1025
17.0449
16.9867
16.9278
16.8684
16.8084
16.7479
16.6869
16.6254
16.5635
16.5012
16.4384
16.3754
16.312
16.2484
16.1845
16.1205
16.0564
15.9922
15.928
15.8638
15.7998
15.7359
15.6722
15.6087
15.5456
15.4828
15.4205
15.3587
15.2974
15.2368
15.1769
15.1178
15.0594
15.0019
14.9453
14.8897
14.8352
14.7817
14.7293
14.678
14.628
14.5792
14.5316
14.4854
14.4405
14.3969
14.3546
14.3138
14.2743
14.2362
14.1995
14.1641
14.1301
14.0975
14.0662
14.0362
14.0075
13.9801
13.9538
13.9288
13.9049
13.8822
13.8605
13.8398
13.8201
13.8014
13.7835
13.7664
13.7502
13.7346
13.7196
13.705
13.6907
13.6826
13.668
13.6583
13.6428
13.6307
13.6201
13.6085
13.5968
13.5862
13.5772
13.5664
13.5415
13.5528
13.5373
13.5262
13.5141
13.4884
13.4746
13.4643
13.4504
13.4378
13.4218
13.4086
13.3951
13.3812
13.3668
13.3521
13.3382
13.3222
13.3058
13.2893
13.2723
13.2547
13.2365
13.2177
13.1985
13.1785
13.158
13.1375
13.1166
13.0942
13.0679
13.0432
13.0194
12.9949
12.9698
12.9443
12.9183
12.8919
12.8651
12.838
12.8106
12.783
12.7552
12.7273
12.6992
12.671
12.6428
12.6147
12.5863
12.5577
12.5293
12.5005
12.4716
12.4427
12.4133
12.3834
12.3529
12.3221
12.2906
12.2584
12.2255
12.1919
12.1571
12.1211
12.084
12.0455
12.0057
11.9644
11.9217
11.8775
11.8316
11.7842
11.7353
11.6853
11.6318
11.5777
11.5221
11.4647
11.4058
11.3454
11.2833
11.2198
11.1548
11.0885
11.0208
10.9517
10.8814
10.8099
10.7371
10.6631
10.5881
10.5119
10.4348
10.3566
10.2773
10.197
10.1156
10.0335
9.9507
9.86707
9.78263
9.69742
9.61143
9.52468
9.43717
9.3489
9.25988
9.1701
9.07956
8.98828
8.89627
8.80353
8.71008
8.61595
8.52115
8.42571
8.32965
8.23302
8.13583
8.03813
7.93995
7.84134
7.74231
7.64292
7.54319
7.44316
7.34288
7.24238
7.1417
7.04088
6.93996
6.83896
6.73791
6.63682
6.53569
6.43452
6.33333
6.23212
6.1309
6.02966
5.92841
5.82714
5.72584
5.62447
5.52291
5.42123
5.31983
5.21887
5.11694
5.01152
4.90379
)
;
    }
}


// ************************************************************************* //
