/*--------------------------------*- C++ -*----------------------------------*\
| =========                 |                                                 |
| \\      /  F ield         | OpenFOAM: The Open Source CFD Toolbox           |
|  \\    /   O peration     | Version:  2.4.0                                 |
|   \\  /    A nd           | Web:      www.OpenFOAM.org                      |
|    \\/     M anipulation  |                                                 |
\*---------------------------------------------------------------------------*/
FoamFile
{
    version     2.0;
    format      ascii;
    class       volScalarField;
    location    "0.8";
    object      alpha1;
}
// * * * * * * * * * * * * * * * * * * * * * * * * * * * * * * * * * * * * * //

dimensions      [0 0 0 0 0 0 0];

internalField   nonuniform List<scalar> 
8000
(
1
1
1
1
1
1
1
1
1
1
1
1
1
1
1
1
1
1
1
1
1
1
1
1
1
1
1
1
1
1
1
1
1
1
1
1
0.999999
0.999999
0.999998
0.999997
0.999996
0.999993
0.951016
0.492311
0.0439762
0.00236339
0.000157111
8.69666e-06
1.60801e-06
4.37057e-07
1
1
1
1
1
1
1
1
1
1
1
1
1
1
1
1
1
1
1
1
1
1
1
1
1
1
1
1
1
1
1
1
1
1
1
1
0.999999
0.999999
0.999998
0.999997
0.999996
0.999946
0.836832
0.218865
0.0112646
0.000783541
5.25704e-05
3.89098e-06
1.36903e-06
3.64031e-07
1
1
1
1
1
1
1
1
1
1
1
1
1
1
1
1
1
1
1
1
1
1
1
1
1
1
1
1
1
1
1
1
1
1
1
1
0.999999
0.999998
0.999997
0.999996
0.999995
0.995612
0.687542
0.109194
0.0068144
0.000500654
3.1009e-05
3.78705e-06
1.26841e-06
3.06529e-07
1
1
1
1
1
1
1
1
1
1
1
1
1
1
1
1
1
1
1
1
1
1
1
1
1
1
1
1
1
1
1
1
1
1
1
0.999999
0.999999
0.999998
0.999997
0.999996
0.99999
0.921953
0.357286
0.0249607
0.00152088
9.92051e-05
7.04175e-06
2.31619e-06
8.29894e-07
1.9561e-07
1
1
1
1
1
1
1
1
1
1
1
1
1
1
1
1
1
1
1
1
1
1
1
1
1
1
1
1
1
1
1
1
1
1
1
0.999999
0.999998
0.999998
0.999997
0.999996
0.999837
0.727308
0.128701
0.00766525
0.000521167
3.30757e-05
4.3489e-06
1.79593e-06
5.86995e-07
1.30887e-07
1
1
1
1
1
1
1
1
1
1
1
1
1
1
1
1
1
1
1
1
1
1
1
1
1
1
1
1
1
1
1
1
1
1
0.999999
0.999999
0.999998
0.999997
0.999996
0.999995
0.938719
0.390303
0.0296891
0.0017756
0.000116985
8.3451e-06
2.86705e-06
1.17806e-06
3.6793e-07
7.77965e-08
1
1
1
1
1
1
1
1
1
1
1
1
1
1
1
1
1
1
1
1
1
1
1
1
1
1
1
1
1
1
1
1
1
1
0.999999
0.999999
0.999998
0.999997
0.999996
0.999892
0.739094
0.130614
0.00725201
0.000473264
3.00682e-05
4.41445e-06
2.04543e-06
7.93362e-07
2.34358e-07
4.69872e-08
1
1
1
1
1
1
1
1
1
1
1
1
1
1
1
1
1
1
1
1
1
1
1
1
1
1
1
1
1
1
1
1
1
0.999999
0.999999
0.999998
0.999997
0.999996
0.999996
0.948913
0.410425
0.0306474
0.00173554
0.00011321
8.35485e-06
3.07904e-06
1.39795e-06
5.17941e-07
1.44824e-07
2.74773e-08
1
1
1
1
1
1
1
1
1
1
1
1
1
1
1
1
1
1
1
1
1
1
1
1
1
1
1
1
1
1
1
1
1
0.999999
0.999999
0.999998
0.999997
0.999996
0.999922
0.769237
0.144177
0.00735474
0.00045879
2.89711e-05
4.43276e-06
2.23057e-06
9.70785e-07
3.41845e-07
9.05313e-08
1.62937e-08
1
1
1
1
1
1
1
1
1
1
1
1
1
1
1
1
1
1
1
1
1
1
1
1
1
1
1
1
1
1
1
1
0.999999
0.999999
0.999998
0.999997
0.999996
0.999996
0.967739
0.463631
0.0359684
0.00187434
0.000119722
8.73471e-06
3.27059e-06
1.6058e-06
6.69753e-07
2.24197e-07
5.62457e-08
9.60819e-09
1
1
1
1
1
1
1
1
1
1
1
1
1
1
1
1
1
1
1
1
1
1
1
1
1
1
1
1
1
1
1
1
0.999999
0.999999
0.999998
0.999997
0.999995
0.999961
0.826982
0.188326
0.00901631
0.000528548
3.313e-05
4.59375e-06
2.4686e-06
1.16919e-06
4.66038e-07
1.48407e-07
3.53491e-08
5.74622e-09
1
1
1
1
1
1
1
1
1
1
1
1
1
1
1
1
1
1
1
1
1
1
1
1
1
1
1
1
1
1
1
1
0.999999
0.999998
0.999998
0.999997
0.999992
0.990191
0.561553
0.0518899
0.00243353
0.00015052
1.02445e-05
3.55846e-06
1.86243e-06
8.48979e-07
3.23276e-07
9.80045e-08
2.21942e-08
3.43816e-09
1
1
1
1
1
1
1
1
1
1
1
1
1
1
1
1
1
1
1
1
1
1
1
1
1
1
1
1
1
1
1
0.999999
0.999999
0.999998
0.999997
0.999996
0.999987
0.89926
0.277614
0.0136597
0.00072922
4.53791e-05
5.03802e-06
2.79086e-06
1.41339e-06
6.18942e-07
2.2532e-07
6.51386e-08
1.40533e-08
2.07835e-09
1
1
1
1
1
1
1
1
1
1
1
1
1
1
1
1
1
1
1
1
1
1
1
1
1
1
1
1
1
1
1
0.999999
0.999999
0.999998
0.999997
0.999996
0.999876
0.698034
0.0912587
0.00383704
0.000225022
1.38975e-05
3.96192e-06
2.18804e-06
1.07034e-06
4.50166e-07
1.56841e-07
4.33009e-08
8.91353e-09
1.25997e-09
1
1
1
1
1
1
1
1
1
1
1
1
1
1
1
1
1
1
1
1
1
1
1
1
1
1
1
1
1
1
0.999999
0.999999
0.999998
0.999997
0.999996
0.999996
0.964895
0.418647
0.0252583
0.00117872
7.11159e-05
6.42336e-06
3.202e-06
1.71357e-06
8.08756e-07
3.26751e-07
1.09062e-07
2.87942e-08
5.66309e-09
7.65774e-10
1
1
1
1
1
1
1
1
1
1
1
1
1
1
1
1
1
1
1
1
1
1
1
1
1
1
1
1
1
1
0.999999
0.999999
0.999998
0.999997
0.999995
0.999971
0.838492
0.181193
0.0072121
0.000385718
2.27904e-05
4.4733e-06
2.58726e-06
1.34129e-06
6.10756e-07
2.37199e-07
7.594e-08
1.91991e-08
3.61163e-09
4.6736e-10
1
1
1
1
1
1
1
1
1
1
1
1
1
1
1
1
1
1
1
1
1
1
1
1
1
1
1
1
1
1
0.999999
0.999999
0.999998
0.999997
0.999996
0.999789
0.605135
0.0555072
0.00221049
0.000126917
9.18488e-06
3.70278e-06
2.07824e-06
1.04317e-06
4.5829e-07
1.71212e-07
5.26322e-08
1.27563e-08
2.29719e-09
2.84517e-10
1
1
1
1
1
1
1
1
1
1
1
1
1
1
1
1
1
1
1
1
1
1
1
1
1
1
1
1
1
0.999999
0.999999
0.999998
0.999997
0.999996
0.999996
0.946131
0.340237
0.0159722
0.000733856
4.2944e-05
5.08804e-06
3.05799e-06
1.66555e-06
8.09486e-07
3.43231e-07
1.23457e-07
3.64773e-08
8.48304e-09
1.46317e-09
1.73377e-10
1
1
1
1
1
1
1
1
1
1
1
1
1
1
1
1
1
1
1
1
1
1
1
1
1
1
1
1
1
0.999999
0.999999
0.999998
0.999997
0.999995
0.999962
0.803381
0.13659
0.00484633
0.000252988
1.49258e-05
4.30465e-06
2.51515e-06
1.32971e-06
6.2583e-07
2.56224e-07
8.88101e-08
2.5245e-08
5.63791e-09
9.31784e-10
1.05567e-10
1
1
1
1
1
1
1
1
1
1
1
1
1
1
1
1
1
1
1
1
1
1
1
1
1
1
1
1
1
0.999999
0.999999
0.999998
0.999997
0.999996
0.999757
0.558372
0.0414671
0.00156085
8.67574e-05
7.28573e-06
3.61096e-06
2.05169e-06
1.05303e-06
4.79954e-07
1.89801e-07
6.3439e-08
1.73622e-08
3.72597e-09
5.9019e-10
6.38783e-11
6.41462e-08
5.36215e-09
2.91104e-10
2.06527e-11
8.81781e-13
3.73417e-14
1.52354e-15
6.01716e-17
2.31017e-18
8.63016e-20
3.13268e-21
1.10195e-22
3.74378e-24
1.22409e-25
3.83813e-27
1.15006e-28
3.28248e-30
8.89968e-32
2.29348e-33
5.79131e-35
1.85867e-36
1.60305e-37
2.97607e-38
6.30651e-39
1.33366e-39
2.77487e-40
5.67175e-41
1.13842e-41
2.2432e-42
4.33795e-43
8.23039e-44
1.53158e-44
2.79452e-45
4.99778e-46
8.75806e-47
1.50332e-47
2.5267e-48
4.15678e-49
6.69078e-50
1.05305e-50
1.61887e-51
2.4259e-52
3.52913e-53
4.9473e-54
6.59954e-55
8.21392e-56
9.26124e-57
9.04329e-58
7.07459e-59
3.68231e-60
5.10464e-08
4.11256e-09
2.25215e-10
1.49159e-11
6.07113e-13
2.46239e-14
9.63701e-16
3.65121e-17
1.34393e-18
4.80844e-20
1.66957e-21
5.60946e-23
1.8173e-24
5.65582e-26
1.68459e-27
4.78455e-29
1.29169e-30
3.31462e-32
8.3265e-34
2.67863e-35
2.42339e-36
4.76851e-37
1.06359e-37
2.36456e-38
5.17324e-39
1.11234e-39
2.34977e-40
4.87533e-41
9.9324e-42
1.98633e-42
3.89821e-43
7.50527e-44
1.41716e-44
2.62353e-45
4.76017e-46
8.46226e-47
1.47342e-47
2.51179e-48
4.19051e-49
6.83764e-50
1.08999e-50
1.69383e-51
2.55528e-52
3.71388e-53
5.13493e-54
6.62245e-55
7.73716e-56
7.83301e-57
6.36393e-58
3.45643e-59
4.15354e-08
3.29013e-09
1.8327e-10
1.14492e-11
4.47752e-13
1.75337e-14
6.6379e-16
2.43396e-17
8.66918e-19
2.99993e-20
1.00671e-21
3.26605e-23
1.02064e-24
3.0602e-26
8.76909e-28
2.39277e-29
6.20783e-31
1.56153e-32
4.6897e-34
3.7099e-35
7.29089e-36
1.69858e-36
3.96248e-37
9.10303e-38
2.05615e-38
4.5648e-39
9.95809e-40
2.13405e-40
4.4915e-41
9.28144e-42
1.88258e-42
3.74694e-43
7.31566e-44
1.40071e-44
2.6292e-45
4.83653e-46
8.71631e-47
1.53837e-47
2.65781e-48
4.49204e-49
7.41855e-50
1.19447e-50
1.86702e-51
2.81118e-52
4.02588e-53
5.37721e-54
6.50726e-55
6.82889e-56
5.76227e-57
3.26761e-58
2.56889e-08
2.00432e-09
1.15255e-10
6.66862e-12
2.49334e-13
9.39556e-15
3.43363e-16
1.21691e-17
4.19073e-19
1.40187e-20
4.54537e-22
1.42376e-23
4.29167e-25
1.23984e-26
3.41921e-28
8.98058e-30
2.28069e-31
6.71413e-33
5.0375e-34
1.01018e-34
2.46481e-35
6.03698e-36
1.45675e-36
3.45737e-37
8.06785e-38
1.85062e-38
4.1718e-39
9.2399e-40
2.0102e-40
4.29461e-41
9.0074e-42
1.85415e-42
3.7448e-43
7.41859e-44
1.44107e-44
2.74398e-45
5.11988e-46
9.35761e-47
1.67456e-47
2.9321e-48
5.01739e-49
8.37131e-50
1.35586e-50
2.1152e-51
3.13799e-52
4.34155e-53
5.44361e-54
5.92399e-55
5.19454e-56
3.07842e-57
1.65977e-08
1.28284e-09
7.57698e-11
4.08738e-12
1.46502e-13
5.32581e-15
1.88367e-16
6.46995e-18
2.16045e-19
7.00815e-21
2.20297e-22
6.68714e-24
1.95233e-25
5.45935e-27
1.45766e-28
3.74947e-30
1.06101e-31
6.82209e-33
1.3262e-33
3.3663e-34
8.64356e-35
2.18844e-35
5.45163e-36
1.33572e-36
3.21817e-37
7.62275e-38
1.7747e-38
4.06022e-39
9.12592e-40
2.01463e-40
4.36704e-41
9.29252e-42
1.94048e-42
3.97542e-43
7.98771e-44
1.57357e-44
3.03831e-45
5.74777e-46
1.06486e-46
1.93067e-47
3.42149e-48
5.91259e-49
9.91862e-50
1.60255e-50
2.46206e-51
3.52777e-52
4.58259e-53
5.17188e-54
4.71411e-55
2.92194e-56
9.48953e-09
7.26089e-10
4.39624e-11
2.18611e-12
7.46549e-14
2.60425e-15
8.87322e-17
2.94143e-18
9.48713e-20
2.9733e-21
9.02949e-23
2.64728e-24
7.46194e-26
2.01502e-27
5.24133e-29
1.45693e-30
8.43417e-32
1.60225e-32
4.23236e-33
1.13894e-33
3.02449e-34
7.90492e-35
2.03272e-35
5.14162e-36
1.27904e-36
3.12851e-37
7.52265e-38
1.77781e-38
4.12834e-39
9.41746e-40
2.10983e-40
4.64087e-41
1.00199e-41
2.12284e-42
4.41188e-43
8.99182e-44
1.79657e-44
3.51764e-45
6.74639e-46
1.26647e-46
2.32421e-47
4.15956e-48
7.22661e-49
1.20917e-49
1.92378e-50
2.85483e-51
3.84247e-52
4.49834e-53
4.26367e-54
2.766e-55
5.5209e-09
4.18872e-10
2.58419e-11
1.18781e-12
3.86701e-14
1.29526e-15
4.25497e-17
1.36264e-18
4.24992e-20
1.2885e-21
3.78572e-23
1.07374e-24
2.92876e-26
7.69883e-28
2.09652e-29
1.04153e-30
1.83437e-31
5.00231e-32
1.40874e-32
3.91995e-33
1.07393e-33
2.8956e-34
7.68211e-35
2.00505e-35
5.14746e-36
1.29957e-36
3.22594e-37
7.87169e-38
1.88771e-38
4.44784e-39
1.02944e-39
2.33979e-40
5.221e-41
1.14342e-41
2.45698e-42
5.17852e-43
1.07022e-43
2.16791e-44
4.30238e-45
8.35912e-46
1.58792e-46
2.94194e-47
5.29142e-48
9.16594e-49
1.50976e-49
2.31996e-50
3.2352e-51
3.92893e-52
3.87341e-53
2.63178e-54
3.10365e-09
2.33348e-10
1.45805e-11
6.16883e-13
1.90735e-14
6.11246e-16
1.9296e-17
5.95121e-19
1.78939e-20
5.23237e-22
1.48292e-23
4.05814e-25
1.07226e-26
2.87312e-28
1.23941e-29
1.96945e-30
5.511e-31
1.62226e-31
4.72604e-32
1.35609e-32
3.83068e-33
1.06507e-33
2.9142e-34
7.84569e-35
2.07796e-35
5.41322e-36
1.38676e-36
3.49286e-37
8.64763e-38
2.104e-38
5.02944e-39
1.18087e-39
2.72255e-40
6.16189e-41
1.36863e-41
2.98235e-42
6.3736e-43
1.33537e-43
2.7416e-44
5.51148e-45
1.08346e-45
2.0775e-46
3.86746e-47
6.93412e-48
1.18227e-48
1.88104e-49
2.71769e-50
3.42407e-51
3.51195e-52
2.50051e-53
1.77199e-09
1.32138e-10
8.31799e-12
3.24348e-13
9.51863e-15
2.91667e-16
8.84401e-18
2.62601e-19
7.61003e-21
2.14583e-22
5.86654e-24
1.55253e-25
4.09618e-27
1.51626e-28
2.02327e-29
5.71438e-30
1.7546e-30
5.34628e-31
1.60523e-31
4.74625e-32
1.38169e-32
3.95955e-33
1.11684e-33
3.10013e-34
8.46715e-35
2.27503e-35
6.01236e-36
1.5625e-36
3.99225e-37
1.00262e-37
2.47436e-38
5.99918e-39
1.42857e-39
3.34015e-40
7.66579e-41
1.72639e-41
3.81384e-42
8.26169e-43
1.75406e-43
3.64719e-44
7.4169e-45
1.47136e-45
2.83403e-46
5.25781e-47
9.27742e-48
1.52808e-48
2.28721e-49
2.98976e-50
3.19095e-51
2.38217e-52
1.00629e-09
7.44367e-11
4.69548e-12
1.68578e-13
4.68552e-15
1.3697e-16
3.98111e-18
1.1358e-19
3.16621e-21
8.59299e-23
2.26459e-24
5.8874e-26
1.90221e-27
1.99959e-28
5.56194e-29
1.77652e-29
5.65583e-30
1.77533e-30
5.48948e-31
1.67171e-31
5.01303e-32
1.48009e-32
4.30191e-33
1.23071e-33
3.46501e-34
9.59905e-35
2.61605e-35
7.01244e-36
1.84843e-36
4.79011e-37
1.22009e-37
3.05372e-38
7.50826e-39
1.813e-39
4.29809e-40
1.00008e-40
2.28311e-41
5.11199e-42
1.12204e-42
2.41236e-43
5.07334e-44
1.04095e-44
2.07398e-45
3.98049e-46
7.26731e-47
1.23903e-47
1.92121e-48
2.60563e-49
2.89437e-50
2.26662e-51
5.80412e-10
4.2603e-11
2.68112e-12
8.87029e-14
2.33251e-15
6.49706e-17
1.80821e-18
4.95213e-20
1.32681e-21
3.46508e-23
8.8771e-25
2.55901e-26
1.96305e-27
5.11642e-28
1.69132e-28
5.6194e-29
1.84231e-29
5.95184e-30
1.89431e-30
5.93875e-31
1.83368e-31
5.57546e-32
1.66919e-32
4.91967e-33
1.42727e-33
4.07513e-34
1.14488e-34
3.16428e-35
8.60186e-36
2.29939e-36
6.04265e-37
1.56073e-37
3.9609e-38
9.87422e-39
2.41726e-39
5.80919e-40
1.37004e-40
3.16964e-41
7.18993e-42
1.59785e-42
3.47403e-43
7.37017e-44
1.51848e-44
3.01415e-45
5.69284e-46
1.00453e-46
1.6135e-47
2.27057e-48
2.62553e-49
2.15788e-50
3.35205e-10
2.44127e-11
1.52626e-12
4.65476e-14
1.15639e-15
3.06415e-17
8.15351e-19
2.14057e-20
5.50627e-22
1.38795e-23
3.68126e-25
1.98491e-26
4.45864e-27
1.51099e-27
5.2319e-28
1.78992e-28
6.03649e-29
2.00624e-29
6.56995e-30
2.11964e-30
6.73636e-31
2.10863e-31
6.50027e-32
1.97314e-32
5.89678e-33
1.73472e-33
5.02249e-34
1.43087e-34
4.01029e-35
1.10548e-35
2.9965e-36
7.98468e-37
2.09104e-37
5.38024e-38
1.35971e-38
3.37408e-39
8.21826e-40
1.96404e-40
4.603e-41
1.05708e-41
2.37539e-42
5.20917e-43
1.10957e-43
2.2774e-44
4.44897e-45
8.12414e-46
1.35169e-46
1.97374e-47
2.37621e-48
2.0505e-49
1.95719e-10
1.41343e-11
8.7458e-13
2.46068e-14
5.76848e-16
1.45186e-17
3.68876e-19
9.27342e-21
2.29196e-22
5.73836e-24
2.20775e-25
3.73757e-26
1.27143e-26
4.57821e-27
1.63284e-27
5.74331e-28
1.99146e-28
6.80609e-29
2.29235e-29
7.60793e-30
2.48774e-30
8.01388e-31
2.5429e-31
7.94704e-32
2.44572e-32
7.41072e-33
2.21048e-33
6.48933e-34
1.87458e-34
5.32725e-35
1.48898e-35
4.09214e-36
1.10552e-36
2.93505e-37
7.65526e-38
1.96093e-38
4.93137e-39
1.21704e-39
2.94611e-40
6.98954e-41
1.62285e-41
3.67777e-42
8.09682e-43
1.71805e-43
3.47087e-44
6.55827e-45
1.13023e-45
1.71257e-46
2.147e-47
1.94604e-48
1.14631e-10
8.2004e-12
5.00432e-13
1.30001e-14
2.87232e-16
6.85574e-18
1.66072e-19
3.99531e-21
9.59154e-23
2.84353e-24
3.09659e-25
1.00788e-25
3.7598e-26
1.39654e-26
5.11887e-27
1.85027e-27
6.59406e-28
2.31667e-28
8.02265e-29
2.73818e-29
9.20975e-30
3.05231e-30
9.96676e-31
3.20601e-31
1.01578e-31
3.16945e-32
9.73732e-33
2.94496e-33
8.76616e-34
2.56762e-34
7.39837e-35
2.09659e-35
5.84174e-36
1.59991e-36
4.30566e-37
1.13823e-37
2.95471e-38
7.52864e-39
1.88195e-39
4.61139e-40
1.10601e-40
2.58964e-41
5.89144e-42
1.29211e-42
2.69913e-43
5.27681e-44
9.41926e-45
1.48112e-45
1.9339e-46
1.84183e-47
6.72912e-11
4.76174e-12
2.85672e-13
6.85923e-15
1.42688e-16
3.22478e-18
7.43896e-20
1.71801e-21
4.3153e-23
2.71138e-24
7.57876e-25
2.90334e-25
1.1217e-25
4.28077e-26
1.61164e-26
5.98431e-27
2.19128e-27
7.9115e-28
2.81611e-28
9.88155e-29
3.41773e-29
1.16505e-29
3.91374e-30
1.29547e-30
4.22457e-31
1.35703e-31
4.29309e-32
1.33731e-32
4.10095e-33
1.23773e-33
3.67579e-34
1.07385e-34
3.08521e-35
8.71454e-36
2.41928e-36
6.5988e-37
1.76777e-37
4.64931e-38
1.19984e-38
3.03576e-39
7.51956e-40
1.81864e-40
4.27454e-41
9.6883e-42
2.09234e-42
4.23196e-43
7.8243e-44
1.27684e-44
1.73664e-45
1.73848e-46
3.96281e-11
2.76825e-12
1.62751e-13
3.61513e-15
7.07163e-17
1.51055e-18
3.31694e-20
7.54191e-22
2.81228e-23
5.49155e-24
2.1105e-24
8.4643e-25
3.36018e-25
1.3165e-25
5.08902e-26
1.94056e-26
7.29863e-27
2.70723e-27
9.90225e-28
3.57127e-28
1.26984e-28
4.45112e-29
1.53792e-29
5.23705e-30
1.75738e-30
5.81029e-31
1.89235e-31
6.07005e-32
1.91722e-32
5.96132e-33
1.82429e-33
5.49302e-34
1.62694e-34
4.73854e-35
1.35673e-35
3.81739e-36
1.05514e-36
2.86376e-37
7.62812e-38
1.99245e-38
5.09584e-39
1.27278e-39
3.09011e-40
7.23673e-41
1.61561e-41
3.38045e-42
6.4734e-43
1.09639e-43
1.55359e-44
1.63518e-45
2.32497e-11
1.59999e-12
9.19187e-14
1.89139e-15
3.47616e-17
7.00938e-19
1.47475e-20
3.82545e-22
4.01354e-23
1.44728e-23
5.99988e-24
2.47535e-24
1.00849e-24
4.0552e-25
1.6091e-25
6.2997e-26
2.43315e-26
9.27006e-27
3.48351e-27
1.29102e-27
4.71831e-28
1.70035e-28
6.04138e-29
2.11606e-29
7.3055e-30
2.48558e-30
8.33263e-31
2.75184e-31
8.95065e-32
2.86666e-32
9.0381e-33
2.80441e-33
8.5614e-34
2.57071e-34
7.58975e-35
2.2025e-35
6.27998e-36
1.75861e-36
4.83405e-37
1.30323e-37
3.44086e-38
8.87372e-39
2.22501e-39
5.38329e-40
1.24224e-40
2.68873e-41
5.33284e-42
9.37475e-43
1.38419e-43
1.53217e-44
1.36243e-11
9.21209e-13
5.15571e-14
9.83712e-16
1.69684e-17
3.23007e-19
6.81027e-21
3.35332e-22
9.4636e-23
4.00516e-23
1.71491e-23
7.25885e-24
3.03366e-24
1.25155e-24
5.09618e-25
2.04786e-25
8.12018e-26
3.17683e-26
1.22615e-26
4.66853e-27
1.75331e-27
6.49445e-28
2.37236e-28
8.5451e-29
3.03452e-29
1.06225e-29
3.66471e-30
1.24579e-30
4.17199e-31
1.37604e-31
4.4689e-32
1.42866e-32
4.49461e-33
1.39108e-33
4.23419e-34
1.26704e-34
3.72603e-35
1.07635e-35
3.05261e-36
8.49248e-37
2.31426e-37
6.1613e-38
1.59525e-38
3.98685e-39
9.50835e-40
2.12876e-40
4.37309e-41
7.97968e-42
1.22785e-42
1.42965e-43
7.95666e-12
5.27107e-13
2.86541e-14
5.07531e-16
8.21217e-18
1.49007e-19
3.94653e-21
6.0884e-22
2.52042e-22
1.11714e-22
4.90853e-23
2.13042e-23
9.13094e-24
3.86397e-24
1.61421e-24
6.65647e-25
2.70917e-25
1.08816e-25
4.313e-26
1.68677e-26
6.50855e-27
2.47755e-27
9.30305e-28
3.44536e-28
1.25831e-28
4.53116e-29
1.60848e-29
5.62752e-30
1.94005e-30
6.58873e-31
2.20378e-31
7.2576e-32
2.35259e-32
7.50397e-33
2.3544e-33
7.26369e-34
2.2027e-34
6.56273e-35
1.92e-35
5.51114e-36
1.5498e-36
4.25878e-37
1.13843e-37
2.93859e-38
7.24258e-39
1.67716e-39
3.56853e-40
6.75945e-41
1.08407e-41
1.32798e-42
4.60393e-12
2.97988e-13
1.56874e-14
2.58286e-16
3.92646e-18
7.21814e-20
4.32686e-21
1.50405e-21
6.84762e-22
3.12004e-22
1.40526e-22
6.2524e-23
2.74762e-23
1.19242e-23
5.10981e-24
2.16191e-24
9.02989e-25
3.72305e-25
1.51513e-25
6.08552e-26
2.41216e-26
9.43486e-27
3.64114e-27
1.3863e-27
5.20625e-28
1.92828e-28
7.04216e-29
2.53536e-29
8.99648e-30
3.14556e-30
1.08343e-30
3.67501e-31
1.22727e-31
4.03368e-32
1.30436e-32
4.14825e-33
1.29699e-33
3.9849e-34
1.20244e-34
3.56047e-35
1.03307e-35
2.92966e-36
8.08435e-37
2.15505e-37
5.48852e-38
1.31455e-38
2.89703e-39
5.69676e-40
9.52386e-41
1.22761e-41
3.32565e-62
9.51953e-63
2.67069e-63
7.33891e-64
1.97407e-64
5.19431e-65
1.33607e-65
3.35702e-66
8.23335e-67
1.96951e-67
4.59139e-68
1.04224e-68
2.30163e-69
4.94025e-70
1.02963e-70
2.08156e-71
4.0776e-72
7.73105e-73
1.41701e-73
2.50765e-74
4.27902e-75
7.03071e-76
1.11069e-76
1.68442e-77
2.44827e-78
3.40456e-79
4.52113e-80
5.72201e-81
6.88693e-82
7.86433e-83
8.49877e-84
8.66784e-85
8.31787e-86
7.48533e-87
6.29352e-88
4.92304e-89
3.56572e-90
2.37807e-91
1.451e-92
8.04016e-94
4.01068e-95
1.78221e-96
6.96476e-98
2.35604e-99
6.76848e-101
1.61893e-102
3.18727e-104
5.11631e-106
6.09349e-108
4.70589e-110
1.83678e-112
1.79324e-115
4.82075e-119
3.53236e-121
2.01966e-123
8.34957e-126
2.44651e-128
5.55843e-131
1.01013e-133
3.57824e-136
1.60034e-138
5.85876e-141
1.77571e-143
4.00314e-146
5.51821e-149
3.09866e-152
1.41486e-158
4.42525e-161
1.46778e-163
4.52287e-166
1.2558e-168
3.05053e-171
6.43923e-174
1.16709e-176
1.68194e-179
1.77563e-182
1.18854e-185
3.38007e-189
1.33884e-194
5.4067e-203
2.20494e-208
2.20105e-222
2.09546e-230
7.28289e-242
5.02085e-263
0
0
0
0
0
0
0
0
0
0
0
0
0
0
0
0
0
0
0
0
0
0
0
0
0
0
0
0
0
0
0
0
0
0
0
0
0
0
0
0
0
0
0
0
0
0
0
0
0
0
0
0
0
0
0
0
0
0
0
0
0
0
0
0
0
0
0
0
0
0
0
0
0
0
0
0
0
0
0
0
0
0
0
0
0
0
0
0
0
0
0
0
0
0
0
0
0
0
0
0
0
0
0
0
0
0
0
0
0
0
0
0
0
0
0
0
0
0
0
0
0
0
0
0
0
0
0
0
0
0
0
0
0
0
0
0
0
0
0
0
0
0
0
0
0
0
0
0
0
0
0
0
0
0
0
0
0
0
0
0
0
0
0
0
0
0
0
0
0
0
0
0
0
0
0
0
0
0
0
0
0
0
0
0
0
0
0
0
0
0
0
0
0
0
0
0
0
0
0
0
0
0
0
0
0
0
0
0
0
0
0
0
0
0
0
3.47182e-61
1.01446e-61
2.90565e-62
8.15298e-63
2.23963e-63
6.01917e-64
1.5816e-64
4.06021e-65
1.01756e-65
2.4877e-66
5.92796e-67
1.37566e-67
3.10619e-68
6.81789e-69
1.45329e-69
3.00533e-70
6.02277e-71
1.16835e-71
2.19132e-72
3.9687e-73
6.93139e-74
1.16578e-74
1.88534e-75
2.9273e-76
4.35638e-77
6.20307e-78
8.43521e-79
1.09325e-79
1.3475e-80
1.5758e-81
1.74396e-82
1.82148e-83
1.78998e-84
1.64951e-85
1.42013e-86
1.13745e-87
8.43472e-89
5.75862e-90
3.59618e-91
2.03894e-92
1.04033e-93
4.72642e-95
1.88726e-96
6.51764e-98
1.90921e-99
4.6483e-101
9.29672e-103
1.51585e-104
1.83261e-106
1.43193e-108
5.62929e-111
5.62142e-114
2.74134e-117
2.08204e-119
1.23098e-121
5.25902e-124
1.60808e-126
3.91811e-129
8.55465e-132
3.48497e-134
1.61809e-136
6.13242e-139
1.92233e-141
4.4724e-144
6.33471e-147
3.63504e-150
2.80175e-156
9.54939e-159
3.31473e-161
1.06502e-163
3.07505e-166
7.75104e-169
1.69421e-171
3.18206e-174
4.75124e-177
5.19438e-180
3.60135e-183
1.06358e-186
4.42349e-192
3.02091e-200
1.4268e-205
2.49519e-219
3.03728e-227
1.57213e-238
2.55899e-259
0
0
0
0
0
0
0
0
0
0
0
0
0
0
0
0
0
0
0
0
0
0
0
0
0
0
0
0
0
0
0
0
0
0
0
0
0
0
0
0
0
0
0
0
0
0
0
0
0
0
0
0
0
0
0
0
0
0
0
0
0
0
0
0
0
0
0
0
0
0
0
0
0
0
0
0
0
0
0
0
0
0
0
0
0
0
0
0
0
0
0
0
0
0
0
0
0
0
0
0
0
0
0
0
0
0
0
0
0
0
0
0
0
0
0
0
0
0
0
0
0
0
0
0
0
0
0
0
0
0
0
0
0
0
0
0
0
0
0
0
0
0
0
0
0
0
0
0
0
0
0
0
0
0
0
0
0
0
0
0
0
0
0
0
0
0
0
0
0
0
0
0
0
0
0
0
0
0
0
0
0
0
0
0
0
0
0
0
0
0
0
0
0
0
0
0
0
0
0
0
0
0
0
0
0
0
0
0
0
0
0
0
0
0
0
3.66799e-60
1.09341e-60
3.19547e-61
9.14983e-62
2.56533e-62
7.03782e-63
1.88798e-63
4.94891e-64
1.26663e-64
3.16282e-65
7.69897e-66
1.82538e-66
4.21158e-67
9.44719e-68
2.05826e-68
4.35101e-69
8.91457e-70
1.76823e-70
3.39142e-71
6.28175e-72
1.12216e-72
1.93061e-73
3.19412e-74
5.07392e-75
7.72587e-76
1.12564e-76
1.5663e-77
2.07731e-78
2.62012e-79
3.13552e-80
3.55101e-81
3.79526e-82
3.81638e-83
3.59854e-84
3.16989e-85
2.59756e-86
1.97055e-87
1.37612e-88
8.78842e-90
5.09432e-91
2.65652e-92
1.23291e-93
5.02596e-95
1.77047e-96
5.28356e-98
1.3082e-99
2.65538e-101
4.39324e-103
5.3861e-105
4.25417e-107
1.68424e-109
1.74514e-112
1.50761e-115
1.18584e-117
7.24632e-120
3.20067e-122
1.02489e-124
2.70662e-127
7.12008e-130
3.26146e-132
1.57083e-134
6.15873e-137
1.9952e-139
4.78608e-142
6.95812e-145
4.07555e-148
5.38541e-154
1.97152e-156
7.15763e-159
2.39683e-161
7.1937e-164
1.88091e-166
4.25547e-169
8.2792e-172
1.28038e-174
1.44914e-177
1.04024e-180
3.18787e-184
1.38887e-189
1.60408e-197
8.76634e-203
2.68224e-216
4.17184e-224
3.21187e-235
1.22833e-255
0
0
0
0
0
0
0
0
0
0
0
0
0
0
0
0
0
0
0
0
0
0
0
0
0
0
0
0
0
0
0
0
0
0
0
0
0
0
0
0
0
0
0
0
0
0
0
0
0
0
0
0
0
0
0
0
0
0
0
0
0
0
0
0
0
0
0
0
0
0
0
0
0
0
0
0
0
0
0
0
0
0
0
0
0
0
0
0
0
0
0
0
0
0
0
0
0
0
0
0
0
0
0
0
0
0
0
0
0
0
0
0
0
0
0
0
0
0
0
0
0
0
0
0
0
0
0
0
0
0
0
0
0
0
0
0
0
0
0
0
0
0
0
0
0
0
0
0
0
0
0
0
0
0
0
0
0
0
0
0
0
0
0
0
0
0
0
0
0
0
0
0
0
0
0
0
0
0
0
0
0
0
0
0
0
0
0
0
0
0
0
0
0
0
0
0
0
0
0
0
0
0
0
0
0
0
0
0
0
0
0
0
0
0
0
3.86782e-59
1.17632e-59
3.50782e-60
1.02503e-60
2.93325e-61
8.21455e-62
2.2498e-62
6.02164e-63
1.57388e-63
4.01398e-64
9.98087e-65
2.41757e-65
5.69926e-66
1.3064e-66
2.90891e-67
6.28527e-68
1.3164e-68
2.66949e-69
5.23499e-70
9.91517e-71
1.81134e-71
3.1871e-72
5.39311e-73
8.76283e-74
1.36485e-74
2.03417e-75
2.89553e-76
3.92846e-77
5.06887e-78
6.20527e-79
7.18875e-80
7.85912e-81
8.08339e-82
7.79564e-83
7.023e-84
5.88524e-85
4.56524e-86
3.25946e-87
2.12772e-88
1.2603e-89
6.71318e-91
3.18098e-92
1.32308e-93
4.75127e-95
1.44362e-96
3.63262e-98
7.47768e-100
1.25432e-101
1.55833e-103
1.24354e-105
4.96196e-108
5.46038e-111
8.06676e-114
6.56609e-116
4.14538e-118
1.89458e-120
6.38093e-123
1.84732e-125
5.8327e-128
2.94683e-130
1.47092e-132
5.96115e-135
1.99406e-137
4.92672e-140
7.34309e-143
4.38492e-146
1.00235e-151
3.90445e-154
1.48147e-156
5.16711e-159
1.61118e-161
4.36768e-164
1.02224e-166
2.05897e-169
3.29642e-172
3.86039e-175
2.86743e-178
9.10952e-182
4.14678e-187
8.09463e-195
5.11241e-200
2.73197e-213
5.4245e-221
6.20217e-232
5.54417e-252
0
0
0
0
0
0
0
0
0
0
0
0
0
0
0
0
0
0
0
0
0
0
0
0
0
0
0
0
0
0
0
0
0
0
0
0
0
0
0
0
0
0
0
0
0
0
0
0
0
0
0
0
0
0
0
0
0
0
0
0
0
0
0
0
0
0
0
0
0
0
0
0
0
0
0
0
0
0
0
0
0
0
0
0
0
0
0
0
0
0
0
0
0
0
0
0
0
0
0
0
0
0
0
0
0
0
0
0
0
0
0
0
0
0
0
0
0
0
0
0
0
0
0
0
0
0
0
0
0
0
0
0
0
0
0
0
0
0
0
0
0
0
0
0
0
0
0
0
0
0
0
0
0
0
0
0
0
0
0
0
0
0
0
0
0
0
0
0
0
0
0
0
0
0
0
0
0
0
0
0
0
0
0
0
0
0
0
0
0
0
0
0
0
0
0
0
0
0
0
0
0
0
0
0
0
0
0
0
0
0
0
0
0
0
0
4.12033e-58
1.27811e-58
3.88791e-59
1.15907e-59
3.38432e-60
9.67198e-61
2.70359e-61
7.38642e-62
1.97092e-62
5.13223e-63
1.30313e-63
3.22358e-64
7.76196e-65
1.8175e-65
4.13448e-66
9.12757e-67
1.95346e-67
4.04828e-68
8.1138e-69
1.57077e-69
2.93322e-70
5.276e-71
9.12721e-72
1.51619e-72
2.41445e-73
3.67923e-74
5.35476e-75
7.42805e-76
9.79935e-77
1.2265e-77
1.45265e-78
1.62353e-79
1.70698e-80
1.68268e-81
1.54936e-82
1.3269e-83
1.0518e-84
7.67258e-86
5.116e-87
3.09443e-88
1.6825e-89
8.13379e-91
3.44935e-92
1.2618e-93
3.9004e-95
9.96656e-97
2.07879e-98
3.53215e-100
4.44337e-102
3.58069e-104
1.44255e-106
1.74494e-109
4.20115e-112
3.53581e-114
2.30557e-116
1.09162e-118
3.88769e-121
1.24771e-123
4.68418e-126
2.56937e-128
1.32779e-130
5.55729e-133
1.9176e-135
4.87421e-138
7.43834e-141
4.52281e-144
1.79846e-149
7.40888e-152
2.93554e-154
1.06566e-156
3.45005e-159
9.691e-162
2.34486e-164
4.88635e-167
8.09403e-170
9.80199e-173
7.52859e-176
2.47679e-179
1.17495e-184
3.87375e-192
2.82369e-197
2.63053e-210
6.66118e-218
1.12924e-228
2.34723e-248
0
0
0
0
0
0
0
0
0
0
0
0
0
0
0
0
0
0
0
0
0
0
0
0
0
0
0
0
0
0
0
0
0
0
0
0
0
0
0
0
0
0
0
0
0
0
0
0
0
0
0
0
0
0
0
0
0
0
0
0
0
0
0
0
0
0
0
0
0
0
0
0
0
0
0
0
0
0
0
0
0
0
0
0
0
0
0
0
0
0
0
0
0
0
0
0
0
0
0
0
0
0
0
0
0
0
0
0
0
0
0
0
0
0
0
0
0
0
0
0
0
0
0
0
0
0
0
0
0
0
0
0
0
0
0
0
0
0
0
0
0
0
0
0
0
0
0
0
0
0
0
0
0
0
0
0
0
0
0
0
0
0
0
0
0
0
0
0
0
0
0
0
0
0
0
0
0
0
0
0
0
0
0
0
0
0
0
0
0
0
0
0
0
0
0
0
0
0
0
0
0
0
0
0
0
0
0
0
0
0
0
0
0
0
0
4.37723e-57
1.38484e-57
4.29699e-58
1.30687e-58
3.89334e-59
1.1354e-59
3.23903e-60
9.03236e-61
2.46027e-61
6.54062e-62
1.69571e-62
4.28355e-63
1.05338e-63
2.51934e-64
5.85427e-65
1.32036e-65
2.88713e-66
6.11355e-67
1.25212e-67
2.47719e-68
4.72769e-69
8.69138e-70
1.53681e-70
2.60945e-71
4.24755e-72
6.61617e-73
9.84277e-74
1.39564e-74
1.88192e-75
2.40745e-76
2.91414e-77
3.3284e-78
3.57597e-79
3.60179e-80
3.38828e-81
2.96435e-82
2.40015e-83
1.78808e-84
1.21732e-85
7.51521e-87
4.16893e-88
2.05517e-89
8.88146e-91
3.30772e-92
1.03962e-93
2.69597e-95
5.69392e-97
9.79312e-99
1.24675e-100
1.01459e-102
4.14185e-105
5.77241e-108
2.1329e-110
1.85505e-112
1.24939e-114
6.13999e-117
2.32748e-119
8.36714e-122
3.68593e-124
2.16799e-126
1.15881e-128
5.00461e-131
1.7797e-133
4.64868e-136
7.25448e-139
4.48638e-142
3.11544e-147
1.35182e-149
5.58841e-152
2.11001e-154
7.08784e-157
2.06172e-159
5.15382e-162
1.11037e-164
1.90181e-167
2.38009e-170
1.88888e-173
6.42776e-177
3.16929e-182
1.76355e-189
1.48148e-194
2.40148e-207
7.74701e-215
1.94393e-225
9.3462e-245
0
0
0
0
0
0
0
0
0
0
0
0
0
0
0
0
0
0
0
0
0
0
0
0
0
0
0
0
0
0
0
0
0
0
0
0
0
0
0
0
0
0
0
0
0
0
0
0
0
0
0
0
0
0
0
0
0
0
0
0
0
0
0
0
0
0
0
0
0
0
0
0
0
0
0
0
0
0
0
0
0
0
0
0
0
0
0
0
0
0
0
0
0
0
0
0
0
0
0
0
0
0
0
0
0
0
0
0
0
0
0
0
0
0
0
0
0
0
0
0
0
0
0
0
0
0
0
0
0
0
0
0
0
0
0
0
0
0
0
0
0
0
0
0
0
0
0
0
0
0
0
0
0
0
0
0
0
0
0
0
0
0
0
0
0
0
0
0
0
0
0
0
0
0
0
0
0
0
0
0
0
0
0
0
0
0
0
0
0
0
0
0
0
0
0
0
0
0
0
0
0
0
0
0
0
0
0
0
0
0
0
0
0
0
0
4.67769e-56
1.50903e-56
4.77514e-57
1.48125e-57
4.50143e-58
1.33925e-58
3.89818e-59
1.10927e-59
3.0836e-60
8.36725e-61
2.21438e-61
5.71072e-62
1.43385e-62
3.5017e-63
8.30964e-64
1.91407e-64
4.27489e-65
9.24653e-66
1.93458e-66
3.91008e-67
7.62399e-68
1.43202e-68
2.58716e-69
4.48852e-70
7.46534e-71
1.18816e-71
1.80607e-72
2.61653e-73
3.60471e-74
4.71104e-75
5.82543e-76
6.79628e-77
7.4577e-78
7.67112e-79
7.36888e-80
6.58242e-81
5.44093e-82
4.13735e-83
2.87422e-84
1.81005e-85
1.02382e-86
5.14359e-88
2.2637e-89
8.5778e-91
2.73941e-92
7.20449e-94
1.53961e-95
2.67844e-97
3.44915e-99
2.83568e-101
1.18032e-103
2.00362e-106
1.05707e-108
9.49584e-111
6.60771e-113
3.37907e-115
1.37359e-117
5.57628e-120
2.83702e-122
1.77194e-124
9.7863e-127
4.35734e-129
1.59535e-131
4.27734e-134
6.81703e-137
4.28355e-140
5.20856e-145
2.37372e-147
1.02295e-149
4.01416e-152
1.39816e-154
4.20897e-157
1.08625e-159
2.41785e-162
4.27922e-165
5.53061e-168
4.53169e-171
1.59325e-174
8.1442e-180
7.64307e-187
7.38814e-192
2.08006e-204
8.53868e-212
3.16595e-222
3.50235e-241
0
0
0
0
0
0
0
0
0
0
0
0
0
0
0
0
0
0
0
0
0
0
0
0
0
0
0
0
0
0
0
0
0
0
0
0
0
0
0
0
0
0
0
0
0
0
0
0
0
0
0
0
0
0
0
0
0
0
0
0
0
0
0
0
0
0
0
0
0
0
0
0
0
0
0
0
0
0
0
0
0
0
0
0
0
0
0
0
0
0
0
0
0
0
0
0
0
0
0
0
0
0
0
0
0
0
0
0
0
0
0
0
0
0
0
0
0
0
0
0
0
0
0
0
0
0
0
0
0
0
0
0
0
0
0
0
0
0
0
0
0
0
0
0
0
0
0
0
0
0
0
0
0
0
0
0
0
0
0
0
0
0
0
0
0
0
0
0
0
0
0
0
0
0
0
0
0
0
0
0
0
0
0
0
0
0
0
0
0
0
0
0
0
0
0
0
0
0
0
0
0
0
0
0
0
0
0
0
0
0
0
0
0
0
0
4.98752e-55
1.64046e-55
5.29325e-56
1.67451e-56
5.1902e-57
1.57515e-57
4.67735e-58
1.35801e-58
3.85215e-59
1.06673e-59
2.88136e-60
7.58496e-61
1.94414e-61
4.84738e-62
1.1745e-62
2.76252e-63
6.30064e-64
1.39181e-64
2.97412e-65
6.13976e-66
1.22282e-66
2.34615e-67
4.32981e-68
7.67352e-69
1.30373e-69
2.11959e-70
3.2911e-71
4.87014e-72
6.85286e-73
9.14683e-74
1.15503e-74
1.37596e-75
1.54156e-76
1.61875e-77
1.58721e-78
1.44704e-79
1.22059e-80
9.46972e-82
6.71011e-83
4.30863e-84
2.48383e-85
1.27108e-86
5.69411e-88
2.19416e-89
7.1163e-91
1.89699e-92
4.09957e-94
7.21004e-96
9.39014e-98
7.8094e-100
3.34876e-102
7.32477e-105
5.11604e-107
4.7458e-109
3.41449e-111
1.82331e-113
8.01493e-116
3.6937e-118
2.13445e-120
1.40508e-122
8.01096e-125
3.67446e-127
1.38387e-129
3.80429e-132
6.1846e-135
3.94578e-138
8.42077e-143
4.02231e-145
1.80556e-147
7.35848e-150
2.65589e-152
8.26947e-155
2.20196e-157
5.06021e-160
9.24845e-163
1.2336e-165
1.0428e-168
3.78344e-172
2.00026e-177
3.16358e-184
3.51339e-189
1.71496e-201
8.94824e-209
4.89413e-219
1.23925e-237
0
0
0
0
0
0
0
0
0
0
0
0
0
0
0
0
0
0
0
0
0
0
0
0
0
0
0
0
0
0
0
0
0
0
0
0
0
0
0
0
0
0
0
0
0
0
0
0
0
0
0
0
0
0
0
0
0
0
0
0
0
0
0
0
0
0
0
0
0
0
0
0
0
0
0
0
0
0
0
0
0
0
0
0
0
0
0
0
0
0
0
0
0
0
0
0
0
0
0
0
0
0
0
0
0
0
0
0
0
0
0
0
0
0
0
0
0
0
0
0
0
0
0
0
0
0
0
0
0
0
0
0
0
0
0
0
0
0
0
0
0
0
0
0
0
0
0
0
0
0
0
0
0
0
0
0
0
0
0
0
0
0
0
0
0
0
0
0
0
0
0
0
0
0
0
0
0
0
0
0
0
0
0
0
0
0
0
0
0
0
0
0
0
0
0
0
0
0
0
0
0
0
0
0
0
0
0
0
0
0
0
0
0
0
0
5.33001e-54
1.78709e-54
5.87887e-55
1.89627e-55
5.99364e-56
1.85512e-56
5.61881e-57
1.66414e-57
4.81594e-58
1.36072e-58
3.75053e-59
1.00757e-59
2.6358e-60
6.70803e-61
1.65913e-61
3.98389e-62
9.27664e-63
2.09228e-63
4.56512e-64
9.62321e-65
1.95714e-65
3.83459e-66
7.22673e-67
1.30792e-67
2.26924e-68
3.76742e-69
5.97331e-70
9.02557e-71
1.29668e-71
1.76694e-72
2.27767e-73
2.76947e-74
3.16656e-75
3.39303e-76
3.39442e-77
3.15699e-78
2.71622e-79
2.14906e-80
1.55249e-81
1.01593e-82
5.96585e-84
3.10817e-85
1.41653e-86
5.54778e-88
1.82629e-89
4.93178e-91
1.07725e-92
1.91452e-94
2.52215e-96
2.12714e-98
9.54695e-101
2.81191e-103
2.42193e-105
2.31985e-107
1.7277e-109
9.67538e-112
4.63876e-114
2.43037e-116
1.56904e-118
1.08231e-120
6.36414e-123
3.00479e-125
1.16303e-127
3.27454e-130
5.42358e-133
3.51241e-136
1.31762e-140
6.58593e-143
3.07691e-145
1.30147e-147
4.86457e-150
1.56571e-152
4.29882e-155
1.01923e-157
1.92251e-160
2.64475e-163
2.30475e-166
8.6191e-170
4.70316e-175
1.25239e-181
1.59538e-186
1.34782e-198
8.92879e-206
7.19148e-216
4.14645e-234
0
0
0
0
0
0
0
0
0
0
0
0
0
0
0
0
0
0
0
0
0
0
0
0
0
0
0
0
0
0
0
0
0
0
0
0
0
0
0
0
0
0
0
0
0
0
0
0
0
0
0
0
0
0
0
0
0
0
0
0
0
0
0
0
0
0
0
0
0
0
0
0
0
0
0
0
0
0
0
0
0
0
0
0
0
0
0
0
0
0
0
0
0
0
0
0
0
0
0
0
0
0
0
0
0
0
0
0
0
0
0
0
0
0
0
0
0
0
0
0
0
0
0
0
0
0
0
0
0
0
0
0
0
0
0
0
0
0
0
0
0
0
0
0
0
0
0
0
0
0
0
0
0
0
0
0
0
0
0
0
0
0
0
0
0
0
0
0
0
0
0
0
0
0
0
0
0
0
0
0
0
0
0
0
0
0
0
0
0
0
0
0
0
0
0
0
0
0
0
0
0
0
0
0
0
0
0
0
0
0
0
0
0
0
0
5.68146e-53
1.94158e-53
6.51073e-54
2.141e-54
6.89981e-55
2.17771e-55
6.72668e-56
2.032e-56
5.99841e-57
1.72899e-57
4.86212e-58
1.33278e-58
3.55787e-59
9.24058e-60
2.33263e-60
5.71697e-61
1.35885e-61
3.12855e-62
6.96856e-63
1.49967e-63
3.11382e-64
6.22869e-65
1.19847e-65
2.21449e-66
3.92261e-67
6.64851e-68
1.07612e-68
1.65981e-69
2.43399e-70
3.38507e-71
4.45294e-72
5.52467e-73
6.44449e-74
7.04393e-75
7.18713e-76
6.81656e-77
5.97991e-78
4.82313e-79
3.55076e-80
2.36702e-81
1.41532e-82
7.50382e-84
3.47759e-85
1.38364e-86
4.6211e-88
1.26364e-89
2.78887e-91
5.00799e-93
6.67871e-95
5.73732e-97
2.75757e-99
1.11904e-101
1.12164e-103
1.10967e-105
8.56925e-108
5.05968e-110
2.66779e-112
1.58557e-114
1.12645e-116
8.10568e-119
4.91145e-121
2.38529e-123
9.48051e-126
2.73099e-128
4.6034e-131
3.02778e-134
1.99853e-138
1.04393e-140
5.07238e-143
2.22533e-145
8.60892e-148
2.86276e-150
8.09998e-153
1.98011e-155
3.85241e-158
5.46245e-161
4.90364e-164
1.88808e-167
1.06164e-172
4.75385e-179
6.9348e-184
1.01237e-195
8.50531e-203
1.00712e-212
1.31547e-230
0
0
0
0
0
0
0
0
0
0
0
0
0
0
0
0
0
0
0
0
0
0
0
0
0
0
0
0
0
0
0
0
0
0
0
0
0
0
0
0
0
0
0
0
0
0
0
0
0
0
0
0
0
0
0
0
0
0
0
0
0
0
0
0
0
0
0
0
0
0
0
0
0
0
0
0
0
0
0
0
0
0
0
0
0
0
0
0
0
0
0
0
0
0
0
0
0
0
0
0
0
0
0
0
0
0
0
0
0
0
0
0
0
0
0
0
0
0
0
0
0
0
0
0
0
0
0
0
0
0
0
0
0
0
0
0
0
0
0
0
0
0
0
0
0
0
0
0
0
0
0
0
0
0
0
0
0
0
0
0
0
0
0
0
0
0
0
0
0
0
0
0
0
0
0
0
0
0
0
0
0
0
0
0
0
0
0
0
0
0
0
0
0
0
0
0
0
0
0
0
0
0
0
0
0
0
0
0
0
0
0
0
0
0
0
6.0524e-52
2.10783e-52
7.20397e-53
2.41475e-53
7.93332e-54
2.55287e-54
8.04061e-55
2.47695e-55
7.45728e-56
2.19245e-56
6.28925e-57
1.75876e-57
4.79013e-58
1.26941e-58
3.26984e-59
8.1781e-60
1.98375e-60
4.66138e-61
1.05971e-61
2.32769e-62
4.93309e-63
1.00722e-63
1.97815e-64
3.73079e-65
6.74508e-66
1.16682e-66
1.92746e-67
3.03386e-68
4.5397e-69
6.4417e-70
8.6447e-71
1.094e-71
1.30148e-72
1.45056e-73
1.50896e-74
1.4589e-75
1.30444e-76
1.0721e-77
8.04022e-79
5.4578e-80
3.32148e-81
1.79129e-82
8.43816e-84
3.40928e-85
1.15473e-86
3.19642e-88
7.12688e-90
1.29337e-91
1.74894e-93
1.54112e-95
8.1727e-98
4.55438e-100
5.08921e-102
5.20318e-104
4.17598e-106
2.61569e-108
1.52746e-110
1.02405e-112
7.8991e-115
5.90878e-117
3.68616e-119
1.8402e-121
7.50425e-124
2.20944e-126
3.78645e-129
2.53386e-132
2.94157e-136
1.6039e-138
8.09928e-141
3.6832e-143
1.47395e-145
5.06139e-148
1.47501e-150
3.71546e-153
7.45169e-156
1.08839e-158
1.00577e-161
3.98269e-165
2.30547e-170
1.73273e-176
2.88966e-181
7.27788e-193
7.74575e-200
1.34619e-209
3.96307e-227
0
0
0
0
0
0
0
0
0
0
0
0
0
0
0
0
0
0
0
0
0
0
0
0
0
0
0
0
0
0
0
0
0
0
0
0
0
0
0
0
0
0
0
0
0
0
0
0
0
0
0
0
0
0
0
0
0
0
0
0
0
0
0
0
0
0
0
0
0
0
0
0
0
0
0
0
0
0
0
0
0
0
0
0
0
0
0
0
0
0
0
0
0
0
0
0
0
0
0
0
0
0
0
0
0
0
0
0
0
0
0
0
0
0
0
0
0
0
0
0
0
0
0
0
0
0
0
0
0
0
0
0
0
0
0
0
0
0
0
0
0
0
0
0
0
0
0
0
0
0
0
0
0
0
0
0
0
0
0
0
0
0
0
0
0
0
0
0
0
0
0
0
0
0
0
0
0
0
0
0
0
0
0
0
0
0
0
0
0
0
0
0
0
0
0
0
0
0
0
0
0
0
0
0
0
0
0
0
0
0
0
0
0
0
0
6.4244e-51
2.27979e-51
7.94034e-52
2.71266e-52
9.08416e-53
2.97997e-53
9.56914e-54
3.00571e-54
9.22781e-55
2.76681e-55
8.09504e-56
2.30906e-56
6.41535e-57
1.73441e-57
4.55808e-58
1.16316e-58
2.87894e-59
6.90296e-60
1.6014e-60
3.58956e-61
7.7633e-62
1.61758e-62
3.24199e-63
6.23962e-64
1.15116e-64
2.03199e-65
3.42486e-66
5.49992e-67
8.39556e-68
1.21516e-68
1.66315e-69
2.14625e-70
2.60323e-71
2.95764e-72
3.1358e-73
3.08951e-74
2.81459e-75
2.35647e-76
1.79963e-77
1.24351e-78
7.69963e-80
4.22235e-81
2.02102e-82
8.2892e-84
2.84651e-85
7.97516e-87
1.79673e-88
3.29795e-90
4.53501e-92
4.14291e-94
2.50902e-96
1.86995e-98
2.26301e-100
2.39331e-102
2.00231e-104
1.33962e-106
8.70909e-109
6.53308e-111
5.4096e-113
4.19505e-115
2.69228e-117
1.3807e-119
5.77236e-122
1.73541e-124
3.02132e-127
2.06525e-130
4.20641e-134
2.39173e-136
1.25436e-138
5.90949e-141
2.44507e-143
8.66613e-146
2.59995e-148
6.74432e-151
1.39364e-153
2.0956e-156
1.99207e-159
8.10394e-163
4.8301e-168
6.07605e-174
1.1564e-178
5.01746e-190
6.75726e-197
1.72094e-206
1.13612e-223
0
0
0
0
0
0
0
0
0
0
0
0
0
0
0
0
0
0
0
0
0
0
0
0
0
0
0
0
0
0
0
0
0
0
0
0
0
0
0
0
0
0
0
0
0
0
0
0
0
0
0
0
0
0
0
0
0
0
0
0
0
0
0
0
0
0
0
0
0
0
0
0
0
0
0
0
0
0
0
0
0
0
0
0
0
0
0
0
0
0
0
0
0
0
0
0
0
0
0
0
0
0
0
0
0
0
0
0
0
0
0
0
0
0
0
0
0
0
0
0
0
0
0
0
0
0
0
0
0
0
0
0
0
0
0
0
0
0
0
0
0
0
0
0
0
0
0
0
0
0
0
0
0
0
0
0
0
0
0
0
0
0
0
0
0
0
0
0
0
0
0
0
0
0
0
0
0
0
0
0
0
0
0
0
0
0
0
0
0
0
0
0
0
0
0
0
0
0
0
0
0
0
0
0
0
0
0
0
0
0
0
0
0
0
0
6.79943e-50
2.45832e-50
8.72441e-51
3.03735e-51
1.03666e-51
3.46625e-52
1.13465e-52
3.6335e-53
1.13738e-53
3.47742e-54
1.03754e-54
3.01832e-55
8.55323e-56
2.35869e-56
6.32321e-57
1.64611e-57
4.15655e-58
1.0168e-58
2.40666e-59
5.50401e-60
1.21454e-60
2.58203e-61
5.27996e-62
1.03679e-62
1.95147e-63
3.51414e-64
6.04199e-65
9.8968e-66
1.54078e-66
2.27417e-67
3.17362e-68
4.17511e-69
5.16162e-70
5.97617e-71
6.45588e-72
6.47968e-73
6.01266e-74
5.12634e-75
3.98547e-76
2.80233e-77
1.76484e-78
9.83793e-80
4.78328e-81
1.99106e-82
6.9311e-84
1.96568e-85
4.47739e-87
8.32545e-89
1.16961e-90
1.12437e-92
8.03584e-95
7.67483e-97
9.87538e-99
1.08181e-100
9.46935e-103
6.81536e-105
4.94546e-107
4.11049e-109
3.61938e-111
2.90335e-113
1.91535e-115
1.00844e-117
4.31909e-120
1.32472e-122
2.34174e-125
1.64738e-128
5.84984e-132
3.46535e-134
1.88633e-136
9.20146e-139
3.93433e-141
1.43866e-143
4.44134e-146
1.18576e-148
2.52323e-151
3.90393e-154
3.815e-157
1.59276e-160
9.79026e-166
2.05255e-171
4.45014e-176
3.3216e-187
5.65436e-194
2.10687e-203
3.10349e-220
0
0
0
0
0
0
0
0
0
0
0
0
0
0
0
0
0
0
0
0
0
0
0
0
0
0
0
0
0
0
0
0
0
0
0
0
0
0
0
0
0
0
0
0
0
0
0
0
0
0
0
0
0
0
0
0
0
0
0
0
0
0
0
0
0
0
0
0
0
0
0
0
0
0
0
0
0
0
0
0
0
0
0
0
0
0
0
0
0
0
0
0
0
0
0
0
0
0
0
0
0
0
0
0
0
0
0
0
0
0
0
0
0
0
0
0
0
0
0
0
0
0
0
0
0
0
0
0
0
0
0
0
0
0
0
0
0
0
0
0
0
0
0
0
0
0
0
0
0
0
0
0
0
0
0
0
0
0
0
0
0
0
0
0
0
0
0
0
0
0
0
0
0
0
0
0
0
0
0
0
0
0
0
0
0
0
0
0
0
0
0
0
0
0
0
0
0
0
0
0
0
0
0
0
0
0
0
0
0
0
0
0
0
0
0
7.16225e-49
2.63798e-49
9.53839e-50
3.38368e-50
1.17688e-50
4.01055e-51
1.33814e-51
4.36817e-52
1.39399e-52
4.34537e-53
1.322e-53
3.92175e-54
1.13335e-54
3.18754e-55
8.71565e-56
2.3143e-56
5.96092e-57
1.48748e-57
3.59148e-58
8.379e-59
1.88618e-59
4.09057e-60
8.53295e-61
1.70919e-61
3.28153e-62
6.02727e-63
1.0569e-63
1.76547e-64
2.80263e-65
4.21742e-66
5.99948e-67
8.04423e-68
1.0134e-68
1.19539e-69
1.31539e-70
1.34459e-71
1.27049e-72
1.10278e-73
8.72557e-75
6.24154e-76
3.99697e-77
2.26432e-78
1.11809e-79
4.72283e-81
1.6667e-82
4.78666e-84
1.10367e-85
2.08457e-87
3.01281e-89
3.10686e-91
2.68282e-93
3.12751e-95
4.23185e-97
4.81084e-99
4.4251e-101
3.45007e-103
2.79368e-105
2.54622e-107
2.366e-109
1.95973e-111
1.32796e-113
7.1742e-116
3.14557e-118
9.83485e-121
1.76522e-123
1.29497e-126
7.9193e-130
4.88348e-132
2.75739e-134
1.39195e-136
6.14772e-139
2.31834e-141
7.36157e-144
2.02176e-146
4.42821e-149
7.04583e-152
7.07375e-155
3.02796e-158
1.92675e-163
6.68938e-169
1.64911e-173
2.1147e-184
4.54525e-191
2.47393e-200
8.09088e-217
0
0
0
0
0
0
0
0
0
0
0
0
0
0
0
0
0
0
0
0
0
0
0
0
0
0
0
0
0
0
0
0
0
0
0
0
0
0
0
0
0
0
0
0
0
0
0
0
0
0
0
0
0
0
0
0
0
0
0
0
0
0
0
0
0
0
0
0
0
0
0
0
0
0
0
0
0
0
0
0
0
0
0
0
0
0
0
0
0
0
0
0
0
0
0
0
0
0
0
0
0
0
0
0
0
0
0
0
0
0
0
0
0
0
0
0
0
0
0
0
0
0
0
0
0
0
0
0
0
0
0
0
0
0
0
0
0
0
0
0
0
0
0
0
0
0
0
0
0
0
0
0
0
0
0
0
0
0
0
0
0
0
0
0
0
0
0
0
0
0
0
0
0
0
0
0
0
0
0
0
0
0
0
0
0
0
0
0
0
0
0
0
0
0
0
0
0
0
0
0
0
0
0
0
0
0
0
0
0
0
0
0
0
0
0
7.50898e-48
2.8172e-48
1.03773e-48
3.75069e-49
1.32926e-49
4.61625e-50
1.56977e-50
5.22304e-51
1.69908e-51
5.39947e-52
1.67479e-52
5.06579e-53
1.4928e-53
4.28143e-54
1.19386e-54
3.23307e-55
8.49312e-56
2.16161e-56
5.32334e-57
1.26675e-57
2.9085e-58
6.43361e-59
1.36882e-59
2.79638e-60
5.47543e-61
1.02558e-61
1.83382e-62
3.12325e-63
5.0546e-64
7.75318e-65
1.12406e-65
1.53575e-66
1.97103e-67
2.36818e-68
2.65378e-69
2.76207e-70
2.65692e-71
2.3473e-72
1.88975e-73
1.37488e-74
8.95091e-76
5.15241e-77
2.5836e-78
1.10747e-79
3.96326e-81
1.15361e-82
2.69801e-84
5.19783e-86
7.80398e-88
8.82316e-90
9.27845e-92
1.26099e-93
1.78327e-95
2.10877e-97
2.04836e-99
1.74062e-101
1.56806e-103
1.55118e-105
1.51181e-107
1.29107e-109
8.97978e-112
4.97528e-114
2.23174e-116
7.10829e-119
1.29644e-121
1.01363e-124
1.04453e-127
6.69979e-130
3.92171e-132
2.04774e-134
9.33799e-137
3.63013e-139
1.18519e-141
3.34657e-144
7.5411e-147
1.23333e-149
1.27135e-152
5.57458e-156
3.6973e-161
2.10574e-166
5.89133e-171
1.29624e-181
3.5139e-188
2.78943e-197
2.01546e-213
0
0
0
0
0
0
0
0
0
0
0
0
0
0
0
0
0
0
0
0
0
0
0
0
0
0
0
0
0
0
0
0
0
0
0
0
0
0
0
0
0
0
0
0
0
0
0
0
0
0
0
0
0
0
0
0
0
0
0
0
0
0
0
0
0
0
0
0
0
0
0
0
0
0
0
0
0
0
0
0
0
0
0
0
0
0
0
0
0
0
0
0
0
0
0
0
0
0
0
0
0
0
0
0
0
0
0
0
0
0
0
0
0
0
0
0
0
0
0
0
0
0
0
0
0
0
0
0
0
0
0
0
0
0
0
0
0
0
0
0
0
0
0
0
0
0
0
0
0
0
0
0
0
0
0
0
0
0
0
0
0
0
0
0
0
0
0
0
0
0
0
0
0
0
0
0
0
0
0
0
0
0
0
0
0
0
0
0
0
0
0
0
0
0
0
0
0
0
0
0
0
0
0
0
0
0
0
0
0
0
0
0
0
0
0
7.82783e-47
2.99125e-47
1.12239e-47
4.13279e-48
1.49232e-48
5.28085e-49
1.83002e-49
6.20574e-50
2.05765e-50
6.66552e-51
2.10767e-51
6.49952e-52
1.95279e-52
5.71072e-53
1.62377e-53
4.48412e-54
1.20126e-54
3.11792e-55
7.83062e-56
1.90034e-56
4.44978e-57
1.0038e-57
2.17795e-58
4.53723e-59
9.05904e-60
1.73011e-60
3.15396e-61
5.47595e-62
9.0331e-63
1.41209e-63
2.08609e-64
2.90366e-65
3.79587e-66
4.64447e-67
5.29912e-68
5.61454e-69
5.49711e-70
4.94214e-71
4.04766e-72
2.99473e-73
1.98185e-74
1.15911e-75
5.90248e-77
2.56817e-78
9.32575e-80
2.75514e-81
6.55626e-83
1.29612e-84
2.04695e-86
2.59114e-88
3.28931e-90
5.01944e-92
7.39715e-94
9.12554e-96
9.41063e-98
8.75706e-100
8.72946e-102
9.28391e-104
9.44437e-106
8.30511e-108
5.92512e-110
3.36525e-112
1.54345e-114
5.00598e-117
9.29738e-120
8.01254e-123
1.34333e-125
8.95573e-128
5.43153e-130
2.9322e-132
1.38002e-134
5.52843e-137
1.85519e-139
5.38323e-142
1.24745e-144
2.09605e-147
2.21724e-150
9.95072e-154
6.95436e-159
6.40998e-164
2.03112e-168
7.65904e-179
2.6157e-185
3.0237e-194
4.80304e-210
0
0
0
0
0
0
0
0
0
0
0
0
0
0
0
0
0
0
0
0
0
0
0
0
0
0
0
0
0
0
0
0
0
0
0
0
0
0
0
0
0
0
0
0
0
0
0
0
0
0
0
0
0
0
0
0
0
0
0
0
0
0
0
0
0
0
0
0
0
0
0
0
0
0
0
0
0
0
0
0
0
0
0
0
0
0
0
0
0
0
0
0
0
0
0
0
0
0
0
0
0
0
0
0
0
0
0
0
0
0
0
0
0
0
0
0
0
0
0
0
0
0
0
0
0
0
0
0
0
0
0
0
0
0
0
0
0
0
0
0
0
0
0
0
0
0
0
0
0
0
0
0
0
0
0
0
0
0
0
0
0
0
0
0
0
0
0
0
0
0
0
0
0
0
0
0
0
0
0
0
0
0
0
0
0
0
0
0
0
0
0
0
0
0
0
0
0
0
0
0
0
0
0
0
0
0
0
0
0
0
0
0
0
0
0
8.11133e-46
3.1568e-46
1.20651e-46
4.52552e-47
1.66484e-47
6.00266e-48
2.11967e-48
7.32517e-49
2.47541e-49
8.17327e-50
2.63442e-50
8.28163e-51
2.53671e-51
7.56328e-52
2.19266e-52
6.17401e-53
1.68649e-53
4.46358e-54
1.14312e-54
2.82881e-55
6.75437e-56
1.55367e-56
3.43728e-57
7.30118e-58
1.48625e-58
2.89374e-59
5.37748e-60
9.51634e-61
1.59985e-61
2.54842e-62
3.83559e-63
5.43821e-64
7.24008e-65
9.01982e-66
1.04763e-66
1.12977e-67
1.12569e-68
1.02974e-69
8.57866e-71
6.454e-72
4.34153e-73
2.58008e-74
1.33454e-75
5.89692e-77
2.1751e-78
6.53645e-80
1.5897e-81
3.25098e-83
5.47921e-85
7.88658e-87
1.18289e-88
1.97144e-90
3.02507e-92
3.90659e-94
4.30004e-96
4.39386e-98
4.81232e-100
5.4558e-102
5.77074e-104
5.21976e-106
3.81735e-108
2.22166e-110
1.04136e-112
3.43916e-115
6.5327e-118
6.50667e-121
1.68579e-123
1.16733e-125
7.3315e-128
4.0902e-130
1.986e-132
8.19584e-135
2.82598e-137
8.42288e-140
2.00632e-142
3.46196e-145
3.7561e-148
1.7241e-151
1.29024e-156
1.88876e-161
6.76419e-166
4.36655e-176
1.87661e-182
3.15413e-191
1.09611e-206
0
0
0
0
0
0
0
0
0
0
0
0
0
0
0
0
0
0
0
0
0
0
0
0
0
0
0
0
0
0
0
0
0
0
0
0
0
0
0
0
0
0
0
0
0
0
0
0
0
0
0
0
0
0
0
0
0
0
0
0
0
0
0
0
0
0
0
0
0
0
0
0
0
0
0
0
0
0
0
0
0
0
0
0
0
0
0
0
0
0
0
0
0
0
0
0
0
0
0
0
0
0
0
0
0
0
0
0
0
0
0
0
0
0
0
0
0
0
0
0
0
0
0
0
0
0
0
0
0
0
0
0
0
0
0
0
0
0
0
0
0
0
0
0
0
0
0
0
0
0
0
0
0
0
0
0
0
0
0
0
0
0
0
0
0
0
0
0
0
0
0
0
0
0
0
0
0
0
0
0
0
0
0
0
0
0
0
0
0
0
0
0
0
0
0
0
0
0
0
0
0
0
0
0
0
0
0
0
0
0
0
0
0
0
0
8.3511e-45
3.30987e-45
1.28841e-45
4.92265e-46
1.84483e-46
6.77678e-47
2.4383e-47
8.58646e-48
2.95706e-48
9.95085e-49
3.26914e-49
1.04756e-49
3.27096e-50
9.94212e-51
2.9385e-51
8.43575e-52
2.3494e-52
6.33985e-53
1.65545e-53
4.17695e-54
1.01687e-54
2.38484e-55
5.37918e-56
1.16487e-56
2.4173e-57
4.79754e-58
9.08695e-59
1.63885e-59
2.80751e-60
4.55641e-61
6.98585e-62
1.00878e-62
1.36756e-63
1.73451e-64
2.05058e-65
2.25048e-66
2.28172e-67
2.12356e-68
1.79945e-69
1.3766e-70
9.41369e-72
5.68568e-73
2.98857e-74
1.34221e-75
5.03687e-77
1.54446e-78
3.86199e-80
8.25153e-82
1.50584e-83
2.47988e-85
4.27654e-87
7.63969e-89
1.22136e-90
1.65748e-92
1.95713e-94
2.19711e-96
2.62258e-98
3.14644e-100
3.44979e-102
3.2066e-104
2.4025e-106
1.43233e-108
6.85939e-111
2.30802e-113
4.51936e-116
5.51608e-119
2.06565e-121
1.48468e-123
9.65149e-126
5.56216e-128
2.78525e-130
1.18368e-132
4.19255e-135
1.28296e-137
3.14009e-140
5.56193e-143
6.18649e-146
2.90273e-149
2.37809e-154
5.39231e-159
2.17781e-163
2.40428e-173
1.29883e-179
3.16914e-188
2.39774e-203
0
0
0
0
0
0
0
0
0
0
0
0
0
0
0
0
0
0
0
0
0
0
0
0
0
0
0
0
0
0
0
0
0
0
0
0
0
0
0
0
0
0
0
0
0
0
0
0
0
0
0
0
0
0
0
0
0
0
0
0
0
0
0
0
0
0
0
0
0
0
0
0
0
0
0
0
0
0
0
0
0
0
0
0
0
0
0
0
0
0
0
0
0
0
0
0
0
0
0
0
0
0
0
0
0
0
0
0
0
0
0
0
0
0
0
0
0
0
0
0
0
0
0
0
0
0
0
0
0
0
0
0
0
0
0
0
0
0
0
0
0
0
0
0
0
0
0
0
0
0
0
0
0
0
0
0
0
0
0
0
0
0
0
0
0
0
0
0
0
0
0
0
0
0
0
0
0
0
0
0
0
0
0
0
0
0
0
0
0
0
0
0
0
0
0
0
0
0
0
0
0
0
0
0
0
0
0
0
0
0
0
0
0
0
0
8.53968e-44
3.44663e-44
1.36638e-44
5.31738e-45
2.02993e-45
7.59656e-46
2.78478e-46
9.99237e-47
3.50672e-47
1.2026e-47
4.0267e-48
1.31515e-48
4.18583e-49
1.29693e-49
3.90763e-50
1.14361e-50
3.24705e-51
8.93302e-52
2.37807e-52
6.11728e-53
1.51827e-53
3.63008e-54
8.34703e-55
1.84259e-55
3.89757e-56
7.88418e-57
1.52191e-57
2.79702e-58
4.88209e-59
8.0718e-60
1.26054e-60
1.85372e-61
2.55869e-62
3.30356e-63
3.97499e-64
4.43939e-65
4.57985e-66
4.33653e-67
3.7378e-68
2.90801e-69
2.02201e-70
1.2417e-71
6.63728e-73
3.03359e-74
1.1608e-75
3.64699e-77
9.44693e-79
2.13229e-80
4.26354e-82
8.00163e-84
1.54462e-85
2.92302e-87
4.87682e-89
6.98341e-91
8.88318e-93
1.09372e-94
1.41095e-96
1.78039e-98
2.01849e-100
1.9264e-102
1.47793e-104
9.02425e-107
4.41528e-109
1.51598e-111
3.1012e-114
4.92761e-117
2.47295e-119
1.84376e-121
1.24e-123
7.37896e-126
3.80935e-128
1.66666e-130
6.06246e-133
1.90392e-135
4.78627e-138
8.69913e-141
9.91572e-144
4.75399e-147
4.38661e-152
1.49285e-156
6.78375e-161
1.27959e-170
8.67886e-177
3.0695e-185
5.03163e-200
0
0
0
0
0
0
0
0
0
0
0
0
0
0
0
0
0
0
0
0
0
0
0
0
0
0
0
0
0
0
0
0
0
0
0
0
0
0
0
0
0
0
0
0
0
0
0
0
0
0
0
0
0
0
0
0
0
0
0
0
0
0
0
0
0
0
0
0
0
0
0
0
0
0
0
0
0
0
0
0
0
0
0
0
0
0
0
0
0
0
0
0
0
0
0
0
0
0
0
0
0
0
0
0
0
0
0
0
0
0
0
0
0
0
0
0
0
0
0
0
0
0
0
0
0
0
0
0
0
0
0
0
0
0
0
0
0
0
0
0
0
0
0
0
0
0
0
0
0
0
0
0
0
0
0
0
0
0
0
0
0
0
0
0
0
0
0
0
0
0
0
0
0
0
0
0
0
0
0
0
0
0
0
0
0
0
0
0
0
0
0
0
0
0
0
0
0
0
0
0
0
0
0
0
0
0
0
0
0
0
0
0
0
0
0
8.67053e-43
3.56337e-43
1.43863e-43
5.70206e-44
2.21726e-44
8.45274e-45
3.15687e-45
1.15414e-45
4.12717e-46
1.44234e-46
4.92176e-47
1.63833e-47
5.31479e-48
1.67851e-48
5.15513e-49
1.53794e-49
4.45139e-50
1.24841e-50
3.38797e-51
8.88437e-52
2.24785e-52
5.4786e-53
1.28412e-53
2.88937e-54
6.22929e-55
1.28422e-55
2.52619e-56
4.73065e-57
8.41246e-58
1.41683e-58
2.25353e-59
3.37468e-60
4.74252e-61
6.23291e-62
7.63286e-63
8.6748e-64
9.10622e-65
8.77297e-66
7.69276e-67
6.08804e-68
4.30601e-69
2.6903e-70
1.46392e-71
6.82101e-73
2.66937e-74
8.63844e-76
2.33818e-77
5.63568e-79
1.24293e-80
2.62717e-82
5.55076e-84
1.10525e-85
1.92905e-87
2.92686e-89
4.02282e-91
5.41189e-93
7.48458e-95
9.88261e-97
1.1563e-98
1.13224e-100
8.89098e-103
5.56002e-105
2.78032e-107
9.77202e-110
2.13317e-112
4.63037e-115
2.89412e-117
2.23697e-119
1.55573e-121
9.55578e-124
5.08412e-126
2.28935e-128
8.5503e-131
2.75467e-133
7.11025e-136
1.32559e-138
1.54791e-141
7.5821e-145
8.15048e-150
4.01079e-154
2.04574e-158
6.58751e-168
5.60305e-174
2.86795e-182
1.01367e-196
0
0
0
0
0
0
0
0
0
0
0
0
0
0
0
0
0
0
0
0
0
0
0
0
0
0
0
0
0
0
0
0
0
0
0
0
0
0
0
0
0
0
0
0
0
0
0
0
0
0
0
0
0
0
0
0
0
0
0
0
0
0
0
0
0
0
0
0
0
0
0
0
0
0
0
0
0
0
0
0
0
0
0
0
0
0
0
0
0
0
0
0
0
0
0
0
0
0
0
0
0
0
0
0
0
0
0
0
0
0
0
0
0
0
0
0
0
0
0
0
0
0
0
0
0
0
0
0
0
0
0
0
0
0
0
0
0
0
0
0
0
0
0
0
0
0
0
0
0
0
0
0
0
0
0
0
0
0
0
0
0
0
0
0
0
0
0
0
0
0
0
0
0
0
0
0
0
0
0
0
0
0
0
0
0
0
0
0
0
0
0
0
0
0
0
0
0
0
0
0
0
0
0
0
0
0
0
0
0
0
0
0
0
0
0
)
;

boundaryField
{
    Inlet
    {
        type            fixedValue;
        value           nonuniform 0();
    }
    BotOutlet1
    {
        type            inletOutlet;
        inletValue      uniform 1;
        value           nonuniform List<scalar> 
50
(
1
1
1
1
1
1
1
1
1
1
1
1
1
1
1
1
1
1
1
1
1
1
1
1
1
1
1
1
1
1
1
1
1
1
1
1
0.999999
0.999999
0.999998
0.999997
0.999996
0.999993
0.951016
0.492311
0.0439762
0.00236339
0.000157111
8.69666e-06
1.60801e-06
4.37057e-07
)
;
    }
    BotOutlet2
    {
        type            inletOutlet;
        inletValue      uniform 0;
        value           nonuniform List<scalar> 
350
(
6.41462e-08
5.36215e-09
2.91104e-10
2.06527e-11
8.81781e-13
3.73417e-14
1.52354e-15
6.01716e-17
2.31017e-18
8.63016e-20
3.13268e-21
1.10195e-22
3.74378e-24
1.22409e-25
3.83813e-27
1.15006e-28
3.28248e-30
8.89968e-32
2.29348e-33
5.79131e-35
1.85867e-36
1.60305e-37
2.97607e-38
6.30651e-39
1.33366e-39
2.77487e-40
5.67175e-41
1.13842e-41
2.2432e-42
4.33795e-43
8.23039e-44
1.53158e-44
2.79452e-45
4.99778e-46
8.75806e-47
1.50332e-47
2.5267e-48
4.15678e-49
6.69078e-50
1.05305e-50
1.61887e-51
2.4259e-52
3.52913e-53
4.9473e-54
6.59954e-55
8.21392e-56
9.26124e-57
9.04329e-58
7.07459e-59
3.68231e-60
3.32565e-62
9.51953e-63
2.67069e-63
7.33891e-64
1.97407e-64
5.19431e-65
1.33607e-65
3.35702e-66
8.23335e-67
1.96951e-67
4.59139e-68
1.04224e-68
2.30163e-69
4.94025e-70
1.02963e-70
2.08156e-71
4.0776e-72
7.73105e-73
1.41701e-73
2.50765e-74
4.27902e-75
7.03071e-76
1.11069e-76
1.68442e-77
2.44827e-78
3.40456e-79
4.52113e-80
5.72201e-81
6.88693e-82
7.86433e-83
8.49877e-84
8.66784e-85
8.31787e-86
7.48533e-87
6.29352e-88
4.92304e-89
3.56572e-90
2.37807e-91
1.451e-92
8.04016e-94
4.01068e-95
1.78221e-96
6.96476e-98
2.35604e-99
6.76848e-101
1.61893e-102
3.18727e-104
5.11631e-106
6.09349e-108
4.70589e-110
1.83678e-112
1.79324e-115
4.82075e-119
3.53236e-121
2.01966e-123
8.34957e-126
2.44651e-128
5.55843e-131
1.01013e-133
3.57824e-136
1.60034e-138
5.85876e-141
1.77571e-143
4.00314e-146
5.51821e-149
3.09866e-152
1.41486e-158
4.42525e-161
1.46778e-163
4.52287e-166
1.2558e-168
3.05053e-171
6.43923e-174
1.16709e-176
1.68194e-179
1.77563e-182
1.18854e-185
3.38007e-189
1.33884e-194
5.4067e-203
2.20494e-208
2.20105e-222
2.09546e-230
7.28289e-242
5.02085e-263
0
0
0
0
0
0
0
0
0
0
0
0
0
0
0
0
0
0
0
0
0
0
0
0
0
0
0
0
0
0
0
0
0
0
0
0
0
0
0
0
0
0
0
0
0
0
0
0
0
0
0
0
0
0
0
0
0
0
0
0
0
0
0
0
0
0
0
0
0
0
0
0
0
0
0
0
0
0
0
0
0
0
0
0
0
0
0
0
0
0
0
0
0
0
0
0
0
0
0
0
0
0
0
0
0
0
0
0
0
0
0
0
0
0
0
0
0
0
0
0
0
0
0
0
0
0
0
0
0
0
0
0
0
0
0
0
0
0
0
0
0
0
0
0
0
0
0
0
0
0
0
0
0
0
0
0
0
0
0
0
0
0
0
0
0
0
0
0
0
0
0
0
0
0
0
0
0
0
0
0
0
0
0
0
0
0
0
0
0
0
0
0
0
0
0
0
0
0
0
0
0
0
0
0
0
0
0
0
0
0
0
0
0
0
0
)
;
    }
    TopInlet
    {
        type            inletOutlet;
        inletValue      nonuniform 0();
        value           nonuniform 0();
    }
    FreeStream
    {
        type            inletOutlet;
        inletValue      uniform 0;
        value           uniform 0;
    }
    FrontNBack
    {
        type            empty;
    }
    LeftSide
    {
        type            fixedValue;
        value           uniform 1;
    }
    procBoundary0to1
    {
        type            processor;
        value           nonuniform List<scalar> 
400
(
1
1
1
1
1
1
1
1
1
1
1
1
1
1
1
1
1
1
1
1
1
1
1
1
1
1
1
1
1
0.999999
0.999998
0.999997
0.999996
0.999996
0.942547
0.305802
0.0122455
0.000540323
2.99374e-05
5.01111e-06
3.0208e-06
1.67005e-06
8.32474e-07
3.67563e-07
1.40486e-07
4.53159e-08
1.19496e-08
2.46552e-09
3.74295e-10
3.86486e-11
2.65288e-12
1.672e-13
8.49578e-15
1.30163e-16
1.87948e-18
4.5997e-20
8.75138e-21
3.96302e-21
1.86885e-21
8.72699e-22
4.02742e-22
1.83638e-22
8.27204e-23
3.68062e-23
1.61747e-23
7.01967e-24
3.00826e-24
1.2729e-24
5.31761e-25
2.19305e-25
8.92798e-26
3.58747e-26
1.42268e-26
5.56745e-27
2.14964e-27
8.18763e-28
3.07574e-28
1.13931e-28
4.16046e-29
1.49738e-29
5.31008e-30
1.8549e-30
6.38056e-31
2.16058e-31
7.19947e-32
2.35987e-32
7.60607e-33
2.40946e-33
7.49755e-34
2.28979e-34
6.85378e-35
2.00554e-35
5.71217e-36
1.57233e-36
4.1376e-37
1.02494e-37
2.33956e-38
4.77628e-39
8.32462e-40
1.12919e-40
8.73977e-42
3.65727e-42
1.50361e-42
6.06949e-43
2.4039e-43
9.33513e-44
3.55175e-44
1.32296e-44
4.82033e-45
1.71658e-45
5.96922e-46
2.02501e-46
6.69523e-47
2.15515e-47
6.74662e-48
2.0516e-48
6.05293e-49
1.73042e-49
4.78695e-50
1.27958e-50
3.30009e-51
8.19851e-52
1.95867e-52
4.49185e-53
9.86963e-54
2.07352e-54
4.15626e-55
7.93007e-56
1.43664e-56
2.46463e-57
3.99246e-58
6.08812e-59
8.71077e-60
1.16536e-60
1.45249e-61
1.67996e-62
1.79462e-63
1.75943e-64
1.56993e-65
1.26434e-66
9.1019e-68
5.79089e-69
3.21239e-70
1.52938e-71
6.14427e-73
2.06082e-74
5.88163e-76
1.52702e-77
3.71618e-79
8.70924e-81
1.98036e-82
4.13542e-84
7.5724e-86
1.22209e-87
1.81752e-89
2.65761e-91
3.91093e-93
5.38117e-95
6.48741e-97
6.51356e-99
5.23369e-101
3.35275e-103
1.71533e-105
6.20659e-108
1.49131e-110
4.52486e-113
3.31263e-115
2.65293e-117
1.90708e-119
1.20865e-121
6.62538e-124
3.06969e-126
1.17693e-128
3.88836e-131
1.03015e-133
1.96944e-136
2.35541e-139
1.17894e-142
1.53194e-147
1.04643e-151
5.97593e-156
3.28259e-165
3.4971e-171
2.58653e-179
1.96169e-193
0
0
0
0
0
0
0
0
0
0
0
0
0
0
0
0
0
0
0
0
0
0
0
0
0
0
0
0
0
0
0
0
0
0
0
0
0
0
0
0
0
0
0
0
0
0
0
0
0
0
0
0
0
0
0
0
0
0
0
0
0
0
0
0
0
0
0
0
0
0
0
0
0
0
0
0
0
0
0
0
0
0
0
0
0
0
0
0
0
0
0
0
0
0
0
0
0
0
0
0
0
0
0
0
0
0
0
0
0
0
0
0
0
0
0
0
0
0
0
0
0
0
0
0
0
0
0
0
0
0
0
0
0
0
0
0
0
0
0
0
0
0
0
0
0
0
0
0
0
0
0
0
0
0
0
0
0
0
0
0
0
0
0
0
0
0
0
0
0
0
0
0
0
0
0
0
0
0
0
0
0
0
0
0
0
0
0
0
0
0
0
0
0
0
0
0
0
0
0
0
0
0
0
0
0
0
0
0
0
0
0
0
0
0
0
)
;
    }
}


// ************************************************************************* //
