/*--------------------------------*- C++ -*----------------------------------*\
| =========                 |                                                 |
| \\      /  F ield         | OpenFOAM: The Open Source CFD Toolbox           |
|  \\    /   O peration     | Version:  2.4.0                                 |
|   \\  /    A nd           | Web:      www.OpenFOAM.org                      |
|    \\/     M anipulation  |                                                 |
\*---------------------------------------------------------------------------*/
FoamFile
{
    version     2.0;
    format      ascii;
    class       volScalarField;
    location    "2.8";
    object      p;
}
// * * * * * * * * * * * * * * * * * * * * * * * * * * * * * * * * * * * * * //

dimensions      [1 -1 -2 0 0 0 0];

internalField   nonuniform List<scalar> 
8000
(
4.14764
4.1386
4.12938
4.12134
4.11585
4.10732
4.10582
4.10067
4.09546
4.09112
4.08885
4.08696
4.08634
4.08656
4.08766
4.09029
4.09274
4.09631
4.10093
4.10647
4.11217
4.12007
4.1282
4.13727
4.14732
4.1584
4.1703
4.1832
4.19712
4.21205
4.22801
4.245
4.26306
4.28218
4.30238
4.32367
4.34606
4.3696
4.39425
4.42009
4.44714
4.47585
4.50638
4.53887
4.57117
4.59958
4.61074
4.57664
4.21525
3.62853
3.24612
3.24264
3.23878
3.23557
3.23217
3.22929
3.22707
3.22557
3.22257
3.22095
3.21965
3.21866
3.218
3.21767
3.21768
3.21802
3.21869
3.2197
3.22116
3.22312
3.22474
3.22678
3.22969
3.23303
3.2367
3.24085
3.24333
3.2473
3.25166
3.25671
3.262
3.26765
3.2735
3.27972
3.28607
3.29281
3.29955
3.30669
3.31395
3.32263
3.33326
3.3432
3.34256
3.32642
3.2325
3.03155
2.26231
1.62211
1.23815
0.80486
2.52175
2.52022
2.51999
2.5185
2.51855
2.51815
2.51923
2.51891
2.51978
2.5211
2.52246
2.52433
2.52652
2.52904
2.53187
2.53502
2.53847
2.54223
2.54627
2.55062
2.55522
2.55997
2.56494
2.57038
2.57589
2.58158
2.5876
2.59349
2.59958
2.60575
2.61201
2.61824
2.6245
2.63058
2.63662
2.64244
2.6489
2.65644
2.66514
2.66928
2.66308
2.55581
2.17471
1.63161
0.473906
0.147746
-0.103207
-0.429708
-0.744589
-0.974379
1.65336
1.65374
1.65459
1.65535
1.65651
1.65838
1.66041
1.66252
1.66515
1.66806
1.67134
1.67489
1.67878
1.68298
1.68754
1.69243
1.69771
1.70334
1.70939
1.71581
1.72276
1.72996
1.73776
1.74605
1.75481
1.76408
1.77408
1.78459
1.79579
1.80763
1.8203
1.8336
1.84773
1.86295
1.88068
1.90277
1.92863
1.94429
1.86349
1.42981
0.704487
-0.950432
-1.50539
-1.63369
-1.72247
-1.69994
-1.48147
-1.16902
-0.939516
-0.88666
0.730556
0.734607
0.739494
0.744234
0.749164
0.754766
0.760557
0.766753
0.773358
0.780314
0.787634
0.795326
0.803407
0.811893
0.820793
0.83014
0.839929
0.850218
0.86098
0.872309
0.884145
0.896604
0.909642
0.923364
0.937629
0.952806
0.968464
0.985206
1.0023
1.0206
1.03906
1.06008
1.08448
1.1164
1.14209
1.11243
0.757926
-0.138834
-2.04832
-3.09157
-3.15015
-3.03698
-2.86296
-2.48776
-1.8646
-1.35493
-1.13919
-1.07094
-1.03625
-1.0101
-0.175325
-0.166728
-0.157053
-0.148536
-0.140966
-0.13368
-0.126942
-0.120907
-0.115429
-0.110501
-0.106204
-0.102441
-0.0993278
-0.0967294
-0.094811
-0.0933883
-0.0926917
-0.0924669
-0.0930323
-0.0940357
-0.0959135
-0.0981742
-0.101377
-0.105082
-0.109814
-0.114835
-0.121173
-0.128115
-0.136838
-0.144382
-0.144791
-0.129384
-0.130973
-0.315147
-1.27219
-2.95815
-4.46966
-4.3535
-3.79279
-3.37026
-2.9898
-2.67493
-1.85798
-1.24778
-1.06498
-1.0381
-1.03197
-1.02321
-1.02259
-1.02345
-1.23305
-1.22187
-1.21016
-1.19993
-1.19063
-1.18158
-1.17289
-1.16514
-1.15763
-1.15063
-1.14411
-1.13806
-1.13245
-1.12729
-1.12251
-1.11817
-1.11413
-1.11052
-1.10712
-1.10416
-1.10126
-1.09886
-1.0963
-1.09447
-1.09235
-1.09139
-1.0901
-1.08713
-1.07256
-1.04454
-1.05576
-1.41412
-2.63823
-4.18266
-5.50664
-5.42742
-5.38815
-3.58487
-2.38631
-1.82056
-1.2169
-1.05341
-1.03922
-1.04774
-1.04566
-1.04473
-1.04465
-1.04467
-1.04463
-1.04463
-1.62875
-1.62105
-1.61166
-1.60313
-1.59556
-1.58847
-1.58199
-1.57638
-1.57123
-1.56677
-1.56289
-1.55971
-1.55705
-1.55508
-1.55356
-1.55275
-1.55226
-1.55253
-1.55294
-1.55417
-1.55529
-1.55734
-1.55919
-1.5628
-1.56574
-1.56564
-1.54825
-1.51859
-1.57303
-2.18002
-3.82695
-6.44139
-7.05993
-6.85258
-4.37072
-2.18086
-1.41776
-1.09901
-1.06965
-1.06418
-1.06742
-1.06827
-1.0675
-1.06721
-1.06718
-1.06715
-1.06714
-1.06715
-1.06716
-1.06717
-2.79248
-2.77836
-2.7648
-2.7543
-2.74625
-2.74006
-2.73568
-2.73346
-2.73292
-2.7344
-2.73765
-2.74295
-2.74995
-2.75908
-2.76981
-2.78279
-2.79724
-2.8141
-2.83224
-2.85304
-2.87519
-2.90123
-2.92848
-2.95319
-2.95561
-2.94235
-3.05973
-3.91427
-5.9872
-7.47328
-7.37023
-6.39675
-3.04426
-1.15526
-0.980539
-1.10137
-1.09287
-1.09049
-1.09017
-1.09014
-1.09016
-1.09014
-1.0901
-1.09008
-1.09006
-1.09004
-1.09002
-1.09
-1.08998
-1.08996
-2.69854
-2.68792
-2.67637
-2.66719
-2.66055
-2.65602
-2.65346
-2.65312
-2.65463
-2.6583
-2.66388
-2.67169
-2.68141
-2.69347
-2.70743
-2.72389
-2.7422
-2.76324
-2.78641
-2.81383
-2.8442
-2.87182
-2.87233
-2.84248
-2.95536
-3.88468
-6.21837
-7.19905
-6.54579
-4.34595
-1.44712
-1.04184
-1.09711
-1.11759
-1.11282
-1.11134
-1.11147
-1.11156
-1.11171
-1.11178
-1.11185
-1.1119
-1.11194
-1.11197
-1.11199
-1.11201
-1.11203
-1.11203
-1.11204
-1.11204
-3.05939
-3.0593
-3.06116
-3.06513
-3.07093
-3.07841
-3.08755
-3.09865
-3.11139
-3.12615
-3.14266
-3.16134
-3.18185
-3.2047
-3.22941
-3.25665
-3.28611
-3.31957
-3.35672
-3.39233
-3.40178
-3.37103
-3.45538
-4.25215
-6.41163
-7.32931
-6.20046
-3.46613
-1.22707
-1.07161
-1.13321
-1.13412
-1.13301
-1.1332
-1.13308
-1.13308
-1.1332
-1.13333
-1.13344
-1.13353
-1.13361
-1.13367
-1.13373
-1.13378
-1.13382
-1.13385
-1.13388
-1.1339
-1.13392
-1.13394
-2.34875
-2.36541
-2.38258
-2.39752
-2.41067
-2.42222
-2.43241
-2.44125
-2.44865
-2.45461
-2.45911
-2.46213
-2.46353
-2.46332
-2.46147
-2.45895
-2.45568
-2.44709
-2.4131
-2.34118
-2.34954
-2.91146
-4.70558
-6.60526
-5.6696
-3.0515
-1.21947
-1.12421
-1.15313
-1.15601
-1.15583
-1.15587
-1.15576
-1.15575
-1.15579
-1.15583
-1.15587
-1.1559
-1.15592
-1.15595
-1.15598
-1.156
-1.15602
-1.15603
-1.15604
-1.15604
-1.15605
-1.15606
-1.15606
-1.15606
-2.24186
-2.25361
-2.26475
-2.27342
-2.28021
-2.28506
-2.28827
-2.28958
-2.28912
-2.28653
-2.28209
-2.27524
-2.26645
-2.25552
-2.24407
-2.23012
-2.20165
-2.13002
-2.04098
-2.24852
-3.51548
-6.679
-5.26911
-3.07127
-1.27413
-1.16667
-1.17682
-1.17926
-1.17888
-1.17877
-1.17869
-1.17863
-1.17846
-1.17829
-1.17752
-1.17825
-1.17822
-1.17819
-1.17816
-1.17813
-1.17812
-1.17811
-1.1781
-1.17807
-1.17806
-1.17801
-1.17804
-1.17803
-1.17803
-1.17802
-3.09812
-3.10845
-3.12299
-3.13947
-3.15778
-3.17766
-3.19958
-3.22318
-3.24887
-3.27611
-3.30553
-3.33678
-3.37191
-3.41008
-3.44394
-3.44392
-3.40433
-3.5412
-4.5661
-6.91482
-5.63378
-3.07594
-1.35967
-1.19819
-1.19986
-1.20041
-1.20017
-1.20013
-1.20013
-1.20014
-1.20014
-1.20015
-1.20015
-1.20009
-1.20004
-1.19944
-1.20004
-1.20002
-1.20003
-1.20008
-1.20008
-1.20019
-1.20019
-1.20017
-1.20019
-1.20004
-1.20024
-1.20024
-1.20024
-1.20024
-2.33061
-2.35555
-2.38267
-2.40892
-2.43534
-2.46209
-2.48978
-2.51793
-2.54706
-2.57667
-2.60808
-2.6416
-2.67649
-2.69863
-2.68546
-2.67644
-2.99716
-4.24589
-6.37802
-3.35773
-1.58822
-1.22735
-1.22202
-1.22258
-1.22248
-1.22244
-1.22245
-1.22246
-1.22247
-1.22248
-1.22249
-1.22249
-1.2225
-1.2225
-1.22248
-1.22248
-1.22252
-1.22251
-1.22251
-1.22243
-1.22185
-1.22249
-1.2225
-1.22251
-1.22246
-1.22199
-1.22259
-1.2226
-1.2226
-1.22261
-2.76884
-2.78595
-2.80711
-2.82962
-2.85307
-2.87795
-2.90407
-2.93175
-2.96085
-2.99256
-3.02653
-3.05789
-3.06713
-3.04996
-3.14702
-3.82501
-5.28293
-4.51844
-2.12274
-1.27043
-1.24451
-1.24477
-1.24477
-1.24476
-1.24474
-1.24474
-1.24474
-1.24474
-1.24474
-1.24474
-1.24475
-1.24472
-1.2447
-1.24414
-1.24475
-1.24475
-1.24492
-1.24498
-1.24481
-1.24488
-1.24489
-1.24488
-1.24484
-1.24455
-1.24494
-1.24494
-1.24494
-1.2447
-1.24503
-1.24504
-2.061
-2.08629
-2.11402
-2.14043
-2.16548
-2.18983
-2.21336
-2.23688
-2.26155
-2.28755
-2.30001
-2.26042
-2.17142
-2.39245
-3.9341
-6.9308
-3.05831
-1.43079
-1.26972
-1.2671
-1.26714
-1.26725
-1.26725
-1.26727
-1.2673
-1.26731
-1.26711
-1.26718
-1.2672
-1.26721
-1.26723
-1.26717
-1.26724
-1.26726
-1.26685
-1.26727
-1.26733
-1.26739
-1.26722
-1.2675
-1.26751
-1.26753
-1.26755
-1.26757
-1.26759
-1.26761
-1.26763
-1.26765
-1.26767
-1.26769
-1.54245
-1.58204
-1.62428
-1.66228
-1.69685
-1.72853
-1.75859
-1.78757
-1.81499
-1.82747
-1.79644
-1.74917
-2.00285
-3.27277
-5.45778
-2.13587
-1.31258
-1.28895
-1.28883
-1.28898
-1.28904
-1.28905
-1.28907
-1.28909
-1.28911
-1.28912
-1.28911
-1.28891
-1.28908
-1.28911
-1.28916
-1.28928
-1.28932
-1.28902
-1.28906
-1.28954
-1.28958
-1.2896
-1.28965
-1.28993
-1.28998
-1.29004
-1.29009
-1.29009
-1.29015
-1.2902
-1.29024
-1.29029
-1.29032
-1.29036
-2.05331
-2.09014
-2.13177
-2.1721
-2.21085
-2.24976
-2.28919
-2.32722
-2.35059
-2.34525
-2.37397
-2.74939
-3.8332
-4.3408
-1.73066
-1.31436
-1.3108
-1.31107
-1.31122
-1.31126
-1.31127
-1.31129
-1.3113
-1.31132
-1.31133
-1.31134
-1.31135
-1.31136
-1.31137
-1.31137
-1.31136
-1.31138
-1.31137
-1.31061
-1.31265
-1.31265
-1.31265
-1.31267
-1.31267
-1.31188
-1.31339
-1.3134
-1.31343
-1.31347
-1.3135
-1.31258
-1.31363
-1.31366
-1.31371
-1.31392
-1.95534
-1.99466
-2.03812
-2.0799
-2.12106
-2.16265
-2.1993
-2.21358
-2.20135
-2.30063
-2.94578
-4.22065
-3.22391
-1.42209
-1.33299
-1.33266
-1.33287
-1.33298
-1.33303
-1.33306
-1.33309
-1.33313
-1.33316
-1.3332
-1.33323
-1.33327
-1.33329
-1.33333
-1.33337
-1.33337
-1.33341
-1.33346
-1.33323
-1.33277
-1.33434
-1.33436
-1.33438
-1.33441
-1.3344
-1.33374
-1.3357
-1.3357
-1.33571
-1.33571
-1.33567
-1.33469
-1.33714
-1.33702
-1.33715
-1.33714
2.97178
1.96382
0.674784
-0.505433
-0.847109
-0.904275
-0.914541
-0.916989
-0.917735
-0.917964
-0.918007
-0.917998
-0.917981
-0.917962
-0.917941
-0.91792
-0.917899
-0.917878
-0.917857
-0.917827
-0.917806
-0.917798
-0.91778
-0.917762
-0.917746
-0.917733
-0.917723
-0.917715
-0.917705
-0.917702
-0.917706
-0.917707
-0.917696
-0.917716
-0.917728
-0.917654
-0.917747
-0.917768
-0.917767
-0.917791
-0.917831
-0.917731
-0.917893
-0.917941
-0.917972
-0.918007
-0.918053
-0.91803
-0.918136
-0.918182
0.477807
0.434098
0.104165
-0.514724
-0.860827
-0.925592
-0.935824
-0.9382
-0.938903
-0.939129
-0.939195
-0.939209
-0.939205
-0.939198
-0.93919
-0.93918
-0.939168
-0.939156
-0.939142
-0.939121
-0.939108
-0.939102
-0.939088
-0.939074
-0.93906
-0.939049
-0.93904
-0.939034
-0.939029
-0.939024
-0.939022
-0.939023
-0.939025
-0.939027
-0.939035
-0.939044
-0.939058
-0.939073
-0.939074
-0.939103
-0.939122
-0.939144
-0.939174
-0.939198
-0.939224
-0.939242
-0.939287
-0.939175
-0.939428
-0.939486
-1.08321
-0.971644
-0.800388
-0.806464
-0.894124
-0.945039
-0.95654
-0.958993
-0.959696
-0.959932
-0.960014
-0.960044
-0.96006
-0.960075
-0.960088
-0.960099
-0.960108
-0.960116
-0.960122
-0.960125
-0.960129
-0.960133
-0.960135
-0.960137
-0.960139
-0.960143
-0.960147
-0.960154
-0.960161
-0.960168
-0.960176
-0.960186
-0.960196
-0.960202
-0.960216
-0.960198
-0.960251
-0.960279
-0.960296
-0.960315
-0.960336
-0.960357
-0.960376
-0.960401
-0.96042
-0.960449
-0.960476
-0.960501
-0.960527
-0.960556
-0.941158
-0.984496
-0.981085
-0.968445
-0.968402
-0.97484
-0.97925
-0.980651
-0.981018
-0.981119
-0.981148
-0.981167
-0.981184
-0.981202
-0.981219
-0.981232
-0.981246
-0.981264
-0.981279
-0.981293
-0.981306
-0.98132
-0.981334
-0.981347
-0.981363
-0.981378
-0.981396
-0.981415
-0.981434
-0.981453
-0.981474
-0.981496
-0.981519
-0.981536
-0.981548
-0.981498
-0.981608
-0.981652
-0.98168
-0.981709
-0.98174
-0.981771
-0.981783
-0.981847
-0.981882
-0.981917
-0.981952
-0.981988
-0.982024
-0.982061
-1.00054
-1.00047
-1.00105
-1.00072
-1.00074
-1.00134
-1.00183
-1.00198
-1.00203
-1.00207
-1.00212
-1.00215
-1.00219
-1.00222
-1.00225
-1.00224
-1.00227
-1.00235
-1.00238
-1.00241
-1.00244
-1.00247
-1.0025
-1.00253
-1.00257
-1.0026
-1.00263
-1.00267
-1.0027
-1.00273
-1.00277
-1.0028
-1.00284
-1.00287
-1.00291
-1.00293
-1.00298
-1.00302
-1.00305
-1.00309
-1.00313
-1.00317
-1.00313
-1.00327
-1.00331
-1.00334
-1.00338
-1.00342
-1.00346
-1.0035
-1.02346
-1.02333
-1.02333
-1.02337
-1.02338
-1.02337
-1.02339
-1.02343
-1.02347
-1.02352
-1.02355
-1.02359
-1.02363
-1.02367
-1.02371
-1.02371
-1.02372
-1.02384
-1.02388
-1.02391
-1.02395
-1.02399
-1.02403
-1.02407
-1.02411
-1.02415
-1.02419
-1.02423
-1.02426
-1.0243
-1.02434
-1.02438
-1.02442
-1.02447
-1.02451
-1.02455
-1.02459
-1.02463
-1.02467
-1.02471
-1.02475
-1.02474
-1.02478
-1.02485
-1.02485
-1.02496
-1.02502
-1.02506
-1.02511
-1.02515
-1.04465
-1.04468
-1.04472
-1.04479
-1.04483
-1.04487
-1.04492
-1.04497
-1.04501
-1.04506
-1.04511
-1.04516
-1.04521
-1.04526
-1.0453
-1.04535
-1.04539
-1.04544
-1.04549
-1.04553
-1.04558
-1.04562
-1.04567
-1.04571
-1.04576
-1.0458
-1.04584
-1.04589
-1.04593
-1.04597
-1.04602
-1.04605
-1.0461
-1.04614
-1.04618
-1.04622
-1.04626
-1.0463
-1.04635
-1.04639
-1.04643
-1.04647
-1.04651
-1.04651
-1.04661
-1.04666
-1.0467
-1.04674
-1.04679
-1.04683
-1.06718
-1.06719
-1.06721
-1.06723
-1.06725
-1.06727
-1.06729
-1.06732
-1.06734
-1.06737
-1.0674
-1.06743
-1.06746
-1.06749
-1.06751
-1.06755
-1.06758
-1.06761
-1.06764
-1.06767
-1.0677
-1.06773
-1.06776
-1.06779
-1.06782
-1.06785
-1.06788
-1.06791
-1.06795
-1.06798
-1.06801
-1.068
-1.06808
-1.06811
-1.06815
-1.06818
-1.06821
-1.06825
-1.06828
-1.06832
-1.06835
-1.06838
-1.06842
-1.06845
-1.06849
-1.06853
-1.06857
-1.0686
-1.06864
-1.06868
-1.08994
-1.08993
-1.08991
-1.0899
-1.08989
-1.08989
-1.08988
-1.08988
-1.08988
-1.08987
-1.08988
-1.08988
-1.08988
-1.08988
-1.08989
-1.0899
-1.0899
-1.08991
-1.08992
-1.08993
-1.08994
-1.08995
-1.08997
-1.08998
-1.09
-1.09001
-1.09002
-1.09
-1.09007
-1.09009
-1.0901
-1.09012
-1.09015
-1.09017
-1.09019
-1.09021
-1.09023
-1.09026
-1.09028
-1.09031
-1.09033
-1.09036
-1.09038
-1.09041
-1.09044
-1.09047
-1.0905
-1.09053
-1.09056
-1.09059
-1.11204
-1.11204
-1.11204
-1.11203
-1.11203
-1.11202
-1.11202
-1.11202
-1.11201
-1.11201
-1.11201
-1.11201
-1.11201
-1.11201
-1.11201
-1.11201
-1.112
-1.11197
-1.11202
-1.11203
-1.11204
-1.11204
-1.11205
-1.11206
-1.11207
-1.11208
-1.11209
-1.1121
-1.11212
-1.1121
-1.11215
-1.11216
-1.11218
-1.1122
-1.11221
-1.11223
-1.11225
-1.11227
-1.11229
-1.11231
-1.11233
-1.11235
-1.11238
-1.1124
-1.11242
-1.11245
-1.11247
-1.1125
-1.11252
-1.11255
-1.13395
-1.13396
-1.13397
-1.13397
-1.13398
-1.13398
-1.13398
-1.13399
-1.13399
-1.13399
-1.13399
-1.134
-1.134
-1.134
-1.13401
-1.13401
-1.13402
-1.13402
-1.13403
-1.13404
-1.13405
-1.13406
-1.13406
-1.13408
-1.13409
-1.1341
-1.13411
-1.13412
-1.13413
-1.13415
-1.13414
-1.13418
-1.1342
-1.13421
-1.13423
-1.13425
-1.13427
-1.13429
-1.13431
-1.13433
-1.13435
-1.13437
-1.13439
-1.13441
-1.13444
-1.13446
-1.13448
-1.13451
-1.13453
-1.13456
-1.15606
-1.15606
-1.15606
-1.15606
-1.15606
-1.15606
-1.15606
-1.15606
-1.15606
-1.15606
-1.15606
-1.15606
-1.15606
-1.15607
-1.15607
-1.15608
-1.15608
-1.15609
-1.1561
-1.15611
-1.15612
-1.15613
-1.15614
-1.15615
-1.15616
-1.15617
-1.15619
-1.1562
-1.15622
-1.15623
-1.15625
-1.15627
-1.15628
-1.1563
-1.15632
-1.15634
-1.15636
-1.15638
-1.1564
-1.15642
-1.15644
-1.15647
-1.15649
-1.15651
-1.15653
-1.15656
-1.15658
-1.15661
-1.15663
-1.15666
-1.17802
-1.17802
-1.17802
-1.17802
-1.17802
-1.17802
-1.17803
-1.17803
-1.17804
-1.17804
-1.17805
-1.17806
-1.17807
-1.17808
-1.1781
-1.1781
-1.17811
-1.1781
-1.17815
-1.17817
-1.17818
-1.1782
-1.17822
-1.17824
-1.17826
-1.17828
-1.1783
-1.17832
-1.17834
-1.17836
-1.17838
-1.1784
-1.17842
-1.17845
-1.17847
-1.17849
-1.17852
-1.17854
-1.17857
-1.17859
-1.17862
-1.17864
-1.17867
-1.17869
-1.17872
-1.17874
-1.17877
-1.1788
-1.17882
-1.17885
-1.20024
-1.20025
-1.20025
-1.20026
-1.20026
-1.20027
-1.20028
-1.20029
-1.2003
-1.20031
-1.20032
-1.20034
-1.20035
-1.20037
-1.20038
-1.2004
-1.20041
-1.20043
-1.20045
-1.20047
-1.20049
-1.20051
-1.20053
-1.20055
-1.20057
-1.20059
-1.20061
-1.20064
-1.20066
-1.20068
-1.2007
-1.20073
-1.20075
-1.20078
-1.2008
-1.20083
-1.20085
-1.20088
-1.2009
-1.20093
-1.20095
-1.20098
-1.20101
-1.20103
-1.20106
-1.20109
-1.20111
-1.20114
-1.20117
-1.20119
-1.22261
-1.22262
-1.22263
-1.22264
-1.22265
-1.22266
-1.22267
-1.22269
-1.2227
-1.22271
-1.22273
-1.22275
-1.22276
-1.22278
-1.2228
-1.22282
-1.22284
-1.22286
-1.22288
-1.2229
-1.22292
-1.22295
-1.22297
-1.22299
-1.22302
-1.22304
-1.22306
-1.22309
-1.22311
-1.22314
-1.22316
-1.22319
-1.22321
-1.22324
-1.22327
-1.22329
-1.22332
-1.22335
-1.22337
-1.2234
-1.22342
-1.22345
-1.22348
-1.2235
-1.22353
-1.22356
-1.22358
-1.22361
-1.22364
-1.22366
-1.24506
-1.24507
-1.24509
-1.2451
-1.24512
-1.24514
-1.24515
-1.24517
-1.24519
-1.24521
-1.24523
-1.24525
-1.24528
-1.2453
-1.24532
-1.24535
-1.24537
-1.24539
-1.24542
-1.24544
-1.24547
-1.2455
-1.24552
-1.24555
-1.24558
-1.2456
-1.24563
-1.24566
-1.24568
-1.24571
-1.24574
-1.24576
-1.24579
-1.24582
-1.24585
-1.24587
-1.2459
-1.24593
-1.24595
-1.24598
-1.24601
-1.24603
-1.24606
-1.24609
-1.24611
-1.24614
-1.24617
-1.24619
-1.24622
-1.24624
-1.26772
-1.26774
-1.26776
-1.26778
-1.26781
-1.26783
-1.26785
-1.26788
-1.2679
-1.26792
-1.26795
-1.26797
-1.268
-1.26802
-1.26805
-1.26807
-1.2681
-1.26813
-1.26815
-1.26818
-1.26821
-1.26823
-1.26826
-1.26829
-1.26831
-1.26834
-1.26837
-1.26839
-1.26842
-1.26845
-1.26847
-1.2685
-1.26852
-1.26855
-1.26858
-1.2686
-1.26863
-1.26865
-1.26868
-1.2687
-1.26873
-1.26875
-1.26877
-1.2688
-1.26882
-1.26884
-1.26887
-1.26889
-1.26891
-1.26893
-1.29039
-1.29039
-1.29034
-1.29048
-1.29051
-1.29054
-1.29058
-1.29061
-1.29064
-1.29068
-1.29072
-1.29075
-1.29078
-1.29081
-1.29084
-1.29087
-1.2909
-1.29093
-1.29096
-1.29099
-1.29101
-1.29104
-1.29107
-1.2911
-1.29113
-1.29115
-1.29118
-1.29121
-1.29123
-1.29126
-1.29129
-1.29131
-1.29133
-1.29136
-1.29138
-1.29141
-1.29143
-1.29145
-1.29147
-1.29149
-1.29152
-1.29154
-1.29156
-1.29158
-1.2916
-1.29162
-1.29163
-1.29165
-1.29167
-1.29169
-1.31329
-1.31333
-1.31369
-1.31373
-1.31373
-1.31373
-1.31374
-1.31296
-1.31384
-1.31385
-1.31385
-1.31388
-1.31389
-1.3139
-1.31391
-1.31395
-1.31399
-1.31401
-1.31403
-1.31405
-1.31407
-1.31409
-1.31412
-1.31414
-1.31416
-1.31418
-1.3142
-1.31422
-1.31423
-1.31425
-1.31427
-1.31428
-1.3143
-1.31431
-1.31433
-1.31434
-1.31436
-1.31437
-1.31438
-1.3144
-1.31441
-1.31442
-1.31443
-1.31444
-1.31445
-1.31447
-1.31448
-1.31449
-1.3145
-1.31451
-1.33591
-1.33801
-1.33802
-1.33803
-1.33806
-1.33811
-1.33659
-1.33667
-1.33684
-1.33689
-1.33693
-1.33697
-1.33701
-1.33704
-1.33548
-1.33713
-1.33716
-1.33719
-1.33722
-1.33724
-1.33724
-1.33724
-1.33727
-1.33731
-1.33732
-1.33732
-1.33732
-1.33733
-1.33733
-1.33733
-1.33734
-1.33734
-1.33734
-1.33735
-1.33735
-1.33735
-1.33735
-1.33735
-1.33735
-1.33735
-1.33735
-1.33735
-1.33735
-1.33735
-1.33735
-1.33735
-1.33735
-1.33735
-1.33735
-1.33736
-0.918239
-0.91824
-0.918244
-0.918283
-0.91831
-0.918352
-0.918383
-0.918413
-0.918444
-0.918477
-0.918276
-0.91845
-0.918545
-0.918611
-0.918646
-0.918683
-0.91872
-0.918758
-0.918797
-0.91824
-0.918656
-0.918693
-0.918766
-0.918843
-0.918883
-0.918924
-0.918966
-0.918856
-0.918899
-0.918991
-0.918461
-0.91923
-0.919432
-0.919567
-0.919607
-0.919602
-0.919693
-0.919714
-0.919736
-0.919777
-0.919508
-0.919741
-0.919777
-0.919777
-0.919838
-0.919888
-0.919926
-0.919973
-0.919972
-0.920004
-0.920464
-0.920493
-0.920515
-0.920546
-0.920582
-0.920614
-0.920643
-0.920569
-0.920624
-0.920656
-0.920679
-0.920703
-0.920731
-0.920767
-0.920804
-0.920831
-0.920867
-0.921321
-0.921351
-0.921366
-0.921409
-0.921462
-0.921503
-0.921534
-0.921567
-0.92203
-0.922069
-0.9221
-0.922149
-0.922204
-0.922263
-0.92233
-0.921992
-0.922059
-0.922138
-0.922194
-0.922247
-0.92231
-0.922373
-0.922441
-0.92251
-0.922576
-0.922095
-0.922202
-0.922277
-0.922014
-0.922088
-0.922161
-0.921519
-0.921584
-0.92167
-0.921723
-0.921774
-0.921834
-0.921869
-0.921527
-0.921561
-0.922281
-0.921769
-0.921789
-0.921823
-0.921827
-0.921811
-0.921801
-0.921821
-0.921808
-0.921651
-0.921802
-0.921792
-0.921724
-0.922173
-0.921745
-0.921974
-0.921382
-0.921438
-0.921467
-0.92078
-0.920801
-0.920981
-0.92095
-0.921003
-0.920994
-0.921008
-0.921082
-0.921097
-0.921112
-0.92047
-0.920528
-0.920585
-0.920612
-0.920615
-0.920709
-0.920718
-0.920293
-0.920794
-0.920835
-0.920861
-0.920897
-0.920987
-0.921058
-0.918605
-0.92015
-0.920405
-0.920409
-0.920436
-0.920457
-0.916985
-0.919315
-0.919316
-0.919276
-0.91923
-0.919163
-0.919091
-0.919041
-0.918933
-0.918789
-0.920151
-0.92013
-0.920098
-0.920062
-0.920024
-0.919934
-0.91998
-0.919964
-0.919955
-0.919952
-0.919955
-0.919963
-0.919959
-0.919878
-0.918537
-0.918627
-0.919266
-0.919182
-0.919145
-0.919163
-0.919228
-0.919291
-0.919352
-0.919413
-0.91948
-0.919556
-0.919573
-0.919509
-0.919542
-0.919646
-0.919843
-0.919965
-0.920052
-0.920132
-0.920227
-0.920093
-0.92029
-0.920376
-0.92044
-0.920506
-0.920575
-0.920647
-0.920721
-0.920783
-0.920139
-0.92024
-0.920535
-0.920568
-0.920643
-0.920723
-0.920798
-0.92087
-0.92094
-0.921
-0.921073
-0.921137
-0.921199
-0.921291
-0.921188
-0.921252
-0.921331
-0.921343
-0.921396
-0.921456
-0.921483
-0.921509
-0.921535
-0.921552
-0.921569
-0.921589
-0.921496
-0.921463
-0.922064
-0.921999
-0.92195
-0.921961
-0.921976
-0.92199
-0.922003
-0.92201
-0.921974
-0.921969
-0.922203
-0.92223
-0.922244
-0.92228
-0.922321
-0.922364
-0.92239
-0.922446
-0.922482
-0.92258
-0.92219
-0.922455
-0.922762
-0.922823
-0.922887
-0.92295
-0.922916
-0.922634
-0.922979
-0.923029
-0.923031
-0.923025
-0.923015
-0.923007
-0.923026
-0.922921
-0.922928
-0.922907
-0.922894
-0.922922
-0.92296
-0.923222
-0.92017
-0.922015
-0.922478
-0.921943
-0.922079
-0.922208
-0.921114
-0.922385
-0.921816
-0.922498
-0.921629
-0.922719
-0.92275
-0.922751
-0.922976
-0.922347
-0.922726
-0.922812
-0.922853
-0.923155
-0.939518
-0.939543
-0.939567
-0.939593
-0.93962
-0.939646
-0.939674
-0.939702
-0.939731
-0.939761
-0.939791
-0.939823
-0.939854
-0.939886
-0.939919
-0.939952
-0.939976
-0.940009
-0.94006
-0.939343
-0.939908
-0.939943
-0.940051
-0.940114
-0.940153
-0.940192
-0.940233
-0.940274
-0.940318
-0.940362
-0.939843
-0.940717
-0.940836
-0.940948
-0.940996
-0.941046
-0.941096
-0.941124
-0.941417
-0.941459
-0.941504
-0.941558
-0.941615
-0.941671
-0.941693
-0.941759
-0.94132
-0.941404
-0.941492
-0.941548
-0.941615
-0.941685
-0.941754
-0.941828
-0.941903
-0.941153
-0.941274
-0.941354
-0.941417
-0.941483
-0.941545
-0.941609
-0.94168
-0.941745
-0.941804
-0.941402
-0.942261
-0.942314
-0.942361
-0.942415
-0.942475
-0.94253
-0.94202
-0.942119
-0.942178
-0.94222
-0.942264
-0.942305
-0.942345
-0.942381
-0.942388
-0.942285
-0.943435
-0.943449
-0.943465
-0.943484
-0.943502
-0.943516
-0.943533
-0.943547
-0.943553
-0.94298
-0.943119
-0.943124
-0.943015
-0.942987
-0.942996
-0.942981
-0.942725
-0.943547
-0.943544
-0.943542
-0.943538
-0.943534
-0.943542
-0.943547
-0.942764
-0.94282
-0.942866
-0.942863
-0.942864
-0.942866
-0.942863
-0.942842
-0.942832
-0.942802
-0.942481
-0.943029
-0.943012
-0.942978
-0.943141
-0.942937
-0.942869
-0.942925
-0.94287
-0.94281
-0.942719
-0.942797
-0.942785
-0.942652
-0.942588
-0.942406
-0.942374
-0.942445
-0.942399
-0.942295
-0.942607
-0.94255
-0.942476
-0.942621
-0.942585
-0.942633
-0.94236
-0.942779
-0.942769
-0.94277
-0.942763
-0.942798
-0.942422
-0.942565
-0.942466
-0.9425
-0.942518
-0.942503
-0.942546
-0.941836
-0.941973
-0.942309
-0.942307
-0.942306
-0.942308
-0.942342
-0.942379
-0.942376
-0.940583
-0.941637
-0.941737
-0.941781
-0.941809
-0.94183
-0.94184
-0.941844
-0.941853
-0.941719
-0.941968
-0.941974
-0.941981
-0.941991
-0.942005
-0.942028
-0.942107
-0.942159
-0.941785
-0.941778
-0.941987
-0.942297
-0.94248
-0.942584
-0.942661
-0.942733
-0.942804
-0.942872
-0.942931
-0.94295
-0.941464
-0.943405
-0.943524
-0.943616
-0.943708
-0.943806
-0.943911
-0.944017
-0.942258
-0.943177
-0.943377
-0.943438
-0.943536
-0.943624
-0.943702
-0.943771
-0.943822
-0.943759
-0.943767
-0.943953
-0.9441
-0.944184
-0.944249
-0.944309
-0.944364
-0.944414
-0.944448
-0.944338
-0.944626
-0.944648
-0.944653
-0.944656
-0.944665
-0.944678
-0.944629
-0.944574
-0.944897
-0.944959
-0.94488
-0.944921
-0.944924
-0.944931
-0.944964
-0.944996
-0.94484
-0.944822
-0.945056
-0.945163
-0.945191
-0.945201
-0.945203
-0.945198
-0.945191
-0.945195
-0.945082
-0.945044
-0.945253
-0.945254
-0.945221
-0.945182
-0.945134
-0.945076
-0.945004
-0.944914
-0.944789
-0.943812
-0.943313
-0.946054
-0.946035
-0.945945
-0.945878
-0.945823
-0.945765
-0.945704
-0.94565
-0.945598
-0.945378
-0.94537
-0.945382
-0.945306
-0.945226
-0.945137
-0.945035
-0.944916
-0.944791
-0.944663
-0.944065
-0.943838
-0.945043
-0.94501
-0.944276
-0.94513
-0.944997
-0.945004
-0.945086
-0.945286
-0.945355
-0.945398
-0.945489
-0.945608
-0.945761
-0.945357
-0.945629
-0.945236
-0.945378
-0.945196
-0.96058
-0.960599
-0.960618
-0.960638
-0.960658
-0.960679
-0.9607
-0.960721
-0.960743
-0.960765
-0.960787
-0.960809
-0.960832
-0.960855
-0.960879
-0.960808
-0.960834
-0.96092
-0.960768
-0.960794
-0.960825
-0.960893
-0.960942
-0.960966
-0.960989
-0.961012
-0.961035
-0.961058
-0.961081
-0.961103
-0.96071
-0.961385
-0.961465
-0.961535
-0.961556
-0.961577
-0.961553
-0.961317
-0.962159
-0.962235
-0.962262
-0.962281
-0.962298
-0.962286
-0.962301
-0.962284
-0.962278
-0.961966
-0.962885
-0.962929
-0.962964
-0.962983
-0.963002
-0.963023
-0.963045
-0.961918
-0.962583
-0.962606
-0.962627
-0.962645
-0.962661
-0.962684
-0.962703
-0.962721
-0.962739
-0.962663
-0.962534
-0.963066
-0.963107
-0.963108
-0.963115
-0.963121
-0.963102
-0.962502
-0.963869
-0.963829
-0.963846
-0.963844
-0.96384
-0.963836
-0.963808
-0.962961
-0.964856
-0.964851
-0.964848
-0.964846
-0.964847
-0.96485
-0.964855
-0.96486
-0.964868
-0.964476
-0.964151
-0.964879
-0.964908
-0.964903
-0.96491
-0.964318
-0.964747
-0.964759
-0.964761
-0.964756
-0.964751
-0.964745
-0.96474
-0.964722
-0.96345
-0.964829
-0.964824
-0.964819
-0.964811
-0.964801
-0.964792
-0.964785
-0.964778
-0.964774
-0.964776
-0.964411
-0.96474
-0.964736
-0.964707
-0.964695
-0.964699
-0.964683
-0.964266
-0.964399
-0.964401
-0.964382
-0.964375
-0.964375
-0.964369
-0.96436
-0.964357
-0.964345
-0.964263
-0.963936
-0.964811
-0.964898
-0.964894
-0.964886
-0.964884
-0.964874
-0.964389
-0.965069
-0.965112
-0.965148
-0.96515
-0.965079
-0.965224
-0.965239
-0.965133
-0.965093
-0.9651
-0.965131
-0.964704
-0.965133
-0.965094
-0.965129
-0.965183
-0.965171
-0.965223
-0.965261
-0.96529
-0.964207
-0.964605
-0.965021
-0.96506
-0.965099
-0.965138
-0.965183
-0.965228
-0.965275
-0.965322
-0.964854
-0.965192
-0.965255
-0.965308
-0.965357
-0.965403
-0.965444
-0.965473
-0.965484
-0.963779
-0.964371
-0.966416
-0.966456
-0.966474
-0.966493
-0.966525
-0.966567
-0.966618
-0.966676
-0.96674
-0.966662
-0.966783
-0.9669
-0.966943
-0.966985
-0.967025
-0.96706
-0.967088
-0.967097
-0.967074
-0.966541
-0.966555
-0.967602
-0.967725
-0.967799
-0.967868
-0.967979
-0.96806
-0.966202
-0.967865
-0.96796
-0.968033
-0.968111
-0.968181
-0.968247
-0.968306
-0.968358
-0.968407
-0.968446
-0.966957
-0.968187
-0.968256
-0.96828
-0.968301
-0.968328
-0.968339
-0.968338
-0.968335
-0.968369
-0.96819
-0.96804
-0.968463
-0.968553
-0.967939
-0.968778
-0.968186
-0.969135
-0.969035
-0.968972
-0.968926
-0.968886
-0.968846
-0.968809
-0.968781
-0.968394
-0.968512
-0.968525
-0.968455
-0.968403
-0.968343
-0.968273
-0.968194
-0.968106
-0.968011
-0.967932
-0.967845
-0.967112
-0.966987
-0.968505
-0.968596
-0.968555
-0.968501
-0.968447
-0.968396
-0.968346
-0.968299
-0.968256
-0.968222
-0.967842
-0.968042
-0.968031
-0.968011
-0.968003
-0.968008
-0.968032
-0.968016
-0.966735
-0.966915
-0.967245
-0.966446
-0.966709
-0.96725
-0.967103
-0.967683
-0.967316
-0.967376
-0.967616
-0.967694
-0.967656
-0.967685
-0.967809
-0.967835
-0.967724
-0.968163
-0.967771
-0.967919
-0.967404
-0.982093
-0.982118
-0.982144
-0.982169
-0.982195
-0.982221
-0.982247
-0.982274
-0.9823
-0.982327
-0.982354
-0.982382
-0.982409
-0.982436
-0.982464
-0.982491
-0.982497
-0.982532
-0.982563
-0.982584
-0.982618
-0.982656
-0.982685
-0.982715
-0.982745
-0.982774
-0.9828
-0.982831
-0.982858
-0.982643
-0.983001
-0.983084
-0.983137
-0.983169
-0.983201
-0.983233
-0.983265
-0.98296
-0.983482
-0.983544
-0.983585
-0.983614
-0.983646
-0.983675
-0.983494
-0.983765
-0.98386
-0.983891
-0.983984
-0.98402
-0.984066
-0.984097
-0.984086
-0.984117
-0.984099
-0.984108
-0.983779
-0.98461
-0.984649
-0.984681
-0.984707
-0.984751
-0.984789
-0.984823
-0.984853
-0.984901
-0.984923
-0.984962
-0.984875
-0.984922
-0.985004
-0.984977
-0.985048
-0.985088
-0.985052
-0.985218
-0.985285
-0.985331
-0.985247
-0.985292
-0.985484
-0.985015
-0.985473
-0.985513
-0.985544
-0.985577
-0.985611
-0.98564
-0.985666
-0.985691
-0.985712
-0.985714
-0.985393
-0.986023
-0.986038
-0.986052
-0.986057
-0.986066
-0.98594
-0.986119
-0.986123
-0.986162
-0.986177
-0.98616
-0.986174
-0.986207
-0.986139
-0.985998
-0.986394
-0.986426
-0.986445
-0.986454
-0.986463
-0.986472
-0.986481
-0.98649
-0.986499
-0.986507
-0.986519
-0.986526
-0.986494
-0.986491
-0.986512
-0.986503
-0.985698
-0.98684
-0.986846
-0.986861
-0.986874
-0.986883
-0.986893
-0.986906
-0.98692
-0.986934
-0.986867
-0.986992
-0.987014
-0.98706
-0.987083
-0.987107
-0.98713
-0.987159
-0.987184
-0.987186
-0.987243
-0.987288
-0.987328
-0.987362
-0.987155
-0.987467
-0.987517
-0.987507
-0.987586
-0.987493
-0.987736
-0.987838
-0.987836
-0.987797
-0.987937
-0.98799
-0.988059
-0.987928
-0.988078
-0.988136
-0.988202
-0.988275
-0.988351
-0.988425
-0.98825
-0.988524
-0.988607
-0.988711
-0.988787
-0.988334
-0.988607
-0.988725
-0.98884
-0.988959
-0.989084
-0.989221
-0.989151
-0.989308
-0.989383
-0.989496
-0.98965
-0.989308
-0.989634
-0.98982
-0.989929
-0.990034
-0.990135
-0.990235
-0.990332
-0.990292
-0.990399
-0.990581
-0.990664
-0.990764
-0.990871
-0.990988
-0.99112
-0.991261
-0.991418
-0.990151
-0.990616
-0.991135
-0.99136
-0.991478
-0.991628
-0.991841
-0.991674
-0.992052
-0.992162
-0.992264
-0.992363
-0.992452
-0.992498
-0.992634
-0.992728
-0.99282
-0.992922
-0.993024
-0.990232
-0.991764
-0.991919
-0.992026
-0.992122
-0.992215
-0.992308
-0.992399
-0.992486
-0.992582
-0.992638
-0.991345
-0.991666
-0.992169
-0.99221
-0.992248
-0.992302
-0.992326
-0.992342
-0.992336
-0.992324
-0.992305
-0.992278
-0.992239
-0.992197
-0.992147
-0.992094
-0.992038
-0.991977
-0.991915
-0.991854
-0.991783
-0.991713
-0.991652
-0.991569
-0.991146
-0.991086
-0.991659
-0.991522
-0.991407
-0.991346
-0.991285
-0.991219
-0.991152
-0.991084
-0.991017
-0.99095
-0.990887
-0.990849
-0.990728
-0.990651
-0.990787
-0.990697
-0.990655
-0.990688
-0.990761
-0.988349
-0.989981
-0.98991
-0.989832
-0.989826
-0.989914
-0.989935
-0.989686
-0.989913
-0.989946
-0.989927
-0.989918
-0.989921
-0.989961
-0.989977
-0.989907
-0.989993
-0.990036
-0.989891
-0.989917
-0.989965
-0.989037
-1.00354
-1.00356
-1.00359
-1.00362
-1.00364
-1.00367
-1.0037
-1.00372
-1.00375
-1.00378
-1.00381
-1.00384
-1.00387
-1.00389
-1.00392
-1.00395
-1.00399
-1.00402
-1.00405
-1.00408
-1.00411
-1.00414
-1.00418
-1.00421
-1.00425
-1.00428
-1.00431
-1.00435
-1.00439
-1.00442
-1.00446
-1.0045
-1.00454
-1.00458
-1.00462
-1.00466
-1.0047
-1.00473
-1.00478
-1.00482
-1.00487
-1.00491
-1.00495
-1.00499
-1.00503
-1.00508
-1.00512
-1.00516
-1.00521
-1.00525
-1.0053
-1.00534
-1.00538
-1.00525
-1.00552
-1.0056
-1.00563
-1.00568
-1.00572
-1.00562
-1.00585
-1.00593
-1.00597
-1.00603
-1.00607
-1.00612
-1.00616
-1.00621
-1.00625
-1.0063
-1.00624
-1.00642
-1.00649
-1.00653
-1.00658
-1.00663
-1.00668
-1.00672
-1.00673
-1.00684
-1.00691
-1.00695
-1.00699
-1.00696
-1.00714
-1.0072
-1.00725
-1.00729
-1.00734
-1.00738
-1.00742
-1.00747
-1.00751
-1.00756
-1.00756
-1.00768
-1.00773
-1.00776
-1.0078
-1.00785
-1.00789
-1.00793
-1.00797
-1.00801
-1.00804
-1.00809
-1.00812
-1.00816
-1.0082
-1.00824
-1.00828
-1.00832
-1.00836
-1.0084
-1.00844
-1.00848
-1.00853
-1.00857
-1.00861
-1.00866
-1.0087
-1.00875
-1.00879
-1.00884
-1.00889
-1.00893
-1.009
-1.00904
-1.0091
-1.00915
-1.0092
-1.00925
-1.00931
-1.00937
-1.00943
-1.00949
-1.00955
-1.00961
-1.00967
-1.00974
-1.0098
-1.00987
-1.00993
-1.01
-1.01007
-1.01014
-1.01021
-1.01028
-1.01035
-1.01043
-1.0105
-1.01058
-1.01065
-1.01073
-1.01082
-1.0109
-1.01098
-1.01106
-1.01115
-1.01123
-1.01132
-1.01141
-1.01148
-1.01159
-1.01168
-1.01179
-1.01189
-1.01199
-1.01187
-1.01217
-1.01229
-1.01241
-1.01244
-1.01204
-1.01237
-1.01252
-1.01267
-1.01277
-1.01242
-1.01281
-1.01296
-1.01311
-1.01326
-1.01341
-1.0136
-1.01338
-1.01357
-1.01376
-1.01388
-1.01404
-1.01418
-1.01432
-1.01448
-1.01357
-1.01412
-1.01427
-1.01433
-1.01442
-1.01449
-1.01451
-1.01461
-1.01453
-1.01461
-1.01604
-1.01595
-1.01595
-1.016
-1.01606
-1.0161
-1.0159
-1.01629
-1.01634
-1.01641
-1.01648
-1.01655
-1.01645
-1.016
-1.01683
-1.01691
-1.01698
-1.01708
-1.01718
-1.01443
-1.01618
-1.01628
-1.01636
-1.01643
-1.0165
-1.01656
-1.01662
-1.01667
-1.01515
-1.01631
-1.01613
-1.0161
-1.01611
-1.01619
-1.01572
-1.01616
-1.01612
-1.0161
-1.01607
-1.01603
-1.01599
-1.01565
-1.01573
-1.01575
-1.01567
-1.01559
-1.01552
-1.01545
-1.01538
-1.01527
-1.01533
-1.015
-1.01492
-1.01488
-1.01419
-1.01465
-1.01454
-1.01445
-1.01436
-1.01425
-1.01414
-1.01402
-1.01391
-1.01379
-1.01367
-1.01349
-1.01331
-1.01345
-1.01329
-1.01319
-1.01313
-1.01298
-1.01286
-1.01302
-1.01289
-1.01279
-1.0127
-1.01262
-1.01254
-1.01247
-1.01245
-1.01229
-1.01217
-1.01251
-1.01237
-1.01233
-1.01234
-1.01228
-1.01223
-1.01244
-1.01241
-1.01236
-1.01235
-1.01234
-1.01235
-1.0123
-1.01168
-1.02519
-1.02521
-1.02524
-1.02527
-1.02529
-1.02532
-1.02535
-1.02538
-1.0254
-1.02543
-1.02546
-1.02549
-1.02552
-1.02555
-1.02558
-1.02561
-1.02564
-1.02567
-1.0257
-1.02573
-1.02576
-1.02579
-1.02582
-1.02586
-1.02589
-1.02592
-1.02596
-1.02599
-1.02603
-1.02606
-1.0261
-1.02613
-1.02617
-1.02621
-1.02624
-1.02628
-1.02632
-1.02636
-1.0264
-1.02644
-1.02648
-1.02652
-1.02656
-1.0266
-1.02664
-1.02668
-1.02673
-1.02677
-1.02681
-1.02686
-1.0269
-1.02694
-1.02699
-1.02703
-1.02707
-1.02712
-1.02717
-1.02722
-1.02726
-1.02731
-1.02736
-1.0274
-1.02736
-1.02752
-1.02759
-1.02764
-1.02769
-1.02774
-1.02779
-1.02784
-1.02788
-1.02794
-1.02799
-1.02804
-1.02809
-1.02814
-1.02819
-1.02824
-1.0283
-1.02835
-1.0284
-1.02846
-1.02851
-1.02856
-1.02862
-1.02867
-1.02872
-1.02878
-1.02883
-1.02889
-1.02894
-1.029
-1.02906
-1.02911
-1.02917
-1.02922
-1.02928
-1.02934
-1.02939
-1.02938
-1.02952
-1.02959
-1.02965
-1.0297
-1.02976
-1.02982
-1.02988
-1.02994
-1.03
-1.03007
-1.03013
-1.03019
-1.03025
-1.03032
-1.03038
-1.03045
-1.03051
-1.03058
-1.03065
-1.03071
-1.03078
-1.03086
-1.03093
-1.031
-1.03107
-1.03115
-1.03122
-1.0313
-1.03138
-1.03145
-1.03153
-1.03162
-1.0317
-1.03178
-1.03187
-1.03195
-1.03204
-1.03213
-1.03222
-1.03231
-1.0324
-1.03249
-1.03259
-1.03269
-1.03279
-1.03288
-1.03298
-1.03308
-1.03307
-1.03329
-1.03343
-1.03352
-1.03363
-1.03374
-1.03386
-1.03397
-1.03407
-1.03418
-1.03424
-1.0344
-1.03452
-1.03462
-1.03474
-1.03479
-1.03495
-1.03508
-1.0352
-1.03527
-1.0354
-1.03541
-1.0353
-1.03575
-1.03588
-1.03612
-1.03627
-1.03641
-1.03657
-1.0367
-1.0366
-1.03675
-1.03689
-1.03698
-1.03717
-1.03728
-1.03729
-1.0379
-1.03792
-1.03809
-1.03824
-1.03844
-1.03855
-1.03888
-1.03824
-1.03883
-1.0388
-1.039
-1.03859
-1.03911
-1.03937
-1.03912
-1.03979
-1.03738
-1.03895
-1.03917
-1.03922
-1.03942
-1.03979
-1.03995
-1.03968
-1.04039
-1.04055
-1.0407
-1.04091
-1.04117
-1.04146
-1.03763
-1.03975
-1.04029
-1.04045
-1.04066
-1.04103
-1.04139
-1.03847
-1.04049
-1.04058
-1.04066
-1.04074
-1.04086
-1.04099
-1.04122
-1.04037
-1.04043
-1.04034
-1.03982
-1.03987
-1.04027
-1.04013
-1.04024
-1.04016
-1.04005
-1.04002
-1.03996
-1.04004
-1.03958
-1.03951
-1.03949
-1.03935
-1.03918
-1.03906
-1.03888
-1.03863
-1.03887
-1.03871
-1.03856
-1.03841
-1.03826
-1.03817
-1.03749
-1.03781
-1.03763
-1.03748
-1.03733
-1.03718
-1.03704
-1.03689
-1.03675
-1.03661
-1.03648
-1.03634
-1.03615
-1.03607
-1.03594
-1.03583
-1.03575
-1.03567
-1.03563
-1.03524
-1.03531
-1.03525
-1.03516
-1.03511
-1.03507
-1.0348
-1.03478
-1.03488
-1.03472
-1.03474
-1.03478
-1.0346
-1.03463
-1.0347
-1.03469
-1.03471
-1.03475
-1.0348
-1.03485
-1.03494
-1.035
-1.03445
-1.03508
-1.04686
-1.04689
-1.04691
-1.04693
-1.04696
-1.04698
-1.04701
-1.04703
-1.04706
-1.04708
-1.04711
-1.04714
-1.04716
-1.04719
-1.04722
-1.04724
-1.04727
-1.0473
-1.04733
-1.04736
-1.04738
-1.04741
-1.04744
-1.04747
-1.0475
-1.04753
-1.04756
-1.0476
-1.04763
-1.04766
-1.04769
-1.04773
-1.04776
-1.04779
-1.04783
-1.04786
-1.0479
-1.04793
-1.04797
-1.04801
-1.04804
-1.04801
-1.04813
-1.04818
-1.04822
-1.04825
-1.04829
-1.04833
-1.04838
-1.04842
-1.04846
-1.0485
-1.04854
-1.04859
-1.04863
-1.04861
-1.04873
-1.0488
-1.04884
-1.04889
-1.04893
-1.04898
-1.04903
-1.04908
-1.04913
-1.04918
-1.04916
-1.04929
-1.04935
-1.0494
-1.04945
-1.04951
-1.04956
-1.04961
-1.04967
-1.04972
-1.04978
-1.04983
-1.04989
-1.04994
-1.05
-1.05006
-1.05012
-1.05017
-1.05023
-1.05029
-1.05035
-1.05042
-1.05048
-1.05054
-1.0506
-1.05066
-1.05073
-1.05079
-1.05086
-1.05092
-1.05099
-1.05106
-1.05112
-1.05119
-1.05126
-1.05133
-1.0514
-1.05148
-1.05155
-1.05162
-1.0517
-1.05177
-1.05185
-1.05193
-1.052
-1.05208
-1.05216
-1.05224
-1.05233
-1.05241
-1.05249
-1.05258
-1.05267
-1.05276
-1.05285
-1.05294
-1.05303
-1.05312
-1.05322
-1.05331
-1.05341
-1.05351
-1.05361
-1.05371
-1.05382
-1.05392
-1.05403
-1.05414
-1.05425
-1.05436
-1.05447
-1.05458
-1.0547
-1.05481
-1.05493
-1.05495
-1.0552
-1.05535
-1.05549
-1.05559
-1.05574
-1.05587
-1.05596
-1.05613
-1.05619
-1.05633
-1.05651
-1.05665
-1.0568
-1.05693
-1.05689
-1.05705
-1.05722
-1.05737
-1.05753
-1.05766
-1.05779
-1.05797
-1.05813
-1.05828
-1.05831
-1.0585
-1.05865
-1.05882
-1.05898
-1.05915
-1.05933
-1.05949
-1.05966
-1.05977
-1.05994
-1.06025
-1.0604
-1.06059
-1.06083
-1.06102
-1.06121
-1.06142
-1.06128
-1.06156
-1.06156
-1.06199
-1.06204
-1.06227
-1.06265
-1.06279
-1.06326
-1.06352
-1.06271
-1.06301
-1.06327
-1.06318
-1.06349
-1.06412
-1.06116
-1.06263
-1.06368
-1.06273
-1.06351
-1.06416
-1.05986
-1.0627
-1.06292
-1.063
-1.06312
-1.06344
-1.06306
-1.06379
-1.06059
-1.06206
-1.06461
-1.06363
-1.06393
-1.06487
-1.0648
-1.06206
-1.06536
-1.06538
-1.06538
-1.06462
-1.06517
-1.06535
-1.06382
-1.06387
-1.06458
-1.06398
-1.06521
-1.06432
-1.06458
-1.06451
-1.06425
-1.06426
-1.06433
-1.06443
-1.06373
-1.06376
-1.0637
-1.06346
-1.06337
-1.06331
-1.06332
-1.06325
-1.0627
-1.06261
-1.0625
-1.06207
-1.0619
-1.06205
-1.06166
-1.0615
-1.0613
-1.06105
-1.06085
-1.06065
-1.06045
-1.06027
-1.06009
-1.05961
-1.05979
-1.05961
-1.05944
-1.05928
-1.05914
-1.05901
-1.05819
-1.05842
-1.05832
-1.05818
-1.05806
-1.05793
-1.05779
-1.05762
-1.05781
-1.0577
-1.0576
-1.05752
-1.05742
-1.0572
-1.05716
-1.05717
-1.0571
-1.05706
-1.05705
-1.05702
-1.05701
-1.05701
-1.05702
-1.05705
-1.05707
-1.057
-1.05713
-1.05718
-1.05721
-1.05728
-1.06871
-1.06873
-1.06875
-1.06877
-1.06879
-1.06881
-1.06884
-1.06886
-1.06888
-1.0689
-1.06893
-1.06895
-1.06897
-1.069
-1.06902
-1.06904
-1.06907
-1.06909
-1.06912
-1.06915
-1.06917
-1.0692
-1.06922
-1.06925
-1.06928
-1.06931
-1.06933
-1.06936
-1.06939
-1.06942
-1.06945
-1.06948
-1.06951
-1.06954
-1.06957
-1.06961
-1.06964
-1.06967
-1.0697
-1.06974
-1.06977
-1.06981
-1.06984
-1.06988
-1.06991
-1.06995
-1.06999
-1.07002
-1.07006
-1.0701
-1.07014
-1.07018
-1.07022
-1.07026
-1.0703
-1.07034
-1.07038
-1.07043
-1.07047
-1.07052
-1.07056
-1.0706
-1.07061
-1.07071
-1.07076
-1.07081
-1.07085
-1.0709
-1.07095
-1.071
-1.07105
-1.07111
-1.07116
-1.07121
-1.07126
-1.07132
-1.07137
-1.07143
-1.07149
-1.07154
-1.0716
-1.07166
-1.07172
-1.07178
-1.07184
-1.0719
-1.07197
-1.07203
-1.0721
-1.07216
-1.07223
-1.0723
-1.07236
-1.07243
-1.0725
-1.07258
-1.07265
-1.07268
-1.0728
-1.07288
-1.07296
-1.07304
-1.07312
-1.0732
-1.07328
-1.07337
-1.07345
-1.07354
-1.07362
-1.07371
-1.0738
-1.0739
-1.07399
-1.07408
-1.07418
-1.07428
-1.07438
-1.07448
-1.07458
-1.07468
-1.07479
-1.0749
-1.075
-1.07512
-1.07523
-1.07534
-1.07546
-1.07558
-1.0757
-1.07582
-1.07594
-1.07607
-1.07619
-1.07632
-1.07645
-1.07659
-1.07672
-1.07686
-1.077
-1.07714
-1.0772
-1.07735
-1.0775
-1.07766
-1.07783
-1.07798
-1.07805
-1.07821
-1.07835
-1.07855
-1.07873
-1.07888
-1.07904
-1.07919
-1.07926
-1.07946
-1.07962
-1.07976
-1.07993
-1.08011
-1.08024
-1.0804
-1.08055
-1.08072
-1.08085
-1.08108
-1.08124
-1.08141
-1.0816
-1.08176
-1.08193
-1.0821
-1.08227
-1.08226
-1.08243
-1.08281
-1.08281
-1.083
-1.08336
-1.08351
-1.08368
-1.08385
-1.08399
-1.08369
-1.08388
-1.08414
-1.08389
-1.0845
-1.08477
-1.08491
-1.08501
-1.08516
-1.0854
-1.08567
-1.08584
-1.08599
-1.08654
-1.08665
-1.08672
-1.08654
-1.08678
-1.08707
-1.08581
-1.0864
-1.08675
-1.08689
-1.08693
-1.08701
-1.08679
-1.08695
-1.0873
-1.08626
-1.08744
-1.0877
-1.08769
-1.08763
-1.08848
-1.08823
-1.08823
-1.0887
-1.08888
-1.08835
-1.08832
-1.0886
-1.08878
-1.08862
-1.08851
-1.08869
-1.08899
-1.08881
-1.0872
-1.08736
-1.08766
-1.08762
-1.08723
-1.08804
-1.08739
-1.08718
-1.08909
-1.08872
-1.08813
-1.08796
-1.08764
-1.0862
-1.08587
-1.08772
-1.08742
-1.08704
-1.08682
-1.08658
-1.0835
-1.08567
-1.08549
-1.08524
-1.08503
-1.08484
-1.08467
-1.08453
-1.08391
-1.08376
-1.08358
-1.08311
-1.08303
-1.08179
-1.08218
-1.08205
-1.0819
-1.08177
-1.08164
-1.08152
-1.08061
-1.08077
-1.08073
-1.0806
-1.08048
-1.08038
-1.08027
-1.08004
-1.07996
-1.07989
-1.07967
-1.07974
-1.07956
-1.07967
-1.07959
-1.07952
-1.07946
-1.0794
-1.07935
-1.07932
-1.07929
-1.07924
-1.07936
-1.07933
-1.07931
-1.07932
-1.07932
-1.07935
-1.07939
-1.07945
-1.09061
-1.09063
-1.09065
-1.09067
-1.09068
-1.0907
-1.09072
-1.09074
-1.09076
-1.09077
-1.09079
-1.09081
-1.09083
-1.09085
-1.09087
-1.0909
-1.09092
-1.09094
-1.09096
-1.09098
-1.091
-1.09103
-1.09105
-1.09107
-1.0911
-1.09112
-1.09115
-1.09117
-1.0912
-1.09122
-1.09125
-1.09128
-1.0913
-1.09133
-1.09136
-1.09139
-1.09142
-1.09145
-1.09148
-1.09151
-1.09154
-1.09157
-1.09156
-1.09164
-1.09168
-1.09171
-1.09175
-1.09178
-1.09182
-1.09185
-1.09189
-1.09193
-1.09196
-1.092
-1.09204
-1.09208
-1.09212
-1.09216
-1.0922
-1.09224
-1.09228
-1.09233
-1.09237
-1.09241
-1.09246
-1.0925
-1.09255
-1.0926
-1.09264
-1.09269
-1.09274
-1.09279
-1.09284
-1.09289
-1.09295
-1.09297
-1.09306
-1.09312
-1.09317
-1.09323
-1.09329
-1.09334
-1.0934
-1.09346
-1.09352
-1.09359
-1.09365
-1.09372
-1.09378
-1.09385
-1.09392
-1.09398
-1.09405
-1.09413
-1.0942
-1.09427
-1.09435
-1.09442
-1.0945
-1.09458
-1.09466
-1.09474
-1.09483
-1.09487
-1.095
-1.0951
-1.09519
-1.09528
-1.09537
-1.09547
-1.09557
-1.09566
-1.09576
-1.09586
-1.09597
-1.09607
-1.09618
-1.09629
-1.0964
-1.09651
-1.09663
-1.09674
-1.09686
-1.09698
-1.0971
-1.09723
-1.09735
-1.09748
-1.09761
-1.09774
-1.09788
-1.09801
-1.09815
-1.09829
-1.09843
-1.09858
-1.09872
-1.09887
-1.09902
-1.09917
-1.0993
-1.0994
-1.09967
-1.09984
-1.10001
-1.10017
-1.10022
-1.10044
-1.10051
-1.10073
-1.10088
-1.10105
-1.10129
-1.10145
-1.10163
-1.10181
-1.10198
-1.10216
-1.10234
-1.10251
-1.10273
-1.10292
-1.10309
-1.10328
-1.10347
-1.10366
-1.10384
-1.10404
-1.10422
-1.10395
-1.10417
-1.10448
-1.10467
-1.10485
-1.10511
-1.10537
-1.1056
-1.10577
-1.10511
-1.10537
-1.10572
-1.10591
-1.10595
-1.10615
-1.10642
-1.10657
-1.10665
-1.10664
-1.10666
-1.10757
-1.10777
-1.10763
-1.10773
-1.10833
-1.10849
-1.10871
-1.10753
-1.10766
-1.10873
-1.10892
-1.10893
-1.10931
-1.10922
-1.10922
-1.10913
-1.10911
-1.10929
-1.10979
-1.11
-1.1101
-1.11108
-1.11047
-1.11039
-1.11057
-1.11111
-1.11027
-1.11056
-1.1111
-1.11084
-1.1098
-1.11006
-1.1105
-1.11058
-1.11057
-1.11093
-1.11059
-1.10917
-1.10948
-1.11002
-1.11008
-1.11006
-1.11174
-1.11141
-1.11132
-1.11148
-1.11166
-1.11146
-1.11111
-1.11113
-1.11116
-1.11095
-1.10952
-1.10947
-1.1097
-1.1099
-1.10955
-1.10925
-1.10901
-1.10891
-1.10854
-1.10804
-1.1091
-1.10876
-1.10808
-1.1082
-1.10788
-1.10741
-1.10779
-1.10742
-1.10702
-1.10666
-1.10649
-1.10554
-1.10527
-1.10507
-1.10482
-1.10458
-1.10437
-1.10418
-1.104
-1.10379
-1.10344
-1.10339
-1.10324
-1.10297
-1.10284
-1.10278
-1.10263
-1.10248
-1.10235
-1.10222
-1.10212
-1.10201
-1.10188
-1.10178
-1.10191
-1.10182
-1.10176
-1.10171
-1.10167
-1.10163
-1.10159
-1.10156
-1.10153
-1.1015
-1.10148
-1.10145
-1.10144
-1.10136
-1.10131
-1.11257
-1.11259
-1.1126
-1.11262
-1.11263
-1.11265
-1.11267
-1.11268
-1.1127
-1.11271
-1.11273
-1.11275
-1.11277
-1.11279
-1.1128
-1.11282
-1.11284
-1.11283
-1.11288
-1.11291
-1.11293
-1.11295
-1.11297
-1.11299
-1.11301
-1.11304
-1.11306
-1.11308
-1.1131
-1.11313
-1.11315
-1.11317
-1.1132
-1.11322
-1.11325
-1.11327
-1.1133
-1.11333
-1.11335
-1.11338
-1.11341
-1.11344
-1.11347
-1.11349
-1.11352
-1.11355
-1.11359
-1.11362
-1.11361
-1.11369
-1.11372
-1.11376
-1.11379
-1.11383
-1.11386
-1.1139
-1.11393
-1.11397
-1.11401
-1.11404
-1.11408
-1.11412
-1.11416
-1.1142
-1.11424
-1.11429
-1.11433
-1.11437
-1.11442
-1.11446
-1.11451
-1.11456
-1.1146
-1.11465
-1.1147
-1.11475
-1.1148
-1.11485
-1.11491
-1.11496
-1.11502
-1.11507
-1.11513
-1.11519
-1.11525
-1.11531
-1.11537
-1.11543
-1.1155
-1.11556
-1.11563
-1.1157
-1.11577
-1.11584
-1.11591
-1.11598
-1.11606
-1.11611
-1.11621
-1.1163
-1.11638
-1.11646
-1.11655
-1.11663
-1.11672
-1.11681
-1.1169
-1.11699
-1.11709
-1.11718
-1.11728
-1.11738
-1.11749
-1.11759
-1.1177
-1.11781
-1.11792
-1.11803
-1.11814
-1.11826
-1.11838
-1.1185
-1.11862
-1.11875
-1.11888
-1.119
-1.11914
-1.11927
-1.11941
-1.11954
-1.11969
-1.11983
-1.11997
-1.12012
-1.12027
-1.12042
-1.12057
-1.12072
-1.12088
-1.12101
-1.12121
-1.12136
-1.12154
-1.1217
-1.12187
-1.12204
-1.12218
-1.12239
-1.12257
-1.12275
-1.12293
-1.12311
-1.1233
-1.12348
-1.12367
-1.12385
-1.12407
-1.12426
-1.12446
-1.12466
-1.12486
-1.12506
-1.12527
-1.12549
-1.1257
-1.12533
-1.12557
-1.12581
-1.12599
-1.12619
-1.12638
-1.12657
-1.12676
-1.12696
-1.12714
-1.12726
-1.12743
-1.12834
-1.12841
-1.12854
-1.12875
-1.12899
-1.12926
-1.12957
-1.12987
-1.12782
-1.12827
-1.12868
-1.12889
-1.12912
-1.12938
-1.12971
-1.13002
-1.13019
-1.12962
-1.12988
-1.1302
-1.13008
-1.13021
-1.13048
-1.13083
-1.13089
-1.12964
-1.12981
-1.13032
-1.13004
-1.1297
-1.13176
-1.13187
-1.1318
-1.13385
-1.13331
-1.13317
-1.13326
-1.13352
-1.13306
-1.13287
-1.13344
-1.13351
-1.1326
-1.13257
-1.13372
-1.13416
-1.13243
-1.13266
-1.13283
-1.13241
-1.13197
-1.13321
-1.13355
-1.13287
-1.13278
-1.13425
-1.13397
-1.13328
-1.13317
-1.13355
-1.13331
-1.13305
-1.13295
-1.13303
-1.13243
-1.1318
-1.1325
-1.13251
-1.1316
-1.13136
-1.13168
-1.13164
-1.13098
-1.13142
-1.13087
-1.13048
-1.13091
-1.13064
-1.13026
-1.12994
-1.12961
-1.12926
-1.12872
-1.12832
-1.1285
-1.12825
-1.12788
-1.12758
-1.1273
-1.12704
-1.12679
-1.12627
-1.12658
-1.12626
-1.12611
-1.12586
-1.12564
-1.12542
-1.12549
-1.12532
-1.12515
-1.12496
-1.12483
-1.12471
-1.12459
-1.12445
-1.1244
-1.12435
-1.12428
-1.12423
-1.12421
-1.12419
-1.12404
-1.12404
-1.12399
-1.12393
-1.1239
-1.12386
-1.12382
-1.12379
-1.12362
-1.12374
-1.12372
-1.13458
-1.13459
-1.13461
-1.13462
-1.13464
-1.13465
-1.13467
-1.13468
-1.1347
-1.13471
-1.13473
-1.13475
-1.13476
-1.13478
-1.1348
-1.13482
-1.13483
-1.13485
-1.13487
-1.13489
-1.13491
-1.13493
-1.13495
-1.13497
-1.13497
-1.13501
-1.13503
-1.13505
-1.13507
-1.1351
-1.13512
-1.13514
-1.13516
-1.13519
-1.13521
-1.13523
-1.13526
-1.13528
-1.13531
-1.13533
-1.13536
-1.13538
-1.13541
-1.13544
-1.13546
-1.13549
-1.13552
-1.13555
-1.13558
-1.13561
-1.13564
-1.13567
-1.1357
-1.13573
-1.13576
-1.13578
-1.13583
-1.13587
-1.1359
-1.13594
-1.13598
-1.13601
-1.13605
-1.13609
-1.13612
-1.13616
-1.1362
-1.13624
-1.13628
-1.13633
-1.13637
-1.13641
-1.13646
-1.1365
-1.13655
-1.13659
-1.13664
-1.13669
-1.13674
-1.13679
-1.13684
-1.13689
-1.13695
-1.137
-1.13706
-1.13711
-1.13717
-1.13723
-1.13729
-1.13735
-1.13741
-1.13748
-1.13754
-1.13761
-1.13768
-1.13775
-1.13782
-1.13789
-1.13797
-1.13804
-1.13812
-1.1382
-1.13828
-1.13836
-1.13845
-1.13853
-1.13862
-1.13871
-1.1388
-1.13889
-1.13899
-1.13909
-1.13919
-1.13929
-1.13939
-1.1395
-1.13961
-1.13972
-1.13983
-1.13994
-1.14006
-1.14018
-1.1403
-1.14042
-1.14055
-1.14068
-1.14081
-1.14094
-1.14107
-1.14121
-1.14135
-1.14149
-1.14164
-1.14178
-1.14193
-1.14208
-1.14224
-1.14239
-1.14255
-1.14271
-1.14287
-1.14303
-1.1432
-1.14337
-1.14354
-1.14371
-1.14388
-1.14405
-1.14423
-1.1444
-1.14458
-1.14476
-1.14494
-1.14512
-1.1453
-1.14548
-1.14566
-1.14585
-1.14603
-1.1462
-1.14639
-1.14658
-1.14675
-1.14693
-1.14709
-1.14679
-1.14781
-1.14798
-1.14817
-1.14836
-1.14856
-1.14876
-1.14897
-1.14919
-1.14941
-1.14852
-1.14884
-1.14926
-1.14945
-1.14964
-1.14981
-1.14996
-1.1501
-1.15022
-1.15022
-1.14796
-1.15218
-1.15226
-1.15237
-1.1525
-1.15266
-1.15284
-1.15304
-1.15324
-1.14993
-1.15204
-1.15236
-1.15229
-1.15249
-1.15284
-1.15301
-1.15315
-1.15271
-1.14969
-1.1544
-1.15454
-1.1546
-1.15475
-1.15381
-1.15294
-1.15418
-1.15411
-1.15687
-1.1543
-1.15448
-1.15534
-1.15503
-1.15495
-1.155
-1.15518
-1.15534
-1.15452
-1.15443
-1.15695
-1.15683
-1.15665
-1.15659
-1.15661
-1.15672
-1.1568
-1.15172
-1.15503
-1.15538
-1.15525
-1.15521
-1.15513
-1.15511
-1.15446
-1.15238
-1.15605
-1.15577
-1.15544
-1.1551
-1.15481
-1.15454
-1.15424
-1.15319
-1.1529
-1.15439
-1.15413
-1.1538
-1.15358
-1.15336
-1.15314
-1.15299
-1.15269
-1.15198
-1.15178
-1.15168
-1.15128
-1.15102
-1.15077
-1.15047
-1.15025
-1.15002
-1.14972
-1.1494
-1.14919
-1.14911
-1.14883
-1.14864
-1.14845
-1.14827
-1.1481
-1.14788
-1.14767
-1.14755
-1.14743
-1.14729
-1.14716
-1.14695
-1.14692
-1.14675
-1.14676
-1.14663
-1.14655
-1.14661
-1.14648
-1.14647
-1.14643
-1.14635
-1.14632
-1.14618
-1.14607
-1.14602
-1.14605
-1.14608
-1.14605
-1.146
-1.14595
-1.15668
-1.15669
-1.15671
-1.15672
-1.15674
-1.15675
-1.15677
-1.15678
-1.1568
-1.15681
-1.15683
-1.15684
-1.15686
-1.15688
-1.15689
-1.15691
-1.15693
-1.15695
-1.15696
-1.15698
-1.157
-1.15702
-1.15704
-1.15705
-1.15707
-1.15709
-1.15711
-1.15713
-1.15715
-1.15717
-1.15718
-1.15721
-1.15724
-1.15726
-1.15728
-1.1573
-1.15733
-1.15735
-1.15737
-1.1574
-1.15742
-1.15744
-1.15747
-1.15749
-1.15752
-1.15754
-1.15757
-1.1576
-1.15762
-1.15765
-1.15768
-1.1577
-1.15773
-1.15776
-1.15779
-1.15782
-1.15785
-1.15788
-1.15791
-1.15795
-1.15798
-1.15801
-1.15804
-1.15808
-1.15811
-1.15815
-1.15818
-1.15822
-1.15826
-1.1583
-1.15833
-1.15837
-1.15841
-1.15845
-1.15849
-1.15854
-1.15858
-1.15862
-1.15867
-1.15871
-1.15876
-1.15881
-1.15886
-1.15891
-1.15896
-1.15901
-1.15905
-1.15912
-1.15917
-1.15923
-1.15929
-1.15935
-1.15941
-1.15947
-1.15953
-1.15959
-1.15966
-1.15973
-1.15979
-1.15986
-1.15993
-1.16001
-1.16008
-1.16016
-1.16024
-1.16032
-1.1604
-1.16048
-1.16057
-1.16065
-1.16074
-1.16083
-1.16093
-1.16102
-1.16112
-1.16122
-1.16132
-1.16142
-1.16153
-1.16164
-1.16175
-1.16186
-1.16197
-1.16209
-1.16221
-1.16233
-1.16246
-1.16259
-1.16272
-1.16285
-1.16298
-1.16312
-1.16326
-1.1634
-1.16354
-1.16369
-1.16384
-1.16399
-1.16414
-1.1643
-1.16446
-1.16462
-1.16478
-1.16495
-1.16511
-1.16528
-1.16545
-1.16563
-1.1658
-1.16598
-1.16616
-1.16634
-1.16652
-1.1667
-1.16689
-1.16708
-1.16726
-1.16745
-1.16764
-1.16784
-1.16803
-1.16822
-1.16842
-1.16861
-1.16872
-1.16908
-1.16928
-1.16948
-1.16967
-1.16987
-1.17006
-1.17026
-1.17046
-1.17065
-1.17056
-1.17066
-1.17103
-1.17122
-1.1714
-1.17159
-1.17178
-1.17197
-1.17217
-1.17177
-1.1722
-1.17239
-1.17257
-1.17274
-1.17289
-1.17303
-1.17315
-1.17326
-1.17336
-1.17321
-1.17139
-1.17542
-1.17505
-1.17598
-1.17603
-1.17464
-1.17484
-1.17536
-1.17516
-1.17527
-1.17547
-1.17593
-1.17604
-1.17571
-1.1765
-1.17644
-1.17648
-1.17652
-1.17663
-1.17666
-1.17663
-1.17661
-1.17673
-1.1769
-1.17671
-1.17671
-1.17784
-1.17758
-1.17746
-1.17749
-1.17749
-1.17748
-1.17747
-1.17745
-1.17736
-1.17572
-1.17789
-1.17649
-1.17735
-1.17706
-1.17681
-1.17764
-1.17744
-1.17719
-1.17709
-1.17718
-1.17624
-1.17696
-1.17628
-1.17621
-1.17606
-1.17522
-1.17375
-1.1765
-1.17622
-1.17599
-1.17576
-1.17554
-1.17532
-1.17511
-1.17485
-1.17399
-1.17415
-1.17396
-1.17372
-1.1735
-1.17327
-1.17303
-1.1728
-1.17256
-1.17227
-1.17209
-1.17187
-1.17177
-1.17158
-1.17123
-1.17104
-1.17098
-1.17085
-1.17066
-1.17049
-1.17033
-1.17021
-1.1701
-1.16979
-1.1697
-1.16964
-1.16954
-1.16947
-1.1694
-1.16936
-1.16932
-1.16932
-1.16933
-1.16918
-1.1681
-1.16825
-1.16856
-1.16852
-1.16849
-1.16845
-1.16841
-1.16837
-1.16832
-1.16827
-1.16822
-1.17887
-1.17889
-1.1789
-1.17892
-1.17893
-1.17895
-1.17896
-1.17898
-1.17899
-1.17901
-1.17903
-1.17904
-1.17906
-1.17908
-1.17909
-1.17911
-1.17913
-1.17914
-1.17916
-1.17918
-1.1792
-1.17921
-1.17923
-1.17925
-1.17927
-1.17929
-1.17931
-1.17932
-1.17934
-1.17936
-1.17938
-1.1794
-1.17942
-1.17944
-1.17946
-1.17949
-1.17951
-1.17953
-1.17955
-1.17957
-1.17959
-1.17962
-1.17964
-1.17966
-1.17969
-1.17971
-1.17973
-1.17976
-1.17978
-1.17981
-1.17983
-1.17986
-1.17988
-1.17991
-1.17994
-1.17996
-1.17999
-1.18002
-1.18005
-1.18008
-1.18011
-1.18014
-1.18017
-1.1802
-1.18023
-1.18026
-1.18029
-1.18032
-1.18036
-1.18039
-1.18043
-1.18046
-1.1805
-1.18053
-1.18057
-1.18061
-1.18065
-1.18069
-1.18073
-1.18077
-1.18081
-1.18085
-1.18089
-1.18094
-1.18098
-1.18103
-1.18107
-1.18112
-1.18117
-1.18122
-1.18127
-1.18132
-1.18137
-1.18143
-1.18148
-1.18154
-1.1816
-1.18166
-1.18172
-1.18178
-1.18184
-1.18191
-1.18197
-1.18204
-1.18211
-1.18218
-1.18225
-1.18233
-1.1824
-1.18248
-1.18256
-1.18264
-1.18272
-1.18281
-1.1829
-1.18298
-1.18307
-1.18317
-1.18326
-1.18336
-1.18346
-1.18356
-1.18366
-1.18377
-1.18388
-1.18399
-1.1841
-1.18422
-1.18434
-1.18446
-1.18458
-1.1847
-1.18483
-1.18496
-1.18509
-1.18523
-1.18537
-1.18551
-1.18565
-1.1858
-1.18594
-1.18609
-1.18625
-1.1864
-1.18656
-1.18672
-1.18688
-1.18704
-1.18721
-1.18738
-1.18755
-1.18772
-1.1879
-1.18807
-1.18825
-1.18843
-1.18862
-1.1888
-1.18899
-1.18918
-1.18937
-1.18956
-1.18975
-1.18995
-1.19015
-1.19035
-1.19055
-1.19075
-1.19095
-1.19115
-1.19135
-1.19156
-1.19176
-1.19197
-1.19192
-1.19217
-1.1924
-1.19261
-1.19281
-1.19301
-1.19321
-1.19341
-1.19329
-1.19391
-1.19411
-1.19431
-1.19451
-1.19472
-1.19493
-1.19516
-1.19539
-1.19563
-1.1948
-1.19514
-1.1955
-1.19574
-1.19596
-1.19618
-1.19638
-1.19654
-1.19347
-1.19669
-1.19685
-1.19697
-1.19711
-1.19724
-1.19738
-1.19752
-1.19761
-1.19769
-1.1978
-1.19786
-1.19739
-1.19812
-1.19782
-1.19791
-1.19794
-1.19766
-1.19573
-1.19975
-1.1996
-1.19955
-1.19949
-1.19944
-1.19938
-1.19934
-1.19927
-1.19889
-1.19913
-1.19915
-1.19908
-1.19915
-1.19923
-1.19836
-1.19806
-1.19947
-1.1982
-1.19867
-1.19865
-1.198
-1.19807
-1.19816
-1.19812
-1.19804
-1.19795
-1.19787
-1.19778
-1.19766
-1.19753
-1.19739
-1.19724
-1.19708
-1.19693
-1.19676
-1.19651
-1.19539
-1.19612
-1.19601
-1.19583
-1.19564
-1.19546
-1.19528
-1.1951
-1.19492
-1.19475
-1.19458
-1.19443
-1.19428
-1.19413
-1.1934
-1.19316
-1.1935
-1.19335
-1.19321
-1.19307
-1.19293
-1.1928
-1.19268
-1.19256
-1.19244
-1.19232
-1.19221
-1.19212
-1.19204
-1.19196
-1.1919
-1.19185
-1.1918
-1.19175
-1.19172
-1.19158
-1.19146
-1.19135
-1.19125
-1.19115
-1.19105
-1.19096
-1.19087
-1.19077
-1.19068
-1.20122
-1.20123
-1.20125
-1.20126
-1.20128
-1.20129
-1.20131
-1.20132
-1.20134
-1.20135
-1.20137
-1.20138
-1.2014
-1.20142
-1.20143
-1.20145
-1.20146
-1.20148
-1.2015
-1.20151
-1.20153
-1.20155
-1.20157
-1.20158
-1.2016
-1.20162
-1.20164
-1.20165
-1.20167
-1.20169
-1.20171
-1.20173
-1.20175
-1.20177
-1.20179
-1.20181
-1.20182
-1.20184
-1.20186
-1.20188
-1.20191
-1.20193
-1.20195
-1.20197
-1.20199
-1.20201
-1.20203
-1.20205
-1.20208
-1.2021
-1.20212
-1.20215
-1.20217
-1.20219
-1.20222
-1.20224
-1.20227
-1.20229
-1.20232
-1.20234
-1.20237
-1.20239
-1.20242
-1.20245
-1.20248
-1.2025
-1.20253
-1.20256
-1.20259
-1.20262
-1.20265
-1.20268
-1.20271
-1.20275
-1.20278
-1.20281
-1.20284
-1.20288
-1.20291
-1.20295
-1.20298
-1.20302
-1.20306
-1.2031
-1.20314
-1.20317
-1.20322
-1.20326
-1.2033
-1.20334
-1.20339
-1.20343
-1.20348
-1.20352
-1.20357
-1.20362
-1.20367
-1.20372
-1.20377
-1.20382
-1.20388
-1.20393
-1.20399
-1.20405
-1.20411
-1.20417
-1.20423
-1.20429
-1.20436
-1.20443
-1.20449
-1.20456
-1.20464
-1.20471
-1.20478
-1.20486
-1.20494
-1.20502
-1.2051
-1.20519
-1.20527
-1.20536
-1.20545
-1.20554
-1.20564
-1.20573
-1.20583
-1.20593
-1.20604
-1.20614
-1.20625
-1.20636
-1.20647
-1.20659
-1.2067
-1.20682
-1.20695
-1.20707
-1.2072
-1.20733
-1.20746
-1.20759
-1.20773
-1.20787
-1.20801
-1.20815
-1.2083
-1.20845
-1.2086
-1.20875
-1.20891
-1.20907
-1.20923
-1.20939
-1.20955
-1.20972
-1.20989
-1.21006
-1.21023
-1.21041
-1.21058
-1.21076
-1.21094
-1.21112
-1.2113
-1.21149
-1.21167
-1.21185
-1.21204
-1.21223
-1.21241
-1.2126
-1.21279
-1.21297
-1.21302
-1.21345
-1.21364
-1.21382
-1.21401
-1.2142
-1.21439
-1.21458
-1.21478
-1.21498
-1.21512
-1.21533
-1.21552
-1.21568
-1.21585
-1.21603
-1.2162
-1.21598
-1.21668
-1.21681
-1.21698
-1.21715
-1.21731
-1.21748
-1.21767
-1.21768
-1.21775
-1.21817
-1.21831
-1.21843
-1.21856
-1.21868
-1.21881
-1.21892
-1.21904
-1.21916
-1.21924
-1.2191
-1.2193
-1.21946
-1.21958
-1.2197
-1.21982
-1.21995
-1.22008
-1.22018
-1.22027
-1.22033
-1.2204
-1.22046
-1.22051
-1.22026
-1.22025
-1.22021
-1.22006
-1.2206
-1.22058
-1.22012
-1.22044
-1.22038
-1.22027
-1.22025
-1.2202
-1.22015
-1.2201
-1.22005
-1.21996
-1.21988
-1.21979
-1.21972
-1.21964
-1.21956
-1.21947
-1.21937
-1.21927
-1.21916
-1.21905
-1.21895
-1.21884
-1.21872
-1.21831
-1.21815
-1.2183
-1.21814
-1.21798
-1.21782
-1.21766
-1.2175
-1.21734
-1.21718
-1.21702
-1.21687
-1.21672
-1.21658
-1.21644
-1.21629
-1.21613
-1.21598
-1.21583
-1.21568
-1.21554
-1.21541
-1.21528
-1.21516
-1.21504
-1.21492
-1.21481
-1.21471
-1.21461
-1.21452
-1.21443
-1.21435
-1.21428
-1.21422
-1.21417
-1.2141
-1.214
-1.2139
-1.21378
-1.21367
-1.21357
-1.21346
-1.21336
-1.21326
-1.21315
-1.21305
-1.22368
-1.2237
-1.22371
-1.22373
-1.22374
-1.22376
-1.22377
-1.22379
-1.2238
-1.22382
-1.22383
-1.22385
-1.22386
-1.22388
-1.22389
-1.22391
-1.22393
-1.22394
-1.22396
-1.22397
-1.22399
-1.22401
-1.22402
-1.22404
-1.22406
-1.22407
-1.22409
-1.22411
-1.22412
-1.22414
-1.22416
-1.22417
-1.22419
-1.22421
-1.22423
-1.22424
-1.22426
-1.22428
-1.2243
-1.22432
-1.22434
-1.22436
-1.22437
-1.22439
-1.22441
-1.22443
-1.22445
-1.22447
-1.22449
-1.22451
-1.22453
-1.22455
-1.22457
-1.2246
-1.22462
-1.22464
-1.22466
-1.22468
-1.22471
-1.22473
-1.22475
-1.22478
-1.2248
-1.22482
-1.22485
-1.22487
-1.2249
-1.22492
-1.22495
-1.22497
-1.225
-1.22503
-1.22505
-1.22508
-1.22511
-1.22514
-1.22517
-1.2252
-1.22523
-1.22526
-1.22529
-1.22532
-1.22535
-1.22538
-1.22542
-1.22545
-1.22548
-1.22552
-1.22556
-1.22559
-1.22563
-1.22567
-1.22571
-1.22574
-1.22578
-1.22583
-1.22587
-1.22591
-1.22595
-1.226
-1.22604
-1.22609
-1.22614
-1.22619
-1.22624
-1.22629
-1.22634
-1.22639
-1.22645
-1.2265
-1.22656
-1.22662
-1.22668
-1.22674
-1.2268
-1.22686
-1.22693
-1.227
-1.22706
-1.22713
-1.22721
-1.22728
-1.22735
-1.22743
-1.22751
-1.22759
-1.22767
-1.22776
-1.22784
-1.22793
-1.22802
-1.22812
-1.22821
-1.22831
-1.22841
-1.22851
-1.22861
-1.22872
-1.22882
-1.22893
-1.22905
-1.22916
-1.22928
-1.2294
-1.22952
-1.22964
-1.22977
-1.2299
-1.23003
-1.23016
-1.2303
-1.23044
-1.23058
-1.23072
-1.23087
-1.23101
-1.23116
-1.23132
-1.23147
-1.23163
-1.23178
-1.23194
-1.23211
-1.23227
-1.23244
-1.23261
-1.23278
-1.23295
-1.23312
-1.2333
-1.23348
-1.23365
-1.23383
-1.23402
-1.2342
-1.23438
-1.23457
-1.23476
-1.23494
-1.23513
-1.23532
-1.23551
-1.2357
-1.23577
-1.23595
-1.23618
-1.23637
-1.23656
-1.23674
-1.23693
-1.23711
-1.2373
-1.23748
-1.23765
-1.23783
-1.238
-1.23817
-1.23834
-1.23851
-1.23868
-1.23884
-1.23899
-1.23913
-1.23927
-1.23941
-1.23955
-1.23968
-1.23981
-1.23994
-1.24006
-1.24007
-1.24028
-1.24039
-1.24049
-1.24059
-1.2407
-1.2408
-1.2409
-1.24098
-1.24106
-1.24113
-1.24116
-1.2412
-1.24148
-1.24151
-1.24154
-1.24158
-1.2416
-1.24164
-1.24168
-1.24171
-1.24176
-1.24175
-1.24174
-1.24172
-1.24168
-1.24165
-1.24162
-1.24159
-1.24155
-1.24149
-1.24143
-1.24136
-1.24129
-1.24121
-1.24114
-1.24106
-1.24097
-1.24089
-1.2408
-1.24072
-1.24062
-1.24053
-1.24044
-1.24035
-1.24024
-1.24011
-1.23999
-1.23986
-1.23973
-1.2396
-1.23947
-1.23934
-1.23921
-1.23908
-1.23895
-1.23883
-1.2387
-1.23858
-1.23846
-1.23834
-1.23821
-1.23809
-1.23797
-1.23785
-1.23773
-1.23761
-1.2375
-1.2374
-1.23729
-1.23719
-1.23709
-1.23699
-1.2369
-1.23681
-1.23673
-1.23664
-1.23656
-1.23647
-1.23639
-1.2363
-1.23622
-1.23613
-1.23605
-1.23596
-1.23587
-1.23578
-1.23569
-1.2356
-1.23551
-1.24626
-1.24628
-1.24629
-1.24631
-1.24632
-1.24633
-1.24635
-1.24636
-1.24638
-1.24639
-1.24641
-1.24642
-1.24644
-1.24645
-1.24646
-1.24648
-1.24649
-1.24651
-1.24652
-1.24654
-1.24655
-1.24657
-1.24658
-1.2466
-1.24661
-1.24663
-1.24665
-1.24666
-1.24668
-1.24669
-1.24671
-1.24672
-1.24674
-1.24676
-1.24677
-1.24679
-1.2468
-1.24682
-1.24684
-1.24685
-1.24687
-1.24689
-1.2469
-1.24692
-1.24694
-1.24696
-1.24697
-1.24699
-1.24701
-1.24703
-1.24705
-1.24707
-1.24708
-1.2471
-1.24712
-1.24714
-1.24716
-1.24718
-1.2472
-1.24722
-1.24724
-1.24726
-1.24728
-1.2473
-1.24732
-1.24735
-1.24737
-1.24739
-1.24741
-1.24743
-1.24746
-1.24748
-1.2475
-1.24753
-1.24755
-1.24758
-1.2476
-1.24763
-1.24765
-1.24768
-1.2477
-1.24773
-1.24776
-1.24779
-1.24781
-1.24784
-1.24787
-1.2479
-1.24793
-1.24796
-1.24799
-1.24802
-1.24806
-1.24809
-1.24812
-1.24816
-1.24819
-1.24823
-1.24826
-1.2483
-1.24834
-1.24838
-1.24842
-1.24846
-1.2485
-1.24854
-1.24858
-1.24862
-1.24867
-1.24871
-1.24876
-1.24881
-1.24886
-1.24891
-1.24896
-1.24901
-1.24906
-1.24912
-1.24917
-1.24923
-1.24929
-1.24935
-1.24941
-1.24947
-1.24953
-1.2496
-1.24967
-1.24973
-1.24981
-1.24988
-1.24995
-1.25003
-1.2501
-1.25018
-1.25026
-1.25034
-1.25043
-1.25051
-1.2506
-1.25069
-1.25078
-1.25088
-1.25097
-1.25107
-1.25117
-1.25127
-1.25138
-1.25149
-1.25159
-1.2517
-1.25182
-1.25193
-1.25205
-1.25217
-1.25229
-1.25242
-1.25254
-1.25267
-1.2528
-1.25293
-1.25307
-1.25321
-1.25334
-1.25349
-1.25363
-1.25377
-1.25392
-1.25407
-1.25422
-1.25437
-1.25453
-1.25469
-1.25484
-1.255
-1.25516
-1.25533
-1.25549
-1.25565
-1.25582
-1.25599
-1.25615
-1.25632
-1.25649
-1.25666
-1.25682
-1.25699
-1.25716
-1.25733
-1.2575
-1.25767
-1.25783
-1.258
-1.25817
-1.25834
-1.2585
-1.25867
-1.25883
-1.25899
-1.25915
-1.25931
-1.25947
-1.25962
-1.25978
-1.25993
-1.26007
-1.26022
-1.26036
-1.2605
-1.26064
-1.26078
-1.26091
-1.26104
-1.26115
-1.26127
-1.26138
-1.26149
-1.26159
-1.26169
-1.26179
-1.26189
-1.26198
-1.26207
-1.26216
-1.26223
-1.26231
-1.26237
-1.26243
-1.26249
-1.26254
-1.26259
-1.26264
-1.26267
-1.26269
-1.2627
-1.26271
-1.2627
-1.2627
-1.26268
-1.26267
-1.26265
-1.26262
-1.2626
-1.26257
-1.26253
-1.26249
-1.26245
-1.2624
-1.26235
-1.2623
-1.26224
-1.26218
-1.26212
-1.26205
-1.26199
-1.26191
-1.26184
-1.26175
-1.26167
-1.26158
-1.26149
-1.2614
-1.2613
-1.26121
-1.26111
-1.26101
-1.26091
-1.26082
-1.26072
-1.26062
-1.26052
-1.26042
-1.26032
-1.26022
-1.26012
-1.26002
-1.25993
-1.25983
-1.25974
-1.25965
-1.25956
-1.25947
-1.25938
-1.25929
-1.25921
-1.25913
-1.25905
-1.25897
-1.25889
-1.25881
-1.25873
-1.25865
-1.25857
-1.25849
-1.25841
-1.25833
-1.25824
-1.25816
-1.25808
-1.25799
-1.2579
-1.26895
-1.26896
-1.26898
-1.26899
-1.269
-1.26901
-1.26903
-1.26904
-1.26905
-1.26907
-1.26908
-1.26909
-1.2691
-1.26912
-1.26913
-1.26914
-1.26916
-1.26917
-1.26918
-1.2692
-1.26921
-1.26922
-1.26923
-1.26925
-1.26926
-1.26927
-1.26929
-1.2693
-1.26932
-1.26933
-1.26934
-1.26936
-1.26937
-1.26938
-1.2694
-1.26941
-1.26943
-1.26944
-1.26946
-1.26947
-1.26948
-1.2695
-1.26951
-1.26953
-1.26954
-1.26956
-1.26957
-1.26959
-1.26961
-1.26962
-1.26964
-1.26965
-1.26967
-1.26969
-1.2697
-1.26972
-1.26974
-1.26975
-1.26977
-1.26979
-1.26981
-1.26982
-1.26984
-1.26986
-1.26988
-1.2699
-1.26991
-1.26993
-1.26995
-1.26997
-1.26999
-1.27001
-1.27003
-1.27005
-1.27007
-1.2701
-1.27012
-1.27014
-1.27016
-1.27018
-1.27021
-1.27023
-1.27025
-1.27027
-1.2703
-1.27032
-1.27035
-1.27037
-1.2704
-1.27042
-1.27045
-1.27048
-1.2705
-1.27053
-1.27056
-1.27059
-1.27062
-1.27065
-1.27068
-1.27071
-1.27074
-1.27077
-1.2708
-1.27084
-1.27087
-1.2709
-1.27094
-1.27097
-1.27101
-1.27105
-1.27109
-1.27112
-1.27116
-1.2712
-1.27124
-1.27129
-1.27133
-1.27137
-1.27142
-1.27146
-1.27151
-1.27156
-1.27161
-1.27166
-1.27171
-1.27176
-1.27181
-1.27187
-1.27192
-1.27198
-1.27204
-1.2721
-1.27216
-1.27222
-1.27229
-1.27235
-1.27242
-1.27249
-1.27256
-1.27263
-1.2727
-1.27278
-1.27285
-1.27293
-1.27301
-1.27309
-1.27318
-1.27326
-1.27335
-1.27344
-1.27353
-1.27362
-1.27371
-1.27381
-1.27391
-1.27401
-1.27411
-1.27422
-1.27432
-1.27443
-1.27454
-1.27465
-1.27476
-1.27488
-1.275
-1.27512
-1.27524
-1.27536
-1.27549
-1.27561
-1.27574
-1.27587
-1.27601
-1.27614
-1.27628
-1.27641
-1.27655
-1.27669
-1.27683
-1.27697
-1.27712
-1.27726
-1.27741
-1.27756
-1.2777
-1.27785
-1.278
-1.27815
-1.2783
-1.27845
-1.2786
-1.27875
-1.2789
-1.27905
-1.27921
-1.27936
-1.27951
-1.27965
-1.2798
-1.27995
-1.2801
-1.28024
-1.28038
-1.28053
-1.28067
-1.28081
-1.28094
-1.28108
-1.28121
-1.28134
-1.28147
-1.2816
-1.28172
-1.28184
-1.28196
-1.28207
-1.28219
-1.2823
-1.2824
-1.28251
-1.28261
-1.28271
-1.2828
-1.28288
-1.28296
-1.28304
-1.28311
-1.28318
-1.28325
-1.28331
-1.28336
-1.28341
-1.28346
-1.2835
-1.28354
-1.28357
-1.2836
-1.28362
-1.28364
-1.28365
-1.28366
-1.28366
-1.28366
-1.28366
-1.28365
-1.28364
-1.28362
-1.2836
-1.28358
-1.28355
-1.28352
-1.28348
-1.28345
-1.28341
-1.28336
-1.28332
-1.28327
-1.28321
-1.28316
-1.2831
-1.28304
-1.28298
-1.28291
-1.28284
-1.28278
-1.28271
-1.28264
-1.28257
-1.2825
-1.28242
-1.28235
-1.28228
-1.2822
-1.28213
-1.28206
-1.28198
-1.28191
-1.28184
-1.28176
-1.28169
-1.28162
-1.28155
-1.28148
-1.28141
-1.28134
-1.28128
-1.28121
-1.28114
-1.28108
-1.28101
-1.28094
-1.28088
-1.28081
-1.28075
-1.28068
-1.28061
-1.28055
-1.28048
-1.28041
-1.28034
-1.29171
-1.29172
-1.29173
-1.29174
-1.29175
-1.29176
-1.29177
-1.29178
-1.29179
-1.2918
-1.29181
-1.29182
-1.29183
-1.29184
-1.29185
-1.29186
-1.29188
-1.29189
-1.2919
-1.29191
-1.29192
-1.29193
-1.29194
-1.29195
-1.29196
-1.29197
-1.29198
-1.292
-1.29201
-1.29202
-1.29203
-1.29204
-1.29205
-1.29206
-1.29208
-1.29209
-1.2921
-1.29211
-1.29212
-1.29214
-1.29215
-1.29216
-1.29217
-1.29219
-1.2922
-1.29221
-1.29222
-1.29224
-1.29225
-1.29226
-1.29228
-1.29229
-1.29231
-1.29232
-1.29233
-1.29235
-1.29236
-1.29238
-1.29239
-1.29241
-1.29242
-1.29244
-1.29245
-1.29247
-1.29248
-1.2925
-1.29252
-1.29253
-1.29255
-1.29257
-1.29258
-1.2926
-1.29262
-1.29264
-1.29265
-1.29267
-1.29269
-1.29271
-1.29273
-1.29275
-1.29277
-1.29279
-1.29281
-1.29283
-1.29285
-1.29287
-1.29289
-1.29291
-1.29293
-1.29296
-1.29298
-1.293
-1.29302
-1.29305
-1.29307
-1.2931
-1.29312
-1.29315
-1.29317
-1.2932
-1.29322
-1.29325
-1.29328
-1.2933
-1.29333
-1.29336
-1.29339
-1.29342
-1.29345
-1.29348
-1.29351
-1.29354
-1.29358
-1.29361
-1.29364
-1.29368
-1.29371
-1.29375
-1.29378
-1.29382
-1.29386
-1.2939
-1.29394
-1.29398
-1.29402
-1.29406
-1.2941
-1.29415
-1.29419
-1.29424
-1.29428
-1.29433
-1.29438
-1.29443
-1.29448
-1.29453
-1.29458
-1.29464
-1.29469
-1.29475
-1.2948
-1.29486
-1.29492
-1.29498
-1.29505
-1.29511
-1.29518
-1.29524
-1.29531
-1.29538
-1.29545
-1.29552
-1.2956
-1.29567
-1.29575
-1.29583
-1.29591
-1.29599
-1.29607
-1.29616
-1.29624
-1.29633
-1.29642
-1.29651
-1.29661
-1.2967
-1.2968
-1.2969
-1.297
-1.2971
-1.2972
-1.2973
-1.29741
-1.29752
-1.29763
-1.29774
-1.29785
-1.29796
-1.29808
-1.2982
-1.29831
-1.29843
-1.29855
-1.29868
-1.2988
-1.29892
-1.29905
-1.29917
-1.2993
-1.29943
-1.29955
-1.29968
-1.29981
-1.29994
-1.30007
-1.3002
-1.30033
-1.30046
-1.3006
-1.30073
-1.30086
-1.30099
-1.30112
-1.30124
-1.30137
-1.3015
-1.30163
-1.30175
-1.30188
-1.302
-1.30212
-1.30224
-1.30236
-1.30248
-1.30259
-1.3027
-1.30281
-1.30292
-1.30303
-1.30313
-1.30323
-1.30333
-1.30343
-1.30352
-1.30361
-1.3037
-1.30378
-1.30386
-1.30394
-1.30401
-1.30408
-1.30415
-1.30421
-1.30427
-1.30432
-1.30437
-1.30442
-1.30446
-1.3045
-1.30454
-1.30457
-1.3046
-1.30462
-1.30464
-1.30466
-1.30468
-1.30469
-1.3047
-1.3047
-1.3047
-1.3047
-1.3047
-1.30469
-1.30468
-1.30466
-1.30465
-1.30463
-1.30461
-1.30458
-1.30456
-1.30453
-1.3045
-1.30446
-1.30443
-1.30439
-1.30435
-1.30432
-1.30427
-1.30423
-1.30419
-1.30414
-1.3041
-1.30405
-1.30401
-1.30396
-1.30391
-1.30386
-1.30382
-1.30377
-1.30372
-1.30367
-1.30362
-1.30358
-1.30353
-1.30348
-1.30343
-1.30338
-1.30334
-1.30329
-1.30324
-1.30319
-1.30314
-1.30309
-1.30305
-1.303
-1.30295
-1.3029
-1.30285
-1.3028
-1.30275
-1.31452
-1.31453
-1.31453
-1.31454
-1.31455
-1.31455
-1.31456
-1.31457
-1.31457
-1.31458
-1.31459
-1.31459
-1.3146
-1.31461
-1.31462
-1.31462
-1.31463
-1.31464
-1.31465
-1.31465
-1.31466
-1.31467
-1.31468
-1.31468
-1.31469
-1.3147
-1.31471
-1.31472
-1.31472
-1.31473
-1.31474
-1.31475
-1.31476
-1.31477
-1.31477
-1.31478
-1.31479
-1.3148
-1.31481
-1.31482
-1.31483
-1.31484
-1.31485
-1.31486
-1.31487
-1.31488
-1.31489
-1.3149
-1.31491
-1.31492
-1.31494
-1.31495
-1.31496
-1.31497
-1.31498
-1.31499
-1.31501
-1.31502
-1.31503
-1.31504
-1.31506
-1.31507
-1.31508
-1.3151
-1.31511
-1.31512
-1.31514
-1.31515
-1.31517
-1.31518
-1.3152
-1.31521
-1.31523
-1.31524
-1.31526
-1.31527
-1.31529
-1.31531
-1.31532
-1.31534
-1.31536
-1.31538
-1.31539
-1.31541
-1.31543
-1.31545
-1.31547
-1.31549
-1.31551
-1.31552
-1.31554
-1.31556
-1.31559
-1.31561
-1.31563
-1.31565
-1.31567
-1.31569
-1.31571
-1.31574
-1.31576
-1.31578
-1.31581
-1.31583
-1.31585
-1.31588
-1.3159
-1.31593
-1.31596
-1.31598
-1.31601
-1.31604
-1.31606
-1.31609
-1.31612
-1.31615
-1.31618
-1.31621
-1.31624
-1.31627
-1.3163
-1.31633
-1.31637
-1.3164
-1.31643
-1.31647
-1.3165
-1.31654
-1.31658
-1.31661
-1.31665
-1.31669
-1.31673
-1.31677
-1.31681
-1.31685
-1.31689
-1.31694
-1.31698
-1.31702
-1.31707
-1.31712
-1.31716
-1.31721
-1.31726
-1.31731
-1.31736
-1.31742
-1.31747
-1.31752
-1.31758
-1.31764
-1.31769
-1.31775
-1.31781
-1.31787
-1.31794
-1.318
-1.31807
-1.31813
-1.3182
-1.31827
-1.31834
-1.31841
-1.31848
-1.31855
-1.31863
-1.31871
-1.31878
-1.31886
-1.31894
-1.31903
-1.31911
-1.31919
-1.31928
-1.31937
-1.31945
-1.31954
-1.31963
-1.31973
-1.31982
-1.31991
-1.32001
-1.32011
-1.32021
-1.32031
-1.32041
-1.32051
-1.32061
-1.32071
-1.32082
-1.32092
-1.32103
-1.32114
-1.32124
-1.32135
-1.32146
-1.32157
-1.32168
-1.32179
-1.3219
-1.32201
-1.32212
-1.32223
-1.32234
-1.32245
-1.32256
-1.32267
-1.32278
-1.32288
-1.32299
-1.3231
-1.32321
-1.32331
-1.32342
-1.32352
-1.32362
-1.32372
-1.32382
-1.32392
-1.32402
-1.32412
-1.32421
-1.3243
-1.32439
-1.32448
-1.32456
-1.32465
-1.32473
-1.32481
-1.32488
-1.32496
-1.32503
-1.3251
-1.32516
-1.32523
-1.32529
-1.32535
-1.3254
-1.32545
-1.3255
-1.32555
-1.3256
-1.32564
-1.32568
-1.32571
-1.32575
-1.32578
-1.3258
-1.32583
-1.32585
-1.32587
-1.32589
-1.32591
-1.32592
-1.32593
-1.32594
-1.32594
-1.32595
-1.32595
-1.32595
-1.32594
-1.32594
-1.32593
-1.32593
-1.32592
-1.32591
-1.32589
-1.32588
-1.32586
-1.32585
-1.32583
-1.32581
-1.32579
-1.32577
-1.32575
-1.32573
-1.32571
-1.32569
-1.32567
-1.32564
-1.32562
-1.3256
-1.32557
-1.32555
-1.32553
-1.3255
-1.32548
-1.32545
-1.32543
-1.3254
-1.32538
-1.32535
-1.32533
-1.3253
-1.32527
-1.32525
-1.32522
-1.32519
-1.32517
-1.33736
-1.33736
-1.33736
-1.33736
-1.33736
-1.33736
-1.33737
-1.33737
-1.33737
-1.33737
-1.33737
-1.33738
-1.33738
-1.33738
-1.33738
-1.33739
-1.33739
-1.33739
-1.3374
-1.3374
-1.3374
-1.33741
-1.33741
-1.33742
-1.33742
-1.33742
-1.33743
-1.33743
-1.33744
-1.33744
-1.33745
-1.33745
-1.33746
-1.33747
-1.33747
-1.33748
-1.33748
-1.33749
-1.3375
-1.3375
-1.33751
-1.33752
-1.33753
-1.33753
-1.33754
-1.33755
-1.33756
-1.33757
-1.33757
-1.33758
-1.33759
-1.3376
-1.33761
-1.33762
-1.33763
-1.33764
-1.33765
-1.33766
-1.33767
-1.33768
-1.33769
-1.3377
-1.33772
-1.33773
-1.33774
-1.33775
-1.33776
-1.33778
-1.33779
-1.3378
-1.33782
-1.33783
-1.33784
-1.33786
-1.33787
-1.33789
-1.3379
-1.33792
-1.33793
-1.33795
-1.33796
-1.33798
-1.33799
-1.33801
-1.33803
-1.33804
-1.33806
-1.33808
-1.3381
-1.33811
-1.33813
-1.33815
-1.33817
-1.33819
-1.33821
-1.33823
-1.33825
-1.33827
-1.33829
-1.33831
-1.33833
-1.33835
-1.33837
-1.33839
-1.33841
-1.33844
-1.33846
-1.33848
-1.3385
-1.33853
-1.33855
-1.33858
-1.3386
-1.33863
-1.33865
-1.33868
-1.3387
-1.33873
-1.33875
-1.33878
-1.33881
-1.33884
-1.33887
-1.33889
-1.33892
-1.33895
-1.33898
-1.33901
-1.33905
-1.33908
-1.33911
-1.33914
-1.33917
-1.33921
-1.33924
-1.33928
-1.33931
-1.33935
-1.33938
-1.33942
-1.33946
-1.3395
-1.33954
-1.33958
-1.33962
-1.33966
-1.3397
-1.33974
-1.33979
-1.33983
-1.33987
-1.33992
-1.33997
-1.34001
-1.34006
-1.34011
-1.34016
-1.34021
-1.34026
-1.34031
-1.34037
-1.34042
-1.34048
-1.34053
-1.34059
-1.34065
-1.34071
-1.34077
-1.34083
-1.34089
-1.34095
-1.34102
-1.34108
-1.34115
-1.34121
-1.34128
-1.34135
-1.34142
-1.34149
-1.34156
-1.34164
-1.34171
-1.34179
-1.34186
-1.34194
-1.34202
-1.3421
-1.34218
-1.34226
-1.34234
-1.34242
-1.34251
-1.34259
-1.34268
-1.34276
-1.34285
-1.34294
-1.34303
-1.34312
-1.34321
-1.3433
-1.34339
-1.34348
-1.34357
-1.34366
-1.34375
-1.34384
-1.34393
-1.34403
-1.34412
-1.34421
-1.3443
-1.34439
-1.34449
-1.34458
-1.34467
-1.34476
-1.34485
-1.34494
-1.34503
-1.34511
-1.3452
-1.34529
-1.34537
-1.34546
-1.34554
-1.34562
-1.3457
-1.34578
-1.34586
-1.34594
-1.34601
-1.34608
-1.34616
-1.34623
-1.34629
-1.34636
-1.34643
-1.34649
-1.34655
-1.34661
-1.34667
-1.34672
-1.34678
-1.34683
-1.34688
-1.34693
-1.34697
-1.34702
-1.34706
-1.3471
-1.34714
-1.34718
-1.34721
-1.34724
-1.34727
-1.3473
-1.34733
-1.34736
-1.34738
-1.3474
-1.34743
-1.34745
-1.34746
-1.34748
-1.3475
-1.34751
-1.34752
-1.34753
-1.34754
-1.34755
-1.34756
-1.34757
-1.34758
-1.34758
-1.34759
-1.34759
-1.3476
-1.3476
-1.3476
-1.3476
-1.3476
-1.3476
-1.34761
-1.34761
-1.34761
-1.3476
-1.3476
-1.3476
-1.3476
-1.3476
-1.3476
-1.3476
-1.34759
-1.34759
-1.34759
-1.34759
-1.34758
-1.34758
-1.34758
)
;

boundaryField
{
    Inlet
    {
        type            calculated;
        value           nonuniform 0();
    }
    BotOutlet1
    {
        type            calculated;
        value           nonuniform 0();
    }
    BotOutlet2
    {
        type            calculated;
        value           nonuniform 0();
    }
    TopInlet
    {
        type            calculated;
        value           nonuniform 0();
    }
    FreeStream
    {
        type            calculated;
        value           nonuniform List<scalar> 
20
(
-0.923204
-0.945283
-0.967453
-0.989052
-1.01167
-1.03514
-1.05731
-1.07947
-1.10129
-1.12372
-1.1459
-1.1682
-1.19064
-1.21301
-1.23547
-1.25787
-1.28031
-1.30273
-1.32516
-1.34758
)
;
    }
    FrontNBack
    {
        type            empty;
    }
    LeftSide
    {
        type            calculated;
        value           nonuniform List<scalar> 
20
(
4.14764
3.24612
2.52175
1.65336
0.730556
-0.175325
-1.23305
-1.62875
-2.79248
-2.69854
-3.05939
-2.34875
-2.24186
-3.09812
-2.33061
-2.76884
-2.061
-1.54245
-2.05331
-1.95534
)
;
    }
    procBoundary2to1
    {
        type            processor;
        value           nonuniform List<scalar> 
400
(
4.61314
4.59931
4.58366
4.56899
4.55806
4.54347
4.53879
4.52436
4.51839
4.506
4.4973
4.48825
4.48071
4.47389
4.46779
4.46328
4.45662
4.4524
4.44896
4.44603
4.44257
4.44177
4.44024
4.43955
4.43945
4.43934
4.44013
4.4414
4.44312
4.4453
4.44794
4.45099
4.45445
4.4583
4.46253
4.46703
4.47176
4.47657
4.48155
4.48692
4.49315
4.50034
4.50695
4.50863
4.50853
4.50856
4.50879
4.47434
3.92956
3.39864
2.65756
1.61181
0.378607
-0.55872
-0.834904
-0.884285
-0.893285
-0.895507
-0.89621
-0.89642
-0.896439
-0.896421
-0.896401
-0.896368
-0.896343
-0.896322
-0.896311
-0.896288
-0.896264
-0.89624
-0.896217
-0.896197
-0.896177
-0.896119
-0.896145
-0.896131
-0.896145
-0.896137
-0.896104
-0.8961
-0.896115
-0.896064
-0.896051
-0.896167
-0.896185
-0.896189
-0.896291
-0.896301
-0.896334
-0.896364
-0.896407
-0.896395
-0.896444
-0.896432
-0.896489
-0.896545
-0.8966
-0.89666
-0.896627
-0.896685
-0.896729
-0.8964
-0.896628
-0.896705
-0.896597
-0.896991
-0.897028
-0.897048
-0.897083
-0.897162
-0.897201
-0.8971
-0.897271
-0.897339
-0.897386
-0.897429
-0.897473
-0.897517
-0.897563
-0.897608
-0.897412
-0.89758
-0.897626
-0.897741
-0.897763
-0.897677
-0.897891
-0.897983
-0.897971
-0.898028
-0.898053
-0.89813
-0.898188
-0.898267
-0.898322
-0.898377
-0.898181
-0.898622
-0.898717
-0.898945
-0.898636
-0.898751
-0.89878
-0.898409
-0.899152
-0.899339
-0.899384
-0.899447
-0.899512
-0.899576
-0.89943
-0.899499
-0.899567
-0.899633
-0.899649
-0.899683
-0.899791
-0.899862
-0.899934
-0.899693
-0.899766
-0.899847
-0.899915
-0.899964
-0.900007
-0.900089
-0.900161
-0.900231
-0.900241
-0.900317
-0.900389
-0.900443
-0.900534
-0.900606
-0.90068
-0.900745
-0.900551
-0.900622
-0.900696
-0.900753
-0.900816
-0.900878
-0.90094
-0.901
-0.900948
-0.900983
-0.90136
-0.90141
-0.901454
-0.901496
-0.901537
-0.901589
-0.901632
-0.901073
-0.901277
-0.901319
-0.901273
-0.90131
-0.901346
-0.900668
-0.900817
-0.900848
-0.900617
-0.901206
-0.900867
-0.900961
-0.900962
-0.900968
-0.901002
-0.901
-0.900989
-0.900969
-0.901112
-0.901114
-0.901038
-0.901186
-0.901179
-0.900984
-0.900864
-0.90028
-0.90047
-0.900062
-0.899975
-0.900004
-0.899991
-0.900004
-0.899962
-0.899888
-0.899887
-0.899643
-0.89963
-0.899577
-0.899524
-0.899441
-0.899379
-0.89934
-0.899272
-0.8992
-0.89862
-0.898665
-0.898617
-0.898539
-0.898438
-0.898342
-0.89824
-0.898131
-0.898012
-0.897882
-0.89775
-0.897579
-0.894665
-0.89563
-0.898111
-0.897907
-0.897686
-0.89792
-0.89774
-0.897334
-0.897652
-0.897463
-0.897046
-0.896931
-0.896793
-0.896674
-0.896728
-0.896371
-0.896238
-0.897525
-0.897458
-0.897379
-0.897305
-0.897321
-0.897213
-0.8972
-0.897146
-0.897104
-0.897065
-0.897071
-0.896903
-0.896776
-0.897293
-0.89712
-0.897075
-0.897048
-0.897023
-0.896992
-0.896952
-0.896917
-0.896902
-0.896887
-0.896855
-0.897079
-0.89698
-0.897008
-0.897024
-0.897029
-0.897049
-0.897112
-0.897132
-0.897156
-0.897181
-0.897203
-0.897227
-0.897253
-0.897276
-0.897287
-0.897325
-0.897364
-0.897392
-0.897446
-0.897488
-0.89752
-0.897558
-0.897601
-0.897641
-0.897683
-0.897727
-0.897771
-0.897817
-0.897864
-0.897912
-0.897954
-0.898004
-0.898052
-0.898099
-0.898139
-0.898182
-0.898229
-0.898277
-0.898322
-0.898367
-0.898419
-0.898395
-0.898446
-0.898493
-0.898536
-0.898597
-0.898665
-0.898713
-0.89876
-0.898811
-0.89885
-0.898893
-0.898936
-0.898994
-0.899043
-0.898408
-0.899138
-0.899195
-0.899249
-0.899309
-0.89937
-0.899436
-0.899506
-0.899576
-0.898914
-0.899549
-0.89966
-0.899714
-0.899789
-0.899849
-0.89989
-0.899917
-0.899931
-0.898854
-0.8991
-0.900549
-0.900539
-0.900525
-0.90052
-0.900526
-0.900538
-0.900554
-0.900574
-0.900596
-0.900625
-0.900594
-0.898661
-0.900138
-0.900206
-0.899976
-0.899929
-0.899899
-0.899884
-0.899936
-0.898964
-0.899764
-0.899792
-0.899869
-0.900232
-0.897839
-0.899415
-0.899572
-0.899477
-0.899699
-0.899113
-0.899724
-0.899788
-0.899908
-0.900171
)
;
    }
    procBoundary2to3
    {
        type            processor;
        value           nonuniform List<scalar> 
400
(
-2.31129
-2.35677
-2.4065
-2.45339
-2.4972
-2.52657
-2.50822
-2.45136
-2.66674
-3.98877
-6.14419
-2.63685
-1.3659
-1.35781
-1.35803
-1.35812
-1.35811
-1.35808
-1.35806
-1.35805
-1.35805
-1.35805
-1.35802
-1.35807
-1.35807
-1.35808
-1.35808
-1.35809
-1.35809
-1.35811
-1.35812
-1.35813
-1.3581
-1.35878
-1.35877
-1.35878
-1.35879
-1.35881
-1.35877
-1.35855
-1.35997
-1.35948
-1.35948
-1.35959
-1.35902
-1.35876
-1.35999
-1.3593
-1.36032
-1.36018
-1.36008
-1.36129
-1.36117
-1.36107
-1.36148
-1.36142
-1.36082
-1.36103
-1.36097
-1.36087
-1.36081
-1.3607
-1.36072
-1.36068
-1.36004
-1.36008
-1.36008
-1.36006
-1.36005
-1.36004
-1.36003
-1.35961
-1.35885
-1.36077
-1.36075
-1.36072
-1.3607
-1.36068
-1.36066
-1.36063
-1.3606
-1.36058
-1.36056
-1.36054
-1.36051
-1.36048
-1.36046
-1.36043
-1.36041
-1.36039
-1.36037
-1.36035
-1.36033
-1.36031
-1.36029
-1.36027
-1.36026
-1.36024
-1.36023
-1.36022
-1.36021
-1.3602
-1.3602
-1.36019
-1.36019
-1.36018
-1.36018
-1.36017
-1.36017
-1.36017
-1.36016
-1.36016
-1.36016
-1.36015
-1.36015
-1.36015
-1.36015
-1.36015
-1.36014
-1.36014
-1.36014
-1.36014
-1.36014
-1.36014
-1.36014
-1.36014
-1.36014
-1.36014
-1.36014
-1.36015
-1.36015
-1.36015
-1.36015
-1.36015
-1.36016
-1.36016
-1.36016
-1.36017
-1.36017
-1.36017
-1.36018
-1.36018
-1.36019
-1.36019
-1.3602
-1.36021
-1.36021
-1.36022
-1.36022
-1.36023
-1.36024
-1.36024
-1.36025
-1.36026
-1.36027
-1.36028
-1.36029
-1.36029
-1.3603
-1.36031
-1.36032
-1.36033
-1.36034
-1.36035
-1.36036
-1.36037
-1.36039
-1.3604
-1.36041
-1.36042
-1.36043
-1.36044
-1.36046
-1.36047
-1.36048
-1.3605
-1.36051
-1.36052
-1.36054
-1.36055
-1.36057
-1.36058
-1.3606
-1.36061
-1.36063
-1.36064
-1.36066
-1.36068
-1.36069
-1.36071
-1.36073
-1.36074
-1.36076
-1.36078
-1.3608
-1.36082
-1.36084
-1.36085
-1.36087
-1.36089
-1.36091
-1.36093
-1.36095
-1.36097
-1.36099
-1.36101
-1.36103
-1.36106
-1.36108
-1.3611
-1.36112
-1.36114
-1.36117
-1.36119
-1.36121
-1.36124
-1.36126
-1.36129
-1.36131
-1.36134
-1.36136
-1.36139
-1.36141
-1.36144
-1.36146
-1.36149
-1.36152
-1.36155
-1.36157
-1.3616
-1.36163
-1.36166
-1.36169
-1.36172
-1.36175
-1.36178
-1.36181
-1.36184
-1.36187
-1.36191
-1.36194
-1.36197
-1.36201
-1.36204
-1.36207
-1.36211
-1.36214
-1.36218
-1.36222
-1.36225
-1.36229
-1.36233
-1.36237
-1.36241
-1.36245
-1.36249
-1.36253
-1.36257
-1.36261
-1.36266
-1.3627
-1.36274
-1.36279
-1.36284
-1.36288
-1.36293
-1.36298
-1.36302
-1.36307
-1.36312
-1.36317
-1.36323
-1.36328
-1.36333
-1.36338
-1.36344
-1.36349
-1.36355
-1.36361
-1.36366
-1.36372
-1.36378
-1.36384
-1.3639
-1.36396
-1.36403
-1.36409
-1.36415
-1.36422
-1.36428
-1.36435
-1.36442
-1.36448
-1.36455
-1.36462
-1.36469
-1.36476
-1.36483
-1.36491
-1.36498
-1.36505
-1.36512
-1.3652
-1.36527
-1.36535
-1.36542
-1.3655
-1.36557
-1.36565
-1.36573
-1.3658
-1.36588
-1.36596
-1.36604
-1.36611
-1.36619
-1.36627
-1.36635
-1.36642
-1.3665
-1.36658
-1.36665
-1.36673
-1.36681
-1.36688
-1.36696
-1.36703
-1.36711
-1.36718
-1.36725
-1.36732
-1.3674
-1.36747
-1.36754
-1.36761
-1.36767
-1.36774
-1.36781
-1.36787
-1.36794
-1.368
-1.36806
-1.36812
-1.36818
-1.36824
-1.3683
-1.36835
-1.36841
-1.36846
-1.36851
-1.36856
-1.36861
-1.36866
-1.36871
-1.36876
-1.3688
-1.36885
-1.36889
-1.36893
-1.36897
-1.36901
-1.36905
-1.36908
-1.36912
-1.36916
-1.36919
-1.36922
-1.36925
-1.36929
-1.36932
-1.36935
-1.36937
-1.3694
-1.36943
-1.36946
-1.36948
-1.36951
-1.36953
-1.36956
-1.36958
-1.3696
-1.36963
-1.36965
-1.36967
-1.36969
-1.36971
-1.36973
-1.36975
-1.36978
-1.3698
-1.36982
-1.36984
-1.36986
-1.36988
-1.3699
-1.36991
-1.36993
-1.36995
-1.36997
-1.37
)
;
    }
}


// ************************************************************************* //
