/*--------------------------------*- C++ -*----------------------------------*\
| =========                 |                                                 |
| \\      /  F ield         | OpenFOAM: The Open Source CFD Toolbox           |
|  \\    /   O peration     | Version:  2.4.0                                 |
|   \\  /    A nd           | Web:      www.OpenFOAM.org                      |
|    \\/     M anipulation  |                                                 |
\*---------------------------------------------------------------------------*/
FoamFile
{
    version     2.0;
    format      ascii;
    class       volScalarField;
    location    "1.4";
    object      p_rgh;
}
// * * * * * * * * * * * * * * * * * * * * * * * * * * * * * * * * * * * * * //

dimensions      [1 -1 -2 0 0 0 0];

internalField   nonuniform List<scalar> 
8000
(
71.0281
71.2005
71.3877
71.5741
71.7473
71.9111
72.0472
72.2731
72.964
73.2143
70.5359
24.8488
-4.11446
-1.19832
-0.000876591
-0.120841
-0.169453
-0.157444
-0.136236
-0.119586
-0.103862
-0.0936004
-0.0882059
-0.0865358
-0.0865335
-0.0859148
-0.0849624
-0.084121
-0.0834215
-0.082765
-0.0821134
-0.0814394
-0.0807698
-0.080119
-0.0794952
-0.0789014
-0.0783317
-0.0777821
-0.07725
-0.0766947
-0.0761916
-0.0756893
-0.0750326
-0.0747602
-0.0743585
-0.0739148
-0.0734809
-0.0730549
-0.0726393
-0.0722333
77.634
77.7438
77.8729
78.0038
78.1373
78.274
78.4158
78.5602
78.6735
78.6849
78.6077
78.1081
77.6527
77.285
79.1858
50.9919
10.0388
-0.814724
0.202519
0.49155
0.291737
0.0200231
-0.117543
-0.126923
-0.109881
-0.105366
-0.0938266
-0.077404
-0.06957
-0.0713121
-0.0755577
-0.077098
-0.0764414
-0.075434
-0.0749058
-0.0746608
-0.0743811
-0.0740462
-0.0736994
-0.0733495
-0.0729975
-0.0726556
-0.0723339
-0.0720301
-0.0717459
-0.0714705
-0.0711987
-0.0709533
-0.0707162
-0.0704833
81.6193
81.6472
81.6821
81.7181
81.7547
81.793
81.8332
81.8765
81.9215
81.97
82.0276
82.1036
82.1863
82.2479
82.3211
82.343
82.3895
82.4065
82.2635
69.7366
52.2194
34.6573
12.2827
0.0284599
-0.236897
0.495826
0.494817
0.322508
0.138492
-0.00293908
-0.0518841
-0.0486425
-0.0336891
-0.0391104
-0.056708
-0.0674896
-0.0703947
-0.071444
-0.0730483
-0.0741549
-0.0743251
-0.0737448
-0.07372
-0.0734743
-0.0706031
-0.0704272
-0.0726216
-0.0732234
-0.0732143
-0.0731942
83.5437
83.5808
83.6197
83.6563
83.6912
83.7256
83.7592
83.7923
83.8242
83.8556
83.8856
83.9155
83.9436
83.9702
83.9937
84.0251
84.0625
84.1027
84.1665
84.2071
84.2606
84.3351
84.319
84.0909
83.6031
82.5622
62.5911
37.1024
9.56384
0.715085
1.91962
2.06737
1.63628
0.690996
0.0761312
-0.0072757
0.0101201
-0.003772
-0.0338912
-0.0513825
-0.0551806
-0.0553186
-0.0558824
-0.0584669
-0.0600657
-0.0602727
-0.0600879
-0.0599816
-0.0598979
-0.059231
87.5622
87.573
87.5878
87.6045
87.6231
87.6435
87.666
87.6905
87.717
87.7455
87.7758
87.8082
87.8424
87.8785
87.9162
87.9559
87.9969
88.0397
88.0844
88.1356
88.1957
88.2793
88.3986
88.5535
88.7169
88.9354
89.0796
89.0019
88.4058
86.9201
83.9383
66.7259
35.6096
5.94594
3.63418
3.4143
2.88035
1.16386
0.256655
0.046348
0.0355931
0.0150702
-0.0246745
-0.0497647
-0.0564472
-0.0591768
-0.0616696
-0.0633106
-0.0640403
-0.0636669
90.4292
90.4134
90.3986
90.3885
90.3831
90.3817
90.3842
90.3907
90.4009
90.4151
90.433
90.4549
90.4805
90.5101
90.5435
90.581
90.6223
90.6679
90.7173
90.7711
90.8288
90.8913
90.9579
91.0295
91.1042
91.1846
91.2762
91.3813
91.4877
91.5849
91.7283
91.7756
91.6079
91.1388
84.4338
77.7464
52.3095
17.9836
3.61996
3.63128
3.33084
1.49395
0.300946
0.0762692
0.0302787
-0.0158883
-0.0464508
-0.0573369
-0.0600355
-0.0599316
92.6566
92.6383
92.6196
92.6044
92.5925
92.5835
92.5772
92.5735
92.5725
92.5741
92.5783
92.5852
92.5945
92.6064
92.6208
92.6378
92.6571
92.6791
92.7033
92.7302
92.7594
92.7911
92.825
92.8613
92.8993
92.9396
92.9811
93.0248
93.0699
93.1181
93.1702
93.2282
93.2737
93.3143
93.3729
93.4604
93.4097
92.9216
85.29
83.9562
61.5893
23.491
5.01283
3.75002
2.39672
0.671371
0.112556
-0.00105066
-0.0397769
-0.0523611
94.5763
94.5557
94.5343
94.5158
94.5001
94.4866
94.4752
94.4659
94.4587
94.4536
94.4505
94.4495
94.4504
94.4533
94.4581
94.4649
94.4734
94.4837
94.4958
94.5096
94.525
94.5419
94.5604
94.5802
94.6015
94.624
94.6477
94.6724
94.6983
94.7249
94.7524
94.7805
94.8097
94.8403
94.8747
94.9096
94.9323
94.9576
94.9825
95.0553
95.0462
94.7177
86.3648
80.2635
40.7265
7.70302
3.38783
1.37745
0.295134
0.0610141
96.0079
95.9833
95.957
95.9338
95.9138
95.8962
95.881
95.8681
95.8575
95.8492
95.8432
95.8394
95.8379
95.8387
95.8417
95.8469
95.8543
95.8639
95.8757
95.8897
95.9058
95.9241
95.9445
95.9671
95.9918
96.0185
96.0474
96.0783
96.1113
96.1464
96.1834
96.2225
96.2635
96.3065
96.3512
96.3979
96.4465
96.4981
96.5531
96.6076
96.6487
96.6842
96.7232
96.8162
96.8
91.3423
77.1984
29.5858
8.171
3.4462
97.3714
97.3436
97.3148
97.2895
97.2676
97.2482
97.2313
97.2167
97.2045
97.1947
97.1873
97.1821
97.1794
97.1789
97.1808
97.185
97.1915
97.2003
97.2115
97.225
97.2409
97.2592
97.2799
97.303
97.3285
97.3565
97.3871
97.4202
97.4559
97.4943
97.5354
97.5793
97.6261
97.6758
97.7285
97.7843
97.8433
97.9056
97.9714
98.0406
98.1141
98.1922
98.274
98.3514
98.4229
98.5205
98.6746
98.6469
88.4194
56.7608
97.8621
97.8418
97.8196
97.7997
97.7822
97.7665
97.7525
97.7402
97.7296
97.7207
97.7135
97.7079
97.704
97.7018
97.7012
97.7022
97.7049
97.7092
97.7151
97.7227
97.7318
97.7426
97.7551
97.7691
97.7848
97.8021
97.8211
97.8417
97.8639
97.8878
97.9134
97.9407
97.9697
98.0004
98.0328
98.067
98.103
98.1408
98.1805
98.222
98.2656
98.3109
98.3585
98.4083
98.4608
98.5145
98.5639
98.615
98.6535
98.5357
98.5427
98.5295
98.5159
98.5038
98.493
98.4831
98.4741
98.466
98.4589
98.4526
98.4472
98.4427
98.4391
98.4364
98.4346
98.4336
98.4335
98.4343
98.4359
98.4384
98.4417
98.4458
98.4506
98.4563
98.4627
98.4699
98.4778
98.4863
98.4956
98.5055
98.5161
98.5272
98.5389
98.5511
98.5638
98.577
98.5905
98.6044
98.6186
98.6331
98.6478
98.6624
98.677
98.6917
98.706
98.7199
98.7341
98.7497
98.7598
98.7822
98.5871
98.5801
98.5719
98.5643
98.5576
98.5515
98.5461
98.5413
98.5371
98.5335
98.5306
98.5283
98.5267
98.5257
98.5254
98.5257
98.5266
98.5282
98.5304
98.5333
98.5368
98.5409
98.5457
98.551
98.557
98.5636
98.5709
98.5787
98.5871
98.5961
98.6057
98.6159
98.6266
98.6379
98.6497
98.6621
98.675
98.6884
98.7023
98.7167
98.7315
98.7467
98.7624
98.7783
98.7943
98.8101
98.8225
98.9101
98.8779
98.908
99.1786
99.1761
99.1744
99.1729
99.1716
99.1701
99.1687
99.1673
99.1659
99.1645
99.1631
99.1617
99.1604
99.1591
99.1577
99.1564
99.1551
99.1539
99.1526
99.1513
99.15
99.1487
99.1474
99.146
99.1446
99.1431
99.1416
99.14
99.1383
99.1365
99.1346
99.1325
99.1303
99.1279
99.1253
99.1225
99.1195
99.1162
99.1126
99.1087
99.1045
99.0999
99.0949
99.0893
99.0828
99.0751
99.0512
99.1297
99.0312
99.0825
98.9173
98.9187
98.9188
98.9184
98.9181
98.9178
98.9176
98.9175
98.9174
98.9173
98.9173
98.9173
98.9174
98.9175
98.9177
98.9179
98.9181
98.9184
98.9187
98.9191
98.9195
98.9199
98.9203
98.9208
98.9212
98.9217
98.9222
98.9227
98.9232
98.9236
98.924
98.9244
98.9247
98.9249
98.925
98.9249
98.9248
98.9244
98.9239
98.9231
98.922
98.9206
98.9186
98.9158
98.9127
98.9103
98.8889
98.91
98.8319
98.6152
99.879
99.8811
99.8853
99.8897
99.8938
99.8974
99.9006
99.9035
99.906
99.9082
99.91
99.9114
99.9125
99.9133
99.9138
99.9139
99.9136
99.9131
99.9123
99.9111
99.9096
99.9078
99.9058
99.9034
99.9007
99.8976
99.8943
99.8906
99.8866
99.8822
99.8775
99.8724
99.867
99.8611
99.8548
99.8481
99.8409
99.8333
99.8252
99.8165
99.8074
99.7975
99.7869
99.7764
99.7695
99.7638
99.7131
99.5616
98.7868
62.0349
99.1603
99.1703
99.1785
99.185
99.1909
99.1963
99.2011
99.2055
99.2093
99.2125
99.2152
99.2173
99.219
99.2201
99.2208
99.2211
99.221
99.2205
99.2198
99.2188
99.2175
99.2161
99.2146
99.2131
99.2115
99.2101
99.2087
99.2076
99.2068
99.2063
99.2063
99.2068
99.208
99.2099
99.2127
99.2165
99.2215
99.2276
99.2353
99.2444
99.2552
99.2677
99.2836
99.3058
99.3328
99.3274
99.2111
98.5271
49.1099
2.44126
100.831
100.855
100.883
100.907
100.925
100.94
100.951
100.96
100.966
100.97
100.973
100.974
100.974
100.973
100.971
100.968
100.965
100.962
100.959
100.955
100.951
100.948
100.944
100.941
100.937
100.934
100.931
100.928
100.926
100.923
100.921
100.918
100.915
100.912
100.909
100.905
100.9
100.895
100.888
100.879
100.869
100.856
100.841
100.825
100.803
100.749
100.639
81.77
21.3575
1.47442
99.4383
99.5114
99.5775
99.627
99.6639
99.6918
99.7121
99.7257
99.7332
99.7354
99.7329
99.726
99.7154
99.7012
99.6839
99.6636
99.6406
99.615
99.5869
99.5564
99.5235
99.4884
99.4509
99.411
99.3687
99.3238
99.2762
99.2257
99.1722
99.1153
99.0548
98.9903
98.9215
98.8478
98.7687
98.6837
98.5919
98.4925
98.3846
98.2667
98.1391
98.0021
97.8507
97.658
97.3801
97.1475
97.759
16.1343
0.0366699
-0.012055
105.915
105.494
105.075
104.717
104.407
104.13
103.88
103.653
103.449
103.263
103.096
102.944
102.807
102.683
102.572
102.473
102.385
102.307
102.24
102.183
102.136
102.099
102.071
102.054
102.046
102.048
102.061
102.085
102.121
102.169
102.23
102.306
102.397
102.504
102.631
102.778
102.948
103.144
103.37
103.63
103.927
104.269
104.66
105.11
105.64
106.301
107.078
107.822
91.1184
-0.0237248
-0.0718358
-0.0714458
-0.0710623
-0.0706843
-0.0703104
-0.0699387
-0.0695674
-0.0691944
-0.0688167
-0.0684306
-0.0680311
-0.0676196
-0.0672078
-0.0668093
-0.0664261
-0.0660558
-0.0657032
-0.0653684
-0.0650516
-0.0647508
-0.0644547
-0.0641601
-0.0638669
-0.0635453
-0.0632458
-0.0629623
-0.0626726
-0.0623909
-0.0620983
-0.0618201
-0.0615426
-0.061273
-0.0609989
-0.0607293
-0.0604603
-0.0601942
-0.0599386
-0.0596843
-0.0594415
-0.0591955
-0.0589861
-0.0587639
-0.0585499
-0.0583504
-0.0581388
-0.0579365
-0.057744
-0.0575407
-0.0573449
-0.0571474
-0.0702724
-0.0701041
-0.0699344
-0.0697521
-0.0695222
-0.0692671
-0.0690367
-0.0688162
-0.0686004
-0.0683575
-0.0680622
-0.0677882
-0.0675391
-0.0672652
-0.0670294
-0.0666076
-0.066194
-0.065923
-0.0656702
-0.0652607
-0.0647185
-0.0651713
-0.0650209
-0.0646324
-0.0651005
-0.0643517
-0.0644587
-0.064661
-0.0632341
-0.0631517
-0.0616389
-0.0621902
-0.0608023
-0.0608272
-0.059381
-0.0601102
-0.0579694
-0.058454
-0.0590552
-0.0576519
-0.0580787
-0.0571553
-0.0575404
-0.05735
-0.0571797
-0.057127
-0.0565824
-0.0564707
-0.0562877
-0.0561891
-0.0732218
-0.0733158
-0.0735049
-0.0734975
-0.0736043
-0.0737346
-0.0740878
-0.0742866
-0.0744858
-0.0741493
-0.0226595
-0.0428176
-0.0527759
-0.0549271
-0.0551237
-0.0551461
-0.0551407
-0.0551029
-0.0549623
-0.0528687
-0.0508754
-0.0506749
-0.0574373
-0.0595277
-0.0600093
-0.0598736
-0.0597567
-0.059639
-0.0595131
-0.0593742
-0.0592294
-0.0590863
-0.0589317
-0.0587604
-0.0585953
-0.0580921
-0.0563394
-0.056715
-0.0570303
-0.0567882
-0.0565371
-0.0564746
-0.0567867
-0.0566243
-0.0579619
-0.056035
-0.0560199
-0.0555224
-0.0535218
-0.0526138
-0.0537157
-0.0386935
-0.0329773
-0.0342001
-0.0455173
-0.0543009
-0.0560849
-0.0562337
-0.0616746
-0.0537476
-0.0425639
-0.0429343
-0.049279
-0.0553736
-0.0569739
-0.0570567
-0.0571288
-0.0572183
-0.057285
-0.0574167
-0.0575525
-0.0577391
-0.0578465
-0.0579752
-0.0581168
-0.0582192
-0.0582966
-0.0583755
-0.0584447
-0.0585101
-0.0585216
-0.0585926
-0.0586881
-0.0587963
-0.0586506
-0.0569132
-0.0466217
-0.0156665
0.00726887
0.000929068
-0.0126665
-0.0377298
-0.0480593
-0.0494047
-0.0495793
-0.0497774
-0.0499672
-0.0501192
-0.0502401
-0.0503432
-0.0634969
-0.0633472
-0.0632716
-0.0629902
-0.0627715
-0.0626038
-0.0624706
-0.0622592
-0.0622214
-0.0620752
-0.0619106
-0.061685
-0.0614957
-0.0613245
-0.0611163
-0.0609476
-0.060741
-0.0605471
-0.0604236
-0.0603245
-0.0601679
-0.0600605
-0.0599138
-0.059758
-0.0595984
-0.0594406
-0.0592861
-0.059126
-0.058965
-0.0584602
-0.0585201
-0.0583477
-0.0581759
-0.057984
-0.0577763
-0.0575634
-0.0573344
-0.057101
-0.0569084
-0.0563693
-0.0559451
-0.0556215
-0.0553523
-0.0550945
-0.054828
-0.054545
-0.0542064
-0.0539765
-0.0537024
-0.0531101
-0.0599268
-0.0598723
-0.0600229
-0.059933
-0.0598131
-0.0596925
-0.0595861
-0.0594967
-0.0594119
-0.0593284
-0.0592296
-0.0591155
-0.0589825
-0.0588487
-0.0587271
-0.058619
-0.0585183
-0.0584265
-0.0583449
-0.0582731
-0.0582105
-0.0581554
-0.0581074
-0.0580654
-0.0580298
-0.0580006
-0.0579783
-0.0579639
-0.0579589
-0.0579646
-0.0579804
-0.0580085
-0.05805
-0.0581065
-0.0581809
-0.058278
-0.0584025
-0.0585436
-0.0586554
-0.0587051
-0.0586753
-0.0586366
-0.0586125
-0.0586075
-0.0586248
-0.0586687
-0.0587429
-0.0588492
-0.0589879
-0.0591648
-0.0561726
-0.0573427
-0.0573011
-0.0572777
-0.0571813
-0.0569276
-0.0570814
-0.0570616
-0.0570077
-0.0569526
-0.056898
-0.0568439
-0.0567903
-0.0567372
-0.0566845
-0.056632
-0.0565795
-0.0565265
-0.0564728
-0.0564175
-0.0563594
-0.0562975
-0.0562317
-0.0561618
-0.0560883
-0.056012
-0.0559333
-0.0558528
-0.0557708
-0.0556873
-0.0556024
-0.055516
-0.0554278
-0.0553379
-0.0552463
-0.0551528
-0.0550575
-0.0549603
-0.0548613
-0.0547604
-0.054657
-0.0545509
-0.0544419
-0.0543299
-0.0542146
-0.054096
-0.0539739
-0.0538485
-0.0537203
-0.0535824
-0.00696126
-0.0385699
-0.0507015
-0.0541706
-0.0544776
-0.0545196
-0.0543405
-0.0551915
-0.0552108
-0.0551595
-0.0551355
-0.0550959
-0.0550576
-0.055021
-0.0549864
-0.0549541
-0.0549243
-0.0548962
-0.0548684
-0.0548386
-0.0548052
-0.0547673
-0.0547249
-0.0546786
-0.0546295
-0.0545786
-0.0545265
-0.054474
-0.0544214
-0.0543689
-0.0543166
-0.0542644
-0.0542124
-0.0541604
-0.0541083
-0.054056
-0.0540033
-0.0539502
-0.0538962
-0.0538414
-0.0537855
-0.0537287
-0.0536709
-0.0536123
-0.0535527
-0.0534922
-0.0534306
-0.0533677
-0.0533038
-0.0532394
1.07826
0.256652
0.0195131
-0.0419519
-0.052809
-0.0531119
-0.0530846
-0.0530852
-0.0530757
-0.0530641
-0.0530536
-0.0530423
-0.053031
-0.0530204
-0.0530108
-0.0530027
-0.0529961
-0.0529906
-0.0529852
-0.0529782
-0.0529677
-0.052952
-0.0529302
-0.0529019
-0.0528678
-0.0528289
-0.0527861
-0.0527405
-0.0526928
-0.0526436
-0.0525932
-0.0525417
-0.0524892
-0.0524356
-0.0523808
-0.0523249
-0.0522679
-0.0522096
-0.0521501
-0.0520894
-0.0520274
-0.0519641
-0.0518994
-0.0518334
-0.051766
-0.0516972
-0.051627
-0.0515555
-0.0514829
-0.0514079
24.3997
9.19583
2.55793
0.456234
0.0244777
-0.0428211
-0.0514232
-0.0515785
-0.0515931
-0.051614
-0.0516299
-0.0516419
-0.0516533
-0.0516646
-0.0516756
-0.0516862
-0.0516959
-0.0517041
-0.0517102
-0.0517131
-0.0517119
-0.0517058
-0.0516942
-0.0516771
-0.0516547
-0.0516277
-0.051597
-0.0515636
-0.0515281
-0.0514913
-0.0514535
-0.0514151
-0.051376
-0.0513364
-0.0512962
-0.0512554
-0.051214
-0.051172
-0.0511294
-0.0510863
-0.0510425
-0.0509981
-0.0509532
-0.0509076
-0.0508614
-0.0508147
-0.0507673
-0.0507194
-0.0506711
-0.0506223
90.5938
68.2544
32.6585
8.75078
1.37238
0.0831951
-0.044968
-0.0500979
-0.0499301
-0.0501212
-0.0501032
-0.0501356
-0.0501688
-0.0502004
-0.0502301
-0.0502568
-0.0502793
-0.0502965
-0.0503081
-0.0503137
-0.0503136
-0.0503081
-0.0502979
-0.0502835
-0.0502658
-0.0502453
-0.0502228
-0.0501988
-0.0501736
-0.0501477
-0.0501211
-0.050094
-0.0500665
-0.0500386
-0.0500102
-0.0499814
-0.0499521
-0.0499224
-0.0498922
-0.0498616
-0.0498306
-0.0497991
-0.0497672
-0.0497349
-0.0497021
-0.0496689
-0.0496354
-0.0496015
-0.0495675
-0.0495327
98.7528
98.1251
81.8173
32.2423
4.54881
0.215484
-0.0437769
-0.0485196
-0.0486042
-0.0486924
-0.0487639
-0.0488274
-0.0488868
-0.0489417
-0.0489904
-0.0490318
-0.0490652
-0.0490908
-0.0491089
-0.0491205
-0.0491264
-0.0491277
-0.0491253
-0.04912
-0.0491124
-0.0491032
-0.0490927
-0.0490812
-0.0490689
-0.049056
-0.0490425
-0.0490285
-0.049014
-0.0489989
-0.0489835
-0.0489675
-0.0489511
-0.0489342
-0.0489169
-0.0488992
-0.0488811
-0.0488626
-0.0488437
-0.0488244
-0.0488048
-0.0487848
-0.0487645
-0.0487439
-0.0487231
-0.048702
98.9218
98.87
90.0532
39.3217
5.16679
0.177883
-0.0455287
-0.0469768
-0.0474106
-0.0475501
-0.0476269
-0.0476912
-0.0477499
-0.0478017
-0.0478458
-0.0478818
-0.0479103
-0.047932
-0.0479479
-0.047959
-0.0479663
-0.0479706
-0.0479727
-0.0479732
-0.0479724
-0.0479707
-0.0479684
-0.0479655
-0.0479622
-0.0479586
-0.0479546
-0.0479503
-0.0479457
-0.0479407
-0.0479354
-0.0479298
-0.0479239
-0.0479177
-0.0479112
-0.0479045
-0.0478974
-0.0478901
-0.0478824
-0.0478745
-0.0478664
-0.047858
-0.0478493
-0.0478404
-0.0478314
-0.047822
98.9496
89.6568
44.0219
9.62435
0.807648
-0.0232188
-0.0460785
-0.0462472
-0.0464708
-0.0465447
-0.0466011
-0.046656
-0.0467049
-0.0467462
-0.0467803
-0.046808
-0.0468305
-0.0468487
-0.0468635
-0.0468758
-0.0468863
-0.0468954
-0.0469035
-0.0469109
-0.0469177
-0.0469243
-0.0469305
-0.0469365
-0.0469422
-0.0469477
-0.0469529
-0.0469579
-0.0469626
-0.0469671
-0.0469713
-0.0469753
-0.046979
-0.0469825
-0.0469857
-0.0469887
-0.0469915
-0.0469939
-0.0469962
-0.0469982
-0.0469999
-0.0470014
-0.0470027
-0.0470037
-0.0470045
-0.0470051
78.9282
28.462
3.82768
0.256993
-0.0376916
-0.0450807
-0.0453013
-0.0454916
-0.0455512
-0.0456103
-0.0456549
-0.0456909
-0.045721
-0.0457464
-0.0457681
-0.0457872
-0.0458044
-0.0458203
-0.0458354
-0.0458501
-0.0458645
-0.0458787
-0.045893
-0.0459073
-0.0459216
-0.0459359
-0.0459501
-0.0459644
-0.0459786
-0.0459928
-0.0460069
-0.0460209
-0.0460348
-0.0460486
-0.0460623
-0.0460759
-0.0460893
-0.0461026
-0.0461157
-0.0461287
-0.0461414
-0.046154
-0.0461664
-0.0461785
-0.0461905
-0.0462022
-0.0462138
-0.0462251
-0.0462361
-0.046247
15.8888
2.01242
-0.0112466
-0.0433132
-0.0438681
-0.0442799
-0.0444286
-0.0444776
-0.0445074
-0.0445325
-0.0445555
-0.0445769
-0.0445974
-0.0446175
-0.0446378
-0.0446583
-0.0446794
-0.0447009
-0.0447231
-0.0447458
-0.0447689
-0.0447926
-0.0448166
-0.0448409
-0.0448656
-0.0448905
-0.0449156
-0.0449409
-0.0449663
-0.0449918
-0.0450174
-0.0450429
-0.0450685
-0.045094
-0.0451194
-0.0451447
-0.0451698
-0.0451949
-0.0452197
-0.0452443
-0.0452687
-0.0452929
-0.0453168
-0.0453404
-0.0453637
-0.0453867
-0.0454094
-0.0454319
-0.0454538
-0.0454755
0.0638783
-0.00289187
-0.0416211
-0.0429464
-0.0430311
-0.0430822
-0.0431352
-0.0431794
-0.0432185
-0.0432555
-0.0432924
-0.0433296
-0.0433674
-0.0434059
-0.0434451
-0.0434849
-0.0435254
-0.0435663
-0.0436077
-0.0436496
-0.0436917
-0.0437341
-0.0437767
-0.0438195
-0.0438623
-0.0439052
-0.043948
-0.0439907
-0.0440333
-0.0440756
-0.0441178
-0.0441597
-0.0442013
-0.0442426
-0.0442835
-0.0443239
-0.044364
-0.0444037
-0.0444428
-0.0444815
-0.0445197
-0.0445574
-0.0445945
-0.0446311
-0.0446671
-0.0447026
-0.0447375
-0.0447719
-0.0448055
-0.0448388
-0.00750082
-0.0400478
-0.0409868
-0.0410964
-0.0411684
-0.0412251
-0.0412851
-0.0413526
-0.0414249
-0.0415004
-0.0415782
-0.0416576
-0.0417381
-0.0418192
-0.0419007
-0.041982
-0.0420631
-0.0421437
-0.0422238
-0.0423031
-0.0423817
-0.0424596
-0.0425366
-0.0426128
-0.042688
-0.0427623
-0.0428356
-0.0429078
-0.0429789
-0.043049
-0.0431178
-0.0431855
-0.0432521
-0.0433174
-0.0433816
-0.0434445
-0.0435063
-0.0435668
-0.0436262
-0.0436844
-0.0437414
-0.0437972
-0.0438519
-0.0439054
-0.0439578
-0.0440091
-0.0440593
-0.0441085
-0.0441563
-0.0442032
-0.0374338
-0.0379236
-0.0381722
-0.0384222
-0.0386252
-0.0388483
-0.03908
-0.0393069
-0.0395249
-0.0397338
-0.0399335
-0.0401248
-0.0403078
-0.0404825
-0.0406492
-0.040808
-0.0409593
-0.0411035
-0.0412409
-0.0413721
-0.0414976
-0.0416178
-0.0417334
-0.0418448
-0.0419522
-0.0420561
-0.0421568
-0.0422543
-0.042349
-0.042441
-0.0425303
-0.0426171
-0.0427015
-0.0427836
-0.0428635
-0.0429413
-0.0430171
-0.0430909
-0.0431628
-0.0432329
-0.0433012
-0.0433678
-0.0434328
-0.0434961
-0.0435579
-0.0436182
-0.043677
-0.0437345
-0.0437902
-0.043845
-0.0348497
-0.0352432
-0.0377333
-0.0379999
-0.0382306
-0.0384525
-0.0386695
-0.0388819
-0.0390904
-0.0392932
-0.0394876
-0.0396777
-0.0398636
-0.0400441
-0.0402184
-0.0403861
-0.0405468
-0.0407001
-0.040846
-0.0409846
-0.0411162
-0.0412416
-0.0413613
-0.0414763
-0.0415872
-0.0416945
-0.0417987
-0.0419001
-0.0419989
-0.0420953
-0.0421894
-0.0422812
-0.0423709
-0.0424585
-0.042544
-0.0426275
-0.0427091
-0.0427887
-0.0428665
-0.0429424
-0.0430165
-0.043089
-0.0431597
-0.0432288
-0.0432962
-0.0433621
-0.0434264
-0.0434893
-0.0435505
-0.0436105
-0.0569939
-0.0568781
-0.056759
-0.0566406
-0.0565217
-0.0564038
-0.0562861
-0.0561692
-0.0560527
-0.0559338
-0.055812
-0.0556897
-0.0555629
-0.055434
-0.0553063
-0.0551806
-0.055057
-0.0549353
-0.0548153
-0.054697
-0.0545805
-0.0544659
-0.0543531
-0.054242
-0.0541327
-0.0540251
-0.0539192
-0.053815
-0.0537126
-0.053612
-0.0535134
-0.0534167
-0.053322
-0.0532296
-0.0531394
-0.0530515
-0.0529658
-0.052882
-0.0527997
-0.0527189
-0.0526394
-0.0525611
-0.0524841
-0.0524084
-0.052334
-0.0522608
-0.052189
-0.0521185
-0.0520493
-0.0519814
-0.0519148
-0.0518494
-0.0517854
-0.0517225
-0.0516608
-0.0516003
-0.0515409
-0.0514826
-0.0514255
-0.0513696
-0.0513147
-0.0512609
-0.0512082
-0.0511566
-0.0511059
-0.0510562
-0.0510074
-0.0509594
-0.0509122
-0.0508656
-0.0508195
-0.0507738
-0.0507283
-0.0506829
-0.0506374
-0.0505918
-0.0505458
-0.0504995
-0.0504526
-0.0504053
-0.0503575
-0.0503092
-0.0502605
-0.0502114
-0.0501619
-0.050112
-0.0500618
-0.0500112
-0.0499603
-0.0499091
-0.0498576
-0.0498058
-0.0497538
-0.0497014
-0.0496488
-0.0495959
-0.0495428
-0.0494894
-0.0494357
-0.0493818
-0.0493276
-0.0492732
-0.0492185
-0.0491635
-0.0491083
-0.0490529
-0.0489972
-0.0489413
-0.0488852
-0.0488288
-0.0487722
-0.0487154
-0.0486584
-0.0486012
-0.0485438
-0.0484862
-0.0484285
-0.0483705
-0.0483125
-0.0482543
-0.0481959
-0.0481374
-0.0480788
-0.0480201
-0.0479614
-0.0479025
-0.0478436
-0.0477846
-0.0477255
-0.0476665
-0.0476074
-0.0475482
-0.0474891
-0.04743
-0.0473709
-0.0473118
-0.0472527
-0.0471937
-0.0471347
-0.0470758
-0.047017
-0.0469582
-0.0468995
-0.0468409
-0.0467824
-0.046724
-0.0466657
-0.0466075
-0.0465494
-0.0464915
-0.0464337
-0.046376
-0.0463185
-0.0462611
-0.0462039
-0.0461468
-0.0460899
-0.0460331
-0.0459765
-0.0459201
-0.0458638
-0.0458077
-0.0457518
-0.0456961
-0.0456406
-0.0455853
-0.0455301
-0.0454751
-0.0454204
-0.0453658
-0.0453114
-0.0452573
-0.0452033
-0.0451496
-0.045096
-0.0450427
-0.0449896
-0.0449367
-0.044884
-0.0448316
-0.0447793
-0.0447273
-0.0446756
-0.044624
-0.0445727
-0.0445216
-0.0444708
-0.0444202
-0.0443698
-0.0443197
-0.0442698
-0.0442202
-0.0441708
-0.0441216
-0.0440727
-0.0440241
-0.0439757
-0.0439276
-0.0438798
-0.0438322
-0.0437848
-0.0437378
-0.043691
-0.0436445
-0.0435982
-0.0435523
-0.0435066
-0.0434612
-0.043416
-0.0433712
-0.0433267
-0.0432824
-0.0432384
-0.0431948
-0.0431514
-0.0431083
-0.0430656
-0.0430231
-0.042981
-0.0429391
-0.0428976
-0.0428564
-0.0428156
-0.042775
-0.0427348
-0.0426949
-0.0426554
-0.0426162
-0.0425773
-0.0425388
-0.0425007
-0.0424629
-0.0424254
-0.0423884
-0.0423516
-0.0423153
-0.0422793
-0.0422437
-0.0422085
-0.0421737
-0.0421393
-0.0421053
-0.0420717
-0.0420384
-0.0420056
-0.0419733
-0.0419413
-0.0419098
-0.0418787
-0.041848
-0.0418178
-0.041788
-0.0417587
-0.0417298
-0.0417014
-0.0416735
-0.0416461
-0.0416191
-0.0415927
-0.0415667
-0.0415413
-0.0415163
-0.0414919
-0.041468
-0.0414446
-0.0414218
-0.0413995
-0.0413778
-0.0413566
-0.0413361
-0.041316
-0.0412966
-0.0412778
-0.0412596
-0.041242
-0.041225
-0.0412086
-0.0411929
-0.0411778
-0.0411634
-0.0411496
-0.0411366
-0.0411242
-0.0411125
-0.0411016
-0.0410913
-0.0410818
-0.041073
-0.041065
-0.0410577
-0.0410513
-0.0410456
-0.0410407
-0.0410366
-0.0410334
-0.041031
-0.0410294
-0.0410288
-0.041029
-0.0410301
-0.0560698
-0.0560083
-0.0559456
-0.055833
-0.0556955
-0.0555578
-0.0554235
-0.0552963
-0.0551279
-0.0549493
-0.0549246
-0.0549141
-0.0548963
-0.0548108
-0.0546791
-0.0545425
-0.0544115
-0.0542904
-0.0541704
-0.0540545
-0.0539443
-0.0538404
-0.0537426
-0.053651
-0.0535659
-0.0534876
-0.0534155
-0.0533501
-0.053292
-0.0532413
-0.0531982
-0.0531636
-0.0531383
-0.0531234
-0.0531164
-0.0531009
-0.0530349
-0.0529359
-0.0528207
-0.0526962
-0.0525648
-0.0524292
-0.0522914
-0.0521532
-0.0520159
-0.0518802
-0.051747
-0.0516167
-0.0514898
-0.0513666
-0.0512476
-0.0511334
-0.0510246
-0.0509217
-0.0508247
-0.0507338
-0.0506487
-0.0505691
-0.0504946
-0.0504246
-0.0503586
-0.0502965
-0.0502377
-0.0501823
-0.0501302
-0.0500816
-0.0500362
-0.0499939
-0.0499548
-0.0499191
-0.0498869
-0.0498584
-0.0498338
-0.0498134
-0.0497974
-0.0497855
-0.0497767
-0.0497696
-0.0497629
-0.049756
-0.0497486
-0.0497406
-0.0497319
-0.0497223
-0.0497117
-0.0497001
-0.0496873
-0.0496732
-0.0496577
-0.0496407
-0.0496223
-0.0496022
-0.0495806
-0.0495574
-0.0495325
-0.0495059
-0.0494777
-0.0494478
-0.0494163
-0.0493832
-0.0493485
-0.0493123
-0.0492746
-0.0492353
-0.0491947
-0.0491527
-0.0491095
-0.0490649
-0.0490192
-0.0489723
-0.0489244
-0.0488754
-0.0488255
-0.0487746
-0.048723
-0.0486705
-0.0486173
-0.0485635
-0.048509
-0.0484539
-0.0483983
-0.0483423
-0.0482858
-0.0482289
-0.0481717
-0.0481142
-0.0480564
-0.0479984
-0.0479402
-0.0478818
-0.0478233
-0.0477646
-0.0477059
-0.0476471
-0.0475882
-0.0475294
-0.0474705
-0.0474117
-0.0473529
-0.0472941
-0.0472354
-0.0471768
-0.0471182
-0.0470598
-0.0470015
-0.0469433
-0.0468852
-0.0468273
-0.0467695
-0.0467118
-0.0466543
-0.046597
-0.0465398
-0.0464828
-0.046426
-0.0463694
-0.0463129
-0.0462567
-0.0462006
-0.0461447
-0.046089
-0.0460336
-0.0459783
-0.0459232
-0.0458683
-0.0458136
-0.0457592
-0.0457049
-0.0456509
-0.0455971
-0.0455435
-0.0454901
-0.0454369
-0.0453839
-0.0453312
-0.0452787
-0.0452264
-0.0451743
-0.0451225
-0.0450709
-0.0450195
-0.0449683
-0.0449174
-0.0448667
-0.0448162
-0.0447659
-0.0447159
-0.0446662
-0.0446166
-0.0445673
-0.0445183
-0.0444695
-0.0444209
-0.0443726
-0.0443245
-0.0442767
-0.0442291
-0.0441818
-0.0441347
-0.0440879
-0.0440414
-0.0439951
-0.0439491
-0.0439033
-0.0438578
-0.0438126
-0.0437676
-0.0437229
-0.0436785
-0.0436344
-0.0435906
-0.043547
-0.0435037
-0.0434607
-0.0434181
-0.0433757
-0.0433336
-0.0432918
-0.0432503
-0.0432091
-0.0431682
-0.0431277
-0.0430874
-0.0430475
-0.0430079
-0.0429686
-0.0429297
-0.0428911
-0.0428528
-0.0428149
-0.0427773
-0.0427401
-0.0427032
-0.0426667
-0.0426305
-0.0425947
-0.0425593
-0.0425242
-0.0424896
-0.0424553
-0.0424214
-0.0423878
-0.0423547
-0.042322
-0.0422897
-0.0422578
-0.0422263
-0.0421953
-0.0421646
-0.0421344
-0.0421046
-0.0420753
-0.0420464
-0.042018
-0.0419901
-0.0419626
-0.0419356
-0.041909
-0.041883
-0.0418574
-0.0418323
-0.0418078
-0.0417837
-0.0417602
-0.0417372
-0.0417147
-0.0416928
-0.0416714
-0.0416505
-0.0416303
-0.0416106
-0.0415915
-0.041573
-0.041555
-0.0415377
-0.041521
-0.0415049
-0.0414895
-0.0414747
-0.0414605
-0.041447
-0.0414342
-0.0414221
-0.0414106
-0.0413999
-0.0413898
-0.0413805
-0.041372
-0.0413641
-0.0413571
-0.0413508
-0.0413453
-0.0413406
-0.0413367
-0.0413336
-0.0413313
-0.0413299
-0.0413294
-0.0413298
-0.0413309
-0.0526794
-0.0530535
-0.0545692
-0.055205
-0.0547159
-0.0561952
-0.0560877
-0.0561316
-0.0564705
-0.0553511
-0.0411746
-0.04563
-0.0471094
-0.0482697
-0.0487225
-0.0485674
-0.0491446
-0.0492387
-0.0498215
-0.0498012
-0.0498051
-0.0498061
-0.0497944
-0.0497826
-0.0497534
-0.0497302
-0.0497956
-0.0497856
-0.049772
-0.0497606
-0.0497493
-0.0497391
-0.0497287
-0.0497121
-0.0497001
-0.0497108
-0.0496324
-0.0495765
-0.0495619
-0.0495794
-0.0495612
-0.0495203
-0.0494759
-0.0494321
-0.0493912
-0.0493547
-0.0493238
-0.0493009
-0.0492886
-0.0492867
-0.0492964
-0.0493205
-0.0493552
-0.0493827
-0.0493954
-0.0493768
-0.0493574
-0.0493472
-0.0493479
-0.0493588
-0.0493798
-0.0494055
-0.0494406
-0.0494864
-0.0495457
-0.0496187
-0.0497061
-0.0498094
-0.0499299
-0.0500635
-0.0502134
-0.0503844
-0.0505805
-0.0507952
-0.0510235
-0.051151
-0.0512364
-0.0512495
-0.0512407
-0.0512159
-0.0511795
-0.0511358
-0.0510877
-0.0510373
-0.0509855
-0.050933
-0.0508801
-0.0508267
-0.0507729
-0.0507184
-0.0506631
-0.050607
-0.0505498
-0.0504915
-0.0504321
-0.0503715
-0.0503098
-0.0502469
-0.0501829
-0.050118
-0.0500521
-0.0499853
-0.0499178
-0.0498496
-0.0497809
-0.0497117
-0.0496421
-0.0495723
-0.0495022
-0.0494321
-0.0493618
-0.0492917
-0.0492216
-0.0491516
-0.0490818
-0.0490123
-0.048943
-0.048874
-0.0488054
-0.0487371
-0.0486691
-0.0486016
-0.0485345
-0.0484677
-0.0484014
-0.0483355
-0.04827
-0.048205
-0.0481404
-0.0480761
-0.0480123
-0.0479489
-0.047886
-0.0478234
-0.0477611
-0.0476993
-0.0476379
-0.0475768
-0.047516
-0.0474556
-0.0473956
-0.0473359
-0.0472765
-0.0472174
-0.0471586
-0.0471002
-0.047042
-0.0469841
-0.0469266
-0.0468693
-0.0468122
-0.0467555
-0.046699
-0.0466427
-0.0465867
-0.046531
-0.0464755
-0.0464203
-0.0463652
-0.0463105
-0.046256
-0.0462017
-0.0461476
-0.0460938
-0.0460401
-0.0459868
-0.0459336
-0.0458807
-0.045828
-0.0457755
-0.0457232
-0.0456712
-0.0456194
-0.0455678
-0.0455164
-0.0454652
-0.0454143
-0.0453636
-0.0453131
-0.0452628
-0.0452127
-0.0451629
-0.0451133
-0.0450639
-0.0450148
-0.0449659
-0.0449172
-0.0448687
-0.0448205
-0.0447725
-0.0447247
-0.0446772
-0.0446299
-0.0445828
-0.044536
-0.0444894
-0.0444431
-0.044397
-0.0443512
-0.0443056
-0.0442602
-0.0442151
-0.0441703
-0.0441257
-0.0440814
-0.0440373
-0.0439935
-0.04395
-0.0439067
-0.0438637
-0.0438209
-0.0437785
-0.0437363
-0.0436944
-0.0436527
-0.0436114
-0.0435703
-0.0435295
-0.0434891
-0.0434489
-0.043409
-0.0433694
-0.0433301
-0.0432912
-0.0432525
-0.0432142
-0.0431761
-0.0431384
-0.043101
-0.043064
-0.0430272
-0.0429909
-0.0429548
-0.0429191
-0.0428837
-0.0428487
-0.0428141
-0.0427798
-0.0427459
-0.0427123
-0.0426791
-0.0426463
-0.0426139
-0.0425819
-0.0425503
-0.042519
-0.0424882
-0.0424578
-0.0424278
-0.0423982
-0.042369
-0.0423403
-0.042312
-0.0422841
-0.0422567
-0.0422298
-0.0422033
-0.0421773
-0.0421518
-0.0421267
-0.0421021
-0.042078
-0.0420545
-0.0420314
-0.0420088
-0.0419868
-0.0419653
-0.0419443
-0.0419239
-0.0419041
-0.0418848
-0.041866
-0.0418479
-0.0418303
-0.0418133
-0.041797
-0.0417812
-0.0417661
-0.0417516
-0.0417378
-0.0417246
-0.041712
-0.0417002
-0.041689
-0.0416785
-0.0416687
-0.0416597
-0.0416513
-0.0416437
-0.0416369
-0.0416308
-0.0416255
-0.0416209
-0.0416172
-0.0416143
-0.0416122
-0.0416109
-0.0416105
-0.041611
-0.0416123
-0.0503672
-0.050398
-0.0504431
-0.0504443
-0.0504381
-0.0501883
-0.0479683
-0.047198
-0.0471099
-0.0471742
-0.0475945
-0.0496319
-0.0504585
-0.0504508
-0.050415
-0.0503296
-0.0503196
-0.0493563
-0.0496192
-0.049598
-0.0494739
-0.0493805
-0.0492642
-0.0491235
-0.0489683
-0.0488061
-0.0486386
-0.048465
-0.0482911
-0.0481196
-0.0479505
-0.0476468
-0.0456624
-0.0356189
-0.0324305
-0.0320093
-0.0326223
-0.0358017
-0.0438699
-0.0464189
-0.0464092
-0.046279
-0.0461497
-0.0460027
-0.0458507
-0.0456948
-0.0454868
-0.0450211
-0.0448704
-0.0451457
-0.0448047
-0.0446586
-0.044528
-0.0444344
-0.0441729
-0.0439964
-0.0438759
-0.043725
-0.0437238
-0.0435044
-0.043415
-0.0439249
-0.0440197
-0.0440413
-0.0441504
-0.0441983
-0.044334
-0.0445281
-0.0447677
-0.0450783
-0.0454613
-0.0459208
-0.0464905
-0.0471619
-0.0479301
-0.0491292
-0.0497314
-0.0503304
-0.0508735
-0.0513093
-0.0516336
-0.0518728
-0.0520445
-0.0521604
-0.0522301
-0.0522616
-0.0522614
-0.0522351
-0.0521874
-0.0521223
-0.0520429
-0.0519522
-0.0518525
-0.0517459
-0.051634
-0.0515184
-0.0514001
-0.0512803
-0.0511597
-0.0510392
-0.0509192
-0.0508003
-0.0506827
-0.0505669
-0.0504529
-0.0503411
-0.0502314
-0.050124
-0.0500189
-0.0499162
-0.0498158
-0.0497176
-0.0496217
-0.049528
-0.0494363
-0.0493466
-0.0492589
-0.049173
-0.0490888
-0.0490063
-0.0489254
-0.048846
-0.048768
-0.0486914
-0.0486161
-0.048542
-0.048469
-0.0483972
-0.0483264
-0.0482565
-0.0481876
-0.0481196
-0.0480524
-0.0479861
-0.0479205
-0.0478556
-0.0477914
-0.0477279
-0.047665
-0.0476027
-0.0475409
-0.0474798
-0.0474191
-0.047359
-0.0472993
-0.0472401
-0.0471814
-0.0471231
-0.0470652
-0.0470078
-0.0469507
-0.046894
-0.0468377
-0.0467817
-0.0467261
-0.0466708
-0.0466158
-0.0465612
-0.0465069
-0.0464528
-0.0463991
-0.0463457
-0.0462925
-0.0462396
-0.046187
-0.0461347
-0.0460826
-0.0460308
-0.0459793
-0.045928
-0.045877
-0.0458262
-0.0457756
-0.0457253
-0.0456752
-0.0456254
-0.0455758
-0.0455265
-0.0454773
-0.0454284
-0.0453798
-0.0453313
-0.0452831
-0.0452352
-0.0451874
-0.0451399
-0.0450926
-0.0450455
-0.0449987
-0.0449521
-0.0449057
-0.0448595
-0.0448136
-0.0447679
-0.0447224
-0.0446772
-0.0446322
-0.0445874
-0.0445429
-0.0444986
-0.0444545
-0.0444107
-0.0443672
-0.0443238
-0.0442807
-0.0442379
-0.0441953
-0.044153
-0.0441109
-0.044069
-0.0440275
-0.0439861
-0.0439451
-0.0439043
-0.0438638
-0.0438235
-0.0437836
-0.0437439
-0.0437045
-0.0436653
-0.0436265
-0.0435879
-0.0435496
-0.0435117
-0.043474
-0.0434366
-0.0433995
-0.0433628
-0.0433263
-0.0432902
-0.0432544
-0.0432189
-0.0431837
-0.0431489
-0.0431144
-0.0430803
-0.0430465
-0.043013
-0.0429799
-0.0429472
-0.0429148
-0.0428828
-0.0428511
-0.0428199
-0.042789
-0.0427585
-0.0427284
-0.0426987
-0.0426694
-0.0426405
-0.042612
-0.042584
-0.0425563
-0.0425291
-0.0425023
-0.042476
-0.0424502
-0.0424247
-0.0423998
-0.0423753
-0.0423513
-0.0423278
-0.0423047
-0.0422822
-0.0422602
-0.0422386
-0.0422176
-0.0421971
-0.0421772
-0.0421578
-0.0421389
-0.0421207
-0.0421029
-0.0420858
-0.0420692
-0.0420532
-0.0420379
-0.0420231
-0.042009
-0.0419955
-0.0419826
-0.0419704
-0.0419588
-0.041948
-0.0419378
-0.0419283
-0.0419195
-0.0419114
-0.041904
-0.0418974
-0.0418915
-0.0418864
-0.041882
-0.0418785
-0.0418757
-0.0418738
-0.0418727
-0.0418724
-0.041873
-0.0418744
-0.0524858
-0.0523066
-0.0539062
-0.0541888
-0.0541722
-0.0540161
-0.0538375
-0.0536648
-0.0535003
-0.0532958
-0.0530997
-0.0529371
-0.052794
-0.0524713
-0.0517832
-0.0515318
-0.0546723
-0.052899
-0.0528261
-0.0495199
-0.0517073
-0.0517504
-0.0514389
-0.0512099
-0.0507564
-0.0502834
-0.0512694
-0.0510613
-0.0509687
-0.0508319
-0.0506935
-0.050587
-0.0504204
-0.0503527
-0.0502797
-0.0502186
-0.0500331
-0.0498795
-0.0497522
-0.0496398
-0.0495339
-0.0494181
-0.0493059
-0.0491982
-0.0490899
-0.0489806
-0.0488738
-0.0487771
-0.0486945
-0.0485666
-0.0476962
-0.0424076
-0.0246233
-0.00283379
-0.00383736
-0.0146523
-0.0269144
-0.0303164
-0.0304382
-0.0301733
-0.0298688
-0.0295236
-0.0291013
-0.0285633
-0.0279194
-0.0271679
-0.0263017
-0.0253119
-0.0241918
-0.0229691
-0.0216257
-0.0195742
-0.0128654
0.0192342
0.0385628
0.0421246
-0.0370488
-0.0588279
-0.0644482
-0.0632486
-0.0617324
-0.0604156
-0.0592335
-0.0581643
-0.0572003
-0.0563349
-0.0555594
-0.0548648
-0.0542429
-0.0536861
-0.0531877
-0.0527414
-0.0523416
-0.051983
-0.051661
-0.0513714
-0.0511104
-0.0508748
-0.0506616
-0.050468
-0.0502918
-0.0501309
-0.0499834
-0.0498477
-0.0497224
-0.049606
-0.0494975
-0.0493957
-0.0493027
-0.0492186
-0.0491398
-0.0490652
-0.048994
-0.0489258
-0.0488601
-0.0487965
-0.0487347
-0.0486744
-0.0486154
-0.0485575
-0.0485006
-0.0484444
-0.048389
-0.0483341
-0.0482798
-0.0482259
-0.0481724
-0.0481192
-0.0480663
-0.0480137
-0.0479613
-0.047909
-0.047857
-0.0478051
-0.0477533
-0.0477017
-0.0476502
-0.0475988
-0.0475474
-0.0474962
-0.0474451
-0.0473941
-0.0473432
-0.0472923
-0.0472416
-0.0471909
-0.0471403
-0.0470899
-0.0470395
-0.0469892
-0.046939
-0.0468889
-0.046839
-0.0467891
-0.0467393
-0.0466897
-0.0466401
-0.0465907
-0.0465414
-0.0464923
-0.0464432
-0.0463943
-0.0463455
-0.0462969
-0.0462484
-0.0462
-0.0461518
-0.0461037
-0.0460557
-0.0460079
-0.0459603
-0.0459128
-0.0458655
-0.0458183
-0.0457713
-0.0457244
-0.0456777
-0.0456312
-0.0455848
-0.0455386
-0.0454926
-0.0454468
-0.0454011
-0.0453556
-0.0453103
-0.0452651
-0.0452202
-0.0451754
-0.0451308
-0.0450864
-0.0450422
-0.0449982
-0.0449544
-0.0449108
-0.0448674
-0.0448241
-0.0447811
-0.0447383
-0.0446957
-0.0446533
-0.0446111
-0.0445691
-0.0445274
-0.0444858
-0.0444445
-0.0444034
-0.0443625
-0.0443219
-0.0442815
-0.0442413
-0.0442014
-0.0441616
-0.0441222
-0.0440829
-0.044044
-0.0440052
-0.0439667
-0.0439285
-0.0438905
-0.0438528
-0.0438154
-0.0437782
-0.0437413
-0.0437047
-0.0436683
-0.0436322
-0.0435964
-0.0435609
-0.0435257
-0.0434908
-0.0434562
-0.0434219
-0.0433879
-0.0433542
-0.0433208
-0.0432877
-0.043255
-0.0432226
-0.0431905
-0.0431588
-0.0431274
-0.0430964
-0.0430657
-0.0430354
-0.0430054
-0.0429758
-0.0429466
-0.0429178
-0.0428893
-0.0428613
-0.0428336
-0.0428063
-0.0427795
-0.0427531
-0.042727
-0.0427015
-0.0426763
-0.0426516
-0.0426273
-0.0426035
-0.0425801
-0.0425573
-0.0425349
-0.0425129
-0.0424915
-0.0424705
-0.0424501
-0.0424302
-0.0424108
-0.0423919
-0.0423735
-0.0423557
-0.0423385
-0.0423218
-0.0423057
-0.0422902
-0.0422752
-0.0422609
-0.0422471
-0.042234
-0.0422215
-0.0422096
-0.0421984
-0.0421879
-0.042178
-0.0421688
-0.0421602
-0.0421524
-0.0421453
-0.0421389
-0.0421333
-0.0421284
-0.0421242
-0.0421209
-0.0421183
-0.0421165
-0.0421155
-0.0421154
-0.042116
-0.0421175
-0.0593434
-0.0594834
-0.0596233
-0.0597798
-0.0599527
-0.0601251
-0.0603016
-0.0604853
-0.0606723
-0.0608659
-0.0610636
-0.0612711
-0.0614896
-0.0617134
-0.0619334
-0.061948
-0.0608097
-0.0598322
-0.061621
-0.0631612
-0.0597619
-0.0605933
-0.0596722
-0.0528792
-0.0534043
-0.0548319
-0.0468426
-0.047862
-0.0469858
-0.0438991
-0.0443403
-0.0458168
-0.0404457
-0.0447732
-0.0406108
-0.0409588
-0.0417385
-0.0383602
-0.038775
-0.0384371
-0.0372213
-0.037439
-0.0382219
-0.0386636
-0.0389689
-0.0401462
-0.0395717
-0.0396896
-0.0400205
-0.0399448
-0.0400929
-0.0400456
-0.0401002
-0.0402465
-0.0402311
-0.0402582
-0.0402729
-0.0403637
-0.0402378
-0.0404541
-0.0404924
-0.0406237
-0.0406998
-0.0408785
-0.0410332
-0.0412714
-0.0415231
-0.0418258
-0.0421885
-0.0426121
-0.0431026
-0.0436743
-0.0443425
-0.0450921
-0.0459311
-0.0471844
-0.0478334
-0.0484741
-0.0490781
-0.0495739
-0.049966
-0.0502769
-0.0505216
-0.0507112
-0.0508544
-0.0509583
-0.0510289
-0.0510713
-0.0510897
-0.0510879
-0.051069
-0.0510358
-0.0509907
-0.0509357
-0.0508727
-0.0508032
-0.0507285
-0.0506499
-0.0505683
-0.0504844
-0.0503992
-0.050313
-0.0502265
-0.0501399
-0.0500537
-0.0499682
-0.0498837
-0.0498005
-0.0497157
-0.0496283
-0.0495416
-0.0494561
-0.049372
-0.0492895
-0.0492086
-0.0491293
-0.0490516
-0.0489755
-0.0489009
-0.0488277
-0.0487559
-0.0486854
-0.0486161
-0.0485481
-0.0484812
-0.0484153
-0.0483505
-0.0482867
-0.0482238
-0.0481617
-0.0481005
-0.0480401
-0.0479804
-0.0479214
-0.0478631
-0.0478055
-0.0477484
-0.047692
-0.0476361
-0.0475807
-0.0475258
-0.0474714
-0.0474175
-0.0473641
-0.047311
-0.0472584
-0.0472061
-0.0471543
-0.0471027
-0.0470516
-0.0470007
-0.0469502
-0.0469
-0.0468502
-0.0468005
-0.0467512
-0.0467022
-0.0466534
-0.0466049
-0.0465566
-0.0465085
-0.0464607
-0.0464132
-0.0463658
-0.0463187
-0.0462718
-0.0462251
-0.0461786
-0.0461323
-0.0460862
-0.0460403
-0.0459946
-0.0459491
-0.0459037
-0.0458586
-0.0458137
-0.0457689
-0.0457243
-0.0456799
-0.0456357
-0.0455916
-0.0455478
-0.0455041
-0.0454606
-0.0454172
-0.0453741
-0.0453311
-0.0452883
-0.0452457
-0.0452032
-0.045161
-0.0451189
-0.045077
-0.0450352
-0.0449937
-0.0449523
-0.0449112
-0.0448702
-0.0448294
-0.0447888
-0.0447484
-0.0447082
-0.0446681
-0.0446283
-0.0445887
-0.0445493
-0.04451
-0.044471
-0.0444322
-0.0443936
-0.0443552
-0.0443171
-0.0442791
-0.0442414
-0.0442039
-0.0441667
-0.0441296
-0.0440928
-0.0440563
-0.04402
-0.0439839
-0.0439481
-0.0439125
-0.0438772
-0.0438421
-0.0438073
-0.0437728
-0.0437386
-0.0437046
-0.0436709
-0.0436374
-0.0436043
-0.0435715
-0.0435389
-0.0435067
-0.0434747
-0.0434431
-0.0434117
-0.0433807
-0.04335
-0.0433197
-0.0432897
-0.04326
-0.0432306
-0.0432016
-0.043173
-0.0431447
-0.0431168
-0.0430892
-0.043062
-0.0430352
-0.0430088
-0.0429828
-0.0429572
-0.042932
-0.0429072
-0.0428828
-0.0428588
-0.0428353
-0.0428122
-0.0427895
-0.0427673
-0.0427456
-0.0427243
-0.0427035
-0.0426832
-0.0426634
-0.042644
-0.0426252
-0.0426069
-0.0425891
-0.0425718
-0.0425551
-0.0425389
-0.0425233
-0.0425082
-0.0424937
-0.0424798
-0.0424665
-0.0424538
-0.0424417
-0.0424302
-0.0424193
-0.0424091
-0.0423996
-0.0423907
-0.0423824
-0.0423749
-0.0423681
-0.0423619
-0.0423565
-0.0423518
-0.0423479
-0.0423447
-0.0423423
-0.0423406
-0.0423398
-0.0423397
-0.0423405
-0.0423421
-0.0534646
-0.0533175
-0.0533026
-0.0532324
-0.053144
-0.0530569
-0.0529666
-0.0528754
-0.0527832
-0.05269
-0.0525959
-0.0525008
-0.0524047
-0.0523076
-0.052209
-0.0521093
-0.0520117
-0.0519171
-0.0517991
-0.051681
-0.0515598
-0.0514433
-0.051328
-0.0512143
-0.0510773
-0.0509435
-0.0508118
-0.0506887
-0.0505677
-0.0504611
-0.0503268
-0.0502125
-0.0500927
-0.0499867
-0.0498902
-0.0497755
-0.0496794
-0.0495799
-0.049488
-0.0494032
-0.049325
-0.0492398
-0.049164
-0.0490954
-0.0490289
-0.0489705
-0.0489183
-0.0488679
-0.0488273
-0.0487978
-0.0487808
-0.0487732
-0.048768
-0.0487429
-0.0487021
-0.0486335
-0.0485655
-0.0485091
-0.0484646
-0.0484314
-0.0484104
-0.0484022
-0.0484065
-0.0484239
-0.0484567
-0.0485053
-0.0485706
-0.0486531
-0.0487532
-0.0488713
-0.0490082
-0.0491666
-0.0493484
-0.0495427
-0.049741
-0.0498416
-0.0499025
-0.0499016
-0.0498903
-0.0498723
-0.0498502
-0.0498264
-0.0498023
-0.0497787
-0.0497557
-0.0497331
-0.0497108
-0.0496884
-0.0496656
-0.0496421
-0.0496175
-0.0495917
-0.0495645
-0.0495358
-0.0495056
-0.0494737
-0.0494401
-0.049405
-0.0493683
-0.0493301
-0.0492906
-0.0492496
-0.0492075
-0.0491643
-0.04912
-0.0490748
-0.0490287
-0.048982
-0.0489346
-0.0488867
-0.0488384
-0.0487892
-0.0487396
-0.0486898
-0.0486396
-0.0485893
-0.0485389
-0.0484885
-0.0484381
-0.0483878
-0.0483376
-0.0482875
-0.0482376
-0.0481879
-0.0481384
-0.048089
-0.0480399
-0.0479911
-0.0479424
-0.047894
-0.0478458
-0.0477978
-0.04775
-0.0477025
-0.0476552
-0.0476081
-0.0475612
-0.0475145
-0.047468
-0.0474217
-0.0473755
-0.0473296
-0.0472838
-0.0472382
-0.0471927
-0.0471475
-0.0471023
-0.0470573
-0.0470125
-0.0469678
-0.0469232
-0.0468788
-0.0468345
-0.0467903
-0.0467463
-0.0467024
-0.0466586
-0.0466149
-0.0465714
-0.0465279
-0.0464846
-0.0464414
-0.0463984
-0.0463554
-0.0463126
-0.0462698
-0.0462272
-0.0461847
-0.0461423
-0.0461
-0.0460579
-0.0460158
-0.0459739
-0.0459321
-0.0458904
-0.0458488
-0.0458074
-0.0457661
-0.0457248
-0.0456838
-0.0456428
-0.0456019
-0.0455612
-0.0455206
-0.0454802
-0.0454399
-0.0453997
-0.0453596
-0.0453197
-0.0452799
-0.0452402
-0.0452007
-0.0451614
-0.0451222
-0.0450831
-0.0450442
-0.0450054
-0.0449668
-0.0449283
-0.04489
-0.0448519
-0.0448139
-0.0447761
-0.0447384
-0.0447009
-0.0446636
-0.0446265
-0.0445895
-0.0445527
-0.0445162
-0.0444797
-0.0444435
-0.0444075
-0.0443717
-0.044336
-0.0443006
-0.0442654
-0.0442304
-0.0441955
-0.0441609
-0.0441266
-0.0440924
-0.0440585
-0.0440248
-0.0439913
-0.0439581
-0.0439251
-0.0438923
-0.0438598
-0.0438276
-0.0437956
-0.0437639
-0.0437324
-0.0437012
-0.0436703
-0.0436396
-0.0436093
-0.0435792
-0.0435494
-0.04352
-0.0434908
-0.0434619
-0.0434334
-0.0434052
-0.0433773
-0.0433497
-0.0433225
-0.0432956
-0.043269
-0.0432428
-0.043217
-0.0431915
-0.0431664
-0.0431417
-0.0431174
-0.0430935
-0.0430699
-0.0430468
-0.0430241
-0.0430018
-0.0429799
-0.0429584
-0.0429374
-0.0429169
-0.0428968
-0.0428771
-0.0428579
-0.0428393
-0.042821
-0.0428033
-0.0427861
-0.0427694
-0.0427533
-0.0427376
-0.0427225
-0.0427079
-0.0426939
-0.0426805
-0.0426676
-0.0426553
-0.0426436
-0.0426325
-0.0426221
-0.0426122
-0.042603
-0.0425944
-0.0425865
-0.0425792
-0.0425727
-0.0425668
-0.0425616
-0.0425571
-0.0425534
-0.0425504
-0.0425481
-0.0425466
-0.0425459
-0.0425459
-0.0425468
-0.0425484
-0.0531908
-0.0531538
-0.0531136
-0.0530719
-0.0530287
-0.0529837
-0.0529367
-0.0528875
-0.0528361
-0.0527822
-0.0527256
-0.0526663
-0.0526039
-0.0525383
-0.0524695
-0.052397
-0.0523196
-0.0522345
-0.0521438
-0.0520449
-0.0519408
-0.0518317
-0.0517174
-0.0515957
-0.051469
-0.051336
-0.0512019
-0.0510671
-0.0509327
-0.0507964
-0.0506604
-0.0505226
-0.0503866
-0.0502519
-0.0501191
-0.049989
-0.0498597
-0.0497341
-0.049613
-0.0494969
-0.0493846
-0.0492769
-0.0491725
-0.0490727
-0.0489782
-0.0488885
-0.0488028
-0.0487208
-0.0486421
-0.0485673
-0.0484967
-0.0484303
-0.0483679
-0.0483096
-0.0482555
-0.0482054
-0.0481594
-0.0481173
-0.0480791
-0.0480448
-0.0480143
-0.0479878
-0.0479662
-0.0479492
-0.0479355
-0.047925
-0.0479177
-0.0479137
-0.0479129
-0.0479152
-0.0479205
-0.0479287
-0.0479397
-0.0479535
-0.0479699
-0.0479886
-0.0480089
-0.0480302
-0.0480521
-0.0480742
-0.0480966
-0.0481193
-0.0481438
-0.048167
-0.0481892
-0.0482103
-0.0482304
-0.0482492
-0.0482667
-0.0482828
-0.0482973
-0.0483103
-0.0483215
-0.048331
-0.0483387
-0.0483445
-0.0483484
-0.0483505
-0.0483506
-0.0483488
-0.0483451
-0.0483394
-0.0483318
-0.0483222
-0.0483106
-0.0482977
-0.0482835
-0.0482679
-0.0482506
-0.0482318
-0.0482116
-0.0481904
-0.048168
-0.0481442
-0.0481193
-0.0480932
-0.0480661
-0.0480379
-0.0480088
-0.0479788
-0.047948
-0.0479164
-0.0478841
-0.0478511
-0.0478175
-0.0477834
-0.0477487
-0.0477136
-0.047678
-0.047642
-0.0476057
-0.047569
-0.047532
-0.0474947
-0.0474572
-0.0474195
-0.0473816
-0.0473435
-0.0473052
-0.0472668
-0.0472282
-0.0471896
-0.0471509
-0.0471121
-0.0470732
-0.0470342
-0.0469952
-0.0469562
-0.0469171
-0.046878
-0.0468389
-0.0467998
-0.0467607
-0.0467216
-0.0466824
-0.0466433
-0.0466042
-0.0465652
-0.0465261
-0.0464871
-0.0464481
-0.0464091
-0.0463702
-0.0463313
-0.0462924
-0.0462536
-0.0462148
-0.0461761
-0.0461374
-0.0460988
-0.0460602
-0.0460217
-0.0459833
-0.0459449
-0.0459065
-0.0458683
-0.0458301
-0.045792
-0.0457539
-0.0457159
-0.045678
-0.0456402
-0.0456024
-0.0455648
-0.0455272
-0.0454897
-0.0454523
-0.0454149
-0.0453777
-0.0453406
-0.0453035
-0.0452666
-0.0452298
-0.045193
-0.0451564
-0.0451199
-0.0450835
-0.0450472
-0.0450111
-0.044975
-0.0449391
-0.0449033
-0.0448677
-0.0448321
-0.0447968
-0.0447615
-0.0447264
-0.0446914
-0.0446566
-0.044622
-0.0445875
-0.0445531
-0.0445189
-0.0444849
-0.0444511
-0.0444174
-0.0443839
-0.0443506
-0.0443174
-0.0442845
-0.0442517
-0.0442192
-0.0441868
-0.0441547
-0.0441227
-0.044091
-0.0440595
-0.0440282
-0.0439971
-0.0439663
-0.0439357
-0.0439053
-0.0438752
-0.0438453
-0.0438157
-0.0437864
-0.0437573
-0.0437284
-0.0436999
-0.0436716
-0.0436436
-0.0436159
-0.0435885
-0.0435614
-0.0435346
-0.0435081
-0.0434819
-0.0434561
-0.0434305
-0.0434053
-0.0433805
-0.043356
-0.0433318
-0.043308
-0.0432846
-0.0432616
-0.0432389
-0.0432166
-0.0431947
-0.0431732
-0.0431521
-0.0431315
-0.0431112
-0.0430914
-0.043072
-0.0430531
-0.0430346
-0.0430165
-0.042999
-0.0429819
-0.0429653
-0.0429492
-0.0429336
-0.0429185
-0.0429039
-0.0428898
-0.0428763
-0.0428634
-0.042851
-0.0428391
-0.0428278
-0.0428172
-0.0428071
-0.0427976
-0.0427887
-0.0427805
-0.0427729
-0.0427659
-0.0427596
-0.042754
-0.042749
-0.0427448
-0.0427412
-0.0427384
-0.0427363
-0.0427349
-0.0427343
-0.0427344
-0.0427353
-0.042737
-0.0513467
-0.0513028
-0.0512581
-0.0512134
-0.0511683
-0.0511229
-0.0510772
-0.051031
-0.0509844
-0.0509375
-0.0508903
-0.0508427
-0.0507948
-0.0507466
-0.0506981
-0.0506493
-0.0506003
-0.0505511
-0.0505016
-0.050452
-0.0504022
-0.0503523
-0.0503023
-0.0502524
-0.0502024
-0.0501525
-0.0501027
-0.0500531
-0.0500037
-0.0499546
-0.0499058
-0.0498573
-0.0498093
-0.0497618
-0.0497147
-0.0496683
-0.0496225
-0.0495774
-0.0495331
-0.0494895
-0.0494467
-0.0494049
-0.0493639
-0.0493238
-0.0492848
-0.0492467
-0.0492096
-0.0491736
-0.0491387
-0.0491048
-0.0490719
-0.0490401
-0.0490094
-0.0489796
-0.0489509
-0.0489232
-0.0488965
-0.048871
-0.0488466
-0.0488233
-0.0488012
-0.0487802
-0.0487603
-0.0487416
-0.0487239
-0.0487073
-0.0486917
-0.048677
-0.0486632
-0.0486501
-0.0486376
-0.0486256
-0.048614
-0.0486025
-0.0485911
-0.0485794
-0.0485676
-0.0485554
-0.0485429
-0.04853
-0.0485166
-0.0485025
-0.0484862
-0.0484703
-0.0484546
-0.0484389
-0.0484231
-0.0484071
-0.0483908
-0.0483744
-0.0483577
-0.0483407
-0.0483235
-0.048306
-0.0482882
-0.0482701
-0.0482517
-0.048233
-0.048214
-0.0481947
-0.0481751
-0.0481552
-0.0481351
-0.0481149
-0.0480945
-0.0480732
-0.0480512
-0.0480286
-0.0480056
-0.0479822
-0.0479584
-0.0479342
-0.0479095
-0.0478844
-0.047859
-0.0478331
-0.0478068
-0.0477802
-0.0477531
-0.0477257
-0.0476979
-0.0476697
-0.0476412
-0.0476123
-0.0475831
-0.0475535
-0.0475236
-0.0474934
-0.0474629
-0.0474321
-0.047401
-0.0473697
-0.047338
-0.0473062
-0.0472741
-0.0472418
-0.0472092
-0.0471765
-0.0471435
-0.0471104
-0.0470771
-0.0470436
-0.04701
-0.0469762
-0.0469423
-0.0469083
-0.0468741
-0.0468399
-0.0468055
-0.046771
-0.0467365
-0.0467019
-0.0466671
-0.0466324
-0.0465975
-0.0465627
-0.0465277
-0.0464927
-0.0464577
-0.0464227
-0.0463876
-0.0463525
-0.0463173
-0.0462822
-0.046247
-0.0462118
-0.0461767
-0.0461415
-0.0461063
-0.0460712
-0.046036
-0.0460009
-0.0459657
-0.0459306
-0.0458955
-0.0458605
-0.0458255
-0.0457905
-0.0457555
-0.0457206
-0.0456857
-0.0456508
-0.045616
-0.0455813
-0.0455466
-0.0455119
-0.0454773
-0.0454428
-0.0454083
-0.0453739
-0.0453396
-0.0453053
-0.0452711
-0.045237
-0.0452029
-0.045169
-0.0451351
-0.0451013
-0.0450676
-0.045034
-0.0450005
-0.044967
-0.0449337
-0.0449005
-0.0448674
-0.0448344
-0.0448015
-0.0447688
-0.0447361
-0.0447036
-0.0446712
-0.0446389
-0.0446068
-0.0445748
-0.044543
-0.0445112
-0.0444797
-0.0444483
-0.044417
-0.0443859
-0.044355
-0.0443243
-0.0442937
-0.0442633
-0.044233
-0.044203
-0.0441731
-0.0441435
-0.044114
-0.0440847
-0.0440557
-0.0440268
-0.0439982
-0.0439698
-0.0439416
-0.0439137
-0.043886
-0.0438585
-0.0438313
-0.0438043
-0.0437776
-0.0437512
-0.043725
-0.0436991
-0.0436735
-0.0436481
-0.0436231
-0.0435984
-0.0435739
-0.0435498
-0.043526
-0.0435025
-0.0434794
-0.0434565
-0.0434341
-0.0434119
-0.0433902
-0.0433688
-0.0433478
-0.0433271
-0.0433069
-0.043287
-0.0432675
-0.0432485
-0.0432298
-0.0432116
-0.0431938
-0.0431765
-0.0431596
-0.0431431
-0.0431271
-0.0431116
-0.0430966
-0.0430821
-0.0430681
-0.0430545
-0.0430415
-0.0430291
-0.0430171
-0.0430057
-0.0429949
-0.0429846
-0.0429749
-0.0429658
-0.0429573
-0.0429494
-0.0429421
-0.0429354
-0.0429294
-0.042924
-0.0429193
-0.0429152
-0.0429119
-0.0429092
-0.0429072
-0.042906
-0.0429055
-0.0429057
-0.0429067
-0.0429084
-0.0505847
-0.0505572
-0.0505286
-0.0504997
-0.0504705
-0.050441
-0.050411
-0.0503806
-0.0503498
-0.0503186
-0.0502869
-0.0502547
-0.0502221
-0.0501891
-0.0501556
-0.0501217
-0.0500873
-0.0500525
-0.0500172
-0.0499815
-0.0499453
-0.0499088
-0.0498719
-0.0498346
-0.0497969
-0.049759
-0.0497208
-0.0496823
-0.0496436
-0.0496048
-0.0495658
-0.0495267
-0.0494876
-0.0494484
-0.0494092
-0.0493701
-0.0493311
-0.0492922
-0.0492535
-0.049215
-0.0491767
-0.0491387
-0.049101
-0.0490636
-0.0490267
-0.0489901
-0.0489539
-0.0489182
-0.0488829
-0.0488481
-0.0488139
-0.0487801
-0.048747
-0.0487143
-0.0486823
-0.0486508
-0.04862
-0.0485897
-0.0485601
-0.0485311
-0.0485027
-0.0484749
-0.0484478
-0.0484213
-0.0483954
-0.0483701
-0.0483454
-0.0483213
-0.0482978
-0.0482749
-0.0482526
-0.0482308
-0.0482095
-0.0481888
-0.0481685
-0.0481488
-0.0481294
-0.0481106
-0.0480921
-0.048074
-0.0480563
-0.0480389
-0.0480219
-0.0480051
-0.0479886
-0.0479723
-0.0479562
-0.0479403
-0.0479245
-0.0479088
-0.0478932
-0.0478777
-0.0478622
-0.0478467
-0.0478312
-0.0478156
-0.0477999
-0.0477842
-0.0477683
-0.0477523
-0.0477361
-0.0477197
-0.0477032
-0.0476864
-0.0476694
-0.0476522
-0.0476348
-0.047617
-0.047599
-0.0475807
-0.0475622
-0.0475433
-0.0475241
-0.0475047
-0.0474849
-0.0474648
-0.0474444
-0.0474237
-0.0474028
-0.0473815
-0.0473598
-0.0473379
-0.0473157
-0.0472932
-0.0472704
-0.0472473
-0.0472239
-0.0472003
-0.0471763
-0.0471521
-0.0471276
-0.0471029
-0.0470778
-0.0470526
-0.047027
-0.0470013
-0.0469753
-0.046949
-0.0469226
-0.0468959
-0.0468689
-0.0468418
-0.0468145
-0.046787
-0.0467592
-0.0467313
-0.0467032
-0.0466749
-0.0466465
-0.0466178
-0.0465891
-0.0465601
-0.046531
-0.0465018
-0.0464724
-0.0464429
-0.0464133
-0.0463835
-0.0463536
-0.0463236
-0.0462935
-0.0462633
-0.0462329
-0.0462025
-0.046172
-0.0461414
-0.0461107
-0.04608
-0.0460492
-0.0460183
-0.0459873
-0.0459563
-0.0459252
-0.0458941
-0.0458629
-0.0458317
-0.0458004
-0.0457691
-0.0457378
-0.0457064
-0.045675
-0.0456436
-0.0456122
-0.0455808
-0.0455493
-0.0455179
-0.0454865
-0.045455
-0.0454236
-0.0453921
-0.0453607
-0.0453293
-0.0452979
-0.0452666
-0.0452353
-0.045204
-0.0451727
-0.0451415
-0.0451103
-0.0450792
-0.0450481
-0.0450171
-0.0449862
-0.0449553
-0.0449244
-0.0448937
-0.044863
-0.0448324
-0.0448019
-0.0447714
-0.0447411
-0.0447109
-0.0446807
-0.0446507
-0.0446207
-0.0445909
-0.0445612
-0.0445316
-0.0445022
-0.0444729
-0.0444437
-0.0444146
-0.0443857
-0.0443569
-0.0443283
-0.0442999
-0.0442716
-0.0442435
-0.0442155
-0.0441878
-0.0441602
-0.0441328
-0.0441056
-0.0440786
-0.0440518
-0.0440252
-0.0439988
-0.0439726
-0.0439467
-0.043921
-0.0438955
-0.0438703
-0.0438453
-0.0438206
-0.0437961
-0.0437719
-0.043748
-0.0437243
-0.0437009
-0.0436779
-0.0436551
-0.0436326
-0.0436104
-0.0435886
-0.043567
-0.0435458
-0.043525
-0.0435045
-0.0434843
-0.0434645
-0.043445
-0.043426
-0.0434073
-0.043389
-0.0433711
-0.0433536
-0.0433365
-0.0433198
-0.0433036
-0.0432878
-0.0432724
-0.0432575
-0.0432431
-0.0432291
-0.0432156
-0.0432027
-0.0431902
-0.0431782
-0.0431667
-0.0431557
-0.0431453
-0.0431355
-0.0431261
-0.0431174
-0.0431092
-0.0431016
-0.0430947
-0.0430883
-0.0430825
-0.0430774
-0.0430729
-0.043069
-0.0430658
-0.0430633
-0.0430615
-0.0430604
-0.0430599
-0.0430602
-0.0430612
-0.043063
-0.0495053
-0.0494857
-0.0494657
-0.0494457
-0.0494256
-0.0494054
-0.049385
-0.0493645
-0.0493438
-0.049323
-0.049302
-0.0492809
-0.0492597
-0.0492384
-0.0492169
-0.0491954
-0.0491737
-0.049152
-0.0491301
-0.0491082
-0.0490861
-0.0490641
-0.0490419
-0.0490197
-0.0489974
-0.0489751
-0.0489528
-0.0489304
-0.0489081
-0.0488857
-0.0488633
-0.048841
-0.0488186
-0.0487963
-0.0487741
-0.0487519
-0.0487297
-0.0487076
-0.0486856
-0.0486637
-0.0486419
-0.0486201
-0.0485985
-0.048577
-0.0485557
-0.0485344
-0.0485133
-0.0484924
-0.0484716
-0.048451
-0.0484305
-0.0484102
-0.04839
-0.0483701
-0.0483503
-0.0483307
-0.0483113
-0.048292
-0.0482729
-0.0482541
-0.0482354
-0.0482168
-0.0481985
-0.0481803
-0.0481623
-0.0481445
-0.0481268
-0.0481093
-0.048092
-0.0480748
-0.0480577
-0.0480407
-0.0480239
-0.0480071
-0.0479905
-0.047974
-0.0479575
-0.0479411
-0.0479248
-0.0479085
-0.0478922
-0.0478761
-0.0478599
-0.0478437
-0.0478276
-0.0478115
-0.0477953
-0.0477792
-0.0477631
-0.0477469
-0.0477307
-0.0477144
-0.0476981
-0.0476818
-0.0476654
-0.0476489
-0.0476323
-0.0476157
-0.0475989
-0.0475821
-0.0475651
-0.0475481
-0.0475309
-0.0475135
-0.0474961
-0.0474784
-0.0474607
-0.0474427
-0.0474246
-0.0474063
-0.0473879
-0.0473692
-0.0473504
-0.0473314
-0.0473122
-0.0472928
-0.0472732
-0.0472534
-0.0472334
-0.0472131
-0.0471927
-0.0471721
-0.0471512
-0.0471301
-0.0471088
-0.0470873
-0.0470656
-0.0470437
-0.0470216
-0.0469993
-0.0469767
-0.046954
-0.046931
-0.0469079
-0.0468845
-0.046861
-0.0468373
-0.0468133
-0.0467892
-0.0467649
-0.0467405
-0.0467158
-0.046691
-0.046666
-0.0466409
-0.0466155
-0.0465901
-0.0465644
-0.0465386
-0.0465127
-0.0464866
-0.0464604
-0.0464341
-0.0464076
-0.046381
-0.0463542
-0.0463274
-0.0463004
-0.0462733
-0.0462461
-0.0462188
-0.0461914
-0.0461639
-0.0461363
-0.0461086
-0.0460808
-0.0460529
-0.046025
-0.0459969
-0.0459688
-0.0459407
-0.0459124
-0.0458841
-0.0458557
-0.0458273
-0.0457988
-0.0457703
-0.0457417
-0.0457131
-0.0456844
-0.0456557
-0.0456269
-0.0455982
-0.0455694
-0.0455405
-0.0455117
-0.0454828
-0.0454539
-0.045425
-0.0453961
-0.0453672
-0.0453383
-0.0453094
-0.0452805
-0.0452516
-0.0452227
-0.0451938
-0.045165
-0.0451362
-0.0451074
-0.0450786
-0.0450498
-0.0450211
-0.0449925
-0.0449638
-0.0449353
-0.0449067
-0.0448783
-0.0448499
-0.0448215
-0.0447932
-0.044765
-0.0447369
-0.0447088
-0.0446808
-0.044653
-0.0446252
-0.0445974
-0.0445698
-0.0445423
-0.0445149
-0.0444877
-0.0444605
-0.0444335
-0.0444065
-0.0443797
-0.0443531
-0.0443266
-0.0443002
-0.044274
-0.044248
-0.0442221
-0.0441963
-0.0441708
-0.0441454
-0.0441202
-0.0440952
-0.0440704
-0.0440458
-0.0440214
-0.0439972
-0.0439732
-0.0439494
-0.0439259
-0.0439026
-0.0438796
-0.0438568
-0.0438342
-0.0438119
-0.0437899
-0.0437682
-0.0437467
-0.0437255
-0.0437046
-0.0436841
-0.0436638
-0.0436438
-0.0436242
-0.0436049
-0.0435859
-0.0435673
-0.043549
-0.0435311
-0.0435136
-0.0434964
-0.0434796
-0.0434632
-0.0434473
-0.0434317
-0.0434165
-0.0434018
-0.0433875
-0.0433736
-0.0433602
-0.0433472
-0.0433348
-0.0433228
-0.0433113
-0.0433002
-0.0432897
-0.0432797
-0.0432703
-0.0432613
-0.043253
-0.0432451
-0.0432379
-0.0432312
-0.0432251
-0.0432195
-0.0432146
-0.0432104
-0.0432067
-0.0432037
-0.0432013
-0.0431996
-0.0431986
-0.0431982
-0.0431985
-0.0431996
-0.0432012
-0.0486857
-0.0486742
-0.0486622
-0.0486501
-0.048638
-0.0486257
-0.0486132
-0.0486007
-0.0485879
-0.048575
-0.048562
-0.0485488
-0.0485355
-0.0485221
-0.0485085
-0.0484947
-0.0484809
-0.0484668
-0.0484527
-0.0484384
-0.048424
-0.0484095
-0.0483948
-0.04838
-0.0483652
-0.0483502
-0.048335
-0.0483198
-0.0483045
-0.0482891
-0.0482736
-0.048258
-0.0482423
-0.0482266
-0.0482108
-0.0481949
-0.0481789
-0.0481629
-0.0481469
-0.0481308
-0.0481147
-0.0480985
-0.0480823
-0.0480661
-0.0480498
-0.0480336
-0.0480173
-0.0480011
-0.0479848
-0.0479686
-0.0479523
-0.0479361
-0.0479199
-0.0479038
-0.0478876
-0.0478715
-0.0478555
-0.0478394
-0.0478235
-0.0478076
-0.0477917
-0.0477759
-0.0477601
-0.0477444
-0.0477288
-0.0477132
-0.0476977
-0.0476823
-0.0476669
-0.0476516
-0.0476364
-0.0476212
-0.0476061
-0.0475911
-0.0475761
-0.0475612
-0.0475464
-0.0475316
-0.0475169
-0.0475023
-0.0474877
-0.0474731
-0.0474586
-0.0474442
-0.0474298
-0.0474154
-0.0474011
-0.0473868
-0.0473726
-0.0473583
-0.0473441
-0.0473299
-0.0473157
-0.0473015
-0.0472873
-0.0472731
-0.0472588
-0.0472446
-0.0472303
-0.047216
-0.0472017
-0.0471873
-0.0471729
-0.0471584
-0.0471438
-0.0471292
-0.0471146
-0.0470998
-0.0470849
-0.04707
-0.047055
-0.0470399
-0.0470246
-0.0470093
-0.0469938
-0.0469782
-0.0469625
-0.0469467
-0.0469307
-0.0469146
-0.0468983
-0.0468819
-0.0468654
-0.0468487
-0.0468318
-0.0468148
-0.0467976
-0.0467803
-0.0467627
-0.0467451
-0.0467272
-0.0467092
-0.0466909
-0.0466726
-0.046654
-0.0466352
-0.0466163
-0.0465972
-0.0465779
-0.0465584
-0.0465388
-0.046519
-0.0464989
-0.0464787
-0.0464584
-0.0464378
-0.0464171
-0.0463962
-0.0463751
-0.0463538
-0.0463324
-0.0463108
-0.046289
-0.046267
-0.0462449
-0.0462226
-0.0462002
-0.0461776
-0.0461549
-0.046132
-0.0461089
-0.0460857
-0.0460623
-0.0460388
-0.0460152
-0.0459914
-0.0459675
-0.0459435
-0.0459193
-0.045895
-0.0458706
-0.0458461
-0.0458214
-0.0457967
-0.0457718
-0.0457468
-0.0457217
-0.0456966
-0.0456713
-0.0456459
-0.0456205
-0.0455949
-0.0455693
-0.0455436
-0.0455178
-0.045492
-0.0454661
-0.0454401
-0.0454141
-0.045388
-0.0453619
-0.0453357
-0.0453095
-0.0452832
-0.0452569
-0.0452306
-0.0452042
-0.0451778
-0.0451514
-0.045125
-0.0450986
-0.0450722
-0.0450457
-0.0450193
-0.0449929
-0.0449664
-0.04494
-0.0449136
-0.0448873
-0.044861
-0.0448347
-0.0448084
-0.0447822
-0.044756
-0.0447299
-0.0447038
-0.0446778
-0.0446519
-0.044626
-0.0446002
-0.0445745
-0.0445489
-0.0445233
-0.0444979
-0.0444725
-0.0444473
-0.0444222
-0.0443971
-0.0443723
-0.0443475
-0.0443229
-0.0442984
-0.044274
-0.0442498
-0.0442257
-0.0442019
-0.0441781
-0.0441546
-0.0441312
-0.044108
-0.044085
-0.0440622
-0.0440396
-0.0440172
-0.043995
-0.043973
-0.0439513
-0.0439298
-0.0439085
-0.0438875
-0.0438667
-0.0438462
-0.043826
-0.043806
-0.0437864
-0.043767
-0.0437479
-0.0437291
-0.0437106
-0.0436924
-0.0436746
-0.0436571
-0.0436399
-0.0436231
-0.0436067
-0.0435906
-0.0435748
-0.0435595
-0.0435446
-0.04353
-0.0435159
-0.0435021
-0.0434888
-0.0434759
-0.0434635
-0.0434515
-0.04344
-0.043429
-0.0434184
-0.0434083
-0.0433987
-0.0433896
-0.0433811
-0.043373
-0.0433655
-0.0433585
-0.0433521
-0.0433463
-0.043341
-0.0433364
-0.0433323
-0.0433288
-0.043326
-0.0433238
-0.0433222
-0.0433212
-0.043321
-0.0433214
-0.0433225
-0.0433242
-0.0478149
-0.0478099
-0.0478048
-0.0477997
-0.0477944
-0.0477891
-0.0477838
-0.0477783
-0.0477727
-0.0477671
-0.0477614
-0.0477555
-0.0477496
-0.0477437
-0.0477376
-0.0477315
-0.0477252
-0.0477189
-0.0477126
-0.0477061
-0.0476996
-0.047693
-0.0476863
-0.0476795
-0.0476727
-0.0476658
-0.0476588
-0.0476518
-0.0476447
-0.0476375
-0.0476302
-0.0476229
-0.0476156
-0.0476081
-0.0476006
-0.0475931
-0.0475855
-0.0475778
-0.0475701
-0.0475623
-0.0475545
-0.0475467
-0.0475387
-0.0475308
-0.0475227
-0.0475147
-0.0475066
-0.0474984
-0.0474902
-0.047482
-0.0474737
-0.0474653
-0.047457
-0.0474486
-0.0474401
-0.0474316
-0.0474231
-0.0474145
-0.0474059
-0.0473973
-0.0473886
-0.0473799
-0.0473711
-0.0473623
-0.0473535
-0.0473446
-0.0473357
-0.0473267
-0.0473177
-0.0473086
-0.0472995
-0.0472904
-0.0472812
-0.0472719
-0.0472626
-0.0472533
-0.0472438
-0.0472344
-0.0472248
-0.0472152
-0.0472056
-0.0471958
-0.047186
-0.0471762
-0.0471662
-0.0471562
-0.0471461
-0.0471359
-0.0471257
-0.0471153
-0.0471049
-0.0470944
-0.0470837
-0.047073
-0.0470622
-0.0470513
-0.0470403
-0.0470291
-0.0470179
-0.0470065
-0.0469951
-0.0469835
-0.0469718
-0.0469599
-0.046948
-0.0469359
-0.0469237
-0.0469113
-0.0468988
-0.0468862
-0.0468734
-0.0468605
-0.0468474
-0.0468342
-0.0468209
-0.0468074
-0.0467937
-0.0467799
-0.0467659
-0.0467518
-0.0467375
-0.0467231
-0.0467085
-0.0466937
-0.0466788
-0.0466637
-0.0466484
-0.046633
-0.0466174
-0.0466016
-0.0465856
-0.0465695
-0.0465532
-0.0465368
-0.0465202
-0.0465034
-0.0464864
-0.0464693
-0.046452
-0.0464345
-0.0464169
-0.0463991
-0.0463811
-0.0463629
-0.0463446
-0.0463262
-0.0463075
-0.0462887
-0.0462697
-0.0462506
-0.0462313
-0.0462119
-0.0461923
-0.0461725
-0.0461526
-0.0461325
-0.0461123
-0.0460919
-0.0460714
-0.0460508
-0.04603
-0.046009
-0.0459879
-0.0459667
-0.0459454
-0.0459239
-0.0459022
-0.0458805
-0.0458586
-0.0458366
-0.0458145
-0.0457923
-0.0457699
-0.0457474
-0.0457249
-0.0457022
-0.0456794
-0.0456565
-0.0456335
-0.0456104
-0.0455872
-0.0455639
-0.0455406
-0.0455171
-0.0454936
-0.04547
-0.0454463
-0.0454225
-0.0453987
-0.0453748
-0.0453509
-0.0453268
-0.0453028
-0.0452786
-0.0452545
-0.0452303
-0.045206
-0.0451817
-0.0451574
-0.045133
-0.0451086
-0.0450842
-0.0450597
-0.0450353
-0.0450108
-0.0449863
-0.0449619
-0.0449374
-0.0449129
-0.0448884
-0.044864
-0.0448395
-0.0448151
-0.0447907
-0.0447664
-0.044742
-0.0447177
-0.0446935
-0.0446693
-0.0446451
-0.044621
-0.044597
-0.0445731
-0.0445492
-0.0445254
-0.0445016
-0.044478
-0.0444544
-0.044431
-0.0444076
-0.0443844
-0.0443612
-0.0443382
-0.0443154
-0.0442926
-0.04427
-0.0442475
-0.0442252
-0.044203
-0.044181
-0.0441592
-0.0441375
-0.044116
-0.0440947
-0.0440736
-0.0440527
-0.044032
-0.0440115
-0.0439912
-0.0439712
-0.0439514
-0.0439318
-0.0439125
-0.0438934
-0.0438746
-0.043856
-0.0438378
-0.0438198
-0.0438021
-0.0437847
-0.0437676
-0.0437508
-0.0437344
-0.0437182
-0.0437025
-0.043687
-0.0436719
-0.0436572
-0.0436429
-0.0436289
-0.0436153
-0.0436021
-0.0435893
-0.043577
-0.043565
-0.0435535
-0.0435424
-0.0435318
-0.0435217
-0.043512
-0.0435028
-0.043494
-0.0434858
-0.0434781
-0.0434709
-0.0434642
-0.0434581
-0.0434525
-0.0434475
-0.043443
-0.0434391
-0.0434358
-0.0434331
-0.0434311
-0.0434296
-0.0434288
-0.0434286
-0.043429
-0.0434302
-0.0434319
-0.0470056
-0.0470062
-0.0470068
-0.0470074
-0.0470078
-0.0470082
-0.0470085
-0.0470088
-0.0470089
-0.047009
-0.047009
-0.0470089
-0.0470088
-0.0470085
-0.0470082
-0.0470078
-0.0470073
-0.0470067
-0.047006
-0.0470053
-0.0470044
-0.0470035
-0.0470025
-0.0470014
-0.0470002
-0.046999
-0.0469976
-0.0469961
-0.0469946
-0.046993
-0.0469913
-0.0469895
-0.0469876
-0.0469856
-0.0469836
-0.0469814
-0.0469792
-0.0469769
-0.0469745
-0.046972
-0.0469694
-0.0469668
-0.046964
-0.0469612
-0.0469583
-0.0469553
-0.0469522
-0.046949
-0.0469458
-0.0469424
-0.046939
-0.0469355
-0.0469319
-0.0469282
-0.0469245
-0.0469207
-0.0469168
-0.0469128
-0.0469087
-0.0469045
-0.0469003
-0.046896
-0.0468916
-0.0468872
-0.0468826
-0.046878
-0.0468733
-0.0468685
-0.0468637
-0.0468587
-0.0468537
-0.0468486
-0.0468434
-0.0468382
-0.0468329
-0.0468275
-0.046822
-0.0468164
-0.0468107
-0.046805
-0.0467992
-0.0467933
-0.0467873
-0.0467812
-0.0467751
-0.0467688
-0.0467625
-0.0467561
-0.0467496
-0.046743
-0.0467363
-0.0467295
-0.0467226
-0.0467157
-0.0467086
-0.0467014
-0.0466941
-0.0466867
-0.0466792
-0.0466716
-0.0466639
-0.0466561
-0.0466481
-0.0466401
-0.0466319
-0.0466236
-0.0466152
-0.0466066
-0.046598
-0.0465892
-0.0465802
-0.0465712
-0.046562
-0.0465526
-0.0465431
-0.0465335
-0.0465237
-0.0465138
-0.0465037
-0.0464935
-0.0464831
-0.0464726
-0.0464619
-0.046451
-0.04644
-0.0464288
-0.0464175
-0.046406
-0.0463943
-0.0463824
-0.0463704
-0.0463582
-0.0463458
-0.0463333
-0.0463205
-0.0463076
-0.0462946
-0.0462813
-0.0462678
-0.0462542
-0.0462404
-0.0462264
-0.0462122
-0.0461979
-0.0461833
-0.0461686
-0.0461537
-0.0461386
-0.0461233
-0.0461079
-0.0460922
-0.0460764
-0.0460604
-0.0460442
-0.0460278
-0.0460113
-0.0459946
-0.0459777
-0.0459606
-0.0459433
-0.0459259
-0.0459083
-0.0458906
-0.0458726
-0.0458545
-0.0458362
-0.0458178
-0.0457992
-0.0457805
-0.0457615
-0.0457425
-0.0457233
-0.0457039
-0.0456844
-0.0456647
-0.0456449
-0.0456249
-0.0456049
-0.0455846
-0.0455643
-0.0455438
-0.0455232
-0.0455024
-0.0454816
-0.0454606
-0.0454395
-0.0454183
-0.045397
-0.0453756
-0.0453541
-0.0453325
-0.0453108
-0.045289
-0.0452671
-0.0452451
-0.0452231
-0.045201
-0.0451788
-0.0451565
-0.0451342
-0.0451119
-0.0450894
-0.0450669
-0.0450444
-0.0450218
-0.0449992
-0.0449766
-0.0449539
-0.0449312
-0.0449085
-0.0448858
-0.044863
-0.0448403
-0.0448175
-0.0447948
-0.0447721
-0.0447493
-0.0447266
-0.0447039
-0.0446813
-0.0446587
-0.0446361
-0.0446135
-0.044591
-0.0445686
-0.0445462
-0.0445239
-0.0445017
-0.0444795
-0.0444574
-0.0444354
-0.0444135
-0.0443917
-0.04437
-0.0443485
-0.044327
-0.0443056
-0.0442844
-0.0442633
-0.0442424
-0.0442216
-0.044201
-0.0441805
-0.0441602
-0.04414
-0.0441201
-0.0441003
-0.0440807
-0.0440614
-0.0440422
-0.0440233
-0.0440045
-0.043986
-0.0439678
-0.0439497
-0.043932
-0.0439144
-0.0438972
-0.0438802
-0.0438635
-0.0438471
-0.043831
-0.0438152
-0.0437997
-0.0437846
-0.0437697
-0.0437552
-0.0437411
-0.0437273
-0.0437138
-0.0437008
-0.0436881
-0.0436758
-0.0436639
-0.0436524
-0.0436413
-0.0436307
-0.0436204
-0.0436107
-0.0436013
-0.0435925
-0.0435841
-0.0435762
-0.0435688
-0.0435618
-0.0435554
-0.0435495
-0.0435442
-0.0435394
-0.0435351
-0.0435314
-0.0435282
-0.0435257
-0.0435237
-0.0435224
-0.0435216
-0.0435215
-0.043522
-0.0435231
-0.0435249
-0.0462557
-0.0462621
-0.0462686
-0.0462749
-0.0462811
-0.0462874
-0.0462936
-0.0462997
-0.0463058
-0.0463118
-0.0463178
-0.0463237
-0.0463295
-0.0463353
-0.046341
-0.0463466
-0.0463522
-0.0463577
-0.0463631
-0.0463685
-0.0463737
-0.0463789
-0.0463841
-0.0463891
-0.0463941
-0.046399
-0.0464038
-0.0464086
-0.0464132
-0.0464178
-0.0464222
-0.0464266
-0.0464309
-0.0464351
-0.0464393
-0.0464433
-0.0464472
-0.0464511
-0.0464548
-0.0464585
-0.046462
-0.0464655
-0.0464688
-0.0464721
-0.0464752
-0.0464782
-0.0464812
-0.046484
-0.0464867
-0.0464893
-0.0464918
-0.0464942
-0.0464965
-0.0464987
-0.0465007
-0.0465027
-0.0465045
-0.0465062
-0.0465078
-0.0465093
-0.0465106
-0.0465118
-0.0465129
-0.0465139
-0.0465148
-0.0465155
-0.0465161
-0.0465166
-0.0465169
-0.0465171
-0.0465172
-0.0465172
-0.046517
-0.0465166
-0.0465162
-0.0465156
-0.0465149
-0.046514
-0.046513
-0.0465118
-0.0465105
-0.0465091
-0.0465075
-0.0465057
-0.0465038
-0.0465018
-0.0464996
-0.0464973
-0.0464948
-0.0464921
-0.0464893
-0.0464863
-0.0464832
-0.0464799
-0.0464765
-0.0464729
-0.0464691
-0.0464652
-0.0464611
-0.0464569
-0.0464524
-0.0464478
-0.0464431
-0.0464381
-0.046433
-0.0464277
-0.0464223
-0.0464167
-0.0464109
-0.0464049
-0.0463987
-0.0463924
-0.0463859
-0.0463792
-0.0463723
-0.0463652
-0.046358
-0.0463505
-0.0463429
-0.0463351
-0.0463271
-0.046319
-0.0463106
-0.0463021
-0.0462933
-0.0462844
-0.0462753
-0.046266
-0.0462565
-0.0462468
-0.0462369
-0.0462268
-0.0462165
-0.0462061
-0.0461954
-0.0461846
-0.0461736
-0.0461623
-0.0461509
-0.0461393
-0.0461275
-0.0461155
-0.0461033
-0.0460909
-0.0460784
-0.0460656
-0.0460527
-0.0460395
-0.0460262
-0.0460127
-0.045999
-0.0459851
-0.045971
-0.0459568
-0.0459423
-0.0459277
-0.0459129
-0.0458979
-0.0458828
-0.0458674
-0.0458519
-0.0458362
-0.0458204
-0.0458043
-0.0457881
-0.0457718
-0.0457552
-0.0457385
-0.0457217
-0.0457046
-0.0456875
-0.0456701
-0.0456526
-0.045635
-0.0456172
-0.0455992
-0.0455811
-0.0455629
-0.0455445
-0.045526
-0.0455074
-0.0454886
-0.0454697
-0.0454507
-0.0454315
-0.0454122
-0.0453928
-0.0453733
-0.0453537
-0.0453339
-0.0453141
-0.0452941
-0.0452741
-0.0452539
-0.0452337
-0.0452134
-0.0451929
-0.0451724
-0.0451519
-0.0451312
-0.0451105
-0.0450897
-0.0450688
-0.0450479
-0.0450269
-0.0450059
-0.0449848
-0.0449637
-0.0449425
-0.0449213
-0.0449001
-0.0448788
-0.0448576
-0.0448363
-0.044815
-0.0447936
-0.0447723
-0.044751
-0.0447297
-0.0447084
-0.0446871
-0.0446658
-0.0446446
-0.0446233
-0.0446022
-0.044581
-0.0445599
-0.0445389
-0.0445179
-0.044497
-0.0444761
-0.0444554
-0.0444347
-0.0444141
-0.0443935
-0.0443731
-0.0443528
-0.0443326
-0.0443125
-0.0442926
-0.0442727
-0.044253
-0.0442335
-0.0442141
-0.0441948
-0.0441758
-0.0441568
-0.0441381
-0.0441195
-0.0441012
-0.044083
-0.044065
-0.0440473
-0.0440298
-0.0440125
-0.0439954
-0.0439786
-0.043962
-0.0439457
-0.0439296
-0.0439138
-0.0438983
-0.0438831
-0.0438682
-0.0438536
-0.0438393
-0.0438253
-0.0438117
-0.0437984
-0.0437854
-0.0437728
-0.0437606
-0.0437487
-0.0437372
-0.0437261
-0.0437155
-0.0437052
-0.0436953
-0.0436859
-0.0436769
-0.0436683
-0.0436602
-0.0436526
-0.0436455
-0.0436388
-0.0436326
-0.0436269
-0.0436218
-0.0436171
-0.043613
-0.0436095
-0.0436065
-0.043604
-0.0436022
-0.0436009
-0.0436002
-0.0436001
-0.0436007
-0.0436018
-0.0436036
-0.0454921
-0.0455044
-0.045517
-0.0455293
-0.0455416
-0.0455539
-0.0455661
-0.0455782
-0.0455903
-0.0456023
-0.0456142
-0.045626
-0.0456378
-0.0456495
-0.0456611
-0.0456726
-0.0456841
-0.0456954
-0.0457067
-0.0457179
-0.0457289
-0.0457399
-0.0457508
-0.0457616
-0.0457723
-0.0457829
-0.0457934
-0.0458037
-0.045814
-0.0458242
-0.0458342
-0.0458441
-0.045854
-0.0458637
-0.0458732
-0.0458827
-0.045892
-0.0459013
-0.0459103
-0.0459193
-0.0459281
-0.0459369
-0.0459454
-0.0459539
-0.0459622
-0.0459704
-0.0459784
-0.0459863
-0.0459941
-0.0460017
-0.0460092
-0.0460165
-0.0460237
-0.0460308
-0.0460377
-0.0460445
-0.0460511
-0.0460575
-0.0460638
-0.04607
-0.046076
-0.0460819
-0.0460876
-0.0460931
-0.0460985
-0.0461037
-0.0461088
-0.0461137
-0.0461185
-0.0461231
-0.0461275
-0.0461318
-0.0461359
-0.0461399
-0.0461436
-0.0461473
-0.0461507
-0.046154
-0.0461571
-0.04616
-0.0461628
-0.0461654
-0.0461679
-0.0461701
-0.0461722
-0.0461741
-0.0461759
-0.0461774
-0.0461788
-0.04618
-0.0461811
-0.0461819
-0.0461826
-0.0461831
-0.0461834
-0.0461835
-0.0461835
-0.0461832
-0.0461828
-0.0461822
-0.0461814
-0.0461804
-0.0461793
-0.0461779
-0.0461764
-0.0461746
-0.0461727
-0.0461706
-0.0461683
-0.0461658
-0.0461631
-0.0461602
-0.0461571
-0.0461538
-0.0461503
-0.0461466
-0.0461427
-0.0461386
-0.0461343
-0.0461298
-0.0461252
-0.0461203
-0.0461152
-0.0461098
-0.0461043
-0.0460986
-0.0460927
-0.0460865
-0.0460802
-0.0460737
-0.0460669
-0.0460599
-0.0460528
-0.0460454
-0.0460378
-0.04603
-0.046022
-0.0460137
-0.0460053
-0.0459966
-0.0459878
-0.0459787
-0.0459694
-0.0459599
-0.0459502
-0.0459403
-0.0459302
-0.0459199
-0.0459093
-0.0458986
-0.0458876
-0.0458764
-0.0458651
-0.0458535
-0.0458417
-0.0458297
-0.0458175
-0.0458051
-0.0457925
-0.0457797
-0.0457667
-0.0457536
-0.0457402
-0.0457266
-0.0457128
-0.0456988
-0.0456847
-0.0456703
-0.0456558
-0.0456411
-0.0456262
-0.0456111
-0.0455958
-0.0455804
-0.0455647
-0.0455489
-0.045533
-0.0455169
-0.0455006
-0.0454841
-0.0454675
-0.0454507
-0.0454338
-0.0454167
-0.0453994
-0.0453821
-0.0453645
-0.0453469
-0.0453291
-0.0453111
-0.045293
-0.0452748
-0.0452565
-0.0452381
-0.0452195
-0.0452008
-0.0451821
-0.0451632
-0.0451442
-0.0451251
-0.0451059
-0.0450866
-0.0450673
-0.0450478
-0.0450283
-0.0450087
-0.044989
-0.0449693
-0.0449495
-0.0449297
-0.0449098
-0.0448898
-0.0448698
-0.0448498
-0.0448297
-0.0448097
-0.0447895
-0.0447694
-0.0447493
-0.0447291
-0.044709
-0.0446888
-0.0446687
-0.0446486
-0.0446285
-0.0446084
-0.0445883
-0.0445683
-0.0445483
-0.0445284
-0.0445085
-0.0444887
-0.0444689
-0.0444493
-0.0444296
-0.0444101
-0.0443907
-0.0443714
-0.0443521
-0.044333
-0.044314
-0.0442951
-0.0442763
-0.0442577
-0.0442392
-0.0442209
-0.0442027
-0.0441846
-0.0441668
-0.0441491
-0.0441316
-0.0441143
-0.0440972
-0.0440803
-0.0440636
-0.0440472
-0.0440309
-0.0440149
-0.0439992
-0.0439836
-0.0439684
-0.0439534
-0.0439387
-0.0439243
-0.0439102
-0.0438963
-0.0438828
-0.0438696
-0.0438567
-0.0438442
-0.043832
-0.0438201
-0.0438087
-0.0437975
-0.0437868
-0.0437764
-0.0437665
-0.0437569
-0.0437478
-0.0437391
-0.0437308
-0.043723
-0.0437156
-0.0437086
-0.0437022
-0.0436962
-0.0436907
-0.0436857
-0.0436813
-0.0436773
-0.0436739
-0.043671
-0.0436686
-0.0436669
-0.0436657
-0.043665
-0.043665
-0.0436655
-0.0436667
-0.0436684
-0.0448646
-0.0448833
-0.0449022
-0.0449207
-0.0449392
-0.0449576
-0.0449759
-0.0449941
-0.0450122
-0.0450302
-0.045048
-0.0450658
-0.0450835
-0.045101
-0.0451185
-0.0451358
-0.045153
-0.0451701
-0.0451871
-0.0452039
-0.0452206
-0.0452372
-0.0452537
-0.04527
-0.0452862
-0.0453023
-0.0453182
-0.045334
-0.0453496
-0.0453651
-0.0453804
-0.0453956
-0.0454107
-0.0454256
-0.0454404
-0.045455
-0.0454694
-0.0454837
-0.0454978
-0.0455118
-0.0455256
-0.0455392
-0.0455527
-0.045566
-0.0455792
-0.0455921
-0.0456049
-0.0456176
-0.04563
-0.0456423
-0.0456544
-0.0456663
-0.0456781
-0.0456896
-0.045701
-0.0457122
-0.0457232
-0.0457341
-0.0457447
-0.0457552
-0.0457654
-0.0457755
-0.0457854
-0.0457951
-0.0458046
-0.0458139
-0.045823
-0.0458319
-0.0458406
-0.0458491
-0.0458574
-0.0458655
-0.0458734
-0.0458811
-0.0458886
-0.0458959
-0.045903
-0.0459099
-0.0459166
-0.045923
-0.0459293
-0.0459353
-0.0459411
-0.0459468
-0.0459522
-0.0459574
-0.0459624
-0.0459671
-0.0459717
-0.045976
-0.0459801
-0.045984
-0.0459877
-0.0459912
-0.0459944
-0.0459974
-0.0460002
-0.0460028
-0.0460052
-0.0460073
-0.0460092
-0.0460109
-0.0460124
-0.0460136
-0.0460146
-0.0460154
-0.046016
-0.0460163
-0.0460164
-0.0460163
-0.046016
-0.0460154
-0.0460146
-0.0460136
-0.0460123
-0.0460108
-0.0460091
-0.0460072
-0.046005
-0.0460026
-0.046
-0.0459971
-0.045994
-0.0459907
-0.0459871
-0.0459833
-0.0459793
-0.0459751
-0.0459706
-0.0459659
-0.045961
-0.0459558
-0.0459505
-0.0459448
-0.045939
-0.0459329
-0.0459266
-0.0459201
-0.0459133
-0.0459064
-0.0458992
-0.0458917
-0.0458841
-0.0458762
-0.0458681
-0.0458598
-0.0458512
-0.0458424
-0.0458335
-0.0458242
-0.0458148
-0.0458052
-0.0457953
-0.0457852
-0.0457749
-0.0457644
-0.0457537
-0.0457428
-0.0457317
-0.0457203
-0.0457088
-0.045697
-0.0456851
-0.0456729
-0.0456605
-0.045648
-0.0456352
-0.0456223
-0.0456091
-0.0455958
-0.0455823
-0.0455686
-0.0455547
-0.0455406
-0.0455263
-0.0455119
-0.0454973
-0.0454825
-0.0454675
-0.0454524
-0.0454371
-0.0454216
-0.045406
-0.0453902
-0.0453743
-0.0453582
-0.0453419
-0.0453256
-0.045309
-0.0452923
-0.0452755
-0.0452586
-0.0452415
-0.0452243
-0.0452069
-0.0451895
-0.0451719
-0.0451542
-0.0451364
-0.0451185
-0.0451005
-0.0450824
-0.0450641
-0.0450458
-0.0450274
-0.045009
-0.0449904
-0.0449718
-0.0449531
-0.0449343
-0.0449155
-0.0448966
-0.0448776
-0.0448586
-0.0448396
-0.0448205
-0.0448014
-0.0447822
-0.044763
-0.0447439
-0.0447246
-0.0447054
-0.0446862
-0.044667
-0.0446478
-0.0446286
-0.0446094
-0.0445902
-0.0445711
-0.044552
-0.0445329
-0.0445139
-0.0444949
-0.044476
-0.0444572
-0.0444384
-0.0444197
-0.0444011
-0.0443825
-0.0443641
-0.0443458
-0.0443276
-0.0443095
-0.0442915
-0.0442736
-0.0442559
-0.0442383
-0.0442209
-0.0442036
-0.0441865
-0.0441696
-0.0441528
-0.0441363
-0.0441199
-0.0441037
-0.0440878
-0.044072
-0.0440565
-0.0440412
-0.0440261
-0.0440113
-0.0439968
-0.0439825
-0.0439685
-0.0439548
-0.0439413
-0.0439282
-0.0439153
-0.0439028
-0.0438906
-0.0438787
-0.0438672
-0.043856
-0.0438452
-0.0438348
-0.0438247
-0.043815
-0.0438057
-0.0437968
-0.0437883
-0.0437803
-0.0437726
-0.0437654
-0.0437587
-0.0437524
-0.0437466
-0.0437413
-0.0437364
-0.0437321
-0.0437282
-0.0437249
-0.0437221
-0.0437199
-0.0437181
-0.043717
-0.0437164
-0.0437164
-0.043717
-0.0437181
-0.0437199
-0.0442389
-0.0442647
-0.0442909
-0.0443167
-0.0443423
-0.0443677
-0.044393
-0.044418
-0.0444429
-0.0444676
-0.0444921
-0.0445165
-0.0445406
-0.0445646
-0.0445884
-0.044612
-0.0446354
-0.0446586
-0.0446816
-0.0447044
-0.044727
-0.0447494
-0.0447717
-0.0447937
-0.0448155
-0.0448371
-0.0448586
-0.0448798
-0.0449008
-0.0449216
-0.0449422
-0.0449626
-0.0449828
-0.0450028
-0.0450226
-0.0450421
-0.0450615
-0.0450806
-0.0450995
-0.0451182
-0.0451367
-0.045155
-0.0451731
-0.0451909
-0.0452085
-0.0452259
-0.0452431
-0.0452601
-0.0452768
-0.0452934
-0.0453097
-0.0453258
-0.0453416
-0.0453572
-0.0453727
-0.0453878
-0.0454028
-0.0454175
-0.045432
-0.0454463
-0.0454603
-0.0454741
-0.0454877
-0.0455011
-0.0455142
-0.0455271
-0.0455398
-0.0455522
-0.0455644
-0.0455763
-0.0455881
-0.0455996
-0.0456108
-0.0456218
-0.0456326
-0.0456432
-0.0456535
-0.0456636
-0.0456734
-0.045683
-0.0456924
-0.0457015
-0.0457104
-0.045719
-0.0457274
-0.0457356
-0.0457435
-0.0457512
-0.0457586
-0.0457658
-0.0457728
-0.0457795
-0.045786
-0.0457922
-0.0457982
-0.0458039
-0.0458094
-0.0458147
-0.0458197
-0.0458244
-0.045829
-0.0458332
-0.0458373
-0.0458411
-0.0458446
-0.0458479
-0.045851
-0.0458538
-0.0458563
-0.0458586
-0.0458607
-0.0458625
-0.0458641
-0.0458654
-0.0458665
-0.0458673
-0.0458679
-0.0458682
-0.0458683
-0.0458682
-0.0458678
-0.0458671
-0.0458662
-0.0458651
-0.0458637
-0.045862
-0.0458602
-0.045858
-0.0458557
-0.045853
-0.0458502
-0.0458471
-0.0458437
-0.0458401
-0.0458363
-0.0458322
-0.0458278
-0.0458233
-0.0458184
-0.0458134
-0.0458081
-0.0458025
-0.0457967
-0.0457907
-0.0457845
-0.045778
-0.0457712
-0.0457642
-0.045757
-0.0457496
-0.0457419
-0.045734
-0.0457258
-0.0457175
-0.0457089
-0.0457
-0.045691
-0.0456817
-0.0456722
-0.0456624
-0.0456525
-0.0456423
-0.0456319
-0.0456213
-0.0456104
-0.0455994
-0.0455881
-0.0455766
-0.0455649
-0.0455531
-0.045541
-0.0455287
-0.0455162
-0.0455035
-0.0454906
-0.0454775
-0.0454642
-0.0454507
-0.045437
-0.0454232
-0.0454092
-0.045395
-0.0453806
-0.045366
-0.0453513
-0.0453364
-0.0453213
-0.0453061
-0.0452907
-0.0452751
-0.0452594
-0.0452436
-0.0452276
-0.0452114
-0.0451952
-0.0451787
-0.0451622
-0.0451455
-0.0451287
-0.0451118
-0.0450947
-0.0450776
-0.0450603
-0.0450429
-0.0450255
-0.0450079
-0.0449902
-0.0449725
-0.0449546
-0.0449367
-0.0449187
-0.0449006
-0.0448825
-0.0448643
-0.0448461
-0.0448278
-0.0448094
-0.044791
-0.0447726
-0.0447542
-0.0447357
-0.0447172
-0.0446986
-0.0446801
-0.0446616
-0.044643
-0.0446245
-0.044606
-0.0445875
-0.044569
-0.0445506
-0.0445322
-0.0445138
-0.0444955
-0.0444772
-0.044459
-0.0444409
-0.0444228
-0.0444048
-0.0443869
-0.0443691
-0.0443514
-0.0443338
-0.0443163
-0.0442989
-0.0442817
-0.0442646
-0.0442476
-0.0442308
-0.0442141
-0.0441976
-0.0441813
-0.0441651
-0.0441492
-0.0441334
-0.0441178
-0.0441024
-0.0440873
-0.0440723
-0.0440576
-0.0440432
-0.0440289
-0.044015
-0.0440013
-0.0439879
-0.0439747
-0.0439619
-0.0439493
-0.043937
-0.0439251
-0.0439135
-0.0439022
-0.0438913
-0.0438807
-0.0438704
-0.0438606
-0.0438511
-0.043842
-0.0438333
-0.043825
-0.0438171
-0.0438096
-0.0438026
-0.043796
-0.0437898
-0.0437841
-0.0437789
-0.0437742
-0.0437699
-0.0437662
-0.0437629
-0.0437602
-0.043758
-0.0437563
-0.0437552
-0.0437546
-0.0437546
-0.0437552
-0.0437564
-0.0437581
-0.043887
-0.043917
-0.0439474
-0.0439772
-0.0440067
-0.0440361
-0.0440652
-0.0440941
-0.0441228
-0.0441512
-0.0441794
-0.0442074
-0.0442351
-0.0442626
-0.0442899
-0.044317
-0.0443438
-0.0443704
-0.0443967
-0.0444229
-0.0444488
-0.0444744
-0.0444999
-0.0445251
-0.04455
-0.0445748
-0.0445993
-0.0446236
-0.0446476
-0.0446714
-0.044695
-0.0447183
-0.0447414
-0.0447642
-0.0447869
-0.0448093
-0.0448314
-0.0448533
-0.044875
-0.0448964
-0.0449176
-0.0449386
-0.0449593
-0.0449798
-0.045
-0.04502
-0.0450397
-0.0450592
-0.0450785
-0.0450975
-0.0451163
-0.0451348
-0.0451531
-0.0451711
-0.0451889
-0.0452065
-0.0452238
-0.0452408
-0.0452576
-0.0452742
-0.0452905
-0.0453065
-0.0453223
-0.0453379
-0.0453532
-0.0453683
-0.0453831
-0.0453976
-0.0454119
-0.0454259
-0.0454397
-0.0454533
-0.0454665
-0.0454796
-0.0454923
-0.0455048
-0.0455171
-0.0455291
-0.0455408
-0.0455523
-0.0455635
-0.0455745
-0.0455852
-0.0455957
-0.0456058
-0.0456158
-0.0456254
-0.0456349
-0.045644
-0.0456529
-0.0456615
-0.0456699
-0.045678
-0.0456858
-0.0456934
-0.0457007
-0.0457078
-0.0457146
-0.0457211
-0.0457274
-0.0457334
-0.0457392
-0.0457446
-0.0457499
-0.0457548
-0.0457595
-0.0457639
-0.0457681
-0.045772
-0.0457757
-0.045779
-0.0457822
-0.045785
-0.0457876
-0.0457899
-0.045792
-0.0457938
-0.0457953
-0.0457966
-0.0457976
-0.0457984
-0.0457989
-0.0457991
-0.0457991
-0.0457988
-0.0457983
-0.0457975
-0.0457964
-0.0457951
-0.0457935
-0.0457917
-0.0457896
-0.0457872
-0.0457846
-0.0457818
-0.0457786
-0.0457753
-0.0457716
-0.0457678
-0.0457636
-0.0457593
-0.0457546
-0.0457498
-0.0457446
-0.0457393
-0.0457336
-0.0457278
-0.0457217
-0.0457153
-0.0457087
-0.0457019
-0.0456948
-0.0456875
-0.0456799
-0.0456721
-0.0456641
-0.0456559
-0.0456474
-0.0456386
-0.0456297
-0.0456205
-0.0456111
-0.0456015
-0.0455916
-0.0455816
-0.0455713
-0.0455608
-0.04555
-0.0455391
-0.0455279
-0.0455166
-0.045505
-0.0454932
-0.0454813
-0.0454691
-0.0454567
-0.0454441
-0.0454314
-0.0454184
-0.0454053
-0.0453919
-0.0453784
-0.0453647
-0.0453508
-0.0453368
-0.0453226
-0.0453082
-0.0452936
-0.0452789
-0.045264
-0.0452489
-0.0452337
-0.0452184
-0.0452029
-0.0451872
-0.0451715
-0.0451555
-0.0451395
-0.0451233
-0.045107
-0.0450905
-0.045074
-0.0450573
-0.0450405
-0.0450237
-0.0450067
-0.0449896
-0.0449724
-0.0449551
-0.0449378
-0.0449203
-0.0449028
-0.0448852
-0.0448675
-0.0448498
-0.044832
-0.0448142
-0.0447963
-0.0447784
-0.0447605
-0.0447425
-0.0447244
-0.0447064
-0.0446883
-0.0446703
-0.0446522
-0.0446341
-0.044616
-0.044598
-0.0445799
-0.0445619
-0.0445439
-0.044526
-0.0445081
-0.0444902
-0.0444724
-0.0444546
-0.0444369
-0.0444193
-0.0444018
-0.0443843
-0.044367
-0.0443497
-0.0443326
-0.0443155
-0.0442986
-0.0442818
-0.0442651
-0.0442486
-0.0442323
-0.044216
-0.0442
-0.0441841
-0.0441684
-0.0441529
-0.0441376
-0.0441225
-0.0441076
-0.0440929
-0.0440784
-0.0440642
-0.0440502
-0.0440364
-0.0440229
-0.0440097
-0.0439968
-0.0439841
-0.0439718
-0.0439597
-0.0439479
-0.0439365
-0.0439254
-0.0439146
-0.0439041
-0.0438941
-0.0438843
-0.043875
-0.043866
-0.0438574
-0.0438492
-0.0438415
-0.0438341
-0.0438272
-0.0438207
-0.0438146
-0.043809
-0.0438039
-0.0437992
-0.043795
-0.0437913
-0.0437881
-0.0437854
-0.0437833
-0.0437816
-0.0437805
-0.04378
-0.04378
-0.0437806
-0.0437817
-0.0437834
-0.0436562
-0.0436889
-0.043722
-0.0437544
-0.0437865
-0.0438185
-0.0438501
-0.0438815
-0.0439127
-0.0439435
-0.0439742
-0.0440046
-0.0440347
-0.0440645
-0.0440941
-0.0441235
-0.0441526
-0.0441814
-0.04421
-0.0442384
-0.0442664
-0.0442943
-0.0443218
-0.0443491
-0.0443762
-0.044403
-0.0444296
-0.0444559
-0.0444819
-0.0445077
-0.0445332
-0.0445585
-0.0445835
-0.0446082
-0.0446327
-0.044657
-0.044681
-0.0447047
-0.0447282
-0.0447514
-0.0447743
-0.044797
-0.0448195
-0.0448416
-0.0448636
-0.0448852
-0.0449066
-0.0449278
-0.0449486
-0.0449692
-0.0449896
-0.0450097
-0.0450295
-0.0450491
-0.0450684
-0.0450875
-0.0451062
-0.0451248
-0.045143
-0.045161
-0.0451787
-0.0451962
-0.0452134
-0.0452303
-0.045247
-0.0452634
-0.0452795
-0.0452954
-0.045311
-0.0453263
-0.0453414
-0.0453562
-0.0453707
-0.045385
-0.045399
-0.0454127
-0.0454262
-0.0454394
-0.0454523
-0.045465
-0.0454773
-0.0454895
-0.0455013
-0.0455129
-0.0455242
-0.0455352
-0.045546
-0.0455565
-0.0455667
-0.0455766
-0.0455863
-0.0455957
-0.0456049
-0.0456137
-0.0456223
-0.0456306
-0.0456387
-0.0456465
-0.045654
-0.0456612
-0.0456682
-0.0456749
-0.0456813
-0.0456875
-0.0456933
-0.0456989
-0.0457043
-0.0457094
-0.0457141
-0.0457187
-0.0457229
-0.0457269
-0.0457306
-0.0457341
-0.0457372
-0.0457401
-0.0457428
-0.0457451
-0.0457472
-0.0457491
-0.0457506
-0.0457519
-0.045753
-0.0457537
-0.0457542
-0.0457544
-0.0457544
-0.0457541
-0.0457535
-0.0457527
-0.0457516
-0.0457502
-0.0457486
-0.0457467
-0.0457446
-0.0457421
-0.0457395
-0.0457365
-0.0457334
-0.0457299
-0.0457262
-0.0457223
-0.045718
-0.0457136
-0.0457089
-0.0457039
-0.0456987
-0.0456932
-0.0456875
-0.0456815
-0.0456753
-0.0456688
-0.0456621
-0.0456552
-0.045648
-0.0456405
-0.0456329
-0.0456249
-0.0456168
-0.0456084
-0.0455998
-0.0455909
-0.0455819
-0.0455726
-0.045563
-0.0455533
-0.0455433
-0.0455331
-0.0455227
-0.045512
-0.0455012
-0.0454901
-0.0454788
-0.0454673
-0.0454556
-0.0454437
-0.0454316
-0.0454193
-0.0454068
-0.0453942
-0.0453813
-0.0453682
-0.0453549
-0.0453415
-0.0453279
-0.0453141
-0.0453001
-0.0452859
-0.0452716
-0.0452571
-0.0452425
-0.0452277
-0.0452127
-0.0451976
-0.0451823
-0.0451669
-0.0451513
-0.0451356
-0.0451198
-0.0451039
-0.0450878
-0.0450716
-0.0450552
-0.0450388
-0.0450222
-0.0450055
-0.0449888
-0.0449719
-0.0449549
-0.0449379
-0.0449207
-0.0449035
-0.0448862
-0.0448688
-0.0448514
-0.0448339
-0.0448163
-0.0447987
-0.0447811
-0.0447634
-0.0447456
-0.0447279
-0.0447101
-0.0446923
-0.0446744
-0.0446566
-0.0446388
-0.0446209
-0.0446031
-0.0445853
-0.0445675
-0.0445497
-0.044532
-0.0445142
-0.0444966
-0.044479
-0.0444614
-0.0444439
-0.0444265
-0.0444091
-0.0443919
-0.0443747
-0.0443576
-0.0443406
-0.0443238
-0.044307
-0.0442904
-0.0442739
-0.0442575
-0.0442413
-0.0442252
-0.0442093
-0.0441936
-0.044178
-0.0441627
-0.0441475
-0.0441325
-0.0441177
-0.0441031
-0.0440888
-0.0440747
-0.0440608
-0.0440472
-0.0440338
-0.0440207
-0.0440079
-0.0439953
-0.043983
-0.043971
-0.0439594
-0.043948
-0.043937
-0.0439263
-0.0439159
-0.0439059
-0.0438963
-0.043887
-0.0438781
-0.0438695
-0.0438614
-0.0438537
-0.0438464
-0.0438395
-0.043833
-0.043827
-0.0438215
-0.0438163
-0.0438117
-0.0438076
-0.0438039
-0.0438007
-0.043798
-0.0437959
-0.0437943
-0.0437932
-0.0437926
-0.0437926
-0.0437932
-0.0437943
-0.0437959
)
;

boundaryField
{
    Inlet
    {
        type            fixedFluxPressure;
        gradient        uniform 0;
        value           nonuniform List<scalar> 
50
(
105.915
105.494
105.075
104.717
104.407
104.13
103.88
103.653
103.449
103.263
103.096
102.944
102.807
102.683
102.572
102.473
102.385
102.307
102.24
102.183
102.136
102.099
102.071
102.054
102.046
102.048
102.061
102.085
102.121
102.169
102.23
102.306
102.397
102.504
102.631
102.778
102.948
103.144
103.37
103.63
103.927
104.269
104.66
105.11
105.64
106.301
107.078
107.822
91.1184
-0.0237248
)
;
    }
    BotOutlet1
    {
        type            totalPressure;
        rho             rho;
        psi             none;
        gamma           1;
        p0              nonuniform 0();
        value           nonuniform 0();
    }
    BotOutlet2
    {
        type            totalPressure;
        rho             rho;
        psi             none;
        gamma           1;
        p0              nonuniform 0();
        value           nonuniform 0();
    }
    TopInlet
    {
        type            fixedFluxPressure;
        gradient        uniform 0;
        value           nonuniform List<scalar> 
350
(
-0.0348497
-0.0352432
-0.0377333
-0.0379999
-0.0382306
-0.0384525
-0.0386695
-0.0388819
-0.0390904
-0.0392932
-0.0394876
-0.0396777
-0.0398636
-0.0400441
-0.0402184
-0.0403861
-0.0405468
-0.0407001
-0.040846
-0.0409846
-0.0411162
-0.0412416
-0.0413613
-0.0414763
-0.0415872
-0.0416945
-0.0417987
-0.0419001
-0.0419989
-0.0420953
-0.0421894
-0.0422812
-0.0423709
-0.0424585
-0.042544
-0.0426275
-0.0427091
-0.0427887
-0.0428665
-0.0429424
-0.0430165
-0.043089
-0.0431597
-0.0432288
-0.0432962
-0.0433621
-0.0434264
-0.0434893
-0.0435505
-0.0436105
-0.0436562
-0.0436889
-0.043722
-0.0437544
-0.0437865
-0.0438185
-0.0438501
-0.0438815
-0.0439127
-0.0439435
-0.0439742
-0.0440046
-0.0440347
-0.0440645
-0.0440941
-0.0441235
-0.0441526
-0.0441814
-0.04421
-0.0442384
-0.0442664
-0.0442943
-0.0443218
-0.0443491
-0.0443762
-0.044403
-0.0444296
-0.0444559
-0.0444819
-0.0445077
-0.0445332
-0.0445585
-0.0445835
-0.0446082
-0.0446327
-0.044657
-0.044681
-0.0447047
-0.0447282
-0.0447514
-0.0447743
-0.044797
-0.0448195
-0.0448416
-0.0448636
-0.0448852
-0.0449066
-0.0449278
-0.0449486
-0.0449692
-0.0449896
-0.0450097
-0.0450295
-0.0450491
-0.0450684
-0.0450875
-0.0451062
-0.0451248
-0.045143
-0.045161
-0.0451787
-0.0451962
-0.0452134
-0.0452303
-0.045247
-0.0452634
-0.0452795
-0.0452954
-0.045311
-0.0453263
-0.0453414
-0.0453562
-0.0453707
-0.045385
-0.045399
-0.0454127
-0.0454262
-0.0454394
-0.0454523
-0.045465
-0.0454773
-0.0454895
-0.0455013
-0.0455129
-0.0455242
-0.0455352
-0.045546
-0.0455565
-0.0455667
-0.0455766
-0.0455863
-0.0455957
-0.0456049
-0.0456137
-0.0456223
-0.0456306
-0.0456387
-0.0456465
-0.045654
-0.0456612
-0.0456682
-0.0456749
-0.0456813
-0.0456875
-0.0456933
-0.0456989
-0.0457043
-0.0457094
-0.0457141
-0.0457187
-0.0457229
-0.0457269
-0.0457306
-0.0457341
-0.0457372
-0.0457401
-0.0457428
-0.0457451
-0.0457472
-0.0457491
-0.0457506
-0.0457519
-0.045753
-0.0457537
-0.0457542
-0.0457544
-0.0457544
-0.0457541
-0.0457535
-0.0457527
-0.0457516
-0.0457502
-0.0457486
-0.0457467
-0.0457446
-0.0457421
-0.0457395
-0.0457365
-0.0457334
-0.0457299
-0.0457262
-0.0457223
-0.045718
-0.0457136
-0.0457089
-0.0457039
-0.0456987
-0.0456932
-0.0456875
-0.0456815
-0.0456753
-0.0456688
-0.0456621
-0.0456552
-0.045648
-0.0456405
-0.0456329
-0.0456249
-0.0456168
-0.0456084
-0.0455998
-0.0455909
-0.0455819
-0.0455726
-0.045563
-0.0455533
-0.0455433
-0.0455331
-0.0455227
-0.045512
-0.0455012
-0.0454901
-0.0454788
-0.0454673
-0.0454556
-0.0454437
-0.0454316
-0.0454193
-0.0454068
-0.0453942
-0.0453813
-0.0453682
-0.0453549
-0.0453415
-0.0453279
-0.0453141
-0.0453001
-0.0452859
-0.0452716
-0.0452571
-0.0452425
-0.0452277
-0.0452127
-0.0451976
-0.0451823
-0.0451669
-0.0451513
-0.0451356
-0.0451198
-0.0451039
-0.0450878
-0.0450716
-0.0450552
-0.0450388
-0.0450222
-0.0450055
-0.0449888
-0.0449719
-0.0449549
-0.0449379
-0.0449207
-0.0449035
-0.0448862
-0.0448688
-0.0448514
-0.0448339
-0.0448163
-0.0447987
-0.0447811
-0.0447634
-0.0447456
-0.0447279
-0.0447101
-0.0446923
-0.0446744
-0.0446566
-0.0446388
-0.0446209
-0.0446031
-0.0445853
-0.0445675
-0.0445497
-0.044532
-0.0445142
-0.0444966
-0.044479
-0.0444614
-0.0444439
-0.0444265
-0.0444091
-0.0443919
-0.0443747
-0.0443576
-0.0443406
-0.0443238
-0.044307
-0.0442904
-0.0442739
-0.0442575
-0.0442413
-0.0442252
-0.0442093
-0.0441936
-0.044178
-0.0441627
-0.0441475
-0.0441325
-0.0441177
-0.0441031
-0.0440888
-0.0440747
-0.0440608
-0.0440472
-0.0440338
-0.0440207
-0.0440079
-0.0439953
-0.043983
-0.043971
-0.0439594
-0.043948
-0.043937
-0.0439263
-0.0439159
-0.0439059
-0.0438963
-0.043887
-0.0438781
-0.0438695
-0.0438614
-0.0438537
-0.0438464
-0.0438395
-0.043833
-0.043827
-0.0438215
-0.0438163
-0.0438117
-0.0438076
-0.0438039
-0.0438007
-0.043798
-0.0437959
-0.0437943
-0.0437932
-0.0437926
-0.0437926
-0.0437932
-0.0437943
-0.0437959
)
;
    }
    FreeStream
    {
        type            fixedFluxPressure;
        gradient        nonuniform List<scalar> 
20
(
-0.035622
-0.0376362
-0.0394137
-0.0409309
-0.0421792
-0.0431496
-0.0438483
-0.0442791
-0.0444463
-0.0442574
-0.0418517
-0.0437957
-0.0437027
-0.0433276
-0.0428826
-0.0424194
-0.0419658
-0.0415401
-0.0410859
-0.0400977
)
;
        value           nonuniform List<scalar> 
20
(
-0.041031
-0.041332
-0.0416134
-0.0418755
-0.0421187
-0.0423432
-0.0425496
-0.0427382
-0.0429096
-0.0430641
-0.0432024
-0.0433254
-0.0434331
-0.043526
-0.0436047
-0.0436696
-0.043721
-0.0437592
-0.0437845
-0.043797
)
;
    }
    FrontNBack
    {
        type            empty;
    }
    LeftSide
    {
        type            zeroGradient;
    }
    procBoundary3to2
    {
        type            processor;
        value           nonuniform List<scalar> 
400
(
68.2601
68.2772
68.2724
68.2457
68.2297
68.203
67.8264
66.2619
63.9221
-1.10543
-0.107449
-0.182208
-0.117625
-0.0903429
-0.0924913
-0.0877041
-0.0841716
-0.0839956
-0.0842137
-0.0840134
-0.0837074
-0.0835015
-0.0833003
-0.0830191
-0.0826644
-0.0822229
-0.0817388
-0.0812273
-0.0806939
-0.0801513
-0.0796087
-0.0790701
-0.0785357
-0.0780058
-0.0774818
-0.0769654
-0.0764578
-0.07596
-0.0754727
-0.0749959
-0.0745292
-0.0740735
-0.073631
-0.0731994
-0.0727781
-0.0723669
-0.0719655
-0.071574
-0.0711913
-0.0708171
-0.0704513
-0.0700935
-0.0697427
-0.0693985
-0.0690607
-0.068729
-0.0684026
-0.0680812
-0.0677645
-0.0674521
-0.0671439
-0.0668397
-0.0665394
-0.0662434
-0.0659514
-0.0656633
-0.0653789
-0.0650978
-0.0648199
-0.064545
-0.0642727
-0.0640031
-0.0637367
-0.0634734
-0.0632115
-0.0629504
-0.0626909
-0.062432
-0.0621732
-0.0619155
-0.0616595
-0.0614059
-0.0611543
-0.0609055
-0.0606599
-0.0604177
-0.0601787
-0.059944
-0.0597118
-0.0594826
-0.0592575
-0.0590353
-0.0588159
-0.0586007
-0.0583899
-0.0581809
-0.0579742
-0.0577706
-0.0575698
-0.0573707
-0.057218
-0.0571093
-0.056999
-0.0568898
-0.0567815
-0.0566737
-0.0565665
-0.0564597
-0.0563534
-0.0562474
-0.0561417
-0.0560362
-0.0559311
-0.0558265
-0.0557224
-0.0556189
-0.055516
-0.0554136
-0.0553118
-0.0552107
-0.0551103
-0.0550104
-0.0549113
-0.0548127
-0.0547149
-0.0546177
-0.0545211
-0.0544252
-0.0543299
-0.0542352
-0.0541411
-0.0540476
-0.0539545
-0.053862
-0.0537699
-0.0536782
-0.0535869
-0.053496
-0.0534054
-0.0533152
-0.0532253
-0.0531358
-0.0530468
-0.0529582
-0.0528701
-0.0527825
-0.0526955
-0.0526091
-0.0525232
-0.0524381
-0.0523536
-0.0522699
-0.0521869
-0.0521047
-0.0520232
-0.0519425
-0.0518627
-0.0517837
-0.0517055
-0.0516282
-0.0515517
-0.051476
-0.0514012
-0.0513273
-0.0512541
-0.0511818
-0.0511103
-0.0510396
-0.0509698
-0.0509007
-0.0508324
-0.0507649
-0.0506981
-0.0506321
-0.0505668
-0.0505021
-0.0504382
-0.0503748
-0.050312
-0.0502499
-0.0501882
-0.0501271
-0.0500664
-0.0500062
-0.0499464
-0.049887
-0.049828
-0.0497692
-0.0497108
-0.0496527
-0.0495948
-0.0495372
-0.0494798
-0.0494225
-0.0493654
-0.0493085
-0.0492516
-0.0491949
-0.0491382
-0.0490816
-0.049025
-0.0489685
-0.048912
-0.0488555
-0.048799
-0.0487425
-0.0486859
-0.0486293
-0.0485727
-0.048516
-0.0484592
-0.0484024
-0.0483456
-0.0482886
-0.0482316
-0.0481745
-0.0481174
-0.0480602
-0.0480029
-0.0479455
-0.0478881
-0.0478306
-0.047773
-0.0477154
-0.0476577
-0.0476
-0.0475422
-0.0474843
-0.0474265
-0.0473686
-0.0473106
-0.0472527
-0.0471947
-0.0471367
-0.0470787
-0.0470207
-0.0469627
-0.0469048
-0.0468468
-0.0467889
-0.046731
-0.0466731
-0.0466153
-0.0465575
-0.0464998
-0.0464421
-0.0463846
-0.046327
-0.0462696
-0.0462123
-0.046155
-0.0460978
-0.0460408
-0.0459838
-0.045927
-0.0458702
-0.0458136
-0.0457571
-0.0457008
-0.0456446
-0.0455885
-0.0455326
-0.0454768
-0.0454211
-0.0453657
-0.0453103
-0.0452552
-0.0452002
-0.0451454
-0.0450907
-0.0450363
-0.044982
-0.0449279
-0.044874
-0.0448202
-0.0447667
-0.0447134
-0.0446602
-0.0446073
-0.0445546
-0.044502
-0.0444497
-0.0443976
-0.0443457
-0.044294
-0.0442426
-0.0441914
-0.0441404
-0.0440896
-0.044039
-0.0439887
-0.0439387
-0.0438888
-0.0438392
-0.0437899
-0.0437408
-0.0436919
-0.0436433
-0.043595
-0.0435469
-0.043499
-0.0434515
-0.0434042
-0.0433571
-0.0433104
-0.0432639
-0.0432177
-0.0431717
-0.0431261
-0.0430807
-0.0430356
-0.0429909
-0.0429464
-0.0429022
-0.0428583
-0.0428147
-0.0427714
-0.0427284
-0.0426858
-0.0426434
-0.0426014
-0.0425597
-0.0425183
-0.0424773
-0.0424366
-0.0423962
-0.0423562
-0.0423165
-0.0422772
-0.0422382
-0.0421996
-0.0421613
-0.0421234
-0.0420859
-0.0420487
-0.0420119
-0.0419755
-0.0419395
-0.0419039
-0.0418687
-0.0418338
-0.0417994
-0.0417654
-0.0417318
-0.0416986
-0.0416658
-0.0416335
-0.0416016
-0.0415701
-0.0415391
-0.0415085
-0.0414784
-0.0414488
-0.0414196
-0.0413908
-0.0413626
-0.0413349
-0.0413076
-0.0412808
-0.0412546
-0.0412288
-0.0412036
-0.0411789
-0.0411547
-0.041131
-0.0411079
-0.0410854
-0.0410634
-0.041042
-0.0410211
-0.0410009
-0.0409812
-0.0409621
-0.0409437
-0.0409258
-0.0409086
-0.040892
-0.0408761
-0.0408608
-0.0408462
-0.0408322
-0.040819
-0.0408064
-0.0407945
-0.0407834
-0.0407729
-0.0407632
-0.0407543
-0.0407461
-0.0407386
-0.040732
-0.0407262
-0.0407211
-0.0407169
-0.0407135
-0.040711
-0.0407093
-0.0407085
-0.0407085
-0.0407095
)
;
    }
}


// ************************************************************************* //
