/*--------------------------------*- C++ -*----------------------------------*\
| =========                 |                                                 |
| \\      /  F ield         | OpenFOAM: The Open Source CFD Toolbox           |
|  \\    /   O peration     | Version:  2.4.0                                 |
|   \\  /    A nd           | Web:      www.OpenFOAM.org                      |
|    \\/     M anipulation  |                                                 |
\*---------------------------------------------------------------------------*/
FoamFile
{
    version     2.0;
    format      ascii;
    class       volScalarField;
    location    "4";
    object      p_rgh;
}
// * * * * * * * * * * * * * * * * * * * * * * * * * * * * * * * * * * * * * //

dimensions      [1 -1 -2 0 0 0 0];

internalField   nonuniform List<scalar> 
8000
(
38.4175
38.378
38.3451
38.3247
38.315
38.3143
38.3227
38.3399
38.3661
38.4009
38.4444
38.4962
38.5567
38.6248
38.7018
38.7861
38.8796
38.9807
39.0932
39.2182
39.2697
39.2847
39.3694
39.7888
40.3744
41.1308
37.8336
22.7909
9.11896
8.4831
9.01243
9.32072
6.06131
5.9403
5.83849
5.38895
4.07396
3.70703
3.75994
3.9183
4.51721
4.01771
3.912
4.31797
3.59957
3.40839
3.37644
3.37835
3.38679
3.3947
39.5885
39.5432
39.4934
39.4513
39.4182
39.3926
39.374
39.3624
39.3576
39.3596
39.3684
39.3839
39.4061
39.4352
39.471
39.5139
39.5637
39.6208
39.6853
39.7579
39.8387
39.9288
40.0322
40.1576
40.2734
40.3458
40.4614
40.4615
40.1813
38.943
27.3008
22.004
21.1094
19.8172
16.8595
13.3419
11.9818
10.914
8.631
5.46512
3.76131
3.69899
3.91052
3.88868
3.60423
3.54908
3.54059
3.5208
3.54921
3.59472
43.2449
43.1866
43.1296
43.0823
43.0432
43.0106
42.9838
42.9632
42.9486
42.9399
42.9371
42.9401
42.9488
42.9632
42.9833
43.009
43.0404
43.0774
43.1199
43.1679
43.2216
43.2809
43.346
43.4164
43.4926
43.5765
43.6696
43.7575
43.7967
43.8423
43.8746
43.9139
43.9306
41.1156
40.0461
40.1108
39.1279
33.4198
26.1955
19.4809
14.9479
10.8383
6.77803
4.70111
4.10915
4.02317
3.90334
4.94553
4.49304
5.3515
42.5068
42.4929
42.475
42.4572
42.4403
42.4241
42.4084
42.3932
42.3785
42.3641
42.3501
42.3364
42.3228
42.3092
42.2955
42.2815
42.267
42.2518
42.2356
42.2181
42.199
42.178
42.1546
42.1284
42.0988
42.0652
42.0269
41.9833
41.935
41.8858
41.8366
41.7576
41.5918
41.0359
46.1421
43.0201
43.2813
43.308
42.4539
40.5566
38.2691
33.9345
18.9596
6.57158
9.04363
6.99414
7.93729
1.86777
2.61775
3.07107
43.862
43.8612
43.8609
43.8616
43.8633
43.8663
43.8705
43.8759
43.8827
43.8918
43.9001
43.9112
43.9239
43.938
43.9538
43.9713
43.9903
44.0109
44.0331
44.0572
44.0836
44.1119
44.1424
44.1757
44.2118
44.253
44.2922
44.3023
44.2855
44.2433
44.1891
44.0794
41.8608
67.3611
64.0839
52.4437
55.275
55.8791
55.7517
51.8252
145.392
96.8202
98.1831
38.2758
17.7471
27.0503
27.2557
-5.35965
0.0120654
4.63272
45.2337
45.1965
45.1606
45.1324
45.1113
45.0962
45.0869
45.0831
45.0857
45.0921
45.1052
45.1238
45.148
45.1775
45.2126
45.2533
45.2997
45.3513
45.4097
45.4828
45.5765
45.6961
45.8305
45.9766
46.0801
46.2081
46.4067
46.6992
46.8597
46.6604
44.8778
43.756
46.7585
42.1893
96.2666
84.4312
43.5449
58.0541
51.4578
37.3124
27.7318
29.7214
29.8414
19.4246
9.79994
6.41619
5.64137
5.13424
4.42845
3.90121
44.1459
44.1361
44.1249
44.1154
44.1081
44.1026
44.0987
44.0963
44.0952
44.0953
44.0965
44.0987
44.1021
44.1074
44.1176
44.1386
44.1592
44.1395
44.1059
43.9526
43.7856
43.6913
43.7082
43.6901
43.7067
43.1427
74.6184
68.2278
73.5124
46.3775
70.7371
93.4884
100.601
45.8197
12.424
8.43173
6.88574
5.6295
14.0083
12.6645
12.918
5.3378
3.90276
3.65929
3.36455
3.22453
3.21751
3.20045
3.14959
3.12843
44.1034
44.0695
44.0383
44.0195
44.0136
44.0194
44.037
44.0663
44.1068
44.1592
44.2251
44.3078
44.4083
44.5051
44.5868
44.4734
44.0357
43.7415
44.0009
32.0204
29.1111
29.715
29.4151
22.9737
23.7029
24.7581
21.3819
14.0667
12.9642
13.5055
12.1072
8.18865
5.93174
5.31073
4.63769
4.14469
3.94549
3.73659
3.48701
3.32753
3.32122
3.28528
3.21773
3.17341
3.1671
3.16696
3.16491
3.16263
3.16087
3.15415
43.3751
43.3634
43.3652
43.3823
43.4129
43.4559
43.5131
43.585
43.676
43.7688
43.811
43.781
43.2902
42.2078
41.9278
33.6991
10.8401
12.7683
7.0204
7.02939
7.0636
5.4879
4.93856
4.82164
4.51978
4.00411
3.7699
3.7505
3.54582
3.32176
3.15734
3.19175
3.28859
3.28797
3.22182
3.17139
3.14269
3.11866
3.10292
3.1059
3.11637
3.12022
3.12007
3.12008
3.12084
3.122
3.12366
3.12512
3.12549
3.12471
35.4684
35.5385
35.5984
35.6334
35.6447
35.6344
35.609
35.5884
35.5764
35.4173
34.5801
32.9085
14.8895
-0.699515
0.239601
3.40985
3.60962
3.72735
3.04738
3.01236
3.06395
3.07994
3.09284
3.08221
3.07791
3.09924
3.11412
3.11258
3.10733
3.11022
3.11662
3.11774
3.11553
3.11296
3.11031
3.10796
3.10648
3.10584
3.10548
3.10522
3.10523
3.10553
3.10605
3.10682
3.10772
3.10855
3.10907
3.10921
3.10887
3.10772
34.8241
34.865
34.8866
34.8716
34.8236
34.7578
34.6778
34.4735
33.7948
32.6166
8.32587
1.08232
1.78275
2.92457
2.98822
3.09064
3.06291
3.04413
3.04962
3.05669
3.05764
3.05754
3.05679
3.05709
3.05737
3.05724
3.05607
3.05346
3.04896
3.04269
3.03507
3.02666
3.0182
3.01033
3.00345
2.99784
2.99338
2.99018
2.98812
2.9868
2.98598
2.98552
2.98538
2.98549
2.98609
2.98696
2.98819
2.98869
2.98886
2.98951
39.549
39.5911
39.631
39.6617
39.6842
39.6991
39.7083
39.7166
39.7212
39.6951
39.5408
39.0895
38.389
12.5966
2.10372
-3.79874
2.65982
2.56659
2.7244
2.84615
2.95927
3.01738
3.00929
3.04356
3.05792
3.05435
3.04927
3.04587
3.04379
3.04113
3.03749
3.03302
3.02797
3.02299
3.01822
3.01436
3.01122
3.00894
3.0073
3.00675
3.00827
3.00718
3.00994
3.01255
3.01574
3.01968
3.02521
3.0308
3.03532
3.03881
47.3783
47.4161
47.4713
47.5357
47.6079
47.6875
47.776
47.8753
47.99
48.12
48.234
48.2448
48.2265
47.8859
47.3364
46.8954
41.6199
41.8138
27.1492
10.0175
0.489417
3.40979
3.68978
3.82518
3.28834
3.24037
3.27186
3.29805
3.32956
3.33999
3.3347
3.33157
3.33131
3.33146
3.33156
3.33181
3.33178
3.33112
3.33001
3.32839
3.3256
3.32241
3.31922
3.31485
3.31024
3.30608
3.31035
3.30994
3.2819
3.27557
47.574
47.6255
47.673
47.7142
47.7523
47.7881
47.8226
47.8554
47.8868
47.9166
47.9448
47.971
47.9965
48.0255
48.056
48.1085
48.0884
48.0921
47.9787
47.7123
47.2086
46.7186
42.682
27.9116
10.3415
0.973354
3.52115
4.33527
4.18639
3.47285
3.44469
3.51026
3.53892
3.5452
3.54452
3.54479
3.54546
3.54552
3.54432
3.54155
3.53753
3.53251
3.52593
3.51913
3.51011
3.50035
3.49053
3.49855
3.46784
3.45614
55.0015
54.9892
54.983
54.9836
54.9892
54.9985
55.0125
55.0306
55.0525
55.0782
55.1075
55.1402
55.1764
55.2163
55.2603
55.3083
55.3604
55.4185
55.4939
55.5903
55.696
55.8026
55.921
55.8761
55.5845
55.0513
49.6025
40.4418
23.4243
7.01828
4.89446
5.2647
4.49824
3.71157
3.63044
3.62116
3.60965
3.60528
3.60325
3.60237
3.60173
3.60028
3.59779
3.594
3.58979
3.58359
3.57651
3.56825
3.56014
3.55064
56.6912
56.6554
56.6144
56.5812
56.5548
56.5356
56.5227
56.516
56.5155
56.5211
56.5327
56.5505
56.5743
56.6041
56.64
56.682
56.7301
56.7843
56.845
56.9126
56.9872
57.0702
57.1641
57.2698
57.3685
57.4505
57.5442
57.6117
57.5719
57.2567
48.3902
40.9036
15.8221
5.65592
5.56134
4.67538
3.96418
3.82057
3.71214
3.65503
3.63938
3.63467
3.63331
3.63323
3.63316
3.63235
3.63049
3.62785
3.62331
3.61788
60.5652
60.5343
60.5097
60.496
60.4901
60.4923
60.5019
60.5184
60.5416
60.5711
60.6065
60.6471
60.6924
60.7417
60.7942
60.8489
60.9049
60.9611
61.0164
61.0694
61.1189
61.1639
61.2027
61.2351
61.2609
61.2823
61.3029
61.3206
61.3121
61.2948
61.2902
61.3179
61.1656
55.9259
44.7255
20.4952
9.63729
7.39755
4.99048
3.8902
3.76634
3.75245
3.75132
3.75188
3.75279
3.75345
3.75344
3.75245
3.75023
3.74642
58.5139
58.488
58.4404
58.3872
58.3326
58.2784
58.2247
58.173
58.125
58.0828
58.0485
58.0243
58.0126
58.0155
58.0352
58.0736
58.1319
58.2109
58.3105
58.427
58.5579
58.6955
58.8325
58.9587
59.0566
59.1195
59.165
59.2204
59.3025
59.4098
59.5178
59.6238
59.7154
59.8889
60.0898
59.6779
56.7637
53.571
29.7537
7.7177
3.97068
3.76647
3.75943
3.7593
3.75972
3.75988
3.75936
3.75781
3.755
3.75086
69.8006
69.7152
69.612
69.476
69.2991
69.0782
68.8109
68.4961
68.1314
67.7148
67.2446
66.7196
66.1394
65.5049
64.819
64.0868
63.3173
62.5218
61.7178
60.9368
60.2173
59.6074
59.153
58.8642
58.7559
58.8473
59.0731
59.3937
59.7875
60.2208
60.5899
60.6033
55.187
50.1265
48.7331
29.1191
8.17171
5.33721
4.9354
4.14023
3.82076
3.76829
3.75502
3.74918
3.74529
3.74131
3.73661
3.73105
3.72474
3.71778
72.2768
72.3683
72.5476
72.8188
73.19
73.6619
74.2335
74.905
75.6754
76.5428
77.5051
78.5578
79.6937
80.9062
82.1815
83.5141
84.8785
86.1735
87.3904
88.5032
89.9149
91.3287
91.1889
89.0786
87.4289
82.5752
73.9492
66.1159
57.0602
47.8889
37.9663
26.1502
12.4393
5.89245
5.98844
5.80674
4.88534
4.24407
4.04727
3.98418
3.95368
3.93712
3.92637
3.91777
3.9101
3.90294
3.89601
3.88923
3.88255
3.87601
3.39699
3.39594
3.39878
3.40195
3.4013
3.39944
3.39609
3.3953
3.39381
3.39219
3.39098
3.38885
3.38718
3.38528
3.38317
3.38085
3.37833
3.37562
3.37273
3.36964
3.36636
3.36289
3.35921
3.35533
3.35125
3.34697
3.34248
3.33778
3.33288
3.32778
3.32247
3.31696
3.31124
3.30533
3.29921
3.2929
3.2864
3.2797
3.27281
3.26573
3.25846
3.25102
3.24339
3.23559
3.22761
3.21947
3.21116
3.20267
3.194
3.18521
3.60984
3.62179
3.59934
3.59975
4.00004
3.39426
3.39826
3.40355
3.4075
3.40783
3.41048
3.41057
3.41025
3.40958
3.40823
3.40648
3.40442
3.40207
3.39942
3.39648
3.39326
3.38978
3.38606
3.38208
3.37788
3.37344
3.36877
3.36389
3.35879
3.35348
3.34796
3.34225
3.33633
3.33021
3.32391
3.31742
3.31074
3.30389
3.29686
3.28965
3.28228
3.27475
3.26705
3.2592
3.2512
3.24305
3.23476
3.22632
3.21774
3.20904
3.72137
3.73676
3.86605
4.05952
4.11805
3.38711
3.39729
3.40076
3.40245
3.40417
3.4054
3.40527
3.40675
3.40832
3.40246
3.40116
3.39901
3.39653
3.39382
3.39088
3.38771
3.38431
3.38066
3.37677
3.37264
3.36828
3.36369
3.35887
3.35383
3.34857
3.34309
3.3374
3.3315
3.3254
3.31909
3.31259
3.3059
3.29902
3.29196
3.28472
3.27732
3.26975
3.26202
3.25414
3.24613
3.23799
3.22966
3.22119
3.21259
3.20388
3.16813
3.2541
3.32172
3.62399
3.69297
3.56136
3.47462
3.43407
3.4193
3.41502
3.41265
3.41009
3.39906
3.39943
3.40808
3.37326
3.37167
3.36847
3.36378
3.35884
3.35399
3.34922
3.34439
3.33946
3.3344
3.32921
3.32387
3.31839
3.31275
3.30696
3.30102
3.29492
3.28866
3.28225
3.27569
3.26897
3.2621
3.25509
3.24793
3.24063
3.23318
3.22561
3.21791
3.21008
3.20212
3.19403
3.18588
3.17762
3.16927
3.16082
6.19301
13.0348
41.5367
30.6523
18.837
9.37945
4.87882
3.61699
3.40782
3.40275
3.42199
3.42563
3.42323
3.41374
3.4191
3.41337
3.31244
3.36117
3.36484
3.2964
3.29556
3.29309
3.28893
3.28445
3.27986
3.2751
3.27014
3.26498
3.25961
3.25405
3.2483
3.24236
3.23624
3.22995
3.22349
3.21686
3.21007
3.20313
3.19604
3.1888
3.18142
3.17392
3.16628
3.15853
3.15066
3.14268
3.1346
3.12642
3.11815
3.1098
3.89875
3.81607
3.7518
3.8219
3.51623
3.14314
2.98805
2.9335
2.99645
2.89829
3.43619
3.13768
3.12837
3.13284
3.13327
3.15078
3.15404
3.2193
3.1469
3.14487
3.14844
3.15096
3.15241
3.15318
3.15336
3.15293
3.15194
3.15043
3.14843
3.14598
3.14312
3.13986
3.13623
3.13227
3.12798
3.12339
3.11852
3.11337
3.10798
3.10235
3.0965
3.09044
3.08418
3.07773
3.07111
3.06434
3.0574
3.05034
3.04316
3.03584
3.17634
3.24125
3.27164
3.16077
3.21263
3.20017
3.04245
3.02303
3.05014
3.08203
3.09704
3.07489
3.03437
3.10597
3.10029
3.1078
3.13963
3.08425
3.07129
3.0693
3.07011
3.07079
3.07116
3.07119
3.07085
3.07012
3.06902
3.06756
3.06574
3.06359
3.06111
3.05832
3.05523
3.05185
3.04821
3.0443
3.04014
3.03574
3.03112
3.02628
3.02124
3.016
3.01057
3.00497
2.99921
2.99328
2.98721
2.98101
2.9747
2.96826
3.16002
3.15066
3.172
3.14424
3.12053
3.11798
3.14553
3.15771
3.15758
3.13658
3.11881
3.10824
3.09907
3.16629
3.13081
3.1408
3.21867
3.00665
3.00776
3.00906
3.00973
3.01013
3.01027
3.01006
3.00948
3.00854
3.00725
3.00564
3.00371
3.00149
2.99899
2.99622
2.99319
2.98992
2.98643
2.98271
2.97878
2.97466
2.97035
2.96585
2.96119
2.95636
2.95138
2.94626
2.94099
2.9356
2.93008
2.92446
2.91874
2.91291
3.12758
3.12692
3.12566
3.12477
3.13022
3.13969
3.25818
3.07258
3.06496
3.05762
3.05313
3.05085
3.06044
3.0666
3.02485
3.09444
2.98355
2.98262
2.98217
2.98111
2.98009
2.97902
2.97774
2.97625
2.97453
2.97257
2.97038
2.96796
2.96533
2.9625
2.95947
2.95625
2.95285
2.94928
2.94554
2.94164
2.9376
2.9334
2.92907
2.92461
2.92002
2.91532
2.9105
2.90558
2.90055
2.89543
2.89022
2.88493
2.87958
2.87415
3.10521
3.10097
3.09541
3.09096
3.18413
3.03447
3.03713
3.03765
3.0346
3.02976
3.02524
3.02672
3.02116
3.01658
3.03874
3.00113
2.99759
2.99455
2.9914
2.98826
2.98508
2.98184
2.97842
2.97493
2.97134
2.96764
2.96384
2.95994
2.95593
2.95183
2.94763
2.94334
2.93896
2.93449
2.92994
2.9253
2.92058
2.91579
2.91092
2.90598
2.90097
2.89589
2.89076
2.88556
2.88031
2.875
2.86965
2.86426
2.85883
2.85336
2.99152
2.99986
3.00045
2.99944
3.00091
3.00146
3.00243
3.00159
3.0006
2.99991
2.99974
2.99936
2.99884
3.00245
2.99733
2.99552
2.99407
2.9924
2.99048
2.98828
2.9858
2.98306
2.98007
2.97686
2.97345
2.96985
2.96608
2.96214
2.95808
2.95383
2.94948
2.94501
2.94044
2.93576
2.93098
2.92611
2.92116
2.91613
2.91102
2.90585
2.90061
2.89531
2.88996
2.88455
2.87909
2.87359
2.86805
2.86248
2.85689
2.85131
3.04033
3.04261
3.0445
3.04594
3.04739
3.04841
3.04935
3.0501
3.05058
3.0507
3.05045
3.04991
3.04877
3.0473
3.04541
3.04321
3.0407
3.03787
3.03474
3.03132
3.02766
3.02376
3.01965
3.01534
3.01085
3.0062
3.0014
2.99646
2.9914
2.98623
2.98095
2.97566
2.97009
2.96454
2.95892
2.95323
2.94747
2.94165
2.93578
2.92986
2.92389
2.91787
2.91182
2.90573
2.8996
2.89345
2.88727
2.88107
2.87489
2.86873
3.2694
3.2631
3.25654
3.24983
3.243
3.23603
3.22893
3.22168
3.21432
3.20686
3.19934
3.19174
3.18387
3.17615
3.16841
3.16064
3.15286
3.14506
3.13724
3.12943
3.1216
3.11377
3.10594
3.09811
3.09028
3.08258
3.07462
3.0668
3.05897
3.05116
3.04335
3.03579
3.02786
3.02005
3.01227
3.00449
2.99672
2.98896
2.98119
2.97344
2.96569
2.95794
2.9502
2.94246
2.93483
2.92696
2.91924
2.9115
2.90401
2.89639
3.44501
3.43341
3.4215
3.40941
3.39724
3.38508
3.37296
3.36094
3.34904
3.33725
3.32558
3.31404
3.30265
3.29125
3.27995
3.26877
3.25768
3.24667
3.23573
3.22487
3.21407
3.20333
3.19265
3.18203
3.17147
3.16106
3.15057
3.14015
3.12979
3.11944
3.10915
3.09913
3.08889
3.07866
3.06849
3.05834
3.0482
3.03809
3.02799
3.0179
3.00782
2.99775
2.98769
2.97764
2.96766
2.95752
2.94754
2.93749
2.92748
2.91755
3.53684
3.5257
3.51414
3.50219
3.48986
3.47724
3.46467
3.45199
3.43945
3.427
3.4146
3.40229
3.39007
3.37788
3.36574
3.35374
3.34139
3.32922
3.31704
3.30484
3.29254
3.28028
3.268
3.2557
3.24337
3.23103
3.21875
3.20633
3.19395
3.1816
3.1692
3.15679
3.14449
3.13199
3.11953
3.10705
3.09456
3.08205
3.06951
3.05695
3.04436
3.03174
3.01909
3.00641
2.9937
2.98102
2.96805
2.95522
2.94232
2.92942
3.6117
3.60421
3.59337
3.58314
3.57243
3.56114
3.54927
3.53693
3.52426
3.51149
3.49836
3.48508
3.47174
3.45834
3.44489
3.43171
3.41812
3.40454
3.39107
3.3776
3.36409
3.35057
3.33701
3.32324
3.30957
3.29585
3.28206
3.26821
3.25438
3.2404
3.22635
3.21226
3.19809
3.18386
3.16964
3.15527
3.14083
3.12634
3.11179
3.09714
3.08256
3.06774
3.05293
3.03806
3.02312
3.00812
2.99307
2.97799
2.96278
2.94756
3.74104
3.73419
3.72748
3.71626
3.70419
3.69106
3.67726
3.66297
3.6482
3.63302
3.61759
3.60197
3.58621
3.57035
3.55446
3.53874
3.52196
3.50585
3.48972
3.47355
3.45736
3.44115
3.42497
3.40879
3.39248
3.3763
3.36017
3.34405
3.32792
3.3118
3.29584
3.27972
3.26357
3.24743
3.23128
3.21511
3.1989
3.18267
3.16642
3.15012
3.13366
3.11725
3.10083
3.08435
3.06783
3.05128
3.03466
3.01795
3.00123
2.98447
3.74543
3.73888
3.73153
3.72464
3.71514
3.70554
3.69578
3.6858
3.67551
3.66497
3.65419
3.6432
3.63197
3.62052
3.6089
3.59696
3.58457
3.57148
3.55836
3.54499
3.53131
3.51731
3.50297
3.48833
3.47339
3.4582
3.44342
3.42757
3.41156
3.39548
3.3792
3.36275
3.34615
3.32945
3.31268
3.29574
3.27868
3.26156
3.24437
3.22711
3.20978
3.19242
3.17504
3.15759
3.14007
3.12252
3.10496
3.0874
3.06981
3.05221
3.71031
3.7025
3.6945
3.6865
3.67859
3.67139
3.66514
3.66
3.65607
3.65323
3.65096
3.64912
3.64767
3.64636
3.64465
3.64223
3.63924
3.63562
3.63126
3.62599
3.61974
3.61247
3.60416
3.59484
3.58454
3.57334
3.56136
3.54879
3.53528
3.52082
3.50558
3.48971
3.47346
3.45684
3.43977
3.4223
3.40451
3.38645
3.36805
3.34928
3.33039
3.3114
3.29221
3.27291
3.25354
3.23404
3.21437
3.19472
3.17508
3.15544
3.86964
3.8635
3.85766
3.85219
3.84718
3.84269
3.83884
3.8354
3.83267
3.83058
3.8294
3.82911
3.82948
3.83011
3.83127
3.83254
3.83359
3.83426
3.83433
3.83377
3.83237
3.8291
3.82473
3.81944
3.81283
3.80449
3.79468
3.78347
3.7707
3.75657
3.74149
3.72546
3.70842
3.69043
3.67155
3.65186
3.63148
3.61048
3.58882
3.56652
3.54377
3.52068
3.49728
3.47361
3.44995
3.42573
3.40132
3.37694
3.35253
3.32811
3.17842
3.17366
3.16882
3.16392
3.15895
3.15391
3.14879
3.14361
3.13835
3.13303
3.12763
3.12216
3.11662
3.11101
3.10533
3.09957
3.09374
3.08784
3.08187
3.07582
3.0697
3.06351
3.05725
3.05092
3.04451
3.03803
3.03148
3.02485
3.01816
3.01139
3.00456
2.99765
2.99067
2.98362
2.97651
2.96932
2.96206
2.95474
2.94735
2.93989
2.93237
2.92478
2.91712
2.9094
2.90162
2.89377
2.88586
2.8779
2.86987
2.86178
2.85363
2.84543
2.83717
2.82886
2.82049
2.81207
2.8036
2.79508
2.78651
2.77789
2.76923
2.76052
2.75177
2.74298
2.73415
2.72529
2.71639
2.70745
2.69848
2.68948
2.68046
2.6714
2.66233
2.65323
2.64411
2.63497
2.62581
2.61665
2.60747
2.59828
2.58908
2.57988
2.57068
2.56147
2.55227
2.54307
2.53388
2.5247
2.51553
2.50638
2.49724
2.48812
2.47902
2.46994
2.46089
2.45187
2.44288
2.43393
2.425
2.41612
2.40728
2.39848
2.38972
2.38101
2.37235
2.36374
2.35518
2.34668
2.33823
2.32985
2.32152
2.31325
2.30505
2.29692
2.28885
2.28084
2.27291
2.26505
2.25726
2.24954
2.2419
2.23433
2.22683
2.21941
2.21206
2.2048
2.1976
2.19049
2.18345
2.17649
2.1696
2.16279
2.15605
2.14939
2.1428
2.13628
2.12984
2.12346
2.11716
2.11092
2.10475
2.09865
2.0926
2.08662
2.0807
2.07483
2.06902
2.06326
2.05755
2.05189
2.04628
2.0407
2.03517
2.02967
2.02421
2.01878
2.01337
2.00799
2.00263
1.9973
1.99197
1.98666
1.98136
1.97606
1.97076
1.96547
1.96017
1.95486
1.94953
1.9442
1.93884
1.93347
1.92807
1.92264
1.91718
1.91168
1.90615
1.90057
1.89495
1.88928
1.88357
1.87779
1.87197
1.86608
1.86013
1.85412
1.84804
1.84189
1.83566
1.82937
1.82299
1.81654
1.81001
1.80339
1.79669
1.78991
1.78304
1.77608
1.76903
1.7619
1.75467
1.74735
1.73993
1.73243
1.72483
1.71714
1.70935
1.70148
1.6935
1.68544
1.67729
1.66905
1.66071
1.65229
1.64378
1.63519
1.62651
1.61775
1.60891
1.59999
1.59099
1.58192
1.57278
1.56357
1.55429
1.54495
1.53555
1.52609
1.51658
1.50701
1.4974
1.48774
1.47804
1.4683
1.45852
1.44872
1.43888
1.42903
1.41915
1.40926
1.39936
1.38946
1.37955
1.36964
1.35973
1.34984
1.33996
1.33011
1.32027
1.31047
1.3007
1.29097
1.28128
1.27165
1.26206
1.25254
1.24308
1.23368
1.22437
1.21513
1.20598
1.19692
1.18796
1.17909
1.17034
1.16169
1.15316
1.14476
1.13648
1.12833
1.12032
1.11245
1.10473
1.09715
1.08973
1.08246
1.07534
1.06838
1.06159
1.05495
1.04847
1.04215
1.03598
1.02997
1.0241
1.01838
1.01279
1.00732
1.00197
0.996729
0.991581
0.986507
0.981481
0.976494
0.971575
0.966731
0.961815
0.956537
0.950981
0.946229
3.2023
3.19756
3.19276
3.18791
3.18299
3.17801
3.17297
3.16787
3.16271
3.15748
3.15219
3.14685
3.14143
3.13596
3.13043
3.12483
3.11917
3.11344
3.10766
3.10181
3.0959
3.08993
3.0839
3.0778
3.07164
3.06542
3.05914
3.05279
3.04639
3.03992
3.0334
3.02681
3.02016
3.01345
3.00668
2.99986
2.99297
2.98603
2.97902
2.97196
2.96484
2.95767
2.95044
2.94315
2.93581
2.92841
2.92096
2.91345
2.90589
2.89829
2.89063
2.88291
2.87515
2.86735
2.85949
2.85158
2.84363
2.83564
2.8276
2.81952
2.81139
2.80323
2.79502
2.78678
2.7785
2.77018
2.76183
2.75344
2.74502
2.73657
2.72809
2.71958
2.71105
2.70249
2.6939
2.6853
2.67667
2.66803
2.65936
2.65068
2.64199
2.63328
2.62456
2.61584
2.6071
2.59836
2.58962
2.58087
2.57213
2.56338
2.55464
2.54591
2.53718
2.52846
2.51974
2.51105
2.50236
2.49369
2.48504
2.47641
2.4678
2.45921
2.45065
2.44212
2.43361
2.42513
2.41668
2.40827
2.39989
2.39154
2.38323
2.37497
2.36674
2.35855
2.35041
2.34231
2.33425
2.32624
2.31828
2.31037
2.30251
2.2947
2.28693
2.27923
2.27157
2.26396
2.25641
2.24892
2.24148
2.23409
2.22676
2.21948
2.21226
2.20509
2.19798
2.19092
2.18392
2.17697
2.17008
2.16323
2.15644
2.1497
2.14301
2.13637
2.12978
2.12324
2.11674
2.11029
2.10388
2.09751
2.09118
2.08489
2.07864
2.07243
2.06624
2.0601
2.05398
2.04789
2.04182
2.03578
2.02977
2.02377
2.01779
2.01183
2.00588
1.99994
1.99401
1.98809
1.98217
1.97625
1.97033
1.96441
1.95849
1.95256
1.94661
1.94066
1.93469
1.92871
1.92271
1.91669
1.91065
1.90458
1.89849
1.89237
1.88622
1.88004
1.87383
1.86758
1.8613
1.85498
1.84863
1.84224
1.8358
1.82933
1.82281
1.81626
1.80966
1.80301
1.79632
1.78959
1.78281
1.77599
1.76912
1.76221
1.75525
1.74825
1.74121
1.73412
1.727
1.71983
1.71262
1.70537
1.69808
1.69076
1.68339
1.67599
1.66856
1.6611
1.6536
1.64607
1.63851
1.63093
1.62332
1.61569
1.60803
1.60036
1.59266
1.58495
1.57723
1.56949
1.56175
1.55399
1.54623
1.53847
1.5307
1.52294
1.51517
1.50741
1.49966
1.49191
1.48417
1.47644
1.46872
1.46101
1.45332
1.44565
1.43799
1.43034
1.42271
1.4151
1.40751
1.39994
1.39239
1.38485
1.37733
1.36983
1.36235
1.35489
1.34745
1.34002
1.33262
1.32522
1.31785
1.31049
1.30315
1.29582
1.28851
1.28121
1.27393
1.26666
1.25941
1.25216
1.24494
1.23772
1.23052
1.22333
1.21616
1.209
1.20186
1.19473
1.18762
1.18052
1.17344
1.16636
1.1593
1.15226
1.14522
1.13819
1.13117
1.12416
1.11715
1.11016
1.10314
1.09605
1.08892
1.08199
1.07533
1.06822
1.05945
1.04961
3.19715
3.19241
3.18762
3.18277
3.17786
3.1729
3.16788
3.1628
3.15767
3.15248
3.14724
3.14194
3.13659
3.13118
3.12571
3.12019
3.11461
3.10898
3.10329
3.09755
3.09176
3.08591
3.08
3.07405
3.06803
3.06197
3.05585
3.04968
3.04346
3.03718
3.03085
3.02447
3.01804
3.01156
3.00503
2.99845
2.99181
2.98513
2.9784
2.97162
2.9648
2.95792
2.951
2.94404
2.93703
2.92997
2.92287
2.91572
2.90853
2.9013
2.89402
2.88671
2.87935
2.87196
2.86452
2.85705
2.84953
2.84198
2.8344
2.82678
2.81912
2.81143
2.80371
2.79595
2.78817
2.78035
2.7725
2.76463
2.75673
2.7488
2.74085
2.73287
2.72487
2.71684
2.7088
2.70074
2.69265
2.68455
2.67643
2.6683
2.66015
2.65199
2.64382
2.63563
2.62744
2.61924
2.61103
2.60281
2.5946
2.58637
2.57815
2.56993
2.5617
2.55348
2.54527
2.53705
2.52885
2.52065
2.51246
2.50428
2.49611
2.48795
2.47981
2.47168
2.46357
2.45548
2.44741
2.43935
2.43132
2.42331
2.41532
2.40736
2.39942
2.39151
2.38363
2.37578
2.36795
2.36016
2.3524
2.34467
2.33697
2.32931
2.32168
2.31409
2.30654
2.29902
2.29154
2.2841
2.2767
2.26933
2.26201
2.25472
2.24747
2.24027
2.2331
2.22597
2.21888
2.21184
2.20483
2.19786
2.19093
2.18405
2.1772
2.17038
2.16361
2.15687
2.15018
2.14351
2.13689
2.13029
2.12374
2.11721
2.11072
2.10426
2.09783
2.09143
2.08506
2.07872
2.0724
2.06611
2.05984
2.0536
2.04738
2.04118
2.03499
2.02883
2.02268
2.01654
2.01042
2.00432
1.99822
1.99213
1.98605
1.97998
1.97391
1.96784
1.96178
1.95572
1.94966
1.9436
1.93754
1.93148
1.92541
1.91933
1.91325
1.90717
1.90107
1.89497
1.88886
1.88274
1.87662
1.87048
1.86433
1.85817
1.852
1.84582
1.83963
1.83343
1.82722
1.82099
1.81476
1.80852
1.80227
1.79601
1.78975
1.78347
1.7772
1.77091
1.76463
1.75834
1.75204
1.74575
1.73946
1.73317
1.72688
1.72059
1.71431
1.70804
1.70177
1.69551
1.68926
1.68302
1.67679
1.67057
1.66437
1.65818
1.65201
1.64585
1.63972
1.6336
1.6275
1.62142
1.61537
1.60933
1.60333
1.59734
1.59138
1.58544
1.57953
1.57364
1.56777
1.56193
1.55611
1.55031
1.54453
1.53876
1.53302
1.52729
1.52156
1.51585
1.51014
1.50444
1.49873
1.49302
1.48729
1.48156
1.4758
1.47002
1.46422
1.45838
1.4525
1.44658
1.44061
1.43458
1.4285
1.42235
1.41613
1.40984
1.40347
1.39701
1.39047
1.38383
1.3771
1.37027
1.36333
1.35629
1.34915
1.3419
1.33455
1.32708
1.31951
1.31183
1.30405
1.29616
1.28816
1.28007
1.27189
1.26362
1.25526
1.24681
1.23832
1.22977
1.22113
1.21233
1.20342
1.19478
1.18669
1.1781
1.16673
1.15278
3.15423
3.14959
3.1449
3.14016
3.13537
3.13054
3.12565
3.12072
3.11574
3.1107
3.10563
3.1005
3.09532
3.0901
3.08483
3.07951
3.07414
3.06873
3.06327
3.05776
3.05221
3.04661
3.04096
3.03527
3.02953
3.02375
3.01793
3.01206
3.00615
3.0002
2.9942
2.98816
2.98208
2.97596
2.96979
2.96359
2.95734
2.95105
2.94473
2.93836
2.93196
2.92551
2.91903
2.91251
2.90595
2.89936
2.89273
2.88606
2.87936
2.87262
2.86585
2.85904
2.8522
2.84533
2.83843
2.83149
2.82453
2.81753
2.8105
2.80345
2.79637
2.78925
2.78212
2.77495
2.76776
2.76055
2.75331
2.74605
2.73877
2.73146
2.72413
2.71679
2.70942
2.70203
2.69463
2.68721
2.67977
2.67232
2.66486
2.65738
2.64988
2.64238
2.63486
2.62734
2.61981
2.61226
2.60471
2.59716
2.5896
2.58203
2.57446
2.56689
2.55932
2.55175
2.54417
2.5366
2.52903
2.52147
2.51391
2.50635
2.49881
2.49126
2.48373
2.47621
2.46869
2.46119
2.4537
2.44622
2.43876
2.43131
2.42388
2.41646
2.40906
2.40168
2.39432
2.38698
2.37966
2.37235
2.36508
2.35782
2.35059
2.34338
2.3362
2.32904
2.32191
2.3148
2.30772
2.30067
2.29365
2.28666
2.27969
2.27275
2.26585
2.25897
2.25212
2.2453
2.23851
2.23176
2.22503
2.21833
2.21167
2.20503
2.19843
2.19185
2.18531
2.1788
2.17231
2.16586
2.15943
2.15304
2.14667
2.14033
2.13402
2.12774
2.12148
2.11525
2.10904
2.10286
2.09671
2.09058
2.08447
2.07839
2.07232
2.06628
2.06026
2.05426
2.04828
2.04232
2.03638
2.03045
2.02454
2.01865
2.01277
2.00691
2.00106
1.99522
1.9894
1.98359
1.97779
1.972
1.96622
1.96045
1.95469
1.94895
1.94321
1.93748
1.93175
1.92604
1.92034
1.91464
1.90896
1.90328
1.89762
1.89196
1.88631
1.88068
1.87505
1.86944
1.86384
1.85825
1.85268
1.84712
1.84157
1.83605
1.83053
1.82504
1.81957
1.81411
1.80868
1.80327
1.79788
1.79252
1.78719
1.78188
1.7766
1.77135
1.76613
1.76094
1.75578
1.75066
1.74557
1.74051
1.73549
1.73051
1.72557
1.72066
1.71579
1.71095
1.70616
1.7014
1.69668
1.692
1.68736
1.68276
1.67819
1.67366
1.66916
1.6647
1.66028
1.65588
1.65151
1.64717
1.64285
1.63856
1.63428
1.63002
1.62578
1.62154
1.6173
1.61306
1.60881
1.60455
1.60027
1.59597
1.59163
1.58726
1.58283
1.57836
1.57381
1.5692
1.56451
1.55973
1.55485
1.54986
1.54476
1.53954
1.53418
1.52868
1.52303
1.51722
1.51124
1.50509
1.49876
1.49224
1.48553
1.47862
1.47151
1.4642
1.45669
1.44897
1.44105
1.43292
1.4246
1.41607
1.40735
1.39844
1.38935
1.38009
1.37066
1.36109
1.35139
1.3416
1.33166
1.3215
1.31116
1.30113
1.29179
1.28194
1.26866
1.25191
3.10332
3.09876
3.09414
3.08948
3.08477
3.08003
3.07524
3.0704
3.06553
3.06061
3.05565
3.05065
3.04561
3.04052
3.0354
3.03023
3.02503
3.01978
3.0145
3.00917
3.00381
2.99841
2.99297
2.98749
2.98197
2.97642
2.97082
2.96519
2.95952
2.95382
2.94808
2.9423
2.93649
2.93064
2.92476
2.91884
2.91289
2.90691
2.90089
2.89484
2.88876
2.88265
2.8765
2.87033
2.86412
2.85789
2.85163
2.84534
2.83902
2.83267
2.8263
2.8199
2.81348
2.80703
2.80056
2.79406
2.78754
2.781
2.77444
2.76785
2.76124
2.75462
2.74797
2.7413
2.73462
2.72792
2.7212
2.71446
2.70771
2.70095
2.69416
2.68737
2.68056
2.67374
2.6669
2.66006
2.6532
2.64634
2.63946
2.63258
2.62568
2.61878
2.61188
2.60497
2.59805
2.59113
2.5842
2.57727
2.57034
2.56341
2.55648
2.54954
2.54261
2.53568
2.52875
2.52182
2.5149
2.50798
2.50107
2.49416
2.48726
2.48036
2.47347
2.4666
2.45973
2.45287
2.44602
2.43919
2.43236
2.42555
2.41876
2.41197
2.40521
2.39846
2.39172
2.385
2.3783
2.37162
2.36496
2.35831
2.35169
2.34509
2.33851
2.33194
2.32541
2.31889
2.31239
2.30592
2.29948
2.29305
2.28665
2.28027
2.27392
2.2676
2.26129
2.25502
2.24877
2.24254
2.23634
2.23017
2.22402
2.2179
2.2118
2.20573
2.19969
2.19367
2.18768
2.18172
2.17578
2.16987
2.16399
2.15813
2.15229
2.14648
2.1407
2.13494
2.1292
2.12349
2.1178
2.11214
2.1065
2.10088
2.09529
2.08972
2.08417
2.07864
2.07313
2.06765
2.06218
2.05674
2.05132
2.04592
2.04054
2.03517
2.02983
2.02451
2.0192
2.01392
2.00865
2.0034
1.99817
1.99296
1.98777
1.98259
1.97744
1.9723
1.96718
1.96208
1.957
1.95194
1.9469
1.94188
1.93688
1.9319
1.92695
1.92201
1.9171
1.91222
1.90736
1.90252
1.89771
1.89293
1.88818
1.88346
1.87876
1.8741
1.86947
1.86487
1.8603
1.85577
1.85128
1.84682
1.8424
1.83802
1.83368
1.82938
1.82512
1.8209
1.81673
1.8126
1.80852
1.80447
1.80048
1.79653
1.79262
1.78876
1.78495
1.78118
1.77746
1.77378
1.77014
1.76654
1.76299
1.75948
1.756
1.75257
1.74917
1.7458
1.74246
1.73915
1.73587
1.7326
1.72936
1.72613
1.72292
1.71971
1.7165
1.71328
1.71006
1.70682
1.70356
1.70028
1.69695
1.69359
1.69017
1.68669
1.68314
1.67951
1.6758
1.67199
1.66807
1.66403
1.65986
1.65555
1.65109
1.64647
1.64167
1.63668
1.63149
1.6261
1.62049
1.61465
1.60857
1.60225
1.59567
1.58883
1.58172
1.57434
1.56669
1.55876
1.55055
1.54207
1.53332
1.5243
1.51501
1.50547
1.49569
1.48566
1.47541
1.46495
1.45432
1.44355
1.43259
1.42136
1.40993
1.39878
1.38833
1.37737
1.36285
1.34468
3.03009
3.02601
3.02188
3.01771
3.01348
3.00921
3.00489
3.00053
2.99612
2.99167
2.98717
2.98263
2.97805
2.97343
2.96876
2.96405
2.9593
2.95452
2.94969
2.94482
2.93992
2.93498
2.93
2.92498
2.91993
2.91484
2.90972
2.90456
2.89937
2.89414
2.88888
2.88359
2.87827
2.87292
2.86754
2.86212
2.85668
2.8512
2.8457
2.84017
2.83462
2.82903
2.82342
2.81779
2.81212
2.80644
2.80072
2.79499
2.78923
2.78344
2.77764
2.77181
2.76596
2.76009
2.75419
2.74828
2.74234
2.73639
2.73042
2.72443
2.71842
2.71239
2.70635
2.70029
2.69421
2.68813
2.68202
2.67591
2.66978
2.66364
2.65748
2.65132
2.64514
2.63896
2.63276
2.62656
2.62035
2.61413
2.60791
2.60167
2.59544
2.5892
2.58295
2.5767
2.57045
2.56419
2.55794
2.55168
2.54542
2.53917
2.53291
2.52666
2.5204
2.51416
2.50791
2.50167
2.49543
2.48921
2.48298
2.47677
2.47056
2.46436
2.45817
2.45198
2.44581
2.43965
2.4335
2.42737
2.42124
2.41513
2.40904
2.40295
2.39689
2.39084
2.3848
2.37878
2.37278
2.3668
2.36083
2.35489
2.34896
2.34306
2.33717
2.3313
2.32546
2.31964
2.31384
2.30806
2.3023
2.29657
2.29086
2.28517
2.27951
2.27387
2.26826
2.26267
2.2571
2.25156
2.24604
2.24055
2.23508
2.22964
2.22423
2.21884
2.21347
2.20813
2.20281
2.19752
2.19226
2.18702
2.1818
2.17661
2.17144
2.1663
2.16118
2.15608
2.15101
2.14596
2.14094
2.13594
2.13096
2.12601
2.12108
2.11617
2.11128
2.10642
2.10158
2.09676
2.09197
2.08719
2.08244
2.07772
2.07301
2.06833
2.06366
2.05902
2.05441
2.04981
2.04524
2.04069
2.03616
2.03165
2.02717
2.02271
2.01827
2.01385
2.00946
2.00509
2.00075
1.99643
1.99214
1.98787
1.98363
1.97942
1.97523
1.97107
1.96694
1.96284
1.95877
1.95472
1.95071
1.94673
1.94279
1.93887
1.93499
1.93114
1.92733
1.92356
1.91982
1.91612
1.91245
1.90883
1.90524
1.9017
1.89819
1.89473
1.89131
1.88792
1.88458
1.88128
1.87803
1.87481
1.87164
1.8685
1.86541
1.86236
1.85935
1.85638
1.85345
1.85056
1.8477
1.84487
1.84208
1.83932
1.83659
1.83389
1.83121
1.82855
1.82591
1.82329
1.82068
1.81807
1.81548
1.81288
1.81028
1.80767
1.80505
1.8024
1.79973
1.79703
1.79429
1.79151
1.78867
1.78577
1.78281
1.77976
1.77663
1.77341
1.77008
1.76663
1.76306
1.75935
1.75549
1.75147
1.74727
1.7429
1.73833
1.73355
1.72854
1.72331
1.71783
1.71209
1.70609
1.6998
1.69323
1.68636
1.67919
1.6717
1.6639
1.65577
1.64732
1.63856
1.62947
1.62006
1.61035
1.60033
1.59002
1.57943
1.56857
1.55745
1.54612
1.5346
1.52287
1.51086
1.49862
1.4866
1.47519
1.46328
1.44809
1.42961
2.96317
2.95955
2.95588
2.95217
2.9484
2.9446
2.94075
2.93685
2.93291
2.92893
2.92491
2.92084
2.91674
2.91259
2.90841
2.90418
2.89992
2.89562
2.89128
2.8869
2.88249
2.87804
2.87356
2.86904
2.86449
2.8599
2.85528
2.85063
2.84595
2.84123
2.83648
2.83171
2.8269
2.82206
2.81719
2.8123
2.80737
2.80242
2.79744
2.79244
2.7874
2.78235
2.77726
2.77216
2.76703
2.76187
2.75669
2.75149
2.74627
2.74102
2.73576
2.73047
2.72517
2.71984
2.7145
2.70913
2.70375
2.69836
2.69294
2.68751
2.68207
2.67661
2.67113
2.66564
2.66014
2.65462
2.64909
2.64355
2.63799
2.63243
2.62685
2.62127
2.61567
2.61007
2.60445
2.59883
2.59321
2.58758
2.58194
2.5763
2.57065
2.56501
2.55936
2.5537
2.54805
2.5424
2.53674
2.53109
2.52544
2.51979
2.51414
2.5085
2.50286
2.49723
2.49161
2.48599
2.48038
2.47477
2.46918
2.46359
2.45802
2.45245
2.4469
2.44136
2.43584
2.43032
2.42483
2.41934
2.41388
2.40843
2.40299
2.39758
2.39218
2.3868
2.38144
2.37611
2.37079
2.36549
2.36021
2.35496
2.34973
2.34452
2.33933
2.33417
2.32903
2.32392
2.31883
2.31376
2.30873
2.30371
2.29872
2.29376
2.28882
2.28391
2.27903
2.27417
2.26934
2.26454
2.25976
2.25501
2.25028
2.24559
2.24092
2.23627
2.23166
2.22707
2.2225
2.21797
2.21346
2.20897
2.20451
2.20008
2.19567
2.19129
2.18693
2.1826
2.17829
2.17401
2.16975
2.16552
2.16131
2.15713
2.15296
2.14882
2.14471
2.14061
2.13654
2.1325
2.12847
2.12447
2.12049
2.11653
2.11259
2.10868
2.10479
2.10092
2.09707
2.09324
2.08944
2.08565
2.08189
2.07816
2.07444
2.07075
2.06708
2.06343
2.05981
2.05621
2.05263
2.04908
2.04555
2.04205
2.03858
2.03513
2.03171
2.02831
2.02494
2.0216
2.01829
2.01501
2.01175
2.00853
2.00533
2.00217
1.99903
1.99593
1.99285
1.98981
1.9868
1.98383
1.98088
1.97797
1.97509
1.97225
1.96944
1.96666
1.96391
1.96119
1.95851
1.95586
1.95324
1.95065
1.94809
1.94556
1.94305
1.94058
1.93813
1.9357
1.9333
1.93091
1.92855
1.9262
1.92387
1.92156
1.91925
1.91695
1.91465
1.91236
1.91007
1.90777
1.90547
1.90315
1.90082
1.89847
1.89609
1.89368
1.89124
1.88876
1.88623
1.88366
1.88102
1.87832
1.87556
1.87271
1.86978
1.86676
1.86363
1.8604
1.85705
1.85357
1.84995
1.84619
1.84227
1.83818
1.83391
1.82946
1.82479
1.81992
1.81482
1.80948
1.80389
1.79804
1.79192
1.78551
1.7788
1.77179
1.76447
1.75682
1.74884
1.74052
1.73186
1.72285
1.71351
1.70382
1.6938
1.68345
1.67278
1.6618
1.65052
1.63896
1.62716
1.61514
1.60288
1.59033
1.57756
1.56493
1.55276
1.54011
1.52468
1.50663
2.90831
2.90502
2.90169
2.89833
2.89492
2.89148
2.888
2.88448
2.88092
2.87732
2.87369
2.87003
2.86632
2.86259
2.85881
2.85501
2.85117
2.84729
2.84339
2.83945
2.83547
2.83147
2.82743
2.82337
2.81927
2.81514
2.81098
2.8068
2.80258
2.79834
2.79406
2.78976
2.78544
2.78108
2.7767
2.77229
2.76786
2.7634
2.75892
2.75441
2.74988
2.74533
2.74075
2.73615
2.73153
2.72688
2.72221
2.71753
2.71282
2.70809
2.70334
2.69857
2.69379
2.68898
2.68416
2.67932
2.67447
2.66959
2.6647
2.6598
2.65488
2.64995
2.645
2.64004
2.63507
2.63008
2.62508
2.62008
2.61506
2.61003
2.60499
2.59995
2.59489
2.58983
2.58477
2.57969
2.57461
2.56953
2.56444
2.55935
2.55426
2.54916
2.54407
2.53897
2.53387
2.52878
2.52369
2.5186
2.51351
2.50843
2.50336
2.49829
2.49323
2.48818
2.48313
2.4781
2.47308
2.46806
2.46306
2.45807
2.4531
2.44814
2.44319
2.43826
2.43335
2.42845
2.42357
2.41872
2.41388
2.40906
2.40426
2.39948
2.39473
2.39
2.38529
2.38061
2.37595
2.37131
2.36671
2.36213
2.35757
2.35305
2.34855
2.34408
2.33964
2.33522
2.33084
2.32649
2.32216
2.31787
2.31361
2.30938
2.30517
2.301
2.29686
2.29276
2.28868
2.28463
2.28061
2.27663
2.27267
2.26875
2.26485
2.26099
2.25716
2.25335
2.24957
2.24583
2.24211
2.23842
2.23476
2.23113
2.22752
2.22394
2.22039
2.21686
2.21336
2.20988
2.20643
2.20301
2.19961
2.19623
2.19288
2.18955
2.18624
2.18296
2.17969
2.17645
2.17323
2.17003
2.16686
2.1637
2.16056
2.15745
2.15435
2.15128
2.14822
2.14518
2.14216
2.13916
2.13618
2.13322
2.13028
2.12736
2.12445
2.12157
2.1187
2.11585
2.11302
2.11021
2.10742
2.10465
2.1019
2.09917
2.09646
2.09377
2.0911
2.08845
2.08582
2.08321
2.08062
2.07805
2.0755
2.07298
2.07047
2.06799
2.06553
2.06309
2.06067
2.05828
2.0559
2.05354
2.05121
2.04889
2.0466
2.04432
2.04207
2.03983
2.0376
2.03539
2.0332
2.03102
2.02886
2.0267
2.02456
2.02242
2.02029
2.01816
2.01604
2.01392
2.01179
2.00966
2.00752
2.00538
2.00322
2.00104
1.99885
1.99663
1.99438
1.99211
1.9898
1.98746
1.98508
1.98265
1.98017
1.97764
1.97505
1.9724
1.96968
1.96689
1.96402
1.96107
1.95803
1.9549
1.95166
1.94832
1.94486
1.94129
1.93758
1.93374
1.92976
1.92562
1.92133
1.91686
1.91222
1.90739
1.90237
1.89713
1.89168
1.886
1.88007
1.8739
1.86747
1.86076
1.85378
1.8465
1.83892
1.83103
1.82282
1.81428
1.80541
1.7962
1.78665
1.77677
1.76654
1.75598
1.7451
1.7339
1.72239
1.71059
1.69853
1.68623
1.67369
1.66086
1.64781
1.63483
1.62215
1.60901
1.59365
1.57641
2.86986
2.86681
2.86373
2.86061
2.85746
2.85428
2.85108
2.84784
2.84457
2.84127
2.83794
2.83458
2.83119
2.82778
2.82433
2.82086
2.81736
2.81383
2.81027
2.80669
2.80308
2.79944
2.79578
2.79209
2.78837
2.78463
2.78086
2.77707
2.77325
2.7694
2.76553
2.76164
2.75772
2.75378
2.74982
2.74583
2.74182
2.73779
2.73373
2.72965
2.72555
2.72143
2.71728
2.71312
2.70893
2.70473
2.7005
2.69625
2.69199
2.6877
2.6834
2.67908
2.67474
2.67039
2.66601
2.66163
2.65722
2.6528
2.64837
2.64392
2.63946
2.63498
2.63049
2.62599
2.62148
2.61696
2.61243
2.60788
2.60333
2.59877
2.5942
2.58963
2.58505
2.58046
2.57587
2.57128
2.56668
2.56208
2.55747
2.55287
2.54826
2.54366
2.53906
2.53446
2.52986
2.52526
2.52067
2.51608
2.5115
2.50693
2.50236
2.4978
2.49325
2.48871
2.48418
2.47966
2.47516
2.47067
2.4662
2.46175
2.45731
2.4529
2.4485
2.44412
2.43976
2.43543
2.43112
2.42683
2.42257
2.41833
2.41412
2.40994
2.40578
2.40166
2.39756
2.39349
2.38945
2.38545
2.38148
2.37753
2.37363
2.36975
2.36591
2.3621
2.35833
2.35459
2.35089
2.34722
2.34359
2.34
2.33644
2.33292
2.32943
2.32598
2.32257
2.31919
2.31585
2.31254
2.30928
2.30604
2.30284
2.29968
2.29655
2.29346
2.2904
2.28738
2.28438
2.28142
2.2785
2.2756
2.27274
2.26991
2.26711
2.26433
2.26159
2.25888
2.25619
2.25353
2.2509
2.24829
2.24571
2.24315
2.24061
2.2381
2.23561
2.23315
2.2307
2.22828
2.22587
2.22348
2.22112
2.21877
2.21643
2.21412
2.21182
2.20953
2.20727
2.20501
2.20277
2.20055
2.19833
2.19613
2.19395
2.19177
2.18961
2.18746
2.18532
2.18319
2.18107
2.17896
2.17687
2.17478
2.1727
2.17063
2.16858
2.16653
2.16448
2.16245
2.16043
2.15841
2.1564
2.1544
2.15241
2.15042
2.14845
2.14647
2.1445
2.14254
2.14058
2.13863
2.13668
2.13474
2.13279
2.13085
2.12891
2.12697
2.12502
2.12308
2.12113
2.11917
2.11721
2.11524
2.11327
2.11128
2.10928
2.10726
2.10523
2.10318
2.10111
2.09902
2.0969
2.09475
2.09257
2.09035
2.0881
2.08581
2.08347
2.08108
2.07864
2.07615
2.0736
2.07098
2.0683
2.06554
2.06271
2.0598
2.05681
2.05374
2.05057
2.0473
2.04394
2.04048
2.03691
2.03323
2.02943
2.02551
2.02147
2.01729
2.01298
2.00853
2.00393
1.99918
1.99427
1.9892
1.98395
1.97852
1.9729
1.96709
1.96108
1.95485
1.94841
1.94173
1.93482
1.92766
1.92025
1.91257
1.90463
1.8964
1.88788
1.87907
1.86996
1.86054
1.85081
1.84077
1.83041
1.81973
1.80875
1.79747
1.78589
1.77402
1.7619
1.74953
1.73692
1.72405
1.71096
1.69788
1.68497
1.67161
1.65652
1.64021
2.84908
2.84605
2.84299
2.83991
2.83681
2.83369
2.83054
2.82738
2.82419
2.82098
2.81775
2.81449
2.81122
2.80792
2.80461
2.80127
2.79791
2.79454
2.79112
2.7877
2.78426
2.78079
2.77731
2.7738
2.77028
2.76673
2.76317
2.75958
2.75598
2.75235
2.74871
2.74504
2.74136
2.73765
2.73393
2.73019
2.72643
2.72265
2.71885
2.71504
2.71121
2.70735
2.70348
2.6996
2.69569
2.69177
2.68783
2.68388
2.67991
2.67592
2.67192
2.66791
2.66388
2.65983
2.65577
2.6517
2.64762
2.64352
2.63941
2.63528
2.63115
2.62701
2.62285
2.61869
2.61451
2.61033
2.60614
2.60195
2.59775
2.59354
2.58933
2.58511
2.58089
2.57667
2.57245
2.56823
2.56401
2.55979
2.55557
2.55136
2.54715
2.54295
2.53875
2.53456
2.53039
2.52622
2.52206
2.51791
2.51378
2.50967
2.50557
2.50148
2.49741
2.49336
2.48933
2.48531
2.48131
2.47734
2.47339
2.46946
2.46555
2.46167
2.45781
2.45399
2.45019
2.44642
2.44268
2.43898
2.4353
2.43166
2.42806
2.42449
2.42095
2.41745
2.41399
2.41057
2.40718
2.40384
2.40053
2.39727
2.39404
2.39086
2.38772
2.38462
2.38156
2.37855
2.37557
2.37264
2.36976
2.36691
2.36411
2.36136
2.35864
2.35597
2.35333
2.35074
2.3482
2.34569
2.34322
2.3408
2.33841
2.33606
2.33376
2.33148
2.32925
2.32706
2.3249
2.32277
2.32068
2.31862
2.3166
2.31461
2.31265
2.31072
2.30882
2.30695
2.3051
2.30329
2.3015
2.29973
2.29799
2.29627
2.29458
2.2929
2.29125
2.28961
2.288
2.2864
2.28482
2.28325
2.2817
2.28016
2.27864
2.27713
2.27563
2.27414
2.27266
2.27119
2.26972
2.26827
2.26681
2.26537
2.26393
2.26249
2.26106
2.25962
2.25819
2.25676
2.25533
2.2539
2.25247
2.25103
2.24959
2.24815
2.2467
2.24525
2.24379
2.24232
2.24085
2.23937
2.23788
2.23638
2.23487
2.23334
2.23181
2.23026
2.2287
2.22712
2.22553
2.22393
2.2223
2.22066
2.21899
2.21731
2.2156
2.21387
2.21211
2.21032
2.20851
2.20667
2.2048
2.20289
2.20095
2.19896
2.19694
2.19488
2.19278
2.19062
2.18842
2.18617
2.18387
2.18151
2.17909
2.17661
2.17407
2.17146
2.16878
2.16603
2.16319
2.16028
2.15729
2.1542
2.15102
2.14774
2.14437
2.14089
2.13731
2.13361
2.1298
2.12588
2.12184
2.11767
2.11338
2.10897
2.10442
2.09975
2.09493
2.08998
2.08488
2.07964
2.07425
2.06871
2.06301
2.05715
2.05112
2.04493
2.03856
2.03201
2.02528
2.01835
2.01123
2.00391
1.99638
1.98864
1.98067
1.97248
1.96406
1.95539
1.94649
1.93733
1.92792
1.91825
1.90831
1.89811
1.88764
1.87689
1.86588
1.8546
1.84306
1.83126
1.81923
1.80697
1.79448
1.78175
1.76882
1.75587
1.74298
1.72966
1.71499
1.69958
2.84686
2.84375
2.84062
2.83747
2.8343
2.83111
2.8279
2.82468
2.82143
2.81816
2.81488
2.81157
2.80825
2.8049
2.80154
2.79816
2.79491
2.79128
2.78784
2.78438
2.7809
2.77741
2.77389
2.77036
2.76681
2.76323
2.75964
2.75604
2.75241
2.74876
2.7451
2.74142
2.73772
2.734
2.73027
2.72652
2.72275
2.71896
2.71516
2.71134
2.70751
2.70366
2.6998
2.69602
2.69197
2.68807
2.68415
2.68021
2.67627
2.67231
2.66834
2.66435
2.66036
2.65636
2.65235
2.64833
2.6443
2.64027
2.63623
2.63218
2.62813
2.62407
2.62
2.61594
2.61187
2.60781
2.60374
2.59967
2.5956
2.59154
2.58748
2.58342
2.57937
2.57532
2.57128
2.56725
2.56323
2.55922
2.55522
2.55124
2.54726
2.54331
2.53936
2.53544
2.53153
2.52765
2.52378
2.51994
2.51612
2.51232
2.50855
2.50481
2.5011
2.49741
2.49378
2.49019
2.48663
2.48312
2.47964
2.47621
2.47281
2.46946
2.46615
2.46287
2.45965
2.45646
2.45332
2.45022
2.44717
2.44416
2.4412
2.43829
2.43543
2.43261
2.42985
2.42713
2.42447
2.42185
2.41929
2.41677
2.41431
2.4119
2.40954
2.40724
2.40498
2.40278
2.40063
2.39854
2.39649
2.39449
2.39255
2.39066
2.38881
2.38702
2.38527
2.38358
2.38193
2.38032
2.37876
2.37725
2.37578
2.37435
2.37297
2.37163
2.37032
2.36906
2.36783
2.36664
2.36548
2.36436
2.36327
2.36222
2.36119
2.36019
2.35923
2.35828
2.35737
2.35647
2.3556
2.35476
2.35393
2.35312
2.35233
2.35156
2.35081
2.35006
2.34933
2.34862
2.34791
2.34722
2.34653
2.34585
2.34517
2.3445
2.34383
2.34317
2.34251
2.34184
2.34118
2.34051
2.33984
2.33916
2.33848
2.33779
2.3371
2.33639
2.33567
2.33494
2.3342
2.33344
2.33266
2.33187
2.33106
2.33024
2.32939
2.32852
2.32762
2.3267
2.32576
2.32479
2.32379
2.32276
2.3217
2.32061
2.31948
2.31832
2.31713
2.31589
2.31462
2.3133
2.31194
2.31054
2.30909
2.3076
2.30605
2.30446
2.30281
2.30111
2.29935
2.29753
2.29565
2.29371
2.29171
2.28964
2.28749
2.28528
2.28299
2.28063
2.27818
2.27565
2.27304
2.27035
2.26756
2.26469
2.26172
2.25865
2.25549
2.25222
2.24885
2.24537
2.24178
2.23808
2.23426
2.23031
2.22625
2.22205
2.21773
2.21328
2.20869
2.20397
2.19911
2.19411
2.18897
2.1837
2.17828
2.17271
2.167
2.16115
2.15514
2.14899
2.14269
2.13623
2.12962
2.12286
2.11594
2.10886
2.10162
2.09422
2.08665
2.07891
2.07101
2.06292
2.05467
2.04623
2.03761
2.0288
2.01981
2.01062
2.00124
1.99166
1.98188
1.9719
1.96171
1.95131
1.94071
1.92989
1.91886
1.90762
1.89617
1.88451
1.87266
1.86062
1.84838
1.83594
1.82331
1.81065
1.79799
1.78491
1.77073
1.75614
2.86376
2.86031
2.85684
2.85335
2.84984
2.84631
2.84277
2.8392
2.83561
2.832
2.82838
2.82473
2.82107
2.81738
2.81368
2.81039
2.80628
2.80251
2.79873
2.79493
2.79111
2.78727
2.78341
2.77953
2.77564
2.77173
2.76779
2.76384
2.75988
2.75595
2.75179
2.74776
2.74372
2.73966
2.73559
2.73149
2.72738
2.72325
2.7191
2.71494
2.71076
2.70657
2.70241
2.69806
2.69382
2.68957
2.68531
2.68103
2.67675
2.67245
2.66822
2.66378
2.65945
2.65511
2.65077
2.64642
2.64206
2.63776
2.63339
2.629
2.62463
2.62027
2.6159
2.61155
2.6072
2.60278
2.59843
2.59408
2.58975
2.58542
2.58112
2.57688
2.57259
2.56832
2.56409
2.55988
2.55569
2.55153
2.5474
2.54331
2.53924
2.53522
2.53123
2.52728
2.52338
2.51952
2.51571
2.51196
2.50833
2.50468
2.50107
2.49753
2.49406
2.49065
2.48728
2.48397
2.48072
2.47751
2.4744
2.47135
2.46836
2.46544
2.46258
2.45979
2.45707
2.45442
2.45185
2.44934
2.44691
2.44455
2.44227
2.44007
2.43794
2.43589
2.43391
2.43202
2.4302
2.42846
2.4268
2.42521
2.4237
2.42227
2.42091
2.41962
2.41841
2.41727
2.41621
2.41521
2.41428
2.41342
2.41262
2.41188
2.41121
2.4106
2.41005
2.40956
2.40912
2.40873
2.4084
2.40811
2.40787
2.40768
2.40753
2.40742
2.40736
2.40732
2.40733
2.40736
2.40743
2.40753
2.40766
2.40781
2.40798
2.40818
2.40839
2.40863
2.40888
2.40914
2.40942
2.40971
2.41001
2.41032
2.41063
2.41095
2.41127
2.4116
2.41193
2.41225
2.41258
2.4129
2.41321
2.41352
2.41382
2.41412
2.4144
2.41467
2.41493
2.41518
2.41541
2.41562
2.41581
2.41598
2.41613
2.41626
2.41636
2.41644
2.41649
2.41651
2.4165
2.41646
2.41639
2.41627
2.41613
2.41594
2.41571
2.41544
2.41513
2.41477
2.41437
2.41392
2.41341
2.41286
2.41225
2.41158
2.41086
2.41008
2.40923
2.40833
2.40735
2.40631
2.4052
2.40402
2.40277
2.40144
2.40003
2.39854
2.39697
2.39532
2.39357
2.39174
2.38982
2.3878
2.38569
2.38348
2.38116
2.37874
2.37621
2.37358
2.37083
2.36796
2.36498
2.36188
2.35866
2.35531
2.35184
2.34824
2.34451
2.34065
2.33665
2.33252
2.32824
2.32382
2.31926
2.31455
2.3097
2.30469
2.29954
2.29423
2.28877
2.28315
2.27738
2.27146
2.26539
2.25916
2.25278
2.24624
2.23955
2.23271
2.22571
2.21857
2.21127
2.20382
2.19622
2.18847
2.18057
2.17252
2.16433
2.15599
2.1475
2.13887
2.13009
2.12116
2.11209
2.10288
2.09352
2.08402
2.07438
2.0646
2.05467
2.0446
2.03439
2.02404
2.01355
2.00291
1.99213
1.98122
1.97015
1.95895
1.9476
1.93611
1.92448
1.91271
1.90078
1.88868
1.87645
1.86418
1.85187
1.83914
1.82546
1.81161
2.89038
2.88615
2.88188
2.8776
2.87331
2.869
2.86467
2.86032
2.85596
2.85157
2.84718
2.84276
2.83833
2.83388
2.82944
2.82514
2.81992
2.8154
2.81087
2.80631
2.80174
2.79715
2.79255
2.78792
2.78328
2.77863
2.77395
2.76926
2.76478
2.7598
2.75506
2.75031
2.74554
2.74076
2.73597
2.73116
2.72634
2.72151
2.71667
2.71182
2.70698
2.70218
2.69694
2.69205
2.68716
2.68226
2.67735
2.67244
2.66752
2.66281
2.65777
2.65285
2.64793
2.6429
2.63805
2.63313
2.62822
2.62333
2.61844
2.61357
2.60872
2.60387
2.59904
2.5943
2.58934
2.58462
2.57979
2.57507
2.5704
2.56562
2.5611
2.55648
2.55207
2.54736
2.54287
2.53842
2.53402
2.52966
2.52535
2.52109
2.51689
2.51273
2.50865
2.50465
2.50068
2.49671
2.49286
2.48911
2.48544
2.48186
2.47835
2.47494
2.47161
2.46839
2.46526
2.46226
2.45944
2.45653
2.45382
2.45125
2.44878
2.4464
2.4441
2.44188
2.43974
2.4377
2.43573
2.43387
2.43211
2.4304
2.42882
2.42735
2.42598
2.42473
2.42359
2.42256
2.42165
2.42085
2.42017
2.4196
2.41916
2.41892
2.41856
2.41844
2.41844
2.41854
2.41875
2.41906
2.41949
2.41998
2.42058
2.42127
2.42205
2.42292
2.42387
2.42489
2.42599
2.42716
2.42839
2.42968
2.43103
2.43243
2.43388
2.43537
2.43691
2.43848
2.44008
2.44171
2.44336
2.44504
2.44674
2.44845
2.45017
2.4519
2.45364
2.45538
2.45713
2.45887
2.46061
2.46234
2.46406
2.46577
2.46747
2.46916
2.47083
2.47248
2.47411
2.47572
2.47731
2.47887
2.48041
2.48192
2.48339
2.48484
2.48626
2.48764
2.48899
2.4903
2.49158
2.49281
2.49401
2.49516
2.49626
2.49733
2.49834
2.49931
2.50022
2.50109
2.5019
2.50265
2.50335
2.50398
2.50456
2.50508
2.50553
2.50591
2.50622
2.50647
2.50664
2.50674
2.50676
2.50671
2.50657
2.50635
2.50605
2.50565
2.50517
2.5046
2.50394
2.50317
2.50231
2.50135
2.50029
2.49912
2.49784
2.49645
2.49494
2.49332
2.49158
2.48972
2.48774
2.48562
2.48338
2.481
2.47849
2.47584
2.47305
2.47011
2.46703
2.4638
2.46042
2.45689
2.4532
2.44935
2.44534
2.44117
2.43683
2.43233
2.42766
2.42282
2.41782
2.41264
2.40728
2.40176
2.39606
2.39019
2.38415
2.37793
2.37154
2.36498
2.35825
2.35135
2.34428
2.33705
2.32965
2.32208
2.31436
2.30647
2.29843
2.29023
2.28187
2.27337
2.26472
2.25592
2.24699
2.23791
2.2287
2.21936
2.20989
2.20029
2.19058
2.18075
2.17081
2.16077
2.15062
2.14037
2.13003
2.11959
2.10907
2.09847
2.08778
2.07701
2.06618
2.05526
2.04428
2.03323
2.02211
2.01092
1.99966
1.98831
1.97689
1.96539
1.95378
1.94203
1.93019
1.91833
1.90642
1.89406
1.88085
1.86762
2.90965
2.90414
2.89859
2.89303
2.88744
2.88182
2.87619
2.87053
2.86486
2.85916
2.85343
2.84769
2.84192
2.83613
2.83033
2.82468
2.81868
2.81278
2.80688
2.80096
2.79503
2.78906
2.78308
2.77708
2.77106
2.76502
2.75896
2.75289
2.74687
2.74057
2.73444
2.7283
2.72215
2.71598
2.70979
2.7036
2.69739
2.69117
2.68495
2.67871
2.67248
2.6663
2.65991
2.65364
2.64739
2.64114
2.63488
2.62863
2.62238
2.61624
2.60996
2.60373
2.59753
2.59134
2.58515
2.579
2.57297
2.56662
2.56053
2.55448
2.54845
2.54246
2.53651
2.53063
2.52461
2.51885
2.51303
2.50732
2.5017
2.49607
2.49052
2.48505
2.47963
2.47429
2.4691
2.46379
2.45869
2.45368
2.44876
2.44399
2.43927
2.43463
2.43012
2.42569
2.4214
2.41724
2.41318
2.40911
2.40529
2.4016
2.39804
2.39461
2.3913
2.38812
2.38509
2.38229
2.37952
2.37678
2.37428
2.37195
2.36984
2.368
2.36631
2.36482
2.36356
2.36253
2.36169
2.36099
2.36055
2.36032
2.3603
2.36046
2.3608
2.36134
2.36209
2.36289
2.36397
2.36519
2.36659
2.36817
2.3699
2.37175
2.37378
2.37599
2.37836
2.38088
2.38355
2.38638
2.38933
2.39232
2.3955
2.39881
2.40222
2.40574
2.40937
2.41311
2.4168
2.42066
2.42459
2.42858
2.43265
2.43671
2.44083
2.44497
2.44914
2.45332
2.45751
2.4617
2.46587
2.47004
2.47419
2.47831
2.4824
2.48646
2.49049
2.49447
2.4984
2.50229
2.50613
2.50992
2.51365
2.51733
2.52094
2.5245
2.528
2.53144
2.53482
2.53813
2.54138
2.54456
2.54767
2.55072
2.55369
2.5566
2.55944
2.56221
2.5649
2.56752
2.57007
2.57254
2.57493
2.57725
2.57949
2.58165
2.58373
2.58572
2.58764
2.58947
2.59121
2.59286
2.59443
2.5959
2.59728
2.59857
2.59976
2.60085
2.60184
2.60273
2.60352
2.6042
2.60478
2.60524
2.6056
2.60584
2.60597
2.60597
2.60586
2.60562
2.60526
2.60477
2.60416
2.6034
2.60252
2.60149
2.60033
2.59902
2.59756
2.59595
2.5942
2.59228
2.59021
2.58798
2.58558
2.58302
2.58028
2.57737
2.57429
2.57103
2.56759
2.56397
2.56016
2.55616
2.55198
2.5476
2.54302
2.53825
2.53329
2.52812
2.52276
2.51719
2.51143
2.50546
2.4993
2.49293
2.48637
2.47961
2.47266
2.46551
2.45817
2.45063
2.44291
2.43501
2.42692
2.41864
2.41019
2.40157
2.39277
2.38381
2.37468
2.36539
2.35594
2.34634
2.3366
2.32672
2.31671
2.30657
2.2963
2.28593
2.27544
2.26486
2.25419
2.24343
2.23259
2.22169
2.21072
2.19971
2.18864
2.17754
2.16641
2.15525
2.14407
2.13288
2.12169
2.11049
2.09929
2.08809
2.07689
2.06569
2.05449
2.04326
2.03202
2.02074
2.0094
1.99796
1.98646
1.97497
1.96343
1.95142
1.93858
1.92588
2.91942
2.91243
2.90528
2.89812
2.89094
2.88372
2.87647
2.86918
2.86187
2.85452
2.84713
2.83972
2.83228
2.8248
2.8173
2.80977
2.80227
2.79468
2.7869
2.77934
2.77142
2.7639
2.75573
2.74797
2.74018
2.73237
2.72452
2.71665
2.70876
2.70095
2.69284
2.68489
2.67691
2.6689
2.66088
2.65284
2.6448
2.63674
2.62866
2.62058
2.61248
2.60438
2.59628
2.58823
2.58011
2.572
2.5639
2.5558
2.54771
2.53964
2.53171
2.52352
2.51549
2.5075
2.49951
2.49158
2.48372
2.47573
2.4679
2.46013
2.4524
2.44473
2.43711
2.42957
2.4221
2.41462
2.40734
2.40009
2.39292
2.38602
2.37892
2.37213
2.36538
2.35876
2.35225
2.34581
2.33958
2.3335
2.32755
2.32185
2.31624
2.3108
2.30556
2.3005
2.29564
2.29098
2.28653
2.28245
2.27821
2.27439
2.27078
2.26738
2.26419
2.2612
2.25846
2.25581
2.25344
2.25128
2.24935
2.24763
2.24615
2.24486
2.24385
2.24309
2.24256
2.2423
2.24233
2.24267
2.24332
2.24428
2.24551
2.24704
2.24885
2.25097
2.25332
2.25592
2.2588
2.26195
2.26536
2.26906
2.27307
2.27735
2.28181
2.28667
2.29183
2.29728
2.30301
2.30906
2.3153
2.32176
2.32844
2.3353
2.34234
2.34955
2.35694
2.36444
2.37206
2.37983
2.3877
2.39568
2.40381
2.41196
2.42014
2.42836
2.43661
2.44485
2.45312
2.46123
2.46935
2.47742
2.4854
2.4933
2.50109
2.50877
2.51632
2.52374
2.53102
2.53815
2.54513
2.55196
2.55864
2.56516
2.57153
2.57774
2.5838
2.58971
2.59546
2.60107
2.60653
2.61185
2.61702
2.62205
2.62693
2.63168
2.63629
2.64077
2.64511
2.64932
2.65339
2.65733
2.66114
2.66482
2.66836
2.67178
2.67506
2.67822
2.68124
2.68413
2.68689
2.68952
2.69201
2.69437
2.6966
2.69869
2.70064
2.70245
2.70413
2.70567
2.70706
2.70832
2.70942
2.71039
2.7112
2.71187
2.71238
2.71274
2.71294
2.71299
2.71288
2.71261
2.71217
2.71156
2.71079
2.70984
2.70872
2.70742
2.70595
2.70428
2.70244
2.7004
2.69817
2.69575
2.69312
2.6903
2.68728
2.68405
2.68061
2.67695
2.67309
2.66901
2.66471
2.66019
2.65545
2.65048
2.64529
2.63987
2.63423
2.62835
2.62225
2.61592
2.60937
2.60259
2.59558
2.58836
2.58091
2.57324
2.56535
2.55725
2.54894
2.54042
2.5317
2.52277
2.51364
2.50431
2.4948
2.4851
2.47522
2.46516
2.45494
2.44455
2.43401
2.42332
2.41249
2.40153
2.39044
2.37924
2.36794
2.35655
2.34507
2.33352
2.32191
2.31024
2.29854
2.28681
2.27506
2.26331
2.25156
2.23983
2.22812
2.21645
2.20482
2.19324
2.18172
2.17026
2.15886
2.14753
2.13625
2.12503
2.11386
2.10272
2.09161
2.08051
2.06937
2.05818
2.04695
2.03577
2.02453
2.01278
2.00023
1.98799
2.93577
2.92747
2.91911
2.91069
2.90224
2.89373
2.88499
2.87638
2.86774
2.85906
2.85035
2.84158
2.83279
2.82401
2.8151
2.8062
2.79728
2.78832
2.77933
2.77032
2.76128
2.75269
2.74341
2.73429
2.72517
2.71602
2.70686
2.69779
2.68853
2.67931
2.67009
2.66088
2.65163
2.64238
2.63313
2.62387
2.61484
2.60544
2.5962
2.58696
2.57774
2.56855
2.55936
2.55019
2.54104
2.5321
2.52291
2.51384
2.50482
2.49585
2.4869
2.47801
2.46937
2.46043
2.45171
2.44305
2.43446
2.42611
2.41755
2.4092
2.40094
2.39279
2.38474
2.37676
2.36891
2.36118
2.35365
2.3461
2.33876
2.33155
2.32448
2.31758
2.31083
2.30429
2.2978
2.29152
2.28543
2.27953
2.27382
2.26834
2.26296
2.25783
2.2529
2.24819
2.2437
2.2394
2.23533
2.23149
2.22787
2.22448
2.22132
2.21839
2.21569
2.21324
2.21112
2.2091
2.20741
2.20601
2.2049
2.2041
2.20363
2.20349
2.20371
2.20424
2.20514
2.20635
2.20781
2.20951
2.21142
2.21352
2.2158
2.21829
2.22088
2.22369
2.22666
2.22982
2.23316
2.23669
2.24043
2.2444
2.24861
2.25308
2.25783
2.26287
2.26821
2.27384
2.27976
2.28596
2.29244
2.29918
2.30618
2.31342
2.32091
2.32864
2.33661
2.34491
2.35339
2.36218
2.37128
2.38067
2.39035
2.40036
2.41052
2.421
2.43166
2.44251
2.45352
2.46462
2.47583
2.48713
2.49848
2.50985
2.52121
2.53255
2.54371
2.55481
2.56576
2.57654
2.58713
2.5975
2.60763
2.61752
2.62716
2.63653
2.64565
2.65449
2.66307
2.67139
2.67946
2.68727
2.69483
2.70214
2.70922
2.71606
2.72267
2.72905
2.73521
2.74115
2.74688
2.75241
2.75772
2.76283
2.76774
2.77245
2.77696
2.78128
2.78541
2.78935
2.79309
2.79665
2.80002
2.8032
2.8062
2.80901
2.81163
2.81407
2.81632
2.81839
2.82027
2.82196
2.82346
2.82478
2.82591
2.82685
2.8276
2.82815
2.82852
2.82868
2.82865
2.82843
2.828
2.82737
2.82653
2.82549
2.82423
2.82277
2.82109
2.8192
2.81708
2.81475
2.81218
2.8094
2.80638
2.80313
2.79965
2.79593
2.79197
2.78777
2.78332
2.77863
2.7737
2.76852
2.76308
2.7574
2.75147
2.74529
2.73886
2.73217
2.72524
2.71806
2.71063
2.70296
2.69505
2.68689
2.6785
2.66987
2.66101
2.65192
2.64261
2.63308
2.62332
2.61336
2.60319
2.59282
2.58226
2.5715
2.56057
2.54946
2.53819
2.52676
2.51518
2.50347
2.49163
2.47967
2.46761
2.45546
2.44322
2.43092
2.41857
2.40617
2.39375
2.38131
2.36888
2.35646
2.34407
2.33172
2.31942
2.30719
2.29504
2.28298
2.27102
2.25916
2.24741
2.23577
2.22425
2.21283
2.20152
2.19031
2.17918
2.16812
2.15712
2.14616
2.1352
2.1242
2.1132
2.10227
2.09129
2.07975
2.06743
2.05563
2.97156
2.96252
2.95343
2.94429
2.93508
2.92582
2.91651
2.90718
2.89779
2.88823
2.87871
2.86918
2.85961
2.85001
2.84038
2.83071
2.82158
2.81164
2.80187
2.7922
2.78241
2.77263
2.76295
2.75302
2.74316
2.73331
2.72345
2.71359
2.70374
2.69391
2.68404
2.67404
2.66419
2.65438
2.64457
2.6348
2.6254
2.61559
2.60585
2.59617
2.58653
2.57694
2.56739
2.55789
2.54844
2.53905
2.52974
2.52051
2.51135
2.50215
2.49312
2.48422
2.47539
2.46663
2.458
2.44948
2.44107
2.43279
2.42466
2.41664
2.40863
2.40089
2.39331
2.38588
2.37862
2.37153
2.36463
2.35783
2.35141
2.34501
2.33886
2.3329
2.32701
2.32147
2.31615
2.31102
2.30622
2.30154
2.29697
2.29279
2.28884
2.28512
2.28165
2.27852
2.27552
2.27276
2.27026
2.268
2.26597
2.26419
2.26274
2.26135
2.26025
2.25938
2.25872
2.2583
2.25808
2.25801
2.2582
2.25858
2.25915
2.25991
2.26089
2.26199
2.26322
2.26465
2.2662
2.2679
2.26977
2.27176
2.27381
2.27612
2.27862
2.2813
2.28418
2.28732
2.29059
2.29408
2.29781
2.30173
2.30582
2.31008
2.31452
2.31917
2.32401
2.32906
2.33434
2.33986
2.34561
2.35162
2.35789
2.36444
2.37126
2.37838
2.38578
2.39347
2.40148
2.40982
2.41849
2.42749
2.43683
2.44651
2.4565
2.46679
2.47736
2.4882
2.49931
2.51068
2.52231
2.53421
2.54637
2.5588
2.57146
2.58432
2.59733
2.6104
2.62357
2.63675
2.64989
2.66295
2.67588
2.68862
2.70115
2.71341
2.72538
2.73703
2.74835
2.75932
2.76995
2.78022
2.79014
2.79972
2.80895
2.81784
2.8264
2.83463
2.84254
2.85014
2.85744
2.86443
2.87113
2.87754
2.88367
2.88951
2.89509
2.90039
2.90543
2.91021
2.91472
2.91899
2.923
2.92676
2.93027
2.93354
2.93656
2.93935
2.94189
2.94419
2.94626
2.94809
2.94969
2.95105
2.95218
2.95307
2.95373
2.95415
2.95434
2.95429
2.95401
2.95349
2.95273
2.95173
2.95049
2.949
2.94728
2.9453
2.94308
2.94061
2.93789
2.93491
2.93168
2.9282
2.92445
2.92044
2.91618
2.91165
2.90685
2.90179
2.89646
2.89087
2.885
2.87887
2.87247
2.86581
2.85887
2.85167
2.84421
2.83649
2.82851
2.82027
2.81178
2.80304
2.79405
2.78482
2.77536
2.76566
2.75572
2.74557
2.73519
2.72461
2.71381
2.70282
2.69163
2.68025
2.6687
2.65698
2.64509
2.63306
2.62088
2.60856
2.59613
2.58359
2.57095
2.55823
2.54544
2.53259
2.5197
2.50677
2.49384
2.4809
2.46797
2.45508
2.44223
2.42944
2.41672
2.40409
2.39156
2.37913
2.36683
2.35465
2.34261
2.33071
2.31895
2.30733
2.29585
2.28451
2.27329
2.26218
2.25119
2.24028
2.22945
2.21868
2.20791
2.19712
2.18636
2.1757
2.16499
2.15368
2.14162
2.1303
3.03877
3.02948
3.02017
3.0108
3.00133
2.99178
2.98223
2.97263
2.96296
2.95331
2.94368
2.93391
2.92408
2.91424
2.90437
2.89443
2.88478
2.87473
2.86457
2.85463
2.84465
2.83464
2.82462
2.8146
2.80461
2.79457
2.78424
2.77423
2.76417
2.75419
2.74404
2.73405
2.72408
2.71415
2.70424
2.69436
2.68457
2.67505
2.66532
2.65554
2.64587
2.63629
2.62678
2.61734
2.60798
2.59873
2.58952
2.5803
2.57129
2.56231
2.55354
2.54487
2.53617
2.52771
2.51945
2.51128
2.50327
2.4955
2.48767
2.48015
2.47276
2.46556
2.45854
2.45171
2.44493
2.43845
2.4322
2.42615
2.42032
2.4147
2.40929
2.40412
2.39935
2.3944
2.39003
2.38579
2.38179
2.37806
2.37438
2.3711
2.36805
2.36524
2.36267
2.36034
2.35834
2.35647
2.35481
2.35346
2.35225
2.35125
2.35051
2.34989
2.34949
2.34929
2.34923
2.34933
2.34962
2.35003
2.35058
2.35127
2.352
2.3529
2.35382
2.35492
2.35604
2.35723
2.35847
2.35975
2.36108
2.36244
2.36384
2.36528
2.36677
2.36831
2.36985
2.37151
2.37325
2.37508
2.37701
2.37912
2.38161
2.38426
2.38721
2.39051
2.39418
2.39824
2.40275
2.40771
2.41309
2.41877
2.42487
2.43137
2.43822
2.44543
2.45307
2.46101
2.46923
2.47796
2.48711
2.49668
2.50666
2.51707
2.52788
2.53909
2.55067
2.56259
2.57485
2.58743
2.6003
2.61345
2.62687
2.64055
2.65445
2.66855
2.68282
2.69724
2.71184
2.72644
2.74121
2.75607
2.77097
2.78586
2.80067
2.81534
2.82981
2.844
2.85787
2.87137
2.88447
2.89713
2.90934
2.92109
2.93239
2.94322
2.9536
2.96354
2.97303
2.98209
2.99073
2.99896
3.00678
3.0142
3.02124
3.0279
3.03419
3.04012
3.04569
3.05091
3.05579
3.06034
3.06455
3.06844
3.07201
3.07527
3.07822
3.08086
3.08319
3.08523
3.08698
3.08843
3.08959
3.09046
3.09105
3.09136
3.09138
3.09112
3.09058
3.08976
3.08866
3.08729
3.08564
3.0837
3.08149
3.079
3.07622
3.07316
3.06982
3.06619
3.06228
3.05809
3.05361
3.04885
3.0438
3.03847
3.03286
3.02696
3.02078
3.01432
3.00757
3.00054
2.99324
2.98565
2.9778
2.96967
2.96128
2.95262
2.94371
2.93454
2.92513
2.91547
2.90558
2.89545
2.8851
2.87454
2.86376
2.85279
2.84162
2.83026
2.81872
2.80702
2.79516
2.78315
2.771
2.75872
2.74632
2.73381
2.7212
2.70849
2.69571
2.68287
2.66996
2.65702
2.64404
2.63104
2.61803
2.60502
2.59203
2.57907
2.56615
2.55328
2.54048
2.52776
2.51513
2.50259
2.49017
2.47786
2.46568
2.45363
2.44172
2.42995
2.41833
2.40684
2.3955
2.38429
2.37321
2.36226
2.35143
2.3407
2.33006
2.31951
2.30903
2.2986
2.28816
2.2777
2.26728
2.25698
2.24663
2.23567
2.22397
2.21312
3.14048
3.13029
3.12019
3.11
3.09962
3.08923
3.07885
3.06847
3.05805
3.04765
3.03714
3.02651
3.01598
3.00543
2.99486
2.98427
2.97368
2.96313
2.95275
2.94272
2.9321
2.92129
2.91058
2.90003
2.88944
2.87888
2.86835
2.8578
2.84705
2.83656
2.82615
2.81577
2.80544
2.79512
2.78484
2.77461
2.76483
2.75455
2.74444
2.73447
2.72455
2.71475
2.705
2.69531
2.68577
2.67631
2.66698
2.65779
2.64867
2.63967
2.63076
2.62199
2.61339
2.60493
2.59662
2.58847
2.58052
2.57288
2.5652
2.55768
2.55039
2.5433
2.53639
2.52968
2.52317
2.51688
2.51082
2.50494
2.49909
2.49363
2.48844
2.48344
2.479
2.47434
2.47001
2.46598
2.46213
2.45849
2.45512
2.45195
2.44881
2.44609
2.44357
2.44119
2.4392
2.43722
2.43549
2.43395
2.43257
2.43136
2.43031
2.42938
2.42859
2.42792
2.42735
2.42681
2.4264
2.42606
2.42576
2.4255
2.42526
2.42503
2.42481
2.42454
2.4243
2.42398
2.42358
2.42323
2.42267
2.42217
2.42162
2.42101
2.42052
2.41982
2.41923
2.41868
2.41819
2.41779
2.41754
2.41745
2.41752
2.41789
2.41854
2.41952
2.42088
2.4227
2.42502
2.42786
2.43148
2.43587
2.44106
2.44711
2.45404
2.46192
2.47074
2.48057
2.49136
2.50297
2.5156
2.52909
2.54333
2.55826
2.57378
2.58983
2.60636
2.62323
2.64042
2.65788
2.67557
2.69345
2.71149
2.72961
2.74783
2.76609
2.78437
2.80261
2.8208
2.83892
2.85694
2.87487
2.89266
2.91032
2.92778
2.94507
2.96215
2.97898
2.99549
3.01161
3.02727
3.04241
3.05696
3.07089
3.0842
3.09686
3.10889
3.12028
3.13106
3.14124
3.15083
3.15985
3.16832
3.17625
3.18365
3.19055
3.19696
3.20289
3.20835
3.21336
3.21792
3.22205
3.22577
3.22907
3.23197
3.23448
3.2366
3.23834
3.23971
3.24071
3.24135
3.24164
3.24157
3.24115
3.24039
3.23929
3.23785
3.23609
3.23399
3.23157
3.22882
3.22575
3.22236
3.21865
3.21462
3.21026
3.20558
3.20057
3.19522
3.18953
3.18356
3.17728
3.17069
3.16379
3.15658
3.14906
3.14124
3.1331
3.12467
3.11594
3.10692
3.09762
3.08803
3.07817
3.06805
3.05768
3.04706
3.03621
3.02513
3.01383
3.00234
2.99065
2.97879
2.96677
2.9546
2.9423
2.92988
2.91736
2.90474
2.8921
2.87937
2.86658
2.85374
2.84086
2.82796
2.81505
2.80214
2.78924
2.77638
2.76355
2.75078
2.73806
2.72541
2.71284
2.70035
2.68796
2.67566
2.66348
2.6514
2.63944
2.6276
2.61589
2.6043
2.59285
2.58153
2.57033
2.55928
2.54835
2.53754
2.52687
2.51631
2.50586
2.49552
2.48528
2.47512
2.46505
2.45505
2.44512
2.43523
2.42539
2.41558
2.40579
2.39602
2.38624
2.37642
2.36653
2.35666
2.3469
2.33711
2.32672
2.3155
2.30499
3.3095
3.29724
3.28403
3.27095
3.25786
3.24474
3.23161
3.21844
3.20525
3.19207
3.17881
3.16558
3.15234
3.1391
3.12586
3.11263
3.09945
3.0864
3.07481
3.06138
3.0474
3.03422
3.02117
3.00817
2.9952
2.9823
2.96942
2.95662
2.9439
2.93139
2.91939
2.90931
2.8971
2.8842
2.87164
2.85948
2.84745
2.83551
2.82369
2.81206
2.80053
2.78913
2.77787
2.76673
2.75571
2.74485
2.73416
2.72367
2.71329
2.70293
2.69287
2.68301
2.67336
2.66389
2.65461
2.64554
2.63666
2.62799
2.61953
2.6113
2.60349
2.59561
2.58736
2.57999
2.57295
2.56607
2.55936
2.55294
2.54679
2.54085
2.53517
2.52983
2.5246
2.51915
2.51441
2.50992
2.50566
2.50163
2.49781
2.49424
2.49087
2.48761
2.48464
2.48188
2.4793
2.4769
2.47467
2.47258
2.47064
2.46886
2.46717
2.46546
2.46399
2.4626
2.46128
2.46001
2.45878
2.45755
2.45632
2.45515
2.45389
2.45257
2.45121
2.44977
2.44823
2.4466
2.44485
2.44306
2.44102
2.43894
2.43675
2.43444
2.43217
2.42966
2.42717
2.42469
2.42223
2.41987
2.41776
2.4157
2.41404
2.41275
2.41193
2.41175
2.41225
2.41354
2.41579
2.41905
2.42339
2.42888
2.4356
2.44345
2.4525
2.46273
2.4741
2.48659
2.5003
2.51529
2.53152
2.54917
2.56812
2.58845
2.61004
2.63275
2.65643
2.68094
2.70613
2.73183
2.75781
2.78407
2.8103
2.83643
2.86231
2.88779
2.91284
2.93737
2.96136
2.98476
3.0076
3.02989
3.05162
3.07282
3.09348
3.11363
3.13327
3.15242
3.17103
3.18912
3.20664
3.22353
3.23971
3.25511
3.26968
3.28339
3.29623
3.30822
3.31938
3.32973
3.33929
3.3481
3.35618
3.36357
3.37028
3.37635
3.38179
3.38664
3.3909
3.39461
3.39777
3.4004
3.40253
3.40415
3.4053
3.40599
3.40622
3.40601
3.40536
3.40429
3.40279
3.40088
3.39854
3.39578
3.3926
3.38905
3.38513
3.38083
3.37615
3.3711
3.36566
3.35986
3.35367
3.34712
3.34018
3.33288
3.32522
3.31721
3.30885
3.30014
3.29103
3.28155
3.2717
3.2615
3.25096
3.24008
3.22887
3.21733
3.20549
3.19336
3.18094
3.16824
3.1553
3.14211
3.12871
3.1151
3.1013
3.08734
3.07323
3.05901
3.04468
3.03028
3.01582
3.00134
2.98685
2.97237
2.95794
2.94357
2.92931
2.91509
2.90104
2.88716
2.87348
2.86
2.84674
2.83372
2.82097
2.8085
2.79631
2.78436
2.77268
2.76125
2.75009
2.7392
2.72856
2.71819
2.70807
2.69819
2.68856
2.67916
2.66997
2.66099
2.65221
2.6436
2.63514
2.62683
2.61864
2.61056
2.60255
2.59462
2.58672
2.57885
2.57098
2.56309
2.55517
2.54719
2.53915
2.53102
2.5228
2.51447
2.50602
2.49746
2.48877
2.47997
2.47101
2.46189
2.45268
2.44354
2.43444
2.42478
2.41396
2.40316
)
;

boundaryField
{
    Inlet
    {
        type            fixedFluxPressure;
        gradient        nonuniform 0();
        value           nonuniform 0();
    }
    BotOutlet1
    {
        type            totalPressure;
        rho             rho;
        psi             none;
        gamma           1;
        p0              nonuniform 0();
        value           nonuniform 0();
    }
    BotOutlet2
    {
        type            totalPressure;
        rho             rho;
        psi             none;
        gamma           1;
        p0              nonuniform 0();
        value           nonuniform 0();
    }
    TopInlet
    {
        type            fixedFluxPressure;
        gradient        nonuniform 0();
        value           nonuniform 0();
    }
    FreeStream
    {
        type            fixedFluxPressure;
        gradient        nonuniform List<scalar> 
20
(
-42.6338
-87.6768
-126.768
-158.23
-181.221
-196.605
-205.84
-210.618
-212.039
-210.554
-206.223
-199.133
-189.719
-178.519
-166.016
-152.357
-137.808
-123.87
-113.191
-111.956
)
;
        value           nonuniform List<scalar> 
20
(
0.945086
1.04726
1.14938
1.24767
1.33982
1.42434
1.50112
1.57076
1.63453
1.69393
1.75061
1.80627
1.86253
1.92109
1.98354
2.05155
2.1266
2.2098
2.30195
2.40016
)
;
    }
    FrontNBack
    {
        type            empty;
    }
    LeftSide
    {
        type            zeroGradient;
    }
    procBoundary1to0
    {
        type            processor;
        value           nonuniform List<scalar> 
400
(
31.4397
31.4697
31.4993
31.527
31.5541
31.5815
31.6095
31.6378
31.6667
31.696
31.726
31.7568
31.7886
31.8226
31.8633
31.9203
31.9822
32.0171
32.0579
31.8166
31.0987
30.2741
30.6723
17.7596
4.25909
-0.537734
3.04842
4.49303
3.88723
3.7231
3.64802
3.6591
3.69971
3.18031
3.29609
3.34068
3.33588
3.30467
3.32759
3.32276
3.24008
3.38153
3.38615
3.29575
3.31717
3.31714
3.31443
3.3145
3.31553
3.31653
3.3196
3.32067
3.32148
3.32191
3.32152
3.32108
3.32075
3.32054
3.32014
3.31952
3.31867
3.31762
3.31637
3.31493
3.31328
3.31142
3.30935
3.30707
3.30457
3.30185
3.29892
3.29578
3.29241
3.28883
3.28503
3.28101
3.27677
3.27232
3.26764
3.26275
3.25763
3.2523
3.24675
3.24099
3.23501
3.22882
3.22241
3.21579
3.20897
3.20193
3.19469
3.18725
3.17961
3.17176
3.16372
3.1555
3.14708
3.13846
3.12963
3.12065
3.11371
3.10883
3.10389
3.09886
3.09376
3.08858
3.08332
3.07798
3.07256
3.06707
3.06149
3.05583
3.0501
3.04428
3.03838
3.03241
3.02635
3.02021
3.01398
3.00768
3.0013
2.99483
2.98829
2.98166
2.97495
2.96816
2.9613
2.95435
2.94732
2.94021
2.93302
2.92576
2.91841
2.91099
2.90349
2.89591
2.88826
2.88053
2.87273
2.86485
2.85691
2.84888
2.84079
2.83263
2.8244
2.8161
2.80774
2.7993
2.79081
2.78225
2.77363
2.76495
2.75621
2.74742
2.73857
2.72967
2.72071
2.71171
2.70265
2.69356
2.68441
2.67523
2.666
2.65674
2.64744
2.63811
2.62875
2.61936
2.60995
2.60051
2.59105
2.58157
2.57208
2.56258
2.55306
2.54354
2.53401
2.52449
2.51496
2.50544
2.49593
2.48643
2.47694
2.46747
2.45802
2.44859
2.43919
2.42982
2.42048
2.41117
2.40191
2.39268
2.38351
2.37438
2.3653
2.35627
2.3473
2.3384
2.32955
2.32077
2.31206
2.30343
2.29486
2.28637
2.27796
2.26964
2.2614
2.25324
2.24517
2.23719
2.22931
2.22151
2.21382
2.20622
2.19872
2.19132
2.18402
2.17682
2.16973
2.16273
2.15585
2.14906
2.14238
2.13581
2.12933
2.12297
2.1167
2.11054
2.10448
2.09852
2.09265
2.08689
2.08122
2.07565
2.07017
2.06478
2.05948
2.05426
2.04913
2.04408
2.0391
2.0342
2.02937
2.02461
2.01991
2.01528
2.0107
2.00618
2.0017
1.99727
1.99288
1.98853
1.98421
1.97992
1.97565
1.9714
1.96717
1.96295
1.95873
1.95451
1.95029
1.94606
1.94182
1.93756
1.93327
1.92896
1.92462
1.92024
1.91581
1.91134
1.90683
1.90225
1.89762
1.89292
1.88816
1.88332
1.87841
1.87341
1.86833
1.86317
1.85791
1.85255
1.84709
1.84153
1.83587
1.83009
1.8242
1.81819
1.81206
1.80581
1.79943
1.79293
1.7863
1.77953
1.77263
1.7656
1.75843
1.75111
1.74366
1.73607
1.72833
1.72045
1.71242
1.70424
1.69592
1.68746
1.67884
1.67008
1.66118
1.65212
1.64293
1.63358
1.6241
1.61447
1.6047
1.5948
1.58476
1.57458
1.56427
1.55384
1.54328
1.53259
1.52178
1.51086
1.49983
1.48868
1.47743
1.46608
1.45463
1.44309
1.43146
1.41975
1.40795
1.39609
1.38416
1.37216
1.36011
1.34801
1.33587
1.32369
1.31148
1.29925
1.287
1.27474
1.26249
1.25025
1.23802
1.22582
1.21366
1.20154
1.18948
1.17748
1.16556
1.15372
1.14198
1.13034
1.11883
1.10744
1.09619
1.08509
1.07416
1.0634
1.05282
1.04244
1.03227
1.02232
1.0126
1.00312
0.99389
0.984925
0.976232
0.96782
0.959699
0.951874
0.944354
0.937142
0.930243
0.923661
0.917398
0.911455
0.905832
0.900527
0.895536
0.890853
0.886469
0.882374
0.878552
0.874987
0.871664
0.868562
0.865651
0.862894
0.860272
0.857812
0.855518
0.853197
0.850481
0.847508
0.845638
0.846296
)
;
    }
    procBoundary1to2
    {
        type            processor;
        value           nonuniform List<scalar> 
400
(
67.0193
66.96
66.8813
66.7793
66.6485
66.4876
66.2973
66.0789
65.8355
65.5722
65.2923
64.9979
64.6801
64.304
63.9395
63.4311
62.5591
61.4825
60.4627
53.8153
44.2392
37.2551
30.1226
23.6288
17.4693
12.0692
7.93931
5.80402
5.48321
5.61042
5.46559
5.03496
4.55639
4.25753
4.13856
4.08717
4.05071
4.02287
4.00563
3.99573
3.98923
3.9842
3.98
3.97663
3.97408
3.97225
3.97102
3.97031
3.97006
3.97029
3.97096
3.9721
3.97367
3.97567
3.97804
3.98074
3.98372
3.98686
3.99011
3.99346
3.99657
3.99939
4.00185
4.00377
4.00505
4.00557
4.00536
4.00428
4.00204
3.99876
3.99443
3.98877
3.98251
3.97467
3.96528
3.95493
3.94344
3.93076
3.91698
3.9022
3.88639
3.86954
3.85168
3.83287
3.81311
3.7924
3.7708
3.74835
3.72511
3.70117
3.67657
3.65134
3.62555
3.59924
3.57255
3.54528
3.51774
3.4899
3.46183
3.4336
3.41194
3.39687
3.38175
3.36649
3.35112
3.33566
3.32013
3.30454
3.28888
3.27317
3.2574
3.2416
3.22577
3.20992
3.19404
3.17817
3.16233
3.1474
3.13113
3.11516
3.09932
3.08355
3.06781
3.05213
3.0365
3.02094
3.00544
2.99003
2.97483
2.95997
2.94824
2.93249
2.91488
2.89995
2.88534
2.87087
2.85653
2.84233
2.82846
2.81514
2.80269
2.78869
2.7722
2.75832
2.74511
2.73254
2.71993
2.7075
2.69541
2.68351
2.67188
2.66048
2.64934
2.63844
2.62779
2.61742
2.60731
2.59747
2.5879
2.57863
2.56976
2.56088
2.55185
2.54368
2.53585
2.52832
2.52108
2.51415
2.50751
2.50116
2.49511
2.4894
2.4844
2.47931
2.47444
2.4699
2.46569
2.46172
2.45807
2.45469
2.45162
2.4488
2.44624
2.44402
2.44195
2.43993
2.43837
2.43718
2.43604
2.4351
2.43438
2.43389
2.43353
2.43334
2.43349
2.43361
2.43365
2.43399
2.43443
2.43496
2.43555
2.43621
2.43702
2.43779
2.43845
2.43928
2.44011
2.44084
2.44189
2.44276
2.44362
2.44456
2.44553
2.44655
2.44764
2.44897
2.45023
2.45179
2.45347
2.45546
2.45774
2.46041
2.46354
2.46716
2.47141
2.47635
2.48201
2.4886
2.49615
2.50475
2.51449
2.52562
2.5379
2.55167
2.567
2.58398
2.6027
2.62321
2.64557
2.66954
2.69495
2.72159
2.74928
2.77799
2.8075
2.8376
2.86828
2.89941
2.93083
2.96242
2.99396
3.02523
3.05614
3.08648
3.11609
3.14487
3.17271
3.19951
3.22516
3.24977
3.27329
3.29574
3.31718
3.3377
3.35737
3.37626
3.3944
3.41187
3.42856
3.44457
3.45981
3.47421
3.4877
3.50023
3.51177
3.52231
3.53186
3.54046
3.54813
3.55493
3.56089
3.56604
3.57043
3.57409
3.57704
3.57931
3.58093
3.58191
3.58227
3.58201
3.58113
3.5799
3.57818
3.57595
3.57321
3.56998
3.56625
3.56204
3.55735
3.5522
3.5466
3.54055
3.53406
3.52708
3.51963
3.51171
3.50333
3.4945
3.48521
3.47547
3.46527
3.45463
3.44354
3.432
3.42003
3.40762
3.39478
3.38152
3.36785
3.35377
3.33928
3.32442
3.30918
3.29359
3.27766
3.26142
3.24489
3.2281
3.21107
3.19382
3.1764
3.15884
3.14116
3.1234
3.10561
3.08782
3.07007
3.05239
3.03484
3.01744
3.00024
2.98328
2.96659
2.95022
2.93419
2.91854
2.90329
2.88849
2.87414
2.86027
2.8469
2.83404
2.82172
2.80995
2.79868
2.78792
2.77773
2.76818
2.75924
2.75082
2.74289
2.73545
2.72847
2.72193
2.71581
2.71007
2.70468
2.6996
2.69481
2.69027
2.68593
2.68177
2.67774
2.6738
2.66992
2.66604
2.66215
2.65819
2.65412
2.64991
2.64553
2.64094
2.63612
2.63102
2.62564
2.61994
2.61392
2.60755
2.60083
2.59376
2.58635
2.57862
2.57055
2.56212
2.55341
2.54468
2.53602
2.52683
2.51602
2.50433
)
;
    }
}


// ************************************************************************* //
