/*--------------------------------*- C++ -*----------------------------------*\
| =========                 |                                                 |
| \\      /  F ield         | OpenFOAM: The Open Source CFD Toolbox           |
|  \\    /   O peration     | Version:  2.4.0                                 |
|   \\  /    A nd           | Web:      www.OpenFOAM.org                      |
|    \\/     M anipulation  |                                                 |
\*---------------------------------------------------------------------------*/
FoamFile
{
    version     2.0;
    format      ascii;
    class       volScalarField;
    location    "4.8";
    object      H;
}
// * * * * * * * * * * * * * * * * * * * * * * * * * * * * * * * * * * * * * //

dimensions      [0 2 -2 0 0 0 0];

internalField   nonuniform List<scalar> 
8000
(
-11241
-9276.01
-7351.19
-5502.66
-3762.39
-2116.01
-49.2555
-2.75098
-3.37898
-2.926
-2.99334
-2.83865
-2.80631
-2.81402
-2.81631
-2.80944
-2.79086
-2.75846
-2.71122
-2.64978
-2.57596
-2.49183
-2.399
-2.29883
-2.19264
-2.08178
-1.96774
-1.85211
-1.73656
-1.62263
-1.51168
-1.4048
-1.30279
-1.2062
-1.11537
-1.03054
-0.951798
-0.879153
-0.812497
-0.751625
-0.696245
-0.645979
-0.600378
-0.559189
-0.522137
-0.488595
-0.457947
-0.429613
-0.403061
-0.377826
-11474
-9965.61
-8467.16
-6983.8
-5520.42
-4078.32
-2648.98
-1343.56
-9.77281
-5.7089
-3.60173
-0.704227
-1.3485
-1.45209
-1.74668
-1.9536
-2.14159
-2.28144
-2.3725
-2.43077
-2.46735
-2.48702
-2.49224
-2.48457
-2.46545
-2.4364
-2.39903
-2.355
-2.30601
-2.25328
-2.19744
-2.13867
-2.07707
-2.01291
-1.94676
-1.87931
-1.81128
-1.74329
-1.67588
-1.60953
-1.54463
-1.48152
-1.42043
-1.36153
-1.30488
-1.25039
-1.19789
-1.14708
-1.09752
-1.0487
-11710.9
-10681.7
-9675.3
-8699.39
-7755.86
-6840.93
-5943.28
-5039.4
-4095.2
-3071.65
-1930.69
-697.112
-373.965
-4.20227
-1.25397
-1.52649
-1.90045
-2.29358
-0.396246
-0.178353
-0.417939
-0.654561
-0.889637
-1.10571
-1.29457
-1.45316
-1.58253
-1.68127
-1.75857
-1.82069
-1.87022
-1.90827
-1.93544
-1.95229
-1.9599
-1.95949
-1.95213
-1.93878
-1.92027
-1.89736
-1.8707
-1.84092
-1.80855
-1.77404
-1.73773
-1.69991
-1.66076
-1.62037
-1.57876
-1.53585
-11881.2
-11191
-10519.2
-9871.63
-9250.26
-8654.04
-8079.99
-7523.82
-6980.63
-6445.47
-5913.92
-5382.33
-4846.41
-4295.6
-3716.6
-3096.13
-2419.63
-1678.35
-889.778
-228.635
-2.5869
-0.524658
-0.308963
-0.111946
-0.107331
-0.0784892
-0.204133
-0.316525
-0.452806
-0.608515
-0.768415
-0.917674
-1.0406
-1.14083
-1.22831
-1.3078
-1.38113
-1.44594
-1.50083
-1.54565
-1.58119
-1.60848
-1.62839
-1.6416
-1.64875
-1.6504
-1.64701
-1.63895
-1.62648
-1.60982
-11977.9
-11476.5
-10982.6
-10498.8
-10026.5
-9565.77
-9115.97
-8675.81
-8243.75
-7818.07
-7397.04
-6978.91
-6561.9
-6144.26
-5724.32
-5300.56
-4871.53
-4435.75
-3991.42
-3535.74
-3063.24
-2565.02
-2031.21
-1454.72
-844.792
-279.961
-2.46753
-0.0910965
-0.0459009
-0.0383118
-0.0325034
-0.136727
-0.226546
-0.327841
-0.443772
-0.565901
-0.67126
-0.760534
-0.84334
-0.921692
-0.995907
-1.06484
-1.12727
-1.18318
-1.2328
-1.27614
-1.3132
-1.34402
-1.36871
-1.38739
-12009.8
-11569.9
-11131.1
-10694.1
-10259.5
-9827.9
-9399.85
-8975.85
-8556.45
-8142.16
-7733.49
-7330.82
-6934.47
-6544.54
-6160.93
-5783.32
-5411.12
-5043.49
-4679.43
-4317.79
-3957.39
-3596.94
-3235.27
-2871.41
-2504.65
-2134.25
-1758.98
-1376.28
-984.018
-593.326
-243.334
-2.08934
-0.0486873
-0.0236105
-0.0172836
-0.00216614
-0.0983583
-0.190114
-0.283209
-0.370313
-0.444078
-0.510519
-0.57765
-0.646204
-0.715129
-0.782465
-0.846692
-0.906705
-0.961696
-1.01104
-12009.7
-11568.6
-11126.1
-10682.3
-10237.4
-9792.27
-9348.13
-8906.39
-8468.71
-8036.82
-7612.46
-7197.28
-6792.76
-6400.13
-6020.3
-5653.83
-5300.98
-4961.66
-4635.53
-4321.94
-4019.96
-3728.43
-3446.05
-3171.36
-2903.16
-2639.69
-2379.26
-2120.42
-1861.93
-1602.77
-1342.16
-1079.53
-813.666
-542.735
-264.024
-1.95572
-0.0345634
-0.014373
-0.00931558
-0.00155622
-0.0513968
-0.110988
-0.176978
-0.242348
-0.302406
-0.362219
-0.423092
-0.485038
-0.546881
-0.607262
-11996.5
-11528.6
-11058.8
-10586.7
-10112.7
-9637.83
-9163.62
-8691.99
-8225.13
-7765.38
-7315.06
-6876.45
-6451.59
-6042.28
-5649.94
-5275.66
-4920.1
-4583.55
-4265.9
-3966.71
-3685.21
-3420.39
-3171
-2935.61
-2712.69
-2500.66
-2298.01
-2103.33
-1915.24
-1732.34
-1553.1
-1376.9
-1203.21
-1030.93
-859.623
-689.252
-519.311
-348.195
-171.806
-7.92016
-0.072267
-0.0072799
-0.00461455
-0.030539
-0.0662124
-0.106989
-0.149449
-0.191528
-0.235451
-0.282162
-11980.1
-11479.6
-10977.5
-10473.5
-9968.24
-9462.95
-8959.34
-8459.55
-7965.97
-7481.15
-7007.65
-6547.9
-6104.14
-5678.32
-5272.01
-4886.42
-4522.34
-4180.14
-3859.83
-3561.07
-3283.2
-3025.31
-2786.3
-2564.9
-2359.73
-2169.37
-1992.37
-1827.27
-1672.67
-1527.22
-1389.61
-1258.54
-1132.68
-1011.44
-894.588
-781.39
-671.376
-564.225
-459.795
-358.352
-260.925
-168.068
-79.9531
-0.60121
-0.0111373
-0.0022476
-0.000448138
-0.0364859
-0.0691603
-0.0995274
-11964.9
-11434.2
-10902.5
-10369.9
-9837.33
-9306.2
-8778.48
-8256.46
-7742.67
-7239.7
-6750.14
-6276.42
-5820.7
-5384.86
-4970.4
-4578.4
-4209.55
-3864.15
-3542.12
-3243.05
-2966.25
-2710.81
-2475.63
-2259.47
-2061.03
-1878.93
-1711.82
-1558.36
-1417.23
-1287.21
-1167.12
-1055.89
-952.505
-856.073
-765.784
-680.922
-600.87
-525.101
-453.178
-384.728
-319.366
-256.867
-197.661
-142.1
-90.7114
-43.2873
-0.302415
-0.0103381
-0.00753457
-0.0216184
-11955.7
-11407.1
-10858.6
-10311.1
-9765.77
-9224.32
-8688.75
-8161.31
-7644.34
-7140.2
-6651.17
-6179.33
-5726.52
-5294.25
-4883.71
-4495.7
-4130.7
-3788.81
-3469.84
-3173.32
-2898.56
-2644.66
-2410.6
-2195.25
-1997.42
-1815.9
-1649.46
-1496.92
-1357.13
-1229
-1111.48
-1003.63
-904.542
-813.407
-729.478
-652.077
-580.593
-514.475
-453.228
-396.404
-343.589
-294.386
-248.385
-205.131
-164.077
-124.598
-86.4902
-51.5464
-22.9278
-0.168062
-11956.7
-11410.5
-10865.9
-10324.3
-9787.18
-9256.31
-8733.59
-8220.98
-7720.4
-7233.75
-6762.74
-6308.92
-5873.6
-5457.81
-5062.32
-4687.61
-4333.89
-4001.13
-3689.04
-3397.17
-3124.88
-2871.41
-2635.9
-2417.42
-2215.01
-2027.68
-1854.45
-1694.36
-1546.48
-1409.92
-1283.82
-1167.37
-1059.83
-960.484
-868.668
-783.762
-705.19
-632.409
-564.912
-502.226
-443.904
-389.527
-338.696
-291.029
-246.139
-203.615
-162.961
-123.523
-84.5032
-46.0714
-11967.2
-11442.3
-10920
-10401.9
-9889.7
-9385.17
-8889.98
-8405.71
-7933.89
-7475.87
-7032.84
-6605.81
-6195.59
-5802.77
-5427.74
-5070.68
-4731.6
-4410.33
-4106.56
-3819.86
-3549.7
-3295.47
-3056.51
-2832.11
-2621.58
-2424.18
-2239.2
-2065.95
-1903.74
-1751.94
-1609.91
-1477.07
-1352.83
-1236.67
-1128.07
-1026.53
-931.594
-842.8
-759.719
-681.933
-609.039
-540.651
-476.401
-415.942
-358.959
-305.181
-254.39
-206.42
-161.113
-118.229
-11984
-11492.9
-11004.9
-10521.8
-10045.2
-9576.6
-9117.48
-8669.02
-8232.3
-7808.19
-7397.43
-7000.58
-6618.04
-6250.06
-5896.74
-5558.07
-5233.91
-4924.03
-4628.14
-4345.87
-4076.8
-3820.5
-3576.5
-3344.32
-3123.51
-2913.59
-2714.13
-2524.68
-2344.83
-2174.19
-2012.37
-1859
-1713.72
-1576.2
-1446.09
-1323.05
-1206.74
-1096.84
-992.986
-894.844
-802.054
-714.252
-631.069
-552.134
-477.088
-405.603
-337.415
-272.362
-210.43
-151.768
-12003.3
-11550.8
-11101.3
-10656.5
-10217.6
-9786.19
-9363.18
-8949.52
-8545.97
-8153.09
-7771.33
-7400.96
-7042.18
-6695.03
-6359.49
-6035.45
-5722.74
-5421.15
-5130.42
-4850.26
-4580.39
-4320.51
-4070.34
-3829.58
-3597.97
-3375.27
-3161.23
-2955.65
-2758.33
-2569.09
-2387.74
-2214.12
-2048.06
-1889.38
-1737.89
-1593.41
-1455.7
-1324.52
-1199.6
-1080.62
-967.24
-859.065
-755.673
-656.613
-561.427
-469.691
-381.085
-295.484
-213.07
-134.354
-12019.9
-11600.6
-11183.8
-10770.9
-10363.1
-9961.48
-9566.83
-9179.86
-8801.1
-8430.96
-8069.72
-7717.58
-7374.62
-7040.86
-6716.25
-6400.69
-6094.05
-5796.15
-5506.82
-5225.86
-4953.1
-4688.34
-4431.44
-4182.25
-3940.65
-3706.54
-3479.84
-3260.51
-3048.51
-2843.8
-2646.37
-2456.18
-2273.22
-2097.44
-1928.75
-1767.06
-1612.2
-1463.99
-1322.16
-1186.39
-1056.29
-931.404
-811.213
-695.13
-582.518
-472.719
-365.092
-259.11
-154.551
-51.7101
-12028.7
-11626.6
-11226.4
-10829
-10435.6
-10047.1
-9664.24
-9287.82
-8918.39
-8556.43
-8202.27
-7856.14
-7518.14
-7188.3
-6866.59
-6552.88
-6247.04
-5948.9
-5658.27
-5374.99
-5098.88
-4829.8
-4567.65
-4312.33
-4063.79
-3822.03
-3587.04
-3358.88
-3137.6
-2923.28
-2715.99
-2515.83
-2322.84
-2137.07
-1958.51
-1787.09
-1622.7
-1465.12
-1314.06
-1169.14
-1029.88
-895.732
-766.071
-640.251
-517.647
-398.214
-282.172
-170.511
-65.0341
-0.470984
-12021.7
-11605.7
-11191.4
-10780.5
-10374.3
-9974.22
-9581.44
-9196.84
-8821.09
-8454.59
-8097.54
-7749.93
-7411.65
-7082.45
-6762.03
-6450.05
-6146.16
-5850.02
-5561.3
-5279.74
-5005.09
-4737.18
-4475.86
-4221.07
-3972.77
-3731
-3495.82
-3267.34
-3045.67
-2830.96
-2623.37
-2423.04
-2230.09
-2044.63
-1866.67
-1696.18
-1533.01
-1376.9
-1227.48
-1084.24
-946.509
-813.513
-684.313
-557.779
-432.448
-306.185
-175.545
-35.044
-0.265833
-0.300591
-11981.9
-11487.8
-11000.6
-10525
-10064
-9619.61
-9192.67
-8783.16
-8390.47
-8013.71
-7651.79
-7303.54
-6967.83
-6643.59
-6329.83
-6025.69
-5730.4
-5443.31
-5163.88
-4891.7
-4626.42
-4367.81
-4115.72
-3870.09
-3630.91
-3398.24
-3172.19
-2952.89
-2740.51
-2535.22
-2337.23
-2146.78
-1964.09
-1789.31
-1622.51
-1463.64
-1312.52
-1168.83
-1032.04
-901.454
-776.183
-655.137
-537.055
-420.498
-304.11
-187.35
-66.5371
-0.539487
-0.501667
-0.388204
-11774.4
-11012.4
-10355.9
-9776.69
-9256.08
-8780.98
-8342.05
-7932.44
-7547.01
-7181.83
-6833.86
-6500.71
-6180.49
-5871.69
-5573.1
-5283.77
-5002.93
-4729.99
-4464.5
-4206.12
-3954.65
-3709.94
-3471.96
-3240.73
-3016.36
-2798.96
-2588.7
-2385.74
-2190.16
-2001.9
-1820.87
-1649.06
-1486.64
-1333.77
-1190.47
-1056.66
-932.151
-816.659
-709.79
-611.073
-519.98
-435.951
-358.419
-286.83
-220.653
-159.376
-102.481
-49.4324
-0.308378
-0.297907
-0.353517
-0.329829
-0.306541
-0.283833
-0.261945
-0.241025
-0.221166
-0.202435
-0.184886
-0.168164
-0.151898
-0.136052
-0.120765
-0.106237
-0.0926705
-0.0802233
-0.068998
-0.0590365
-0.0503262
-0.0428102
-0.0364022
-0.0310026
-0.0265071
-0.0228097
-0.0198059
-0.0173946
-0.01548
-0.0139735
-0.0127956
-0.011877
-0.0111583
-0.0105906
-0.0101343
-0.00975788
-0.00943733
-0.00915439
-0.00889566
-0.00865161
-0.00841568
-0.00818362
-0.00795287
-0.00772212
-0.00749092
-0.00725942
-0.00702818
-0.00679794
-0.00656957
-0.00634396
-0.006122
-0.00590447
-1.00005
-0.95093
-0.900724
-0.848868
-0.794899
-0.73852
-0.679649
-0.618469
-0.555458
-0.49187
-0.430649
-0.373253
-0.320489
-0.272836
-0.230499
-0.193459
-0.161522
-0.134367
-0.111584
-0.0925853
-0.076639
-0.0632587
-0.0521008
-0.0428935
-0.0353968
-0.0293829
-0.0246314
-0.0209323
-0.0180909
-0.0159326
-0.0143066
-0.0130876
-0.0121739
-0.0114854
-0.0109594
-0.0105482
-0.0102155
-0.0099348
-0.00968652
-0.00945693
-0.00923659
-0.00901925
-0.00880105
-0.00857985
-0.00835472
-0.00812554
-0.00789281
-0.00765732
-0.0074201
-0.00718224
-1.49147
-1.44541
-1.39738
-1.34707
-1.29419
-1.23844
-1.17961
-1.11757
-1.0523
-0.983941
-0.912766
-0.839171
-0.763671
-0.686921
-0.60974
-0.533116
-0.458186
-0.387043
-0.321916
-0.263596
-0.212763
-0.169555
-0.133682
-0.104549
-0.0813737
-0.0632904
-0.0494318
-0.0389856
-0.0312278
-0.0255364
-0.021362
-0.0183066
-0.0160785
-0.0144612
-0.0132918
-0.0124473
-0.0118349
-0.0113845
-0.0110442
-0.010776
-0.0105524
-0.0103543
-0.0101683
-0.00998568
-0.0098006
-0.00960966
-0.00941101
-0.00920392
-0.00898847
-0.00876528
-1.58908
-1.56429
-1.53545
-1.50249
-1.46532
-1.42379
-1.3778
-1.32723
-1.27201
-1.21218
-1.14785
-1.07928
-1.00686
-0.931197
-0.853048
-0.773375
-0.693298
-0.614058
-0.53692
-0.463074
-0.393572
-0.329288
-0.271763
-0.221778
-0.179028
-0.14304
-0.113229
-0.0889365
-0.0694738
-0.0541557
-0.0423625
-0.0334697
-0.026894
-0.0221205
-0.0187151
-0.0163243
-0.01467
-0.0135391
-0.0127723
-0.0122507
-0.0118888
-0.01163
-0.0114359
-0.0112801
-0.0111446
-0.0110166
-0.0108878
-0.0107524
-0.0106071
-0.0104498
-1.40019
-1.40719
-1.40849
-1.40411
-1.39411
-1.37847
-1.3572
-1.33027
-1.29768
-1.25953
-1.21573
-1.16652
-1.11218
-1.05304
-0.989622
-0.922554
-0.852631
-0.780771
-0.707992
-0.635373
-0.564008
-0.494969
-0.429253
-0.367699
-0.310944
-0.259425
-0.21339
-0.173563
-0.139972
-0.112047
-0.0891691
-0.0707019
-0.0560163
-0.044513
-0.0356401
-0.0289037
-0.023873
-0.0201808
-0.0175205
-0.0156439
-0.0143517
-0.0134833
-0.0129135
-0.0125479
-0.0123173
-0.0121721
-0.0120773
-0.0120093
-0.0119519
-0.011894
-1.05434
-1.09136
-1.12199
-1.14623
-1.16406
-1.17551
-1.18059
-1.17934
-1.17182
-1.15797
-1.13788
-1.11163
-1.07947
-1.04161
-0.998376
-0.950192
-0.897606
-0.841277
-0.781968
-0.72053
-0.657883
-0.594978
-0.532769
-0.472171
-0.414029
-0.359089
-0.307977
-0.261184
-0.219019
-0.181601
-0.148893
-0.120866
-0.0976113
-0.0785593
-0.0631483
-0.0508417
-0.0411417
-0.033598
-0.0278128
-0.0234404
-0.0201867
-0.0178062
-0.0160974
-0.0148978
-0.0140782
-0.0135373
-0.0131966
-0.0129961
-0.0128903
-0.0128462
-0.664981
-0.71902
-0.768591
-0.813156
-0.852353
-0.88592
-0.913688
-0.935518
-0.95129
-0.960891
-0.964315
-0.961577
-0.952729
-0.937881
-0.917219
-0.891018
-0.859634
-0.823512
-0.783187
-0.739275
-0.692462
-0.643494
-0.593148
-0.542216
-0.491477
-0.441675
-0.39349
-0.347525
-0.30428
-0.264145
-0.227401
-0.194214
-0.164642
-0.138618
-0.11598
-0.0965059
-0.0799295
-0.0659641
-0.0545468
-0.045291
-0.037851
-0.0319227
-0.0272425
-0.0235849
-0.0207585
-0.0186033
-0.0169859
-0.0157965
-0.0149442
-0.014355
-0.330922
-0.380804
-0.430999
-0.480559
-0.528367
-0.573389
-0.614838
-0.65208
-0.684654
-0.712247
-0.734608
-0.751564
-0.763007
-0.768911
-0.769321
-0.764355
-0.754201
-0.739119
-0.719436
-0.695549
-0.667913
-0.637037
-0.603474
-0.567807
-0.530634
-0.492553
-0.454147
-0.415968
-0.378521
-0.342255
-0.307554
-0.274728
-0.244012
-0.215565
-0.189476
-0.165771
-0.144425
-0.125369
-0.108504
-0.0936951
-0.0807813
-0.0695926
-0.0599565
-0.0517045
-0.0446765
-0.0387237
-0.0337099
-0.0295568
-0.0261685
-0.0234229
-0.130705
-0.164763
-0.201682
-0.240832
-0.281462
-0.322706
-0.363562
-0.403012
-0.440198
-0.47444
-0.505251
-0.532265
-0.555219
-0.573938
-0.588321
-0.59834
-0.604026
-0.605473
-0.602828
-0.596292
-0.586112
-0.572581
-0.556027
-0.536812
-0.515319
-0.491949
-0.467106
-0.441194
-0.414605
-0.387709
-0.360851
-0.334342
-0.308454
-0.283419
-0.259428
-0.236629
-0.215132
-0.195007
-0.176296
-0.159006
-0.143121
-0.128605
-0.115404
-0.103455
-0.0926862
-0.0830219
-0.0743859
-0.0667028
-0.059897
-0.053893
-0.036793
-0.0574069
-0.07853
-0.10113
-0.127254
-0.15601
-0.186389
-0.217636
-0.248988
-0.279698
-0.309128
-0.336778
-0.362252
-0.385244
-0.405514
-0.422897
-0.437287
-0.44864
-0.456953
-0.462273
-0.464686
-0.464312
-0.461305
-0.455846
-0.448138
-0.438402
-0.426873
-0.413794
-0.39941
-0.383967
-0.367704
-0.350851
-0.333623
-0.31622
-0.298823
-0.281593
-0.264671
-0.248175
-0.232206
-0.21684
-0.202141
-0.188151
-0.174901
-0.162407
-0.150677
-0.139711
-0.129503
-0.120047
-0.11134
-0.103387
-0.00693448
-0.0153927
-0.0276585
-0.0428169
-0.0571001
-0.0718094
-0.0891505
-0.108334
-0.128638
-0.149644
-0.170939
-0.192102
-0.21276
-0.232569
-0.251261
-0.2686
-0.284415
-0.298542
-0.310893
-0.321402
-0.330039
-0.336808
-0.341737
-0.344882
-0.346311
-0.346116
-0.344403
-0.341285
-0.336887
-0.331338
-0.324769
-0.317314
-0.309104
-0.300266
-0.290924
-0.281193
-0.271182
-0.260992
-0.250712
-0.240425
-0.230203
-0.22011
-0.2102
-0.200521
-0.191114
-0.182018
-0.173266
-0.164899
-0.156965
-0.149542
-13.722
-0.106592
-0.0612678
-0.0608203
-0.0658136
-0.0668676
-0.0710887
-0.0795766
-0.0889665
-0.0989516
-0.109508
-0.120565
-0.131965
-0.143519
-0.155082
-0.166482
-0.177547
-0.188124
-0.198094
-0.207347
-0.2158
-0.22339
-0.230071
-0.235819
-0.24062
-0.244482
-0.247422
-0.249466
-0.250646
-0.251008
-0.250601
-0.249477
-0.247691
-0.245303
-0.242371
-0.238955
-0.235114
-0.230904
-0.226381
-0.221596
-0.216597
-0.211431
-0.206141
-0.200766
-0.195345
-0.189916
-0.184516
-0.179189
-0.17399
-0.169001
-77.7388
-39.0204
-0.246689
-0.23167
-0.217417
-0.180637
-0.155745
-0.149035
-0.14428
-0.140477
-0.137643
-0.135837
-0.135039
-0.13519
-0.136187
-0.137903
-0.140202
-0.142948
-0.146012
-0.149274
-0.152632
-0.155996
-0.159289
-0.162455
-0.165431
-0.168185
-0.170689
-0.172914
-0.174844
-0.176469
-0.177783
-0.178787
-0.179494
-0.179882
-0.179966
-0.179775
-0.179326
-0.178631
-0.177708
-0.176572
-0.175242
-0.173732
-0.172063
-0.170247
-0.168304
-0.166254
-0.164117
-0.161915
-0.159679
-0.157452
-96.6388
-45.2843
-0.282324
-0.274401
-0.259201
-0.212025
-0.188321
-0.181327
-0.17499
-0.169064
-0.163552
-0.158513
-0.153994
-0.150014
-0.146564
-0.143617
-0.141131
-0.139061
-0.137356
-0.135967
-0.13485
-0.133961
-0.133263
-0.132728
-0.13232
-0.132017
-0.131804
-0.13166
-0.131573
-0.131527
-0.131516
-0.131529
-0.131567
-0.131597
-0.131612
-0.131614
-0.131602
-0.131579
-0.131538
-0.131472
-0.131378
-0.131251
-0.131088
-0.130887
-0.130641
-0.130354
-0.130028
-0.129664
-0.129264
-0.128832
-59.9562
-0.385423
-0.374274
-0.346999
-0.280612
-0.247309
-0.234431
-0.223251
-0.212835
-0.203169
-0.194241
-0.186013
-0.178439
-0.171469
-0.165047
-0.159118
-0.15363
-0.148534
-0.143791
-0.139367
-0.135233
-0.131369
-0.127755
-0.124381
-0.121234
-0.118307
-0.115593
-0.113088
-0.110786
-0.108683
-0.106776
-0.105061
-0.103543
-0.102213
-0.101077
-0.100122
-0.0993352
-0.0987022
-0.0982056
-0.0978281
-0.0975607
-0.0973933
-0.0973168
-0.0973214
-0.0973947
-0.0975295
-0.0977172
-0.0979504
-0.098217
-0.098506
-0.361386
-0.349312
-0.32461
-0.267265
-0.242483
-0.233555
-0.225359
-0.217138
-0.208904
-0.200704
-0.192565
-0.184517
-0.176593
-0.168827
-0.161254
-0.153908
-0.146817
-0.140011
-0.133513
-0.127343
-0.121516
-0.116043
-0.110931
-0.106182
-0.101794
-0.0977631
-0.0940799
-0.0907344
-0.0877141
-0.0850045
-0.0825895
-0.0804532
-0.078579
-0.0769509
-0.0755528
-0.0743693
-0.0733874
-0.0725942
-0.0719866
-0.0715596
-0.0713001
-0.0711963
-0.0712365
-0.0714094
-0.0717029
-0.0721039
-0.072598
-0.0731691
-0.073798
-0.0744656
-0.448482
-0.358779
-0.313592
-0.29309
-0.276178
-0.26035
-0.245359
-0.231085
-0.217433
-0.204335
-0.19177
-0.179722
-0.168191
-0.157192
-0.146746
-0.13688
-0.127617
-0.118978
-0.110977
-0.103619
-0.0969037
-0.0908203
-0.0853519
-0.0804752
-0.0761613
-0.0723773
-0.0690875
-0.0662551
-0.0638413
-0.0618096
-0.0601234
-0.058748
-0.0576508
-0.0568017
-0.0561731
-0.0557401
-0.0554803
-0.055374
-0.0554036
-0.0555541
-0.055812
-0.0561658
-0.0566054
-0.0571221
-0.0577085
-0.0583584
-0.0590671
-0.0598312
-0.0606499
-0.0615175
-0.263245
-0.249516
-0.249103
-0.246025
-0.239865
-0.23138
-0.221191
-0.20981
-0.197672
-0.185139
-0.172516
-0.160056
-0.147963
-0.136399
-0.125486
-0.115313
-0.105935
-0.0973808
-0.0896574
-0.0827508
-0.0766324
-0.0712619
-0.0665906
-0.0625642
-0.0591258
-0.0562179
-0.0537838
-0.0517693
-0.0501235
-0.0487996
-0.0477549
-0.0469512
-0.0463548
-0.045936
-0.045669
-0.0455317
-0.0455051
-0.0455731
-0.0457223
-0.045941
-0.0462195
-0.0465499
-0.0469251
-0.0473397
-0.0477886
-0.0482678
-0.0487738
-0.0493038
-0.0498551
-0.0504254
-0.358286
-0.337011
-0.315781
-0.294945
-0.274691
-0.255143
-0.236383
-0.218478
-0.201489
-0.185454
-0.170399
-0.156338
-0.143275
-0.131204
-0.12011
-0.109972
-0.10076
-0.0924386
-0.0849648
-0.078292
-0.0723694
-0.0671435
-0.0625594
-0.0585616
-0.0550953
-0.0521071
-0.0495459
-0.0473633
-0.0455143
-0.0439572
-0.0426543
-0.0415713
-0.0406778
-0.0399468
-0.0393548
-0.0388813
-0.0385086
-0.0382215
-0.0380071
-0.0378542
-0.0377539
-0.0376982
-0.0376808
-0.037696
-0.0377397
-0.0378081
-0.0378983
-0.0380079
-0.038135
-0.0382779
-0.222646
-0.218526
-0.213456
-0.207627
-0.201214
-0.194351
-0.187143
-0.17967
-0.171991
-0.164166
-0.156257
-0.148325
-0.140427
-0.132623
-0.124969
-0.117515
-0.110305
-0.103382
-0.0967785
-0.0905222
-0.0846337
-0.0791281
-0.0740136
-0.0692925
-0.0649621
-0.0610147
-0.0574386
-0.0542203
-0.0513467
-0.0487931
-0.0465343
-0.0445455
-0.0428024
-0.0412812
-0.0399593
-0.0388152
-0.0378287
-0.036981
-0.0362552
-0.0356354
-0.0351077
-0.0346595
-0.0342797
-0.0339586
-0.0336876
-0.0334595
-0.0332678
-0.0331073
-0.0329734
-0.0328621
-0.00571812
-0.00559583
-0.00547874
-0.00536546
-0.00525518
-0.00514739
-0.00504182
-0.00493833
-0.00483685
-0.00473733
-0.0046398
-0.00454426
-0.00445072
-0.00435922
-0.00426977
-0.0041824
-0.00409711
-0.00401392
-0.00393285
-0.0038539
-0.00377708
-0.00370239
-0.00362983
-0.0035594
-0.00349109
-0.00342491
-0.00336085
-0.00329889
-0.00323904
-0.00318127
-0.00312558
-0.00307196
-0.0030204
-0.00297087
-0.00292338
-0.0028779
-0.00283441
-0.00279292
-0.00275339
-0.00271583
-0.0026802
-0.0026465
-0.00261472
-0.00258483
-0.00255682
-0.00253069
-0.00250641
-0.00248398
-0.00246337
-0.00244458
-0.0024276
-0.0024124
-0.00239899
-0.00238735
-0.00237747
-0.00236933
-0.00236294
-0.00235828
-0.00235534
-0.00235411
-0.00235459
-0.00235678
-0.00236065
-0.00236622
-0.00237347
-0.0023824
-0.00239301
-0.00240529
-0.00241924
-0.00243487
-0.00245216
-0.00247111
-0.00249174
-0.00251403
-0.00253799
-0.00256362
-0.00259092
-0.0026199
-0.00265056
-0.00268289
-0.00271692
-0.00275263
-0.00279004
-0.00282916
-0.00286998
-0.00291251
-0.00295677
-0.00300275
-0.00305047
-0.00309994
-0.00315116
-0.00320414
-0.0032589
-0.00331544
-0.00337377
-0.00343391
-0.00349586
-0.00355964
-0.00362526
-0.00369272
-0.00376205
-0.00383325
-0.00390634
-0.00398133
-0.00405824
-0.00413707
-0.00421784
-0.00430057
-0.00438526
-0.00447194
-0.00456061
-0.00465129
-0.004744
-0.00483875
-0.00493555
-0.00503441
-0.00513536
-0.00523839
-0.00534354
-0.0054508
-0.00556019
-0.00567173
-0.00578543
-0.00590129
-0.00601933
-0.00613956
-0.00626199
-0.00638663
-0.00651348
-0.00664256
-0.00677387
-0.00690742
-0.0070432
-0.00718124
-0.00732152
-0.00746405
-0.00760883
-0.00775587
-0.00790514
-0.00805667
-0.00821042
-0.00836641
-0.00852462
-0.00868504
-0.00884765
-0.00901245
-0.0091794
-0.0093485
-0.00951972
-0.00969304
-0.00986842
-0.0100458
-0.0102252
-0.0104066
-0.0105899
-0.0107751
-0.0109621
-0.0111508
-0.0113413
-0.0115334
-0.0117271
-0.0119223
-0.012119
-0.0123169
-0.0125161
-0.0127165
-0.0129179
-0.0131201
-0.0133232
-0.0135269
-0.0137311
-0.0139357
-0.0141405
-0.0143452
-0.0145497
-0.0147538
-0.0149573
-0.0151599
-0.0153613
-0.0155613
-0.0157596
-0.0159558
-0.0161495
-0.0163404
-0.0165281
-0.0167121
-0.0168919
-0.0170669
-0.0172366
-0.0174004
-0.0175574
-0.017707
-0.0178483
-0.0179804
-0.0181021
-0.0182125
-0.0183103
-0.018394
-0.0184622
-0.0185132
-0.0185453
-0.0185566
-0.0185449
-0.0185081
-0.0184438
-0.0183497
-0.0182233
-0.0180621
-0.0178639
-0.0176262
-0.0173472
-0.0170253
-0.0166591
-0.0162481
-0.0157921
-0.015292
-0.0147493
-0.0141662
-0.0135461
-0.0128931
-0.0122119
-0.0115081
-0.0107878
-0.0100575
-0.0093239
-0.00859388
-0.00787408
-0.00717085
-0.00649008
-0.00583703
-0.00521624
-0.00463139
-0.00408531
-0.00357992
-0.00311628
-0.00269462
-0.00231441
-0.00197448
-0.00167311
-0.00140812
-0.00117704
-0.000977154
-0.000805644
-0.000659656
-0.000536379
-0.000433101
-0.00034726
-0.000276472
-0.000218557
-0.000171545
-0.000133685
-0.000103434
-7.94539e-05
-6.05947e-05
-4.588e-05
-3.44897e-05
-2.57425e-05
-1.9078e-05
-1.40402e-05
-1.02618e-05
-7.4499e-06
-5.37333e-06
-3.85134e-06
-2.74404e-06
-1.94421e-06
-1.37046e-06
-9.61598e-07
-6.72037e-07
-4.68139e-07
-3.25301e-07
-2.25685e-07
-1.56474e-07
-1.08524e-07
-7.53694e-08
-5.24637e-08
-3.6635e-08
-2.56848e-08
-1.80925e-08
-1.28052e-08
-9.11274e-09
-6.51958e-09
-4.68841e-09
-3.38726e-09
-2.4599e-09
-1.79239e-09
-1.31098e-09
-9.60794e-10
-7.08597e-10
-5.2264e-10
-3.85661e-10
-2.86296e-10
-2.12104e-10
-1.5777e-10
-1.20583e-10
-9.02671e-11
-7.02637e-11
-5.81561e-11
-5.22466e-11
-5.04548e-11
-4.95618e-11
-0.00697587
-0.0068377
-0.00670324
-0.00657139
-0.00644147
-0.00631313
-0.00618615
-0.00606047
-0.00593607
-0.005813
-0.0056913
-0.00557106
-0.00545233
-0.0053352
-0.00521973
-0.005106
-0.00499405
-0.00488395
-0.00477574
-0.00466946
-0.00456516
-0.00446285
-0.00436258
-0.00426435
-0.00416819
-0.00407412
-0.00398213
-0.00389224
-0.00380445
-0.00371876
-0.00363517
-0.00355368
-0.00347428
-0.00339695
-0.0033217
-0.0032485
-0.00317735
-0.00310823
-0.00304113
-0.00297602
-0.00291289
-0.00285173
-0.00279252
-0.00273523
-0.00267984
-0.00262634
-0.0025747
-0.00252491
-0.00247693
-0.00243076
-0.00238637
-0.00234374
-0.00230284
-0.00226365
-0.00222617
-0.00219035
-0.00215618
-0.00212365
-0.00209272
-0.00206339
-0.00203563
-0.00200942
-0.00198474
-0.00196157
-0.0019399
-0.0019197
-0.00190096
-0.00188367
-0.00186781
-0.00185335
-0.00184029
-0.00182861
-0.00181829
-0.00180933
-0.0018017
-0.0017954
-0.00179042
-0.00178673
-0.00178434
-0.00178322
-0.00178337
-0.00178478
-0.00178744
-0.00179134
-0.00179647
-0.00180283
-0.0018104
-0.00181918
-0.00182916
-0.00184034
-0.0018527
-0.00186626
-0.00188099
-0.0018969
-0.00191397
-0.00193222
-0.00195163
-0.0019722
-0.00199393
-0.00201682
-0.00204087
-0.00206607
-0.00209243
-0.00211994
-0.00214861
-0.00217843
-0.00220941
-0.00224156
-0.00227487
-0.00230935
-0.00234499
-0.00238182
-0.00241982
-0.00245901
-0.0024994
-0.00254098
-0.00258377
-0.00262778
-0.00267301
-0.00271948
-0.00276719
-0.00281616
-0.0028664
-0.00291791
-0.00297072
-0.00302484
-0.00308028
-0.00313706
-0.00319519
-0.0032547
-0.00331559
-0.00337789
-0.00344162
-0.0035068
-0.00357344
-0.00364158
-0.00371123
-0.00378242
-0.00385518
-0.00392952
-0.00400547
-0.00408307
-0.00416234
-0.0042433
-0.00432599
-0.00441044
-0.00449668
-0.00458473
-0.00467464
-0.00476643
-0.00486013
-0.00495579
-0.00505342
-0.00515307
-0.00525477
-0.00535855
-0.00546445
-0.00557249
-0.00568272
-0.00579515
-0.00590982
-0.00602676
-0.006146
-0.00626755
-0.00639145
-0.0065177
-0.00664633
-0.00677734
-0.00691075
-0.00704654
-0.00718473
-0.0073253
-0.00746823
-0.00761349
-0.00776104
-0.00791084
-0.00806283
-0.00821694
-0.00837307
-0.00853112
-0.00869097
-0.00885248
-0.00901547
-0.00917975
-0.00934511
-0.00951129
-0.009678
-0.00984492
-0.0100117
-0.0101779
-0.010343
-0.0105066
-0.0106681
-0.0108268
-0.010982
-0.0111328
-0.0112785
-0.011418
-0.0115503
-0.0116742
-0.0117884
-0.0118915
-0.0119821
-0.0120585
-0.0121192
-0.0121623
-0.012186
-0.0121884
-0.0121678
-0.0121221
-0.0120497
-0.0119489
-0.0118181
-0.0116563
-0.0114623
-0.0112356
-0.0109761
-0.0106841
-0.0103603
-0.0100061
-0.00962349
-0.00921481
-0.00878306
-0.00833163
-0.00786435
-0.00738533
-0.00689893
-0.00640959
-0.00592179
-0.00543988
-0.00496801
-0.00451003
-0.00406941
-0.00364916
-0.00325176
-0.00287919
-0.00253285
-0.00221362
-0.00192185
-0.00165739
-0.00141968
-0.00120778
-0.00102045
-0.000856191
-0.000713348
-0.00059014
-0.000484738
-0.000395303
-0.000320036
-0.00025721
-0.000205199
-0.000162495
-0.00012772
-9.9637e-05
-7.71454e-05
-5.92817e-05
-4.52116e-05
-3.42219e-05
-2.57097e-05
-1.91714e-05
-1.4191e-05
-1.04286e-05
-7.60965e-06
-5.51462e-06
-3.97003e-06
-2.84014e-06
-2.01987e-06
-1.42872e-06
-1.00566e-06
-7.04865e-07
-4.92301e-07
-3.42904e-07
-2.38399e-07
-1.65589e-07
-1.15019e-07
-7.99694e-08
-5.57031e-08
-3.89031e-08
-2.72616e-08
-1.91761e-08
-1.35445e-08
-9.60798e-09
-6.84262e-09
-4.8957e-09
-3.51294e-09
-2.53007e-09
-1.82741e-09
-1.32204e-09
-9.57894e-10
-6.96097e-10
-5.05977e-10
-3.6765e-10
-2.67714e-10
-1.94888e-10
-1.41936e-10
-1.04103e-10
-7.58071e-11
-5.84224e-11
-5.26521e-11
-5.1563e-11
-0.00856758
-0.00843169
-0.00829646
-0.00816123
-0.00802562
-0.00788945
-0.0077527
-0.00761541
-0.00747768
-0.00733965
-0.00720148
-0.00706333
-0.00692538
-0.0067878
-0.00665074
-0.00651437
-0.00637882
-0.00624426
-0.0061108
-0.00597856
-0.00584767
-0.00571822
-0.0055903
-0.005464
-0.00533939
-0.00521655
-0.00509555
-0.00497642
-0.00485922
-0.004744
-0.00463078
-0.00451961
-0.00441049
-0.00430346
-0.00419853
-0.00409571
-0.003995
-0.00389642
-0.00379997
-0.00370563
-0.00361342
-0.00352331
-0.00343531
-0.00334939
-0.00326555
-0.00318377
-0.00310404
-0.00302634
-0.00295064
-0.00287693
-0.00280518
-0.00273538
-0.0026675
-0.00260152
-0.00253741
-0.00247514
-0.0024147
-0.00235605
-0.00229917
-0.00224403
-0.0021906
-0.00213886
-0.00208879
-0.00204034
-0.00199351
-0.00194825
-0.00190455
-0.00186237
-0.0018217
-0.0017825
-0.00174475
-0.00170842
-0.0016735
-0.00163995
-0.00160775
-0.00157689
-0.00154733
-0.00151905
-0.00149204
-0.00146627
-0.00144172
-0.00141837
-0.0013962
-0.0013752
-0.00135534
-0.0013366
-0.00131898
-0.00130245
-0.001287
-0.00127261
-0.00125926
-0.00124694
-0.00123564
-0.00122534
-0.00121603
-0.00120769
-0.00120032
-0.0011939
-0.00118841
-0.00118385
-0.00118021
-0.00117748
-0.00117564
-0.00117468
-0.0011746
-0.00117539
-0.00117703
-0.00117953
-0.00118287
-0.00118704
-0.00119204
-0.00119786
-0.0012045
-0.00121195
-0.00122021
-0.00122927
-0.00123913
-0.00124978
-0.00126123
-0.00127347
-0.0012865
-0.00130032
-0.00131493
-0.00133034
-0.00134653
-0.00136352
-0.00138132
-0.00139991
-0.00141931
-0.00143952
-0.00146056
-0.00148242
-0.00150512
-0.00152866
-0.00155305
-0.00157831
-0.00160445
-0.00163147
-0.0016594
-0.00168825
-0.00171803
-0.00174875
-0.00178045
-0.00181312
-0.0018468
-0.00188151
-0.00191726
-0.00195408
-0.00199198
-0.002031
-0.00207116
-0.00211248
-0.00215499
-0.00219872
-0.00224369
-0.00228993
-0.00233747
-0.00238633
-0.00243656
-0.00248817
-0.0025412
-0.00259567
-0.00265162
-0.00270906
-0.00276804
-0.00282857
-0.00289068
-0.00295439
-0.00301973
-0.00308672
-0.00315536
-0.00322568
-0.00329769
-0.00337138
-0.00344676
-0.00352382
-0.00360256
-0.00368294
-0.00376494
-0.00384853
-0.00393366
-0.00402026
-0.00410826
-0.00419758
-0.0042881
-0.00437971
-0.00447226
-0.00456559
-0.0046595
-0.00475379
-0.0048482
-0.00494247
-0.00503628
-0.00512929
-0.00522112
-0.00531135
-0.00539951
-0.00548509
-0.00556754
-0.00564626
-0.0057206
-0.00578988
-0.00585336
-0.00591027
-0.00595979
-0.00600111
-0.00603335
-0.00605565
-0.00606714
-0.00606699
-0.00605436
-0.00602849
-0.00598868
-0.00593434
-0.00586495
-0.00578017
-0.00567978
-0.00556375
-0.00543223
-0.00528558
-0.00512436
-0.00494936
-0.00476157
-0.00456219
-0.0043526
-0.00413436
-0.00390916
-0.00367883
-0.00344523
-0.00321032
-0.00297601
-0.00274419
-0.00251668
-0.00229517
-0.00208122
-0.00187621
-0.00168131
-0.00149749
-0.00132549
-0.00116583
-0.0010188
-0.000884482
-0.000762764
-0.00065335
-0.00055579
-0.000469507
-0.000393818
-0.000327969
-0.000271152
-0.000222534
-0.00018128
-0.000146567
-0.000117605
-9.36457e-05
-7.39944e-05
-5.80147e-05
-4.51325e-05
-3.48372e-05
-2.66808e-05
-2.02751e-05
-1.52881e-05
-1.14394e-05
-8.49483e-06
-6.26142e-06
-4.58184e-06
-3.32937e-06
-2.4031e-06
-1.72359e-06
-1.22896e-06
-8.71598e-07
-6.15224e-07
-4.32507e-07
-3.03056e-07
-2.11835e-07
-1.47841e-07
-1.03116e-07
-7.1938e-08
-5.02453e-08
-3.51578e-08
-2.46631e-08
-1.73561e-08
-1.2252e-08
-8.67945e-09
-6.16903e-09
-4.39837e-09
-3.14437e-09
-2.25487e-09
-1.61892e-09
-1.16404e-09
-8.37381e-10
-6.04995e-10
-4.34472e-10
-3.13588e-10
-2.26271e-10
-1.62816e-10
-1.19197e-10
-8.47445e-11
-6.28902e-11
-5.16055e-11
-5.10654e-11
-0.0103053
-0.0102023
-0.0100964
-0.00998723
-0.00987453
-0.00975828
-0.00963851
-0.0095153
-0.0093888
-0.00925919
-0.00912667
-0.00899147
-0.00885383
-0.00871398
-0.00857216
-0.00842864
-0.00828367
-0.00813746
-0.00799028
-0.00784237
-0.00769395
-0.00754523
-0.00739643
-0.00724777
-0.00709942
-0.00695157
-0.00680441
-0.0066581
-0.00651276
-0.00636857
-0.00622565
-0.00608411
-0.00594407
-0.00580564
-0.00566889
-0.00553393
-0.00540081
-0.00526962
-0.0051404
-0.00501321
-0.0048881
-0.0047651
-0.00464424
-0.00452555
-0.00440906
-0.00429478
-0.00418272
-0.0040729
-0.00396531
-0.00385996
-0.00375685
-0.00365597
-0.00355731
-0.00346087
-0.00336662
-0.00327455
-0.00318465
-0.00309689
-0.00301126
-0.00292772
-0.00284625
-0.00276684
-0.00268944
-0.00261403
-0.00254058
-0.00246906
-0.00239945
-0.0023317
-0.00226578
-0.00220167
-0.00213933
-0.00207872
-0.00201982
-0.00196258
-0.00190699
-0.001853
-0.00180058
-0.00174971
-0.00170034
-0.00165246
-0.00160602
-0.001561
-0.00151736
-0.00147509
-0.00143416
-0.00139452
-0.00135617
-0.00131907
-0.0012832
-0.00124853
-0.00121505
-0.00118272
-0.00115152
-0.00112145
-0.00109246
-0.00106455
-0.00103768
-0.00101186
-0.000987044
-0.000963229
-0.000940392
-0.000918516
-0.000897585
-0.000877583
-0.000858492
-0.000840297
-0.000822983
-0.000806534
-0.000790936
-0.000776174
-0.000762233
-0.000749099
-0.000736759
-0.000725198
-0.000714405
-0.000704364
-0.000695065
-0.000686494
-0.000678638
-0.000671487
-0.000665029
-0.000659252
-0.000654146
-0.000649699
-0.000645903
-0.000642747
-0.000640221
-0.000638317
-0.000637027
-0.000636343
-0.000636256
-0.00063676
-0.000637848
-0.000639514
-0.000641753
-0.000644559
-0.000647928
-0.000651855
-0.000656338
-0.000661372
-0.000666956
-0.000673088
-0.000679765
-0.000686988
-0.000694755
-0.000703066
-0.000711922
-0.000721324
-0.000731273
-0.00074177
-0.000752818
-0.000764419
-0.000776577
-0.000789293
-0.000802572
-0.000816416
-0.00083083
-0.000845816
-0.00086138
-0.000877524
-0.000894251
-0.000911566
-0.000929471
-0.000947968
-0.00096706
-0.000986749
-0.00100703
-0.00102791
-0.00104939
-0.00107146
-0.00109411
-0.00111734
-0.00114115
-0.00116552
-0.00119045
-0.0012159
-0.00124187
-0.00126834
-0.00129527
-0.00132265
-0.00135043
-0.00137857
-0.00140703
-0.00143576
-0.0014647
-0.00149379
-0.00152296
-0.00155212
-0.0015812
-0.00161009
-0.00163868
-0.00166687
-0.00169454
-0.00172153
-0.00174772
-0.00177295
-0.00179704
-0.00181984
-0.00184115
-0.00186078
-0.00187853
-0.00189421
-0.00190759
-0.00191847
-0.00192662
-0.00193185
-0.00193394
-0.0019327
-0.00192792
-0.00191945
-0.00190711
-0.00189078
-0.00187036
-0.00184575
-0.00181692
-0.00178385
-0.00174659
-0.0017052
-0.00165981
-0.00161058
-0.00155772
-0.00150149
-0.0014422
-0.00138018
-0.00131583
-0.00124954
-0.00118177
-0.00111297
-0.00104363
-0.000974213
-0.00090521
-0.000837086
-0.000770292
-0.00070525
-0.000642352
-0.000581947
-0.000524342
-0.000469792
-0.000418501
-0.000370619
-0.000326243
-0.000285416
-0.000248132
-0.000214338
-0.000183937
-0.000156798
-0.000132757
-0.000111628
-9.32041e-05
-7.72671e-05
-6.35925e-05
-5.19549e-05
-4.21323e-05
-3.39105e-05
-2.70863e-05
-2.14702e-05
-1.68877e-05
-1.31806e-05
-1.02076e-05
-7.84406e-06
-5.9813e-06
-4.52602e-06
-3.39896e-06
-2.53362e-06
-1.87493e-06
-1.37778e-06
-1.00567e-06
-7.29412e-07
-5.25921e-07
-3.77158e-07
-2.69181e-07
-1.91323e-07
-1.35532e-07
-9.57602e-08
-6.75459e-08
-4.76066e-08
-3.35541e-08
-2.36707e-08
-1.6725e-08
-1.18431e-08
-8.40912e-09
-5.9887e-09
-4.27889e-09
-3.06766e-09
-2.20488e-09
-1.58938e-09
-1.1496e-09
-8.32651e-10
-6.0619e-10
-4.39887e-10
-3.23188e-10
-2.36583e-10
-1.73353e-10
-1.30136e-10
-9.73473e-11
-7.39777e-11
-5.93968e-11
-5.19424e-11
-5.15136e-11
-4.95331e-11
-0.0118392
-0.0117978
-0.0117524
-0.0117025
-0.0116477
-0.0115877
-0.0115223
-0.0114514
-0.0113749
-0.0112928
-0.0112051
-0.0111118
-0.0110131
-0.0109091
-0.0107999
-0.0106856
-0.0105665
-0.0104427
-0.0103145
-0.0101822
-0.0100458
-0.00990574
-0.00976226
-0.00961559
-0.00946605
-0.0093139
-0.00915942
-0.00900292
-0.00884466
-0.00868492
-0.00852398
-0.00836212
-0.00819958
-0.00803663
-0.00787352
-0.00771044
-0.00754767
-0.00738538
-0.00722379
-0.00706307
-0.00690342
-0.00674498
-0.00658792
-0.00643238
-0.00627848
-0.00612633
-0.00597606
-0.00582776
-0.00568151
-0.0055374
-0.0053955
-0.00525587
-0.00511857
-0.00498364
-0.00485113
-0.00472106
-0.00459346
-0.00446836
-0.00434576
-0.00422569
-0.00410814
-0.0039931
-0.00388059
-0.00377058
-0.00366306
-0.00355801
-0.00345542
-0.00335527
-0.00325751
-0.00316213
-0.00306909
-0.00297835
-0.0028899
-0.00280367
-0.00271964
-0.00263777
-0.00255801
-0.00248032
-0.00240467
-0.002331
-0.00225928
-0.00218946
-0.00212149
-0.00205535
-0.00199098
-0.00192834
-0.0018674
-0.00180811
-0.00175043
-0.00169433
-0.00163977
-0.00158671
-0.00153512
-0.00148496
-0.00143621
-0.00138883
-0.0013428
-0.00129807
-0.00125463
-0.00121245
-0.0011715
-0.00113176
-0.00109321
-0.00105582
-0.00101956
-0.00098443
-0.000950395
-0.000917438
-0.00088554
-0.000854681
-0.000824844
-0.00079601
-0.000768161
-0.000741279
-0.000715346
-0.000690346
-0.000666261
-0.000643073
-0.000620766
-0.000599323
-0.000578726
-0.000558959
-0.000540004
-0.000521845
-0.000504465
-0.000487846
-0.000471972
-0.000456826
-0.000442391
-0.000428651
-0.00041559
-0.00040319
-0.000391436
-0.000380312
-0.000369801
-0.000359888
-0.000350558
-0.000341795
-0.000333583
-0.00032591
-0.000318758
-0.000312115
-0.000305966
-0.000300297
-0.000295095
-0.000290346
-0.000286038
-0.000282156
-0.00027869
-0.000275625
-0.000272951
-0.000270654
-0.000268724
-0.000267149
-0.000265916
-0.000265016
-0.000264437
-0.000264167
-0.000264195
-0.000264512
-0.000265105
-0.000265964
-0.000267078
-0.000268436
-0.000270026
-0.000271837
-0.000273859
-0.000276078
-0.000278484
-0.000281064
-0.000283805
-0.000286694
-0.000289719
-0.000292865
-0.000296118
-0.000299463
-0.000302885
-0.000306368
-0.000309894
-0.000313447
-0.000317008
-0.000320559
-0.00032408
-0.000327551
-0.000330949
-0.000334254
-0.000337443
-0.000340492
-0.000343378
-0.000346074
-0.000348557
-0.000350799
-0.000352776
-0.000354459
-0.000355823
-0.000356842
-0.000357488
-0.000357736
-0.00035756
-0.000356936
-0.000355842
-0.000354254
-0.000352155
-0.000349525
-0.000346349
-0.000342616
-0.000338315
-0.00033344
-0.00032799
-0.000321965
-0.000315373
-0.000308224
-0.000300533
-0.00029232
-0.000283611
-0.000274435
-0.000264827
-0.000254826
-0.000244478
-0.000233828
-0.00022293
-0.000211838
-0.000200609
-0.000189303
-0.00017798
-0.0001667
-0.000155524
-0.000144512
-0.000133719
-0.000123201
-0.000113007
-0.000103185
-9.37733e-05
-8.4809e-05
-7.6321e-05
-6.83326e-05
-6.08603e-05
-5.39144e-05
-4.74986e-05
-4.16106e-05
-3.62425e-05
-3.13809e-05
-2.70078e-05
-2.31013e-05
-1.96359e-05
-1.65837e-05
-1.39148e-05
-1.15982e-05
-9.60222e-06
-7.89549e-06
-6.44722e-06
-5.22774e-06
-4.20894e-06
-3.36452e-06
-2.67019e-06
-2.10387e-06
-1.6457e-06
-1.27803e-06
-9.85388e-07
-7.5437e-07
-5.73481e-07
-4.3299e-07
-3.24749e-07
-2.42013e-07
-1.79264e-07
-1.3203e-07
-9.67328e-08
-7.05407e-08
-5.12297e-08
-3.70775e-08
-2.67641e-08
-1.92842e-08
-1.38833e-08
-9.99182e-09
-7.19647e-09
-5.19185e-09
-3.75664e-09
-2.72299e-09
-1.98387e-09
-1.45198e-09
-1.06678e-09
-7.88229e-10
-5.85326e-10
-4.3696e-10
-3.31479e-10
-2.5017e-10
-1.93133e-10
-1.49055e-10
-1.20096e-10
-9.54436e-11
-7.84848e-11
-6.68606e-11
-5.92185e-11
-5.45183e-11
-5.20944e-11
-5.12835e-11
-5.22009e-11
-5.0706e-11
-5.07008e-11
-5.01679e-11
-0.0128404
-0.0128433
-0.0128505
-0.01286
-0.01287
-0.012879
-0.012886
-0.01289
-0.0128902
-0.012886
-0.012877
-0.0128627
-0.0128429
-0.0128174
-0.0127857
-0.0127478
-0.0127033
-0.0126523
-0.0125946
-0.0125302
-0.0124591
-0.0123812
-0.0122966
-0.0122053
-0.0121075
-0.0120031
-0.0118925
-0.0117756
-0.0116527
-0.0115239
-0.0113896
-0.0112498
-0.0111049
-0.0109551
-0.0108007
-0.010642
-0.0104794
-0.0103131
-0.0101435
-0.00997094
-0.00979574
-0.00961823
-0.00943877
-0.00925768
-0.00907533
-0.00889203
-0.00870807
-0.0085238
-0.0083395
-0.00815544
-0.00797193
-0.0077892
-0.00760748
-0.00742703
-0.00724804
-0.00707073
-0.00689527
-0.00672183
-0.00655058
-0.00638165
-0.00621518
-0.00605128
-0.00589004
-0.00573156
-0.00557592
-0.00542318
-0.00527339
-0.0051266
-0.00498284
-0.00484214
-0.00470451
-0.00456996
-0.00443848
-0.00431006
-0.00418469
-0.00406235
-0.003943
-0.0038266
-0.00371313
-0.00360254
-0.00349477
-0.00338978
-0.00328751
-0.00318791
-0.00309091
-0.00299646
-0.0029045
-0.00281496
-0.00272777
-0.00264288
-0.00256023
-0.00247974
-0.00240137
-0.00232504
-0.00225071
-0.0021783
-0.00210778
-0.00203908
-0.00197216
-0.00190695
-0.00184343
-0.00178154
-0.00172125
-0.0016625
-0.00160527
-0.00154953
-0.00149522
-0.00144234
-0.00139084
-0.0013407
-0.00129189
-0.0012444
-0.00119819
-0.00115325
-0.00110956
-0.00106709
-0.00102584
-0.000985768
-0.000946873
-0.000909134
-0.000872533
-0.000837053
-0.000802678
-0.00076939
-0.000737172
-0.000706006
-0.000675876
-0.000646764
-0.00061865
-0.000591518
-0.000565349
-0.000540123
-0.000515822
-0.000492426
-0.000469916
-0.000448272
-0.000427474
-0.000407503
-0.000388338
-0.000369959
-0.000352347
-0.00033548
-0.000319338
-0.000303902
-0.000289152
-0.000275067
-0.000261628
-0.000248814
-0.000236607
-0.000224987
-0.000213934
-0.00020343
-0.000193456
-0.000183993
-0.000175024
-0.000166529
-0.000158491
-0.000150892
-0.000143716
-0.000136945
-0.000130562
-0.000124552
-0.000118897
-0.000113583
-0.000108593
-0.000103912
-9.95253e-05
-9.54185e-05
-9.1577e-05
-8.79868e-05
-8.46341e-05
-8.15054e-05
-7.85877e-05
-7.58681e-05
-7.33341e-05
-7.09734e-05
-6.87743e-05
-6.67251e-05
-6.48145e-05
-6.30316e-05
-6.13658e-05
-5.98068e-05
-5.83447e-05
-5.69699e-05
-5.56731e-05
-5.44455e-05
-5.32784e-05
-5.21638e-05
-5.10939e-05
-5.00613e-05
-4.9059e-05
-4.80805e-05
-4.71196e-05
-4.61705e-05
-4.52281e-05
-4.42873e-05
-4.3344e-05
-4.23941e-05
-4.14342e-05
-4.04612e-05
-3.94728e-05
-3.84669e-05
-3.7442e-05
-3.6397e-05
-3.53313e-05
-3.42449e-05
-3.31381e-05
-3.20118e-05
-3.08671e-05
-2.97058e-05
-2.85299e-05
-2.73419e-05
-2.61444e-05
-2.49406e-05
-2.37338e-05
-2.25275e-05
-2.13255e-05
-2.01315e-05
-1.89496e-05
-1.77837e-05
-1.66376e-05
-1.55154e-05
-1.44207e-05
-1.33571e-05
-1.23279e-05
-1.13362e-05
-1.03847e-05
-9.47586e-06
-8.61167e-06
-7.79379e-06
-7.02341e-06
-6.30133e-06
-5.62792e-06
-5.00311e-06
-4.42644e-06
-3.89707e-06
-3.41378e-06
-2.97504e-06
-2.57903e-06
-2.22369e-06
-1.90675e-06
-1.62578e-06
-1.37825e-06
-1.16158e-06
-9.73132e-07
-8.10315e-07
-6.70584e-07
-5.51481e-07
-4.50661e-07
-3.65915e-07
-2.95186e-07
-2.36581e-07
-1.8837e-07
-1.49004e-07
-1.17094e-07
-9.1421e-08
-7.09181e-08
-5.46668e-08
-4.18791e-08
-3.18933e-08
-2.4147e-08
-1.81855e-08
-1.36269e-08
-1.01655e-08
-7.55126e-09
-5.59242e-09
-4.13049e-09
-3.04679e-09
-2.24462e-09
-1.6568e-09
-1.22335e-09
-9.06737e-10
-6.76465e-10
-5.07415e-10
-3.83564e-10
-2.94006e-10
-2.28895e-10
-1.79954e-10
-1.45968e-10
-1.19608e-10
-9.94998e-11
-8.50452e-11
-7.45881e-11
-6.69797e-11
-6.14575e-11
-5.75014e-11
-5.47452e-11
-5.30022e-11
-5.21463e-11
-5.17954e-11
-5.14173e-11
-5.20732e-11
-5.1075e-11
-5.07811e-11
-5.0664e-11
-5.02016e-11
-5.00092e-11
-4.99547e-11
-4.99378e-11
-4.99475e-11
-0.0140422
-0.013874
-0.0137486
-0.0136598
-0.0136021
-0.0135705
-0.0135604
-0.013568
-0.0135895
-0.0136219
-0.0136624
-0.0137084
-0.0137579
-0.013809
-0.0138602
-0.0139102
-0.0139579
-0.0140025
-0.014043
-0.0140788
-0.0141094
-0.0141343
-0.0141531
-0.0141655
-0.0141712
-0.01417
-0.0141618
-0.0141464
-0.0141237
-0.0140933
-0.0140552
-0.014009
-0.0139549
-0.0138925
-0.0138219
-0.0137431
-0.013656
-0.0135606
-0.0134569
-0.0133451
-0.0132252
-0.0130973
-0.0129617
-0.0128185
-0.0126678
-0.0125101
-0.0123456
-0.0121745
-0.0119974
-0.0118144
-0.011626
-0.0114328
-0.0112349
-0.011033
-0.0108276
-0.010619
-0.0104077
-0.0101943
-0.00997919
-0.00976286
-0.00954579
-0.0093284
-0.00911113
-0.00889439
-0.00867859
-0.0084641
-0.00825127
-0.00804042
-0.00783186
-0.00762587
-0.00742271
-0.00722259
-0.00702573
-0.0068323
-0.00664245
-0.00645632
-0.00627401
-0.00609562
-0.00592122
-0.00575086
-0.00558457
-0.00542237
-0.00526426
-0.00511023
-0.00496025
-0.00481428
-0.00467225
-0.00453412
-0.00439981
-0.00426923
-0.00414231
-0.00401894
-0.00389904
-0.0037825
-0.00366921
-0.00355908
-0.003452
-0.00334785
-0.00324653
-0.00314794
-0.00305196
-0.00295851
-0.00286748
-0.00277877
-0.0026923
-0.00260798
-0.00252573
-0.00244548
-0.00236715
-0.00229068
-0.002216
-0.00214308
-0.00207184
-0.00200226
-0.00193429
-0.00186789
-0.00180303
-0.00173969
-0.00167784
-0.00161746
-0.00155852
-0.00150102
-0.00144493
-0.00139025
-0.00133695
-0.00128503
-0.00123448
-0.00118528
-0.00113742
-0.00109089
-0.00104568
-0.00100178
-0.000959163
-0.000917829
-0.000877759
-0.000838938
-0.00080135
-0.000764978
-0.000729806
-0.000695814
-0.000662985
-0.0006313
-0.000600737
-0.000571278
-0.0005429
-0.000515583
-0.000489305
-0.000464044
-0.000439776
-0.00041648
-0.000394132
-0.000372709
-0.000352188
-0.000332545
-0.000313757
-0.000295799
-0.000278649
-0.000262284
-0.000246678
-0.00023181
-0.000217655
-0.000204191
-0.000191395
-0.000179245
-0.000167717
-0.00015679
-0.000146441
-0.00013665
-0.000127395
-0.000118655
-0.00011041
-0.000102639
-9.53228e-05
-8.84418e-05
-8.19771e-05
-7.591e-05
-7.02225e-05
-6.48968e-05
-5.99156e-05
-5.52621e-05
-5.09198e-05
-4.68729e-05
-4.31057e-05
-3.96034e-05
-3.63513e-05
-3.33353e-05
-3.05419e-05
-2.79578e-05
-2.55705e-05
-2.33676e-05
-2.13375e-05
-1.9469e-05
-1.77513e-05
-1.61741e-05
-1.47276e-05
-1.34025e-05
-1.21899e-05
-1.10813e-05
-1.0069e-05
-9.14522e-06
-8.30307e-06
-7.53587e-06
-6.83742e-06
-6.20191e-06
-5.62395e-06
-5.09853e-06
-4.62099e-06
-4.18705e-06
-3.79275e-06
-3.43446e-06
-3.10886e-06
-2.81293e-06
-2.54388e-06
-2.29921e-06
-2.07666e-06
-1.87415e-06
-1.68984e-06
-1.52206e-06
-1.36931e-06
-1.23024e-06
-1.10363e-06
-9.88416e-07
-8.83605e-07
-7.88325e-07
-7.01786e-07
-6.23272e-07
-5.52139e-07
-4.87793e-07
-4.29697e-07
-3.77356e-07
-3.30313e-07
-2.88142e-07
-2.50451e-07
-2.1687e-07
-1.87054e-07
-1.60675e-07
-1.37429e-07
-1.1703e-07
-9.9205e-08
-8.36999e-08
-7.02782e-08
-5.87165e-08
-4.88081e-08
-4.03619e-08
-3.32014e-08
-2.71643e-08
-2.21057e-08
-1.78883e-08
-1.43983e-08
-1.15239e-08
-9.17252e-09
-7.26194e-09
-5.71856e-09
-4.48027e-09
-3.49276e-09
-2.71175e-09
-2.09486e-09
-1.61417e-09
-1.24056e-09
-9.51419e-10
-7.29394e-10
-5.60544e-10
-4.31801e-10
-3.36105e-10
-2.6118e-10
-2.07488e-10
-1.66218e-10
-1.37393e-10
-1.14254e-10
-9.68133e-11
-8.42745e-11
-7.51418e-11
-6.84194e-11
-6.34742e-11
-5.98255e-11
-5.7122e-11
-5.51442e-11
-5.37176e-11
-5.27568e-11
-5.22537e-11
-5.20866e-11
-5.19079e-11
-5.16105e-11
-5.24977e-11
-5.09038e-11
-5.23514e-11
-5.06793e-11
-5.20287e-11
-5.12312e-11
-5.10054e-11
-5.08478e-11
-5.07263e-11
-5.06847e-11
-5.06681e-11
-5.06652e-11
-5.06748e-11
-5.06883e-11
-5.07033e-11
-5.07192e-11
-5.07367e-11
-0.0217012
-0.0206324
-0.0196832
-0.0188443
-0.0181067
-0.0174622
-0.0169029
-0.0164217
-0.0160115
-0.0156661
-0.0153792
-0.0151453
-0.014959
-0.0148153
-0.0147096
-0.0146375
-0.0145948
-0.0145778
-0.0145829
-0.0146069
-0.0146466
-0.0146992
-0.0147622
-0.0148332
-0.01491
-0.0149905
-0.0150731
-0.0151561
-0.0152382
-0.0153182
-0.0153953
-0.0154684
-0.0155369
-0.0156002
-0.0156575
-0.0157085
-0.0157527
-0.0157897
-0.0158193
-0.0158411
-0.0158549
-0.0158603
-0.0158569
-0.0158445
-0.0158227
-0.0157913
-0.0157501
-0.0156989
-0.0156373
-0.0155653
-0.0154827
-0.0153894
-0.0152852
-0.0151702
-0.0150443
-0.0149075
-0.01476
-0.0146019
-0.0144333
-0.0142545
-0.0140658
-0.0138676
-0.0136604
-0.0134445
-0.0132206
-0.0129892
-0.012751
-0.0125065
-0.0122567
-0.0120022
-0.0117438
-0.0114821
-0.0112181
-0.0109525
-0.0106859
-0.0104193
-0.0101533
-0.00988848
-0.00962562
-0.00936527
-0.009108
-0.00885431
-0.00860465
-0.00835944
-0.00811901
-0.00788367
-0.00765367
-0.00742921
-0.00721046
-0.00699753
-0.0067905
-0.0065894
-0.00639424
-0.006205
-0.00602163
-0.00584403
-0.00567212
-0.00550576
-0.0053448
-0.00518906
-0.00503838
-0.00489256
-0.00475139
-0.00461468
-0.0044822
-0.00435376
-0.00422914
-0.00410813
-0.00399052
-0.00387614
-0.00376477
-0.00365626
-0.00355042
-0.0034471
-0.00334617
-0.00324748
-0.00315092
-0.00305638
-0.00296378
-0.00287302
-0.00278405
-0.00269679
-0.00261121
-0.00252727
-0.00244492
-0.00236416
-0.00228497
-0.00220733
-0.00213124
-0.00205669
-0.00198369
-0.00191223
-0.00184231
-0.00177395
-0.00170713
-0.00164187
-0.00157817
-0.00151602
-0.00145543
-0.00139639
-0.00133891
-0.00128298
-0.00122859
-0.00117574
-0.00112442
-0.00107462
-0.00102632
-0.000979527
-0.000934212
-0.000890363
-0.000847963
-0.000806996
-0.000767441
-0.000729278
-0.000692486
-0.000657043
-0.000622926
-0.00059011
-0.000558569
-0.00052828
-0.000499215
-0.000471347
-0.000444649
-0.000419092
-0.00039465
-0.000371292
-0.00034899
-0.000327715
-0.000307437
-0.000288128
-0.000269758
-0.000252297
-0.000235717
-0.000219988
-0.000205082
-0.000190969
-0.000177622
-0.000165012
-0.000153112
-0.000141894
-0.000131331
-0.000121397
-0.000112065
-0.00010331
-9.51067e-05
-8.74303e-05
-8.02565e-05
-7.35619e-05
-6.73232e-05
-6.15178e-05
-5.61238e-05
-5.11197e-05
-4.64847e-05
-4.21985e-05
-3.82414e-05
-3.45944e-05
-3.1239e-05
-2.81575e-05
-2.53327e-05
-2.2748e-05
-2.03875e-05
-1.8236e-05
-1.62789e-05
-1.45023e-05
-1.28928e-05
-1.14379e-05
-1.01254e-05
-8.9441e-06
-7.8832e-06
-6.93259e-06
-6.08278e-06
-5.32485e-06
-4.65047e-06
-4.05189e-06
-3.52188e-06
-3.05375e-06
-2.64133e-06
-2.2789e-06
-1.96123e-06
-1.68353e-06
-1.44141e-06
-1.23087e-06
-1.0483e-06
-8.90407e-07
-7.54247e-07
-6.37154e-07
-5.36743e-07
-4.50887e-07
-3.77689e-07
-3.15466e-07
-2.62727e-07
-2.18165e-07
-1.80622e-07
-1.49092e-07
-1.22692e-07
-1.00659e-07
-8.23252e-08
-6.71222e-08
-5.45533e-08
-4.41975e-08
-3.56928e-08
-2.87315e-08
-2.30524e-08
-1.84377e-08
-1.46977e-08
-1.16787e-08
-9.24973e-09
-7.30381e-09
-5.74875e-09
-4.51117e-09
-3.5297e-09
-2.75548e-09
-2.14443e-09
-1.6677e-09
-1.29441e-09
-1.0021e-09
-7.77872e-10
-6.02783e-10
-4.70444e-10
-3.66703e-10
-2.87631e-10
-2.29394e-10
-1.83504e-10
-1.50458e-10
-1.23529e-10
-1.04285e-10
-9.00282e-11
-7.94872e-11
-7.17239e-11
-6.60383e-11
-6.18925e-11
-5.88611e-11
-5.66712e-11
-5.50819e-11
-5.39877e-11
-5.32199e-11
-5.2684e-11
-5.23238e-11
-5.21062e-11
-5.19468e-11
-5.16686e-11
-5.13526e-11
-5.20543e-11
-5.1479e-11
-5.12617e-11
-5.12714e-11
-5.09637e-11
-5.08085e-11
-5.0762e-11
-5.07337e-11
-5.07295e-11
-5.0715e-11
-5.06933e-11
-5.06872e-11
-5.0684e-11
-5.06931e-11
-5.07062e-11
-5.07218e-11
-5.07389e-11
-5.07578e-11
-0.0498405
-0.0470936
-0.0445214
-0.0421149
-0.0398658
-0.0377658
-0.0358073
-0.0339826
-0.0322846
-0.0307066
-0.0292421
-0.027885
-0.0266295
-0.0254702
-0.0244021
-0.0234204
-0.0225207
-0.0216988
-0.0209509
-0.0202751
-0.0196696
-0.0191303
-0.0186533
-0.0182347
-0.0178711
-0.0175589
-0.0172946
-0.0170749
-0.0168965
-0.0167561
-0.0166506
-0.0165768
-0.0165315
-0.0165117
-0.0165145
-0.016537
-0.0165764
-0.0166299
-0.0166952
-0.0167698
-0.0168515
-0.0169384
-0.0170288
-0.017121
-0.0172137
-0.0173054
-0.0173951
-0.0174816
-0.017564
-0.0176415
-0.0177133
-0.0177788
-0.0178373
-0.0178878
-0.0179296
-0.0179621
-0.0179849
-0.0179975
-0.0179995
-0.0179904
-0.0179699
-0.0179373
-0.0178922
-0.0178343
-0.017763
-0.017678
-0.0175789
-0.0174653
-0.0173371
-0.017194
-0.0170359
-0.0168628
-0.0166746
-0.0164714
-0.0162535
-0.0160213
-0.015775
-0.0155154
-0.015243
-0.0149589
-0.0146637
-0.0143587
-0.0140449
-0.0137236
-0.0133962
-0.013064
-0.0127284
-0.0123909
-0.0120527
-0.0117155
-0.0113803
-0.0110485
-0.0107211
-0.0103992
-0.0100838
-0.00977557
-0.00947526
-0.0091834
-0.00890042
-0.00862666
-0.00836233
-0.00810754
-0.00786233
-0.00762663
-0.00740031
-0.00718317
-0.00697495
-0.00677532
-0.00658391
-0.00640032
-0.00622412
-0.00605486
-0.00589207
-0.00573531
-0.00558409
-0.00543798
-0.00529654
-0.00515933
-0.00502598
-0.00489609
-0.00476934
-0.0046454
-0.004524
-0.00440489
-0.00428786
-0.00417273
-0.00405936
-0.00394763
-0.00383745
-0.00372875
-0.0036215
-0.00351565
-0.0034112
-0.00330815
-0.0032065
-0.00310627
-0.00300748
-0.00291016
-0.00281434
-0.00272004
-0.00262731
-0.00253617
-0.00244666
-0.00235881
-0.00227265
-0.00218821
-0.00210552
-0.0020246
-0.00194547
-0.00186816
-0.00179269
-0.00171906
-0.00164729
-0.00157739
-0.00150937
-0.00144322
-0.00137895
-0.00131656
-0.00125605
-0.00119739
-0.0011406
-0.00108564
-0.00103251
-0.000981199
-0.000931676
-0.000883922
-0.000837915
-0.000793628
-0.000751035
-0.000710106
-0.000670811
-0.000633117
-0.000596992
-0.000562401
-0.000529309
-0.000497679
-0.000467475
-0.000438659
-0.000411193
-0.000385039
-0.000360159
-0.000336513
-0.000314063
-0.000292772
-0.000272599
-0.000253507
-0.000235458
-0.000218415
-0.00020234
-0.000187196
-0.000172947
-0.000159557
-0.000146992
-0.000135215
-0.000124194
-0.000113893
-0.000104282
-9.53262e-05
-8.6995e-05
-7.92571e-05
-7.20823e-05
-6.54409e-05
-5.93039e-05
-5.36434e-05
-4.84318e-05
-4.36426e-05
-3.92502e-05
-3.52295e-05
-3.15565e-05
-2.82082e-05
-2.51622e-05
-2.23972e-05
-1.98927e-05
-1.76293e-05
-1.55884e-05
-1.37525e-05
-1.21047e-05
-1.06294e-05
-9.31165e-06
-8.13762e-06
-7.09422e-06
-6.16928e-06
-5.35146e-06
-4.63025e-06
-3.99593e-06
-3.43951e-06
-2.95277e-06
-2.52814e-06
-2.15874e-06
-1.83828e-06
-1.56107e-06
-1.32197e-06
-1.11634e-06
-9.40011e-07
-7.89258e-07
-6.60756e-07
-5.51555e-07
-4.59036e-07
-3.80897e-07
-3.15105e-07
-2.59883e-07
-2.13683e-07
-1.75149e-07
-1.43117e-07
-1.16575e-07
-9.46542e-08
-7.66098e-08
-6.18048e-08
-4.97008e-08
-3.98364e-08
-3.18263e-08
-2.53425e-08
-2.01135e-08
-1.59108e-08
-1.2545e-08
-9.8587e-09
-7.72447e-09
-6.03227e-09
-4.69684e-09
-3.64513e-09
-2.82288e-09
-2.18009e-09
-1.68055e-09
-1.2935e-09
-9.94747e-10
-7.64894e-10
-5.88668e-10
-4.55855e-10
-3.5328e-10
-2.74846e-10
-2.17312e-10
-1.73374e-10
-1.41929e-10
-1.16429e-10
-9.83658e-11
-8.51398e-11
-7.54308e-11
-6.83416e-11
-6.31922e-11
-5.94712e-11
-5.67975e-11
-5.49514e-11
-5.3665e-11
-5.29201e-11
-5.25031e-11
-5.21352e-11
-5.17886e-11
-5.22809e-11
-5.15896e-11
-5.17763e-11
-5.15192e-11
-5.06948e-11
-5.2018e-11
-5.13061e-11
-5.11709e-11
-5.1087e-11
-5.10543e-11
-5.10462e-11
-5.10569e-11
-5.10758e-11
-0.0978741
-0.0938687
-0.0900219
-0.0863299
-0.0827886
-0.0793942
-0.0761424
-0.0730292
-0.0700503
-0.0672015
-0.0644787
-0.0618776
-0.0593941
-0.0570241
-0.0547636
-0.0526085
-0.0505549
-0.048599
-0.046737
-0.0449651
-0.0432797
-0.0416771
-0.0401536
-0.0387058
-0.0373302
-0.0360232
-0.0347817
-0.0336024
-0.0324823
-0.0314187
-0.030409
-0.0294509
-0.0285422
-0.0276814
-0.026867
-0.0260978
-0.0253731
-0.0246923
-0.0240553
-0.0234619
-0.0229122
-0.0224064
-0.0219446
-0.0215269
-0.0211531
-0.0208228
-0.0205354
-0.0202897
-0.0200844
-0.0199176
-0.019787
-0.0196901
-0.0196244
-0.0195867
-0.0195739
-0.0195826
-0.0196092
-0.0196508
-0.0197042
-0.0197668
-0.0198361
-0.01991
-0.0199865
-0.020064
-0.0201409
-0.0202144
-0.0202824
-0.0203436
-0.0203974
-0.0204435
-0.0204815
-0.0205108
-0.020531
-0.0205413
-0.0205409
-0.0205288
-0.020504
-0.0204655
-0.0204122
-0.0203428
-0.0202565
-0.0201522
-0.0200289
-0.0198859
-0.0197223
-0.0195373
-0.0193306
-0.0191014
-0.0188497
-0.0185753
-0.0182784
-0.0179597
-0.0176198
-0.0172598
-0.0168815
-0.0164865
-0.0160769
-0.0156552
-0.0152239
-0.014786
-0.0143444
-0.0139023
-0.0134624
-0.0130277
-0.0126009
-0.0121843
-0.0117799
-0.0113894
-0.0110142
-0.010655
-0.0103127
-0.0099874
-0.0096792
-0.00938786
-0.00911296
-0.00885389
-0.00860988
-0.00838003
-0.00816334
-0.00795874
-0.00776511
-0.00758132
-0.00740622
-0.0072387
-0.0070777
-0.00692225
-0.00677145
-0.00662452
-0.00648077
-0.00633962
-0.00620058
-0.00606327
-0.00592735
-0.00579256
-0.00565872
-0.00552567
-0.00539331
-0.00526157
-0.0051304
-0.00499981
-0.0048698
-0.00474039
-0.00461165
-0.00448362
-0.00435639
-0.00423002
-0.00410462
-0.00398026
-0.00385706
-0.0037351
-0.00361448
-0.0034953
-0.00337764
-0.0032616
-0.00314726
-0.00303471
-0.00292402
-0.00281527
-0.00270852
-0.00260385
-0.00250132
-0.00240099
-0.00230289
-0.00220709
-0.00211362
-0.00202252
-0.00193381
-0.00184753
-0.00176368
-0.00168228
-0.00160333
-0.00152684
-0.0014528
-0.00138121
-0.00131204
-0.00124528
-0.00118091
-0.00111889
-0.0010592
-0.0010018
-0.000946654
-0.000893719
-0.000842954
-0.000794312
-0.000747747
-0.000703209
-0.000660649
-0.000620017
-0.00058126
-0.000544327
-0.000509166
-0.000475725
-0.000443951
-0.000413793
-0.000385198
-0.000358117
-0.000332498
-0.000308291
-0.000285446
-0.000263914
-0.000243646
-0.000224594
-0.00020671
-0.000189947
-0.000174259
-0.0001596
-0.000145925
-0.000133188
-0.000121346
-0.000110354
-0.000100172
-9.07563e-05
-8.20661e-05
-7.40614e-05
-6.67029e-05
-5.99522e-05
-5.37723e-05
-4.81269e-05
-4.29811e-05
-3.83012e-05
-3.40547e-05
-3.02103e-05
-2.67382e-05
-2.36099e-05
-2.07981e-05
-1.82771e-05
-1.60225e-05
-1.40113e-05
-1.22219e-05
-1.06339e-05
-9.22851e-06
-7.98799e-06
-6.89601e-06
-5.93743e-06
-5.09831e-06
-4.36582e-06
-3.72826e-06
-3.17491e-06
-2.69606e-06
-2.2829e-06
-1.92747e-06
-1.62264e-06
-1.36199e-06
-1.1398e-06
-9.50993e-07
-7.91046e-07
-6.5598e-07
-5.42283e-07
-4.46887e-07
-3.67102e-07
-3.00594e-07
-2.45337e-07
-1.99581e-07
-1.61821e-07
-1.30763e-07
-1.05309e-07
-8.4518e-08
-6.75965e-08
-5.38738e-08
-4.27834e-08
-3.38556e-08
-2.66938e-08
-2.09714e-08
-1.64146e-08
-1.2801e-08
-9.94634e-09
-7.70024e-09
-5.94099e-09
-4.56719e-09
-3.49942e-09
-2.67284e-09
-2.03565e-09
-1.5468e-09
-1.17219e-09
-8.88878e-10
-6.73928e-10
-5.10757e-10
-3.88369e-10
-2.9762e-10
-2.30756e-10
-1.8e-10
-1.44578e-10
-1.16494e-10
-9.69567e-11
-8.29415e-11
-7.28991e-11
-6.58104e-11
-6.07845e-11
-5.73434e-11
-5.49463e-11
-5.33858e-11
-5.2444e-11
-5.18869e-11
-5.22079e-11
-5.12613e-11
-5.06667e-11
-5.05054e-11
-5.00524e-11
-4.99134e-11
-4.99008e-11
-0.144327
-0.140354
-0.136467
-0.132667
-0.128954
-0.125328
-0.12179
-0.11834
-0.114978
-0.111703
-0.108514
-0.105412
-0.102394
-0.0994603
-0.0966095
-0.0938404
-0.0911517
-0.0885419
-0.0860097
-0.0835534
-0.0811716
-0.0788626
-0.0766247
-0.0744563
-0.0723555
-0.0703206
-0.0683498
-0.0664414
-0.0645937
-0.0628048
-0.0610731
-0.0593968
-0.0577744
-0.0562043
-0.0546849
-0.0532147
-0.0517922
-0.0504159
-0.0490845
-0.0477963
-0.04655
-0.045344
-0.0441765
-0.043046
-0.0419506
-0.0408884
-0.0398574
-0.0388558
-0.0378815
-0.0369328
-0.0360077
-0.035105
-0.0342234
-0.0333622
-0.0325213
-0.031701
-0.0309023
-0.0301267
-0.0293765
-0.0286544
-0.0279635
-0.0273073
-0.0266893
-0.0261128
-0.0255809
-0.0250979
-0.024667
-0.0242897
-0.0239659
-0.0236941
-0.0234719
-0.023296
-0.0231624
-0.0230668
-0.0230049
-0.022972
-0.0229639
-0.0229766
-0.0230039
-0.0230387
-0.0230768
-0.0231157
-0.023154
-0.023191
-0.0232262
-0.0232592
-0.0232895
-0.0233159
-0.0233375
-0.0233524
-0.023359
-0.0233549
-0.0233378
-0.023305
-0.0232539
-0.0231816
-0.0230854
-0.0229624
-0.0228097
-0.0226249
-0.0224054
-0.0221488
-0.0218537
-0.0215188
-0.0211434
-0.0207279
-0.0202735
-0.0197824
-0.0192583
-0.0187058
-0.0181302
-0.017538
-0.0169361
-0.0163322
-0.0157338
-0.0151484
-0.0145829
-0.0140429
-0.0135331
-0.0130567
-0.0126157
-0.0122106
-0.0118406
-0.0115037
-0.0111973
-0.0109184
-0.0106636
-0.0104298
-0.0102138
-0.0100131
-0.00982495
-0.00964736
-0.00947846
-0.00931662
-0.00916042
-0.00900862
-0.00886011
-0.00871393
-0.00856925
-0.00842535
-0.00828162
-0.00813751
-0.00799262
-0.00784661
-0.00769921
-0.00755021
-0.00739949
-0.00724704
-0.00709294
-0.0069373
-0.00678025
-0.00662197
-0.00646261
-0.00630235
-0.00614137
-0.00597985
-0.00581801
-0.00565604
-0.00549414
-0.00533253
-0.00517141
-0.00501101
-0.00485154
-0.00469321
-0.00453624
-0.00438084
-0.00422721
-0.00407553
-0.00392601
-0.00377881
-0.0036341
-0.00349202
-0.00335272
-0.00321633
-0.00308296
-0.00295271
-0.00282567
-0.00270192
-0.0025815
-0.00246448
-0.00235089
-0.00224073
-0.00213404
-0.00203079
-0.00193099
-0.0018346
-0.00174159
-0.00165194
-0.00156557
-0.00148246
-0.00140253
-0.00132572
-0.00125198
-0.00118123
-0.00111339
-0.00104841
-0.000986211
-0.000926718
-0.00086986
-0.000815569
-0.000763774
-0.000714406
-0.000667396
-0.000622678
-0.000580186
-0.000539854
-0.000501616
-0.00046541
-0.000431172
-0.000398838
-0.000368346
-0.000339634
-0.000312638
-0.000287298
-0.00026355
-0.000241332
-0.000220583
-0.000201241
-0.000183244
-0.00016653
-0.00015104
-0.000136713
-0.000123489
-0.000111308
-0.000100114
-8.98492e-05
-8.04578e-05
-7.18853e-05
-6.4079e-05
-5.69873e-05
-5.05605e-05
-4.47508e-05
-3.95122e-05
-3.48006e-05
-3.05739e-05
-2.67923e-05
-2.34179e-05
-2.0415e-05
-1.77501e-05
-1.53916e-05
-1.33102e-05
-1.14785e-05
-9.87136e-06
-8.46524e-06
-7.23866e-06
-6.1719e-06
-5.24691e-06
-4.44732e-06
-3.75824e-06
-3.16626e-06
-2.6593e-06
-2.22652e-06
-1.85826e-06
-1.54592e-06
-1.28187e-06
-1.0594e-06
-8.72591e-07
-7.1626e-07
-5.85886e-07
-4.77543e-07
-3.87831e-07
-3.13816e-07
-2.52973e-07
-2.03152e-07
-1.62509e-07
-1.29483e-07
-1.02755e-07
-8.12098e-08
-6.39155e-08
-5.00899e-08
-3.90878e-08
-3.03695e-08
-2.34886e-08
-1.80864e-08
-1.38627e-08
-1.05754e-08
-8.02965e-09
-6.06657e-09
-4.56196e-09
-3.41459e-09
-2.54309e-09
-1.88498e-09
-1.39226e-09
-1.02355e-09
-7.51541e-10
-5.50219e-10
-4.03177e-10
-2.96292e-10
-2.20714e-10
-1.65182e-10
-1.27044e-10
-9.94519e-11
-8.10762e-11
-6.87356e-11
-6.07094e-11
-5.57053e-11
-5.28171e-11
-5.14201e-11
-5.15928e-11
-5.00984e-11
-0.16543
-0.162631
-0.159846
-0.157078
-0.154328
-0.151599
-0.148893
-0.146212
-0.143556
-0.140929
-0.13833
-0.135762
-0.133225
-0.130721
-0.12825
-0.125813
-0.12341
-0.121043
-0.118711
-0.116415
-0.114155
-0.111931
-0.109744
-0.107594
-0.10548
-0.103402
-0.10136
-0.0993544
-0.0973843
-0.0954495
-0.0935498
-0.0916847
-0.0898538
-0.0880567
-0.0862928
-0.0845617
-0.0828628
-0.0811956
-0.0795594
-0.0779537
-0.0763779
-0.0748312
-0.073313
-0.0718228
-0.0703598
-0.0689234
-0.0675132
-0.0661286
-0.0647692
-0.0634347
-0.0621248
-0.0608389
-0.0595766
-0.0583375
-0.057121
-0.0559265
-0.0547536
-0.0536018
-0.0524703
-0.0513587
-0.0502661
-0.0491918
-0.0481347
-0.0470936
-0.0460672
-0.0450539
-0.0440519
-0.0430593
-0.0420743
-0.041095
-0.0401199
-0.0391481
-0.0381792
-0.0372137
-0.0362531
-0.0353001
-0.0343586
-0.0334334
-0.0325328
-0.0316676
-0.0308474
-0.0300805
-0.0293733
-0.0287308
-0.0281563
-0.0276514
-0.0272163
-0.0268497
-0.0265492
-0.0263115
-0.0261323
-0.0260067
-0.0259247
-0.0258778
-0.0258598
-0.0258659
-0.0258926
-0.0259373
-0.0259977
-0.0260714
-0.0261561
-0.026249
-0.026347
-0.0264461
-0.026542
-0.0266298
-0.0267042
-0.0267591
-0.0267883
-0.0267853
-0.0267432
-0.0266553
-0.0265148
-0.026316
-0.0260536
-0.025724
-0.0253245
-0.0248559
-0.0243209
-0.0237259
-0.0230807
-0.0223971
-0.0216839
-0.0209505
-0.0202072
-0.0194646
-0.0187332
-0.018023
-0.0173432
-0.0167016
-0.0161043
-0.0155557
-0.0150581
-0.0146118
-0.0142155
-0.0138661
-0.0135596
-0.0132913
-0.0130562
-0.0128505
-0.0126703
-0.0125098
-0.0123649
-0.0122327
-0.012111
-0.0119943
-0.0118775
-0.0117582
-0.0116353
-0.0115084
-0.0113771
-0.0112411
-0.0111003
-0.0109542
-0.0108028
-0.0106459
-0.0104832
-0.0103149
-0.0101409
-0.00996117
-0.00977596
-0.00958533
-0.00938948
-0.00918867
-0.00898327
-0.00877372
-0.00856047
-0.008344
-0.00812482
-0.00790345
-0.00768039
-0.00745617
-0.0072313
-0.00700631
-0.00678171
-0.00655801
-0.00633567
-0.00611519
-0.005897
-0.00568153
-0.00546917
-0.00526028
-0.00505518
-0.00485417
-0.00465751
-0.0044654
-0.00427805
-0.00409558
-0.00391811
-0.00374573
-0.00357847
-0.00341636
-0.00325937
-0.00310749
-0.00296066
-0.0028188
-0.00268184
-0.00254968
-0.00242222
-0.00229934
-0.00218095
-0.00206693
-0.00195715
-0.00185153
-0.00174994
-0.00165228
-0.00155846
-0.00146838
-0.00138195
-0.00129908
-0.00121968
-0.00114369
-0.00107101
-0.00100159
-0.000935344
-0.000872203
-0.000812098
-0.000754958
-0.000700713
-0.000649291
-0.000600623
-0.000554633
-0.000511248
-0.000470391
-0.000431987
-0.000395954
-0.000362213
-0.000330681
-0.000301275
-0.000273909
-0.000248496
-0.000224951
-0.000203186
-0.000183112
-0.000164642
-0.000147689
-0.000132166
-0.000117989
-0.000105073
-9.33376e-05
-8.27017e-05
-7.30885e-05
-6.44233e-05
-5.6634e-05
-4.96518e-05
-4.34108e-05
-3.78484e-05
-3.29053e-05
-2.85256e-05
-2.46567e-05
-2.12494e-05
-1.82579e-05
-1.56395e-05
-1.3355e-05
-1.13681e-05
-9.64564e-06
-8.15734e-06
-6.87562e-06
-5.77551e-06
-4.83453e-06
-4.03245e-06
-3.35118e-06
-2.77463e-06
-2.2885e-06
-1.88015e-06
-1.53848e-06
-1.25373e-06
-1.01738e-06
-8.22038e-07
-6.61283e-07
-5.29573e-07
-4.2215e-07
-3.34941e-07
-2.64473e-07
-2.07805e-07
-1.62456e-07
-1.26349e-07
-9.77416e-08
-7.51959e-08
-5.75199e-08
-4.37373e-08
-3.30528e-08
-2.48133e-08
-1.85001e-08
-1.36926e-08
-1.00544e-08
-7.31938e-09
-5.28012e-09
-3.76978e-09
-2.66114e-09
-1.85746e-09
-1.27721e-09
-8.66115e-10
-5.78932e-10
-3.81081e-10
-2.50493e-10
-1.62177e-10
-1.0773e-10
-7.3326e-11
-5.23852e-11
-0.155796
-0.154474
-0.153132
-0.151772
-0.150395
-0.149003
-0.147595
-0.146175
-0.144743
-0.1433
-0.141848
-0.140388
-0.138921
-0.137447
-0.135969
-0.134486
-0.133
-0.131512
-0.130022
-0.128531
-0.12704
-0.125549
-0.124058
-0.12257
-0.121083
-0.119598
-0.118115
-0.116636
-0.11516
-0.113687
-0.112217
-0.110751
-0.109289
-0.107831
-0.106376
-0.104925
-0.103478
-0.102034
-0.100595
-0.0991595
-0.0977287
-0.0963031
-0.0948837
-0.0934715
-0.0920675
-0.0906729
-0.089289
-0.0879172
-0.0865584
-0.0852136
-0.0838822
-0.0825637
-0.0812577
-0.079964
-0.0786821
-0.0774118
-0.0761528
-0.0749048
-0.0736675
-0.0724407
-0.071224
-0.070017
-0.0688194
-0.0676308
-0.0664508
-0.065279
-0.0641148
-0.0629578
-0.0618076
-0.0606636
-0.0595256
-0.0583931
-0.057266
-0.0561441
-0.0550273
-0.0539158
-0.0528098
-0.0517093
-0.0506147
-0.049526
-0.0484431
-0.0473659
-0.0462938
-0.0452263
-0.0441627
-0.0431022
-0.0420447
-0.0409903
-0.0399397
-0.0388948
-0.0378586
-0.0368354
-0.0358359
-0.0348711
-0.0339514
-0.0330865
-0.0322847
-0.0315535
-0.0308985
-0.0303243
-0.0298336
-0.0294279
-0.0291071
-0.0288684
-0.0287055
-0.0286126
-0.0285844
-0.0286159
-0.0287023
-0.0288387
-0.0290197
-0.0292398
-0.0294924
-0.0297704
-0.0300659
-0.0303701
-0.0306732
-0.0309646
-0.0312328
-0.0314652
-0.0316483
-0.0317687
-0.0318194
-0.0317957
-0.0316961
-0.0315201
-0.0312679
-0.030941
-0.0305424
-0.0300753
-0.0295444
-0.0289548
-0.0283123
-0.0276235
-0.0268954
-0.0261357
-0.0253528
-0.0245557
-0.0237543
-0.0229586
-0.0221787
-0.0214246
-0.0207056
-0.0200298
-0.0194035
-0.0188348
-0.0183312
-0.0178956
-0.017527
-0.0172212
-0.0169713
-0.0167692
-0.0166061
-0.0164736
-0.0163637
-0.0162698
-0.0161864
-0.016109
-0.0160343
-0.0159597
-0.0158834
-0.0158033
-0.0157136
-0.0156111
-0.0154943
-0.0153623
-0.0152151
-0.0150524
-0.0148743
-0.014681
-0.0144727
-0.0142498
-0.0140127
-0.0137619
-0.0134982
-0.0132224
-0.0129355
-0.0126384
-0.0123323
-0.0120185
-0.0116982
-0.0113726
-0.011043
-0.0107107
-0.0103771
-0.0100433
-0.00971042
-0.00937969
-0.00905209
-0.00872859
-0.00841006
-0.00809726
-0.00779082
-0.00749126
-0.00719899
-0.00691432
-0.00663747
-0.00636857
-0.00610768
-0.00585479
-0.00560982
-0.00537265
-0.00514308
-0.00492094
-0.00470599
-0.004498
-0.00429676
-0.00410201
-0.00391354
-0.00373111
-0.00355451
-0.00338355
-0.00321804
-0.00305785
-0.00290284
-0.00275287
-0.00260785
-0.00246767
-0.00233225
-0.00220152
-0.0020754
-0.00195385
-0.0018368
-0.00172422
-0.00161606
-0.00151228
-0.00141283
-0.00131769
-0.0012268
-0.00114012
-0.0010576
-0.000979188
-0.000904819
-0.000834424
-0.000767928
-0.000705249
-0.000646295
-0.00059097
-0.000539168
-0.000490779
-0.000445685
-0.000403767
-0.000364897
-0.000328947
-0.000295785
-0.000265277
-0.000237286
-0.000211678
-0.000188315
-0.000167063
-0.000147788
-0.000130358
-0.000114644
-0.000100522
-8.78691e-05
-7.6569e-05
-6.65093e-05
-5.75832e-05
-4.96891e-05
-4.27312e-05
-3.66192e-05
-3.12691e-05
-2.66023e-05
-2.25463e-05
-1.90342e-05
-1.60045e-05
-1.34012e-05
-1.11735e-05
-9.27508e-06
-7.66439e-06
-6.30399e-06
-5.16038e-06
-4.20363e-06
-3.40717e-06
-2.74751e-06
-2.20398e-06
-1.75849e-06
-1.39533e-06
-1.1009e-06
-8.63544e-07
-6.73286e-07
-5.21677e-07
-4.01585e-07
-3.07037e-07
-2.33068e-07
-1.75571e-07
-1.31171e-07
-9.71254e-08
-7.12025e-08
-5.1623e-08
-3.69508e-08
-2.60538e-08
-1.8046e-08
-1.22329e-08
-8.07923e-09
-5.16803e-09
-3.19467e-09
-1.90842e-09
-1.13226e-09
-7.04218e-10
-0.128482
-0.128194
-0.127889
-0.12757
-0.127234
-0.126882
-0.126513
-0.126131
-0.12573
-0.125312
-0.124875
-0.124424
-0.123957
-0.123473
-0.122974
-0.122458
-0.121926
-0.121378
-0.120814
-0.120234
-0.119638
-0.119026
-0.118397
-0.117753
-0.117092
-0.116416
-0.115723
-0.115013
-0.114288
-0.113546
-0.112788
-0.112013
-0.111222
-0.110415
-0.109592
-0.108753
-0.107898
-0.107028
-0.106142
-0.105243
-0.10433
-0.103406
-0.10247
-0.101524
-0.100568
-0.0996031
-0.0986443
-0.0976657
-0.0966755
-0.0956657
-0.0946527
-0.0936399
-0.092621
-0.0915949
-0.0905616
-0.0895211
-0.0884735
-0.0874187
-0.0863568
-0.0852879
-0.0842122
-0.0831297
-0.0820407
-0.0809453
-0.0798439
-0.0787367
-0.0776237
-0.0765054
-0.0753819
-0.0742535
-0.0731204
-0.0719828
-0.0708412
-0.0696957
-0.0685468
-0.0673947
-0.0662398
-0.0650825
-0.0639231
-0.062762
-0.0615996
-0.0604362
-0.0592722
-0.058108
-0.056944
-0.0557808
-0.0546188
-0.0534589
-0.0523018
-0.0511486
-0.0500004
-0.0488586
-0.0477247
-0.0466004
-0.0454873
-0.0443872
-0.043302
-0.0422338
-0.0411848
-0.0401579
-0.0391564
-0.0381841
-0.0372459
-0.0363487
-0.0355031
-0.034719
-0.034006
-0.0333725
-0.0328259
-0.0323723
-0.0320165
-0.0317613
-0.0316066
-0.0315508
-0.0315909
-0.0317228
-0.0319408
-0.0322377
-0.0326049
-0.0330322
-0.0335078
-0.0340187
-0.0345501
-0.0350858
-0.0356083
-0.0361012
-0.0365504
-0.0369439
-0.0372706
-0.0375201
-0.0376852
-0.0377589
-0.037738
-0.0376212
-0.0374092
-0.0371046
-0.0367121
-0.0362375
-0.0356873
-0.0350693
-0.0343925
-0.0336652
-0.0328968
-0.0320968
-0.0312745
-0.0304393
-0.0296005
-0.0287669
-0.0279471
-0.0271495
-0.0263824
-0.0256539
-0.0249717
-0.024343
-0.0237743
-0.0232706
-0.0228358
-0.0224712
-0.0221763
-0.0219475
-0.0217791
-0.0216638
-0.0215978
-0.0215752
-0.021588
-0.0216278
-0.0216856
-0.0217535
-0.0218243
-0.0218921
-0.021952
-0.0220005
-0.022035
-0.0220497
-0.0220397
-0.0220018
-0.021934
-0.0218349
-0.0217035
-0.0215393
-0.021342
-0.0211116
-0.0208487
-0.0205541
-0.0202293
-0.0198758
-0.0194956
-0.019091
-0.0186644
-0.0182187
-0.017757
-0.0172824
-0.016799
-0.0163108
-0.0158193
-0.0153273
-0.0148372
-0.0143513
-0.0138716
-0.0134
-0.012938
-0.0124867
-0.012047
-0.0116195
-0.0112044
-0.0108018
-0.0104116
-0.0100338
-0.00966808
-0.00931403
-0.00897102
-0.00863835
-0.00831542
-0.00800179
-0.00769699
-0.00740054
-0.007112
-0.00683098
-0.0065571
-0.00628997
-0.00602926
-0.0057747
-0.00552606
-0.00528314
-0.00504579
-0.00481386
-0.00458724
-0.00436587
-0.00414973
-0.00393883
-0.00373322
-0.00353296
-0.00333814
-0.00314886
-0.00296522
-0.00278732
-0.00261527
-0.0024492
-0.00228918
-0.0021353
-0.00198762
-0.00184618
-0.00171102
-0.00158216
-0.00145958
-0.00134325
-0.00123315
-0.00112921
-0.00103135
-0.000939471
-0.000853447
-0.000773145
-0.000698407
-0.00062906
-0.000564916
-0.000505771
-0.000451412
-0.000401615
-0.00035615
-0.000314778
-0.000277263
-0.000243362
-0.000212836
-0.000185447
-0.000160961
-0.000139153
-0.000119803
-0.000102702
-8.76506e-05
-7.44598e-05
-6.29517e-05
-5.29597e-05
-4.43272e-05
-3.69081e-05
-3.05665e-05
-2.5176e-05
-2.06201e-05
-1.67918e-05
-1.35939e-05
-1.09389e-05
-8.74813e-06
-6.95182e-06
-5.48836e-06
-4.3038e-06
-3.35131e-06
-2.59055e-06
-1.98707e-06
-1.5117e-06
-1.13989e-06
-8.51203e-07
-6.28715e-07
-4.58541e-07
-3.294e-07
-2.32203e-07
-1.59727e-07
-1.063e-07
-6.75718e-08
-4.02892e-08
-2.21142e-08
-1.14004e-08
-0.0987347
-0.0989155
-0.0991011
-0.0992889
-0.0994789
-0.0996704
-0.0998619
-0.100052
-0.100241
-0.100429
-0.100614
-0.100791
-0.100961
-0.101124
-0.101276
-0.101422
-0.10156
-0.101688
-0.101804
-0.101909
-0.102
-0.102076
-0.102137
-0.102183
-0.102212
-0.102224
-0.102217
-0.10219
-0.102143
-0.102076
-0.101987
-0.101876
-0.101743
-0.101587
-0.101408
-0.101207
-0.100982
-0.100735
-0.100482
-0.100222
-0.0998972
-0.0995447
-0.0991332
-0.0987036
-0.0982708
-0.0978213
-0.0973483
-0.0968331
-0.0962965
-0.0957385
-0.0951562
-0.0945485
-0.0939157
-0.0932577
-0.0925749
-0.0918674
-0.0911355
-0.0903796
-0.0896
-0.088797
-0.087971
-0.0871226
-0.086253
-0.0853611
-0.0844479
-0.0835135
-0.0825597
-0.0815869
-0.0805953
-0.0795857
-0.0785587
-0.077515
-0.0764554
-0.0753806
-0.0742912
-0.0731883
-0.0720724
-0.0709444
-0.0698052
-0.0686557
-0.0674966
-0.0663288
-0.0651534
-0.0639712
-0.0627832
-0.0615904
-0.0603939
-0.0591948
-0.0579943
-0.0567937
-0.0555944
-0.0543978
-0.0532056
-0.0520196
-0.0508415
-0.0496737
-0.0485184
-0.0473782
-0.0462561
-0.0451554
-0.0440797
-0.043033
-0.0420199
-0.0410452
-0.0401141
-0.0392324
-0.0384058
-0.0376405
-0.0369427
-0.0363186
-0.0357747
-0.035317
-0.0349531
-0.0346895
-0.0345318
-0.0344839
-0.034548
-0.0347232
-0.0350063
-0.0353921
-0.0358732
-0.0364403
-0.0370821
-0.0377857
-0.0385365
-0.0393187
-0.0401155
-0.0409088
-0.0416821
-0.0424217
-0.0431125
-0.0437386
-0.0442868
-0.0447454
-0.0451047
-0.0453571
-0.0454977
-0.0455247
-0.045438
-0.0452372
-0.0449272
-0.0445138
-0.0440032
-0.0434036
-0.042725
-0.0419764
-0.0411676
-0.0403097
-0.0394123
-0.0384856
-0.0375395
-0.036584
-0.0356285
-0.0346823
-0.0337539
-0.0328514
-0.0319826
-0.0311546
-0.0303739
-0.0296467
-0.0289783
-0.0283738
-0.0278379
-0.0273744
-0.0269866
-0.0266768
-0.0264459
-0.0262936
-0.026218
-0.0262152
-0.0262796
-0.0264037
-0.026578
-0.0267955
-0.0270496
-0.0273322
-0.0276347
-0.0279483
-0.0282648
-0.0285764
-0.0288764
-0.029156
-0.029408
-0.0296266
-0.0298068
-0.0299444
-0.0300358
-0.0300775
-0.0300666
-0.0300011
-0.0298795
-0.0297013
-0.0294663
-0.0291754
-0.0288301
-0.0284333
-0.0279883
-0.0274991
-0.0269705
-0.0264078
-0.0258165
-0.0252025
-0.0245719
-0.0239305
-0.023284
-0.0226364
-0.0219916
-0.0213538
-0.020727
-0.0201146
-0.0195177
-0.0189361
-0.0183698
-0.0178196
-0.0172849
-0.0167654
-0.0162611
-0.0157719
-0.0152974
-0.0148365
-0.0143879
-0.0139506
-0.013524
-0.0131076
-0.0127005
-0.0123021
-0.0119112
-0.0115269
-0.011148
-0.010774
-0.0104049
-0.0100397
-0.00967774
-0.00931878
-0.00896263
-0.00860908
-0.00825821
-0.00791028
-0.00756561
-0.00722446
-0.00688716
-0.00655416
-0.00622596
-0.00590302
-0.00558572
-0.00527446
-0.00496975
-0.00467208
-0.00438193
-0.00409977
-0.00382608
-0.00356134
-0.003306
-0.00306046
-0.00282508
-0.00260016
-0.00238593
-0.00218257
-0.00199017
-0.0018088
-0.00163844
-0.00147902
-0.00133043
-0.00119243
-0.00106476
-0.000947099
-0.000839071
-0.000740275
-0.000650265
-0.000568573
-0.000494745
-0.000428333
-0.000368881
-0.000315939
-0.00026907
-0.000227835
-0.000191785
-0.000160468
-0.000133438
-0.000110262
-9.05278e-05
-7.38388e-05
-5.98238e-05
-4.81372e-05
-3.84612e-05
-3.05077e-05
-2.40176e-05
-1.87609e-05
-1.4535e-05
-1.11634e-05
-8.49397e-06
-6.3962e-06
-4.75962e-06
-3.49132e-06
-2.51389e-06
-1.7635e-06
-1.18829e-06
-7.47606e-07
-4.13236e-07
-1.74785e-07
-0.0749929
-0.0754033
-0.0758258
-0.0762567
-0.0766978
-0.0771492
-0.0776082
-0.0780741
-0.0785457
-0.0790206
-0.0794976
-0.0799777
-0.080459
-0.080938
-0.0814159
-0.081891
-0.0823615
-0.0828261
-0.0832837
-0.083733
-0.0841738
-0.0846035
-0.0850211
-0.0854257
-0.0858175
-0.0861947
-0.0865625
-0.0869092
-0.0872316
-0.0875293
-0.0878192
-0.0880913
-0.0883337
-0.0885447
-0.0887381
-0.0889221
-0.0890935
-0.0892261
-0.0893323
-0.0893991
-0.089445
-0.0894683
-0.089459
-0.0894159
-0.089338
-0.0892227
-0.0890718
-0.0888871
-0.0886664
-0.088409
-0.0881149
-0.087783
-0.0874133
-0.087006
-0.0865628
-0.0860837
-0.0855705
-0.085022
-0.0844394
-0.0838231
-0.0831752
-0.0824967
-0.0817876
-0.0810483
-0.0802806
-0.079485
-0.0786622
-0.0778131
-0.0769387
-0.07604
-0.0751175
-0.0741726
-0.0732059
-0.0722189
-0.0712121
-0.070187
-0.0691444
-0.0680854
-0.0670113
-0.0659232
-0.0648223
-0.0637097
-0.0625869
-0.0614551
-0.0603158
-0.0591704
-0.0580205
-0.0568678
-0.0557141
-0.0545614
-0.0534116
-0.0522672
-0.0511306
-0.0500046
-0.0488923
-0.0477968
-0.046722
-0.0456718
-0.0446506
-0.0436633
-0.0427151
-0.0418116
-0.0409588
-0.0401631
-0.039431
-0.0387696
-0.0381856
-0.0376861
-0.0372777
-0.0369669
-0.0367595
-0.0366604
-0.0366736
-0.0368021
-0.0370469
-0.0374079
-0.0378831
-0.0384696
-0.0391629
-0.0399563
-0.0408409
-0.0418039
-0.042831
-0.0439066
-0.0450145
-0.0461389
-0.0472616
-0.048364
-0.0494276
-0.050434
-0.0513695
-0.0522218
-0.0529783
-0.0536278
-0.0541641
-0.0545808
-0.0548732
-0.05504
-0.0550818
-0.0549988
-0.0547942
-0.0544724
-0.0540403
-0.0535049
-0.0528745
-0.0521588
-0.0513657
-0.0505042
-0.0495828
-0.0486123
-0.0476017
-0.0465604
-0.0454976
-0.0444233
-0.0433447
-0.0422698
-0.0412079
-0.0401664
-0.0391519
-0.0381712
-0.0372303
-0.036335
-0.0354904
-0.0347012
-0.0339717
-0.0333054
-0.0327053
-0.0321738
-0.0317126
-0.0313229
-0.0310055
-0.0307603
-0.0305874
-0.030486
-0.0304553
-0.0304941
-0.0306005
-0.0307722
-0.0310059
-0.0312976
-0.0316424
-0.032037
-0.0324771
-0.0329571
-0.0334703
-0.0340093
-0.0345651
-0.0351263
-0.0356821
-0.0362224
-0.0367376
-0.0372186
-0.0376576
-0.0380479
-0.0383828
-0.0386567
-0.0388652
-0.0390049
-0.0390733
-0.0390687
-0.0389907
-0.0388397
-0.0386181
-0.0383283
-0.0379738
-0.0375591
-0.03709
-0.0365725
-0.0360135
-0.0354192
-0.0347966
-0.0341525
-0.0334911
-0.0328171
-0.0321343
-0.0314465
-0.0307577
-0.0300725
-0.0293952
-0.0287266
-0.0280677
-0.0274197
-0.0267841
-0.0261628
-0.025557
-0.0249678
-0.0243961
-0.0238418
-0.0233028
-0.0227774
-0.0222637
-0.0217603
-0.0212657
-0.020778
-0.0202947
-0.0198134
-0.0193323
-0.0188504
-0.0183667
-0.0178794
-0.0173868
-0.0168887
-0.0163858
-0.0158786
-0.015367
-0.0148508
-0.0143301
-0.0138053
-0.0132764
-0.0127434
-0.0122065
-0.0116665
-0.0111247
-0.0105825
-0.0100413
-0.00950253
-0.00896796
-0.00843917
-0.00791775
-0.00740522
-0.00690328
-0.00641374
-0.00593852
-0.00547903
-0.00503671
-0.00461294
-0.00420872
-0.00382491
-0.00346226
-0.0031204
-0.00279944
-0.0024994
-0.00222002
-0.00196078
-0.00172157
-0.00150244
-0.00130317
-0.00112323
-0.000961847
-0.000818167
-0.000691238
-0.000579992
-0.000483261
-0.00039981
-0.000328379
-0.00026772
-0.000216616
-0.000173906
-0.0001385
-0.000109391
-8.56603e-05
-6.6465e-05
-5.10644e-05
-3.88038e-05
-2.91068e-05
-2.14642e-05
-1.54165e-05
-1.0527e-05
-6.34604e-06
-2.39678e-06
-0.062211
-0.0627188
-0.0632355
-0.0637587
-0.0642863
-0.0648152
-0.0653432
-0.0658675
-0.0663878
-0.0669025
-0.0674113
-0.0679137
-0.0684091
-0.0688961
-0.0693745
-0.0698442
-0.0703038
-0.070753
-0.0711911
-0.0716179
-0.0720324
-0.0724345
-0.0728243
-0.0732019
-0.0735642
-0.0739116
-0.074242
-0.0745566
-0.074855
-0.0751358
-0.0753963
-0.0756342
-0.0758536
-0.0760517
-0.0762276
-0.0763806
-0.0765097
-0.0766168
-0.0767018
-0.0767607
-0.0767924
-0.0767952
-0.076768
-0.0767075
-0.0766151
-0.0764907
-0.0763344
-0.0761468
-0.0759277
-0.0756772
-0.0753964
-0.0750839
-0.0747411
-0.0743682
-0.0739657
-0.073534
-0.0730734
-0.0725846
-0.0720681
-0.0715243
-0.0709537
-0.0703571
-0.0697349
-0.0690879
-0.0684168
-0.067722
-0.0670044
-0.0662646
-0.0655033
-0.0647218
-0.0639203
-0.0631001
-0.0622623
-0.0614078
-0.0605377
-0.0596533
-0.0587557
-0.0578463
-0.0569266
-0.055998
-0.0550621
-0.0541208
-0.053176
-0.0522296
-0.0512839
-0.0503415
-0.0494048
-0.0484768
-0.0475606
-0.0466598
-0.045778
-0.0449192
-0.044088
-0.0432892
-0.0425278
-0.0418095
-0.0411401
-0.0405258
-0.0399731
-0.0394888
-0.0390797
-0.0387527
-0.0385147
-0.0383721
-0.038331
-0.038397
-0.0385745
-0.0388672
-0.0392773
-0.0398053
-0.0404503
-0.0412094
-0.0420777
-0.0430484
-0.0441124
-0.0452592
-0.0464762
-0.0477495
-0.0490641
-0.0504041
-0.0517531
-0.0530964
-0.0544199
-0.0557096
-0.0569523
-0.058128
-0.0592273
-0.0602388
-0.0611489
-0.0619455
-0.0626198
-0.0631687
-0.0635921
-0.0638877
-0.0640589
-0.0641067
-0.0640381
-0.0638582
-0.0635727
-0.0631877
-0.0627108
-0.0621484
-0.0615051
-0.0607888
-0.0600057
-0.0591655
-0.0582741
-0.0573376
-0.0563621
-0.055354
-0.0543196
-0.0532652
-0.052197
-0.0511226
-0.050047
-0.0489763
-0.0479153
-0.0468696
-0.0458453
-0.0448468
-0.0438789
-0.0429463
-0.0420532
-0.0412042
-0.0404016
-0.0396497
-0.0389513
-0.0383089
-0.0377246
-0.0372003
-0.0367375
-0.0363374
-0.036001
-0.0357289
-0.0355213
-0.0353783
-0.0352998
-0.0352851
-0.0353332
-0.035443
-0.0356127
-0.0358405
-0.036124
-0.0364608
-0.0368477
-0.0372811
-0.037758
-0.0382771
-0.0388369
-0.0394348
-0.0400674
-0.0407298
-0.0414126
-0.0421047
-0.0427965
-0.0434782
-0.0441409
-0.0447756
-0.0453742
-0.0459284
-0.0464308
-0.0468733
-0.0472503
-0.0475581
-0.0477949
-0.0479584
-0.0480485
-0.0480667
-0.0480153
-0.0478978
-0.0477175
-0.0474775
-0.0471836
-0.0468401
-0.0464514
-0.0460206
-0.0455535
-0.0450527
-0.0445211
-0.0439632
-0.0433824
-0.0427826
-0.042168
-0.0415419
-0.0409081
-0.040271
-0.0396341
-0.0390007
-0.0383744
-0.0377578
-0.0371518
-0.0365588
-0.0359783
-0.0354093
-0.034851
-0.0343021
-0.0337616
-0.0332295
-0.0327038
-0.0321799
-0.0316543
-0.0311244
-0.0305893
-0.0300487
-0.0295014
-0.0289463
-0.0283825
-0.0278094
-0.0272257
-0.0266283
-0.0260148
-0.0253835
-0.0247336
-0.024064
-0.0233735
-0.0226615
-0.0219281
-0.0211738
-0.0203989
-0.0196039
-0.0187902
-0.0179599
-0.0171156
-0.0162598
-0.0153957
-0.0145272
-0.013659
-0.0127956
-0.0119416
-0.0111012
-0.0102779
-0.00947666
-0.00869834
-0.00794349
-0.00721421
-0.00651429
-0.00584804
-0.00521788
-0.00462517
-0.00407159
-0.00355891
-0.00308846
-0.0026607
-0.00227528
-0.00193106
-0.00162637
-0.00135903
-0.00112654
-0.000926145
-0.000754957
-0.000610043
-0.000488494
-0.000387483
-0.000304309
-0.000236417
-0.000181384
-0.00013681
-9.99976e-05
-6.70104e-05
-3.00622e-05
-0.0508904
-0.0512193
-0.0515534
-0.0518924
-0.0522361
-0.0525843
-0.052937
-0.0532936
-0.0536519
-0.0540095
-0.0543641
-0.0547134
-0.0550552
-0.0553875
-0.055709
-0.0560197
-0.0563198
-0.0566094
-0.0568883
-0.0571564
-0.0574138
-0.0576599
-0.0578947
-0.0581179
-0.0583292
-0.0585283
-0.058714
-0.0588857
-0.0590427
-0.059185
-0.0593122
-0.0594237
-0.0595184
-0.0595954
-0.0596539
-0.0596941
-0.0597166
-0.0597208
-0.0597062
-0.0596719
-0.0596168
-0.0595407
-0.0594435
-0.0593255
-0.0591868
-0.0590274
-0.0588475
-0.0586475
-0.0584276
-0.0581879
-0.0579285
-0.0576498
-0.0573519
-0.057035
-0.0566995
-0.0563458
-0.0559742
-0.0555851
-0.0551789
-0.054756
-0.0543169
-0.0538621
-0.0533923
-0.0529083
-0.0524108
-0.0519005
-0.0513786
-0.0508456
-0.0503029
-0.0497515
-0.0491926
-0.0486275
-0.0480576
-0.0474847
-0.0469103
-0.0463363
-0.0457647
-0.0451978
-0.0446377
-0.0440872
-0.0435488
-0.0430254
-0.0425203
-0.0420367
-0.0415782
-0.0411485
-0.0407517
-0.0403919
-0.0400734
-0.039801
-0.0395792
-0.0394128
-0.0393068
-0.0392659
-0.0392949
-0.0393984
-0.0395809
-0.0398463
-0.0401982
-0.0406395
-0.0411724
-0.0417984
-0.0425178
-0.0433299
-0.0442329
-0.0452236
-0.0462974
-0.0474484
-0.0486694
-0.0499517
-0.0512856
-0.0526601
-0.0540635
-0.0554831
-0.0569058
-0.0583188
-0.0597079
-0.0610605
-0.0623629
-0.0636045
-0.0647742
-0.0658621
-0.0668609
-0.0677653
-0.0685666
-0.0692649
-0.0698569
-0.070344
-0.0707254
-0.0710002
-0.0711698
-0.071237
-0.0712042
-0.0710736
-0.0708489
-0.0705328
-0.0701311
-0.0696494
-0.0690934
-0.0684699
-0.0677824
-0.0670385
-0.0662468
-0.0654159
-0.0645539
-0.0636645
-0.0627531
-0.0618239
-0.0608806
-0.0599297
-0.0589705
-0.0580089
-0.0570499
-0.0560964
-0.0551523
-0.0542193
-0.0533
-0.052399
-0.0515197
-0.0506652
-0.0498387
-0.0490434
-0.048283
-0.0475596
-0.0468763
-0.0462351
-0.0456387
-0.0450896
-0.0445892
-0.0441394
-0.0437416
-0.043397
-0.0431068
-0.0428719
-0.0426933
-0.0425708
-0.0425045
-0.0424938
-0.0425386
-0.0426376
-0.0427895
-0.0429926
-0.043245
-0.043544
-0.0438868
-0.0442709
-0.0446926
-0.0451491
-0.0456354
-0.0461484
-0.0466829
-0.047236
-0.0478079
-0.048396
-0.048996
-0.0496039
-0.0502159
-0.0508272
-0.0514321
-0.0520274
-0.0526057
-0.0531578
-0.0536793
-0.0541643
-0.054608
-0.0550062
-0.0553565
-0.0556562
-0.0559034
-0.0560978
-0.0562384
-0.0563263
-0.0563622
-0.0563481
-0.0562865
-0.0561768
-0.0560207
-0.0558199
-0.0555772
-0.0552933
-0.0549717
-0.0546145
-0.0542242
-0.0538049
-0.0533602
-0.0528939
-0.0524094
-0.0519102
-0.0513994
-0.050881
-0.0503574
-0.0498295
-0.0492999
-0.04877
-0.0482402
-0.0477118
-0.0471858
-0.0466607
-0.0461371
-0.0456154
-0.0450944
-0.0445722
-0.0440498
-0.0435264
-0.0430009
-0.0424731
-0.0419424
-0.0414069
-0.0408653
-0.0403165
-0.0397591
-0.0391906
-0.0386101
-0.0380147
-0.0374013
-0.0367674
-0.0361103
-0.0354267
-0.034714
-0.0339697
-0.0331912
-0.0323766
-0.031524
-0.030631
-0.0296964
-0.02872
-0.0277029
-0.0266471
-0.0255557
-0.0244325
-0.023281
-0.0221031
-0.0209037
-0.0196873
-0.018458
-0.0172224
-0.0159906
-0.0147668
-0.0135569
-0.0123683
-0.0112101
-0.0100913
-0.00902033
-0.00800469
-0.00705043
-0.00616226
-0.00534343
-0.00459571
-0.00391947
-0.0033138
-0.0027767
-0.00230515
-0.00189537
-0.0015429
-0.00124278
-0.000989491
-0.000776595
-0.000594839
-0.0004254
-0.000215334
-0.0384047
-0.0384972
-0.038594
-0.0386951
-0.0388005
-0.0389103
-0.0390244
-0.0391429
-0.039266
-0.0393936
-0.039526
-0.0396632
-0.0398055
-0.0399529
-0.0401049
-0.0402596
-0.0404154
-0.0405709
-0.0407246
-0.0408755
-0.0410224
-0.0411645
-0.0413008
-0.0414306
-0.0415532
-0.0416676
-0.041773
-0.0418689
-0.0419554
-0.0420327
-0.0421007
-0.0421596
-0.0422091
-0.0422492
-0.0422801
-0.0423018
-0.042314
-0.0423171
-0.0423109
-0.0422953
-0.0422703
-0.0422359
-0.0421923
-0.0421394
-0.0420774
-0.0420064
-0.0419267
-0.0418385
-0.041742
-0.0416376
-0.0415257
-0.041406
-0.0412796
-0.0411463
-0.0410066
-0.0408619
-0.0407127
-0.0405599
-0.0404035
-0.0402449
-0.0400846
-0.0399234
-0.0397626
-0.0396026
-0.0394448
-0.0392903
-0.03914
-0.0389952
-0.0388571
-0.0387272
-0.0386067
-0.0384974
-0.0384005
-0.0383179
-0.0382512
-0.0382023
-0.0381729
-0.038165
-0.0381806
-0.0382215
-0.0382899
-0.0383878
-0.0385173
-0.0386803
-0.038879
-0.0391152
-0.0393911
-0.0397083
-0.0400686
-0.0404737
-0.0409251
-0.0414238
-0.0419711
-0.0425677
-0.0432142
-0.0439108
-0.0446574
-0.0454535
-0.0462985
-0.0471909
-0.0481293
-0.0491116
-0.0501352
-0.0511973
-0.0522944
-0.0534226
-0.0545778
-0.0557553
-0.05695
-0.0581565
-0.0593694
-0.0605837
-0.0617921
-0.0629893
-0.0641681
-0.0653243
-0.0664519
-0.0675455
-0.0685981
-0.0696051
-0.070561
-0.071463
-0.0723068
-0.0730887
-0.0738062
-0.0744573
-0.0750391
-0.0755504
-0.0759907
-0.0763612
-0.0766628
-0.0768949
-0.0770576
-0.0771517
-0.0771781
-0.0771364
-0.0770284
-0.0768546
-0.076616
-0.0763146
-0.0759485
-0.0755199
-0.0750309
-0.0744818
-0.0738748
-0.0732148
-0.0725069
-0.0717579
-0.0709746
-0.0701582
-0.0693208
-0.068467
-0.0676078
-0.0667495
-0.0658974
-0.0650555
-0.0642256
-0.0634125
-0.0626207
-0.0618531
-0.0611129
-0.0604036
-0.0597269
-0.0590845
-0.0584787
-0.057913
-0.0573891
-0.0569083
-0.0564719
-0.0560809
-0.0557358
-0.0554374
-0.0551857
-0.0549809
-0.054823
-0.0547117
-0.0546467
-0.0546276
-0.0546534
-0.0547231
-0.0548358
-0.0549904
-0.0551863
-0.0554205
-0.0556872
-0.0559793
-0.056292
-0.0566206
-0.0569627
-0.0573132
-0.0576693
-0.058027
-0.0583822
-0.058733
-0.0590792
-0.0594205
-0.0597561
-0.0600867
-0.0604091
-0.0607174
-0.0610122
-0.0612934
-0.0615634
-0.0618198
-0.0620598
-0.0622818
-0.0624838
-0.0626648
-0.062824
-0.0629601
-0.0630724
-0.0631591
-0.0632193
-0.0632528
-0.0632591
-0.0632375
-0.0631875
-0.0631092
-0.0630019
-0.0628629
-0.0626932
-0.0624939
-0.0622677
-0.0620153
-0.0617378
-0.0614364
-0.0611112
-0.0607634
-0.0603952
-0.060009
-0.0596066
-0.0591897
-0.0587599
-0.0583191
-0.0578685
-0.0574078
-0.0569384
-0.0564616
-0.0559794
-0.0554926
-0.0550021
-0.0545068
-0.0540064
-0.0535015
-0.0529937
-0.0524837
-0.0519712
-0.0514563
-0.0509387
-0.0504183
-0.0498953
-0.0493676
-0.0488343
-0.0482943
-0.047747
-0.0471911
-0.0466246
-0.0460452
-0.0454506
-0.0448379
-0.0442041
-0.0435451
-0.0428568
-0.0421355
-0.0413775
-0.0405793
-0.0397373
-0.0388488
-0.037911
-0.0369216
-0.0358787
-0.0347805
-0.0336258
-0.0324141
-0.0311452
-0.0298173
-0.0284307
-0.0269897
-0.0255009
-0.0239721
-0.0224127
-0.0208338
-0.0192478
-0.0176678
-0.0161071
-0.014579
-0.0130963
-0.0116715
-0.0103158
-0.00903887
-0.00784869
-0.00675122
-0.0057503
-0.0048476
-0.00404251
-0.00333178
-0.0027078
-0.0021518
-0.00160692
-0.000869593
-0.0327903
-0.0327453
-0.0327048
-0.0326686
-0.0326364
-0.0326081
-0.0325834
-0.032562
-0.0325439
-0.0325289
-0.0325167
-0.0325074
-0.0325007
-0.0324966
-0.032495
-0.0324957
-0.0324988
-0.0325041
-0.0325116
-0.0325214
-0.0325333
-0.0325476
-0.0325641
-0.0325829
-0.0326043
-0.0326282
-0.0326549
-0.0326845
-0.0327165
-0.0327503
-0.0327855
-0.0328218
-0.0328589
-0.0328965
-0.0329345
-0.0329727
-0.033011
-0.0330493
-0.0330878
-0.0331264
-0.0331652
-0.0332043
-0.0332438
-0.0332841
-0.033325
-0.033367
-0.0334102
-0.033455
-0.0335016
-0.0335503
-0.0336016
-0.0336556
-0.0337128
-0.0337736
-0.0338386
-0.0339081
-0.0339827
-0.0340631
-0.0341496
-0.034243
-0.0343438
-0.0344525
-0.0345699
-0.0346965
-0.0348329
-0.03498
-0.0351384
-0.0353087
-0.0354918
-0.0356883
-0.0358991
-0.0361247
-0.036366
-0.0366238
-0.0368986
-0.0371913
-0.0375026
-0.0378332
-0.0381836
-0.0385547
-0.0389469
-0.0393609
-0.0397972
-0.0402562
-0.0407386
-0.0412442
-0.0417737
-0.0423271
-0.0429048
-0.0435068
-0.044133
-0.0447835
-0.045458
-0.0461563
-0.0468781
-0.0476229
-0.0483901
-0.0491788
-0.0499885
-0.0508182
-0.0516669
-0.0525334
-0.0534166
-0.0543152
-0.0552276
-0.0561524
-0.057088
-0.0580328
-0.0589849
-0.0599426
-0.0609041
-0.0618675
-0.0628309
-0.0637925
-0.0647503
-0.0657025
-0.0666473
-0.0675828
-0.0685072
-0.0694186
-0.0703153
-0.071195
-0.0720555
-0.0728946
-0.0737101
-0.0744993
-0.0752598
-0.0759888
-0.076684
-0.0773425
-0.0779621
-0.0785401
-0.0790743
-0.0795626
-0.0800031
-0.0803936
-0.0807335
-0.0810206
-0.0812543
-0.0814342
-0.0815598
-0.0816314
-0.0816495
-0.0816149
-0.0815288
-0.0813929
-0.0812091
-0.0809794
-0.0807063
-0.0803923
-0.0800398
-0.0796514
-0.0792296
-0.0787766
-0.0782946
-0.0777891
-0.077265
-0.0767277
-0.0761824
-0.0756338
-0.075086
-0.0745428
-0.0740072
-0.0734819
-0.0729703
-0.0724747
-0.0719972
-0.0715365
-0.0710961
-0.0706772
-0.0702843
-0.0699189
-0.0695816
-0.0692725
-0.0689916
-0.068739
-0.0685138
-0.0683147
-0.0681399
-0.0679871
-0.0678531
-0.0677345
-0.067627
-0.0675298
-0.0674434
-0.0673679
-0.0673039
-0.0672503
-0.067207
-0.0671733
-0.0671496
-0.067135
-0.0671289
-0.0671304
-0.0671387
-0.0671533
-0.0671733
-0.0671976
-0.0672255
-0.0672558
-0.0672875
-0.0673193
-0.0673502
-0.0673794
-0.0674051
-0.0674255
-0.0674392
-0.0674457
-0.067444
-0.0674325
-0.06741
-0.0673754
-0.0673276
-0.0672654
-0.067188
-0.0670945
-0.066984
-0.0668558
-0.0667093
-0.066544
-0.0663598
-0.0661566
-0.0659342
-0.0656928
-0.0654327
-0.0651548
-0.0648585
-0.0645447
-0.0642137
-0.0638673
-0.0635063
-0.0631311
-0.0627426
-0.0623415
-0.0619287
-0.0615051
-0.0610715
-0.0606289
-0.0601779
-0.0597193
-0.0592537
-0.0587819
-0.0583044
-0.0578222
-0.0573357
-0.0568457
-0.0563524
-0.0558561
-0.0553573
-0.0548561
-0.0543525
-0.0538465
-0.0533379
-0.0528263
-0.0523112
-0.0517916
-0.0512664
-0.0507343
-0.0501934
-0.0496418
-0.0490772
-0.0484968
-0.0478978
-0.0472769
-0.0466305
-0.0459548
-0.0452456
-0.0444982
-0.0437079
-0.0428696
-0.041978
-0.0410277
-0.0400135
-0.0389305
-0.0377744
-0.0365418
-0.0352313
-0.033843
-0.0323788
-0.0308421
-0.0292386
-0.0275759
-0.0258638
-0.0241139
-0.0223397
-0.0205561
-0.018779
-0.0170252
-0.0153111
-0.013653
-0.0120658
-0.010563
-0.00915597
-0.00785363
-0.0066617
-0.00558133
-0.00460476
-0.00370103
-0.00276672
-0.00145328
)
;

boundaryField
{
    Inlet
    {
        type            zeroGradient;
    }
    BotOutlet1
    {
        type            zeroGradient;
    }
    BotOutlet2
    {
        type            zeroGradient;
    }
    TopInlet
    {
        type            zeroGradient;
    }
    FreeStream
    {
        type            zeroGradient;
    }
    FrontNBack
    {
        type            empty;
    }
    LeftSide
    {
        type            zeroGradient;
    }
    procBoundary3to2
    {
        type            processor;
        value           nonuniform List<scalar> 
400
(
-11172
-9028.48
-6815.2
-4532.28
-2251.6
-15.3235
-1.86297
-1.99188
-2.09685
-2.23756
-2.3648
-2.46052
-2.54389
-2.611
-2.65602
-2.67244
-2.65433
-2.59833
-2.50493
-2.38006
-2.23322
-2.0724
-1.90486
-1.73664
-1.57237
-1.41541
-1.26796
-1.13138
-1.00634
-0.893009
-0.791208
-0.70049
-0.620238
-0.549725
-0.488163
-0.434736
-0.388628
-0.34904
-0.315204
-0.286389
-0.26191
-0.241131
-0.223465
-0.208379
-0.195389
-0.184064
-0.174025
-0.164939
-0.156525
-0.148723
-0.141467
-0.13468
-0.128286
-0.121964
-0.115444
-0.108634
-0.101541
-0.0942339
-0.0868073
-0.0793635
-0.0720079
-0.0648478
-0.0579865
-0.0515159
-0.0455112
-0.040026
-0.035092
-0.0307186
-0.0268964
-0.0236002
-0.0207932
-0.0184311
-0.0164652
-0.0148451
-0.0135211
-0.0124457
-0.0115748
-0.0108688
-0.0102929
-0.00981752
-0.00941787
-0.00907394
-0.00876994
-0.00849371
-0.00823619
-0.00799088
-0.00775331
-0.00752058
-0.007291
-0.00706377
-0.00683869
-0.00661599
-0.00639617
-0.00617986
-0.00596776
-0.00576057
-0.00555892
-0.00536341
-0.00517455
-0.00499275
-0.00483874
-0.00473934
-0.00464544
-0.00455564
-0.00446912
-0.00438539
-0.00430416
-0.00422529
-0.00414867
-0.00407428
-0.00400208
-0.00393207
-0.00386426
-0.00379863
-0.00373521
-0.00367399
-0.00361498
-0.00355818
-0.00350358
-0.00345119
-0.00340101
-0.00335304
-0.00330726
-0.00326369
-0.0032223
-0.00318311
-0.00314609
-0.00311126
-0.00307859
-0.00304809
-0.00301975
-0.00299356
-0.00296952
-0.00294762
-0.00292786
-0.00291022
-0.00289471
-0.00288133
-0.00287005
-0.0028609
-0.00285385
-0.00284891
-0.00284608
-0.00284535
-0.00284673
-0.00285021
-0.00285579
-0.00286349
-0.00287329
-0.00288521
-0.00289924
-0.00291539
-0.00293367
-0.00295409
-0.00297664
-0.00300134
-0.0030282
-0.00305723
-0.00308844
-0.00312183
-0.00315743
-0.00319524
-0.00323528
-0.00327756
-0.00332211
-0.00336892
-0.00341804
-0.00346946
-0.00352322
-0.00357932
-0.00363779
-0.00369866
-0.00376194
-0.00382766
-0.00389583
-0.00396649
-0.00403966
-0.00411536
-0.00419363
-0.00427447
-0.00435793
-0.00444403
-0.0045328
-0.00462427
-0.00471846
-0.0048154
-0.00491513
-0.00501767
-0.00512306
-0.00523132
-0.00534248
-0.00545658
-0.00557365
-0.0056937
-0.00581679
-0.00594292
-0.00607214
-0.00620448
-0.00633995
-0.00647859
-0.00662043
-0.00676549
-0.00691379
-0.00706537
-0.00722024
-0.00737842
-0.00753994
-0.00770481
-0.00787305
-0.00804468
-0.0082197
-0.00839813
-0.00857998
-0.00876524
-0.00895393
-0.00914603
-0.00934155
-0.00954048
-0.00974281
-0.00994852
-0.0101576
-0.01037
-0.0105857
-0.0108047
-0.0110269
-0.0112524
-0.0114809
-0.0117126
-0.0119473
-0.0121849
-0.0124255
-0.0126688
-0.0129149
-0.0131636
-0.0134148
-0.0136684
-0.0139243
-0.0141824
-0.0144425
-0.0147045
-0.0149683
-0.0152336
-0.0155003
-0.0157683
-0.0160374
-0.0163073
-0.0165779
-0.0168489
-0.0171201
-0.0173914
-0.0176624
-0.0179329
-0.0182027
-0.0184715
-0.018739
-0.019005
-0.0192692
-0.0195313
-0.0197909
-0.0200479
-0.0203018
-0.0205524
-0.0207993
-0.0210423
-0.021281
-0.0215151
-0.0217442
-0.021968
-0.0221862
-0.0223984
-0.0226043
-0.0228036
-0.0229958
-0.0231808
-0.023358
-0.0235272
-0.023688
-0.0238401
-0.023983
-0.0241165
-0.0242401
-0.0243535
-0.0244562
-0.0245479
-0.0246281
-0.0246964
-0.0247522
-0.0247951
-0.0248244
-0.0248396
-0.0248399
-0.0248246
-0.0247928
-0.0247437
-0.0246762
-0.024589
-0.024481
-0.0243506
-0.0241964
-0.0240166
-0.0238093
-0.0235726
-0.0233043
-0.0230024
-0.0226645
-0.0222887
-0.0218729
-0.0214153
-0.0209144
-0.0203691
-0.0197789
-0.019144
-0.0184651
-0.0177441
-0.0169834
-0.0161867
-0.0153583
-0.0145035
-0.0136285
-0.0127399
-0.011845
-0.0109513
-0.0100664
-0.00919793
-0.00835293
-0.00753811
-0.0067594
-0.00602186
-0.00532959
-0.00468561
-0.00409192
-0.00354943
-0.00305808
-0.00261692
-0.00222422
-0.00187763
-0.0015743
-0.00131101
-0.00108434
-0.000890767
-0.000726776
-0.000588939
-0.000473989
-0.00037887
-0.000300766
-0.000237125
-0.000185665
-0.000144372
-0.000111489
-8.55016e-05
-6.51196e-05
-4.9255e-05
-3.7e-05
-2.76048e-05
-2.04561e-05
-1.50575e-05
-1.1011e-05
-8.00028e-06
-5.77656e-06
-4.14591e-06
-2.95858e-06
-2.09996e-06
-1.48315e-06
-1.04287e-06
-7.30463e-07
-5.10021e-07
-3.55254e-07
-2.47076e-07
-1.71742e-07
-1.19431e-07
-8.31805e-08
-5.80822e-08
-4.07048e-08
-2.86527e-08
-2.02777e-08
-1.44372e-08
-1.03445e-08
-7.45712e-09
-5.41233e-09
-3.95274e-09
-2.90403e-09
-2.14502e-09
-1.59256e-09
-1.18565e-09
-8.87408e-10
-6.65374e-10
-5.01759e-10
-3.78758e-10
-2.86962e-10
-2.17481e-10
-1.65274e-10
-1.28774e-10
-9.99625e-11
-7.85131e-11
-6.57695e-11
-5.81414e-11
-5.39212e-11
-5.19023e-11
-5.133e-11
-4.95438e-11
)
;
    }
}


// ************************************************************************* //
