/*--------------------------------*- C++ -*----------------------------------*\
| =========                 |                                                 |
| \\      /  F ield         | OpenFOAM: The Open Source CFD Toolbox           |
|  \\    /   O peration     | Version:  2.4.0                                 |
|   \\  /    A nd           | Web:      www.OpenFOAM.org                      |
|    \\/     M anipulation  |                                                 |
\*---------------------------------------------------------------------------*/
FoamFile
{
    version     2.0;
    format      ascii;
    class       volScalarField;
    location    "1.9";
    object      H;
}
// * * * * * * * * * * * * * * * * * * * * * * * * * * * * * * * * * * * * * //

dimensions      [0 2 -2 0 0 0 0];

internalField   nonuniform List<scalar> 
8000
(
-11971.9
-11455.2
-10936.9
-10416.3
-9892.72
-9365.8
-8835.23
-8300.89
-7762.86
-7221.47
-6677.3
-6131.23
-5584.39
-5038.15
-4494.06
-3953.81
-3419.15
-2892.44
-2375.72
-1870.3
-1376.43
-890.853
-414.843
-4.10919
-2.52681
-1.58945
-1.20319
-1.22824
-1.36692
-1.54251
-1.7251
-1.89767
-2.0521
-2.18578
-2.29913
-2.3939
-2.4723
-2.53626
-2.58739
-2.62706
-2.65635
-2.6761
-2.68705
-2.68979
-2.68489
-2.67287
-2.65426
-2.62957
-2.59934
-2.56409
-11962.5
-11426.5
-10888.1
-10345.8
-9798.17
-9244.36
-8683.62
-8115.59
-7540.36
-6958.47
-6370.96
-5779.28
-5185.28
-4591.07
-3998.99
-3411.46
-2831.09
-2260.63
-1703.05
-1157.73
-623.571
-83.156
-1.12368
-0.927574
-0.738072
-0.744106
-0.815589
-0.928467
-1.06394
-1.20864
-1.35245
-1.48858
-1.61318
-1.72451
-1.8221
-1.90623
-1.97753
-2.03679
-2.08486
-2.12258
-2.15073
-2.17009
-2.18136
-2.18524
-2.18235
-2.1733
-2.15866
-2.13896
-2.11473
-2.08643
-11947.2
-11379.9
-10807.4
-10227.2
-9637.05
-9035.37
-8421.35
-7794.95
-7156.99
-6509.14
-5853.89
-5194.31
-4533.91
-3876.26
-3224.86
-2583.53
-1955.18
-1340.82
-746.377
-137.31
-1.67834
-0.0665651
-0.221646
-0.416971
-0.57697
-0.741505
-0.89123
-1.02716
-1.14978
-1.25982
-1.35792
-1.44469
-1.52068
-1.58644
-1.64255
-1.68956
-1.72807
-1.75865
-1.78185
-1.7982
-1.80824
-1.81246
-1.81134
-1.80532
-1.79484
-1.78031
-1.76211
-1.74061
-1.71615
-1.68905
-11920
-11296.4
-10663.1
-10015.4
-9350.27
-8665.92
-7962.26
-7240.81
-6504.75
-5758.77
-5008.68
-4260.93
-3522.39
-2798.95
-2092.83
-1421.04
-761.153
-90.0764
-1.05531
-0.0774713
-0.229288
-0.379091
-0.511491
-0.64831
-0.78079
-0.904665
-1.01632
-1.1145
-1.19907
-1.27067
-1.33036
-1.37936
-1.41884
-1.44993
-1.4736
-1.49073
-1.50206
-1.50823
-1.5098
-1.50726
-1.50105
-1.49152
-1.47903
-1.46386
-1.4463
-1.42658
-1.40495
-1.3816
-1.35673
-1.33053
-11872.6
-11151.8
-10415
-9655.12
-8868.36
-8053.52
-7212.44
-6350.1
-5474.42
-4596.22
-3727.36
-2877.62
-2064.36
-1301.03
-453.462
-4.32016
-0.113164
-0.0695892
-0.248512
-0.350367
-0.474388
-0.589679
-0.693772
-0.786346
-0.870836
-0.946983
-1.01355
-1.07017
-1.11711
-1.15501
-1.18473
-1.20719
-1.22329
-1.23385
-1.23962
-1.24123
-1.23925
-1.23413
-1.22628
-1.21605
-1.20371
-1.18952
-1.1737
-1.15643
-1.13789
-1.11821
-1.09753
-1.07597
-1.05365
-1.03066
-11801.2
-10934.9
-10045.6
-9123.43
-8162.92
-7163.06
-6129.8
-5074.01
-4012.7
-2971.5
-1972.59
-925.942
-30.335
-0.387584
-0.114287
-0.216312
-0.273985
-0.335272
-0.418161
-0.506209
-0.591366
-0.669535
-0.739832
-0.801707
-0.855029
-0.899912
-0.936661
-0.96578
-0.987922
-1.00383
-1.01426
-1.01995
-1.02161
-1.01983
-1.01516
-1.00804
-0.998854
-0.987927
-0.975519
-0.961849
-0.947101
-0.931426
-0.914955
-0.897798
-0.88005
-0.861796
-0.843111
-0.824061
-0.804707
-0.785107
-11704.2
-10639.9
-9541.46
-8394.39
-7191.23
-5933.36
-4632.99
-3308.68
-1965.71
-594.259
-5.64046
-0.271184
-0.0488384
-0.246007
-0.326635
-0.41522
-0.486342
-0.543593
-0.591615
-0.636293
-0.67937
-0.719118
-0.754632
-0.78537
-0.811083
-0.831751
-0.847525
-0.858689
-0.865617
-0.868741
-0.868509
-0.865364
-0.859724
-0.851967
-0.842432
-0.831411
-0.819156
-0.805881
-0.791767
-0.776966
-0.761605
-0.745792
-0.729617
-0.713157
-0.696476
-0.679631
-0.66267
-0.645635
-0.628562
-0.611485
-11556.8
-10191.1
-8773.84
-7284.53
-5718.05
-4096.28
-2482.41
-997.166
-12.8591
-1.49204
-1.21978
-0.762876
-0.678083
-0.687398
-0.712374
-0.728754
-0.735052
-0.737416
-0.73961
-0.743252
-0.748531
-0.754747
-0.760994
-0.76644
-0.770443
-0.772574
-0.772602
-0.770462
-0.766208
-0.759979
-0.751965
-0.742378
-0.731439
-0.71936
-0.70634
-0.692557
-0.67817
-0.663316
-0.648114
-0.632664
-0.617051
-0.601345
-0.585605
-0.569879
-0.554207
-0.538622
-0.523149
-0.507811
-0.492625
-0.477607
-11362.3
-9604.15
-7784.93
-5885.76
-3921.09
-1959.56
-21.1231
-2.7786
-3.11789
-2.39388
-2.05656
-1.78264
-1.57783
-1.41646
-1.28938
-1.18906
-1.10845
-1.04406
-0.993039
-0.952815
-0.920952
-0.895185
-0.873538
-0.854407
-0.83658
-0.819204
-0.80174
-0.783887
-0.765526
-0.746659
-0.727362
-0.707756
-0.687972
-0.668142
-0.648387
-0.628806
-0.609484
-0.590482
-0.571847
-0.553608
-0.535785
-0.518386
-0.501412
-0.48486
-0.468723
-0.45299
-0.43765
-0.422693
-0.408107
-0.393881
-11179.4
-9059.01
-6889.2
-4666.57
-2422.2
-25.9591
-18.4898
-15.2662
-12.5183
-10.0825
-8.04023
-6.45074
-5.30797
-4.46421
-3.82801
-3.33776
-2.95231
-2.64401
-2.39354
-2.18679
-2.01319
-1.8647
-1.73516
-1.61995
-1.51569
-1.41995
-1.33109
-1.24806
-1.17018
-1.09706
-1.02847
-0.964279
-0.904374
-0.848641
-0.796942
-0.749107
-0.704933
-0.664192
-0.626638
-0.592014
-0.560065
-0.53054
-0.503202
-0.477828
-0.454215
-0.432179
-0.411555
-0.392199
-0.373981
-0.35679
-11123.7
-8916.84
-6731.21
-4589.7
-2518.17
-40.0275
-27.9066
-24.1481
-20.7553
-17.7563
-15.1554
-12.9671
-11.1761
-9.72235
-8.53468
-7.55478
-6.73678
-6.04545
-5.45385
-4.94132
-4.49194
-4.09347
-3.73648
-3.41374
-3.1198
-2.85052
-2.60403
-2.37821
-2.17124
-1.98172
-1.80847
-1.65045
-1.50672
-1.37633
-1.25834
-1.15182
-1.05583
-0.969425
-0.891713
-0.821822
-0.758931
-0.702276
-0.651156
-0.604936
-0.563046
-0.524984
-0.490302
-0.458613
-0.429575
-0.402893
-11134.3
-8950.12
-6789.62
-4673.21
-2621.6
-51.1433
-36.0806
-32.2949
-28.7775
-25.5761
-22.7289
-20.2139
-18.0049
-16.0712
-14.3803
-12.9005
-11.6029
-10.4615
-9.45359
-8.55967
-7.76301
-7.04948
-6.40729
-5.82668
-5.29966
-4.81975
-4.38174
-3.98145
-3.61546
-3.28098
-2.97566
-2.69743
-2.44446
-2.215
-2.00739
-1.82001
-1.65124
-1.49952
-1.36331
-1.24136
-1.13232
-1.03466
-0.947055
-0.86832
-0.797427
-0.733473
-0.675664
-0.623305
-0.57579
-0.532588
-11122.3
-8913.15
-6725.85
-4581.7
-2503.57
-83.7753
-56.568
-48.0166
-40.4186
-33.7621
-28.0586
-23.306
-19.4573
-16.4135
-14.0394
-12.1907
-10.7372
-9.57404
-8.62289
-7.8276
-7.14861
-6.55808
-6.0364
-5.56959
-5.1477
-4.76355
-4.41196
-4.08903
-3.79176
-3.51778
-3.26508
-3.03193
-2.81678
-2.61822
-2.43493
-2.26568
-2.10932
-1.96475
-1.83097
-1.70706
-1.59214
-1.48543
-1.3862
-1.29381
-1.20768
-1.1273
-1.05221
-0.982009
-0.91634
-0.854883
-10910.2
-8266.12
-5606.08
-2907.06
-29.4624
-22.7234
-23.0089
-23.3811
-23.3444
-22.7763
-21.7002
-20.2808
-18.7136
-17.1564
-15.705
-14.4041
-13.2546
-12.2356
-11.3186
-10.4732
-9.67519
-8.90837
-8.16467
-7.4448
-6.7569
-6.11317
-5.53408
-5.02106
-4.57158
-4.18023
-3.83995
-3.54328
-3.28323
-3.05377
-2.8499
-2.66749
-2.50315
-2.35411
-2.21813
-2.09342
-1.97851
-1.87217
-1.77335
-1.6811
-1.59467
-1.51341
-1.43679
-1.36428
-1.29545
-1.22991
-11211.6
-9178.86
-7136.17
-5030.8
-2756.86
-31.7248
-25.3437
-24.8948
-4.36896
-7.10486
-8.96395
-10.2023
-10.8972
-11.1848
-11.1852
-10.9905
-10.6869
-10.3877
-10.0915
-9.77936
-9.44951
-9.09951
-8.72977
-8.3458
-7.957
-7.57377
-7.20574
-6.86064
-6.54041
-6.24336
-5.96579
-5.70345
-5.45244
-5.21444
-4.99369
-4.79362
-4.61456
-4.45081
-4.29577
-4.14626
-4.00272
-3.86542
-3.73388
-3.60761
-3.48618
-3.36968
-3.25758
-3.14878
-3.04196
-2.93619
-11475.9
-9985.58
-8539.78
-7149.31
-5814.16
-4530.84
-3298.52
-2075.83
-715.488
-11.6924
-4.81992
-5.57149
-6.00006
-5.70123
-4.34342
-0.476149
-0.113286
-0.70956
-1.38959
-2.09167
-2.74257
-3.29935
-3.74893
-4.08618
-4.30452
-4.41756
-4.42943
-4.45096
-4.46298
-4.44966
-4.4115
-4.34705
-4.25316
-4.138
-4.02538
-3.94315
-3.91549
-3.9277
-3.95365
-3.98336
-4.00097
-4.01176
-4.01785
-4.01933
-4.01534
-4.00388
-3.98609
-3.96082
-3.92951
-3.89149
-11724.5
-10727.4
-9765.91
-8852.5
-7992.25
-7184.6
-6425.22
-5707.5
-5023.66
-4366.5
-3726.16
-3090.94
-2454.59
-1814.04
-1162.44
-489.79
-52.8492
-3.13169
-2.45533
-2.3855
-2.16294
-1.79935
-1.41985
-1.08661
-0.314455
-0.0477927
-0.216989
-0.421111
-0.657925
-0.89906
-1.11001
-1.28383
-1.45264
-1.61445
-1.77588
-1.94247
-2.14957
-2.37192
-2.54453
-2.69599
-2.8523
-3.00849
-3.15539
-3.29395
-3.41824
-3.52469
-3.61209
-3.68047
-3.73135
-3.76614
-11877.3
-11178.6
-10497.4
-9840.82
-9212.47
-8613.48
-8043.06
-7499.27
-6979.63
-6481.65
-6003.2
-5542.58
-5098.33
-4668.73
-4251.34
-3847.18
-3454.97
-3071.58
-2692.25
-2313.65
-1934.23
-1553.07
-1168.89
-781.332
-398.979
-35.8893
-1.12468
-0.500164
-0.345437
-0.164951
-0.0439527
-0.0163939
-0.195095
-0.418396
-0.689077
-0.996108
-1.27923
-1.67537
-2.09445
-2.31885
-2.58044
-2.85946
-3.08749
-3.2356
-3.30072
-3.38839
-3.46622
-3.53305
-3.59288
-3.64625
-11948.5
-11388
-10834.3
-10290.4
-9758.33
-9239.31
-8733.76
-8241.73
-7763.08
-7297.62
-6845.27
-6406.02
-5980.01
-5567.37
-5168.25
-4782.73
-4410.77
-4052.24
-3706.93
-3374.45
-3054.28
-2745.61
-2447.38
-2158.23
-1877.19
-1603.37
-1336.78
-1074.14
-812.725
-550.872
-283.967
-40.0768
-0.767956
-0.185927
-0.123201
-0.046524
-0.039837
-1.08373
-2.32999
-3.58635
-4.63985
-5.47775
-5.98316
-6.37033
-6.25479
-5.97565
-5.52679
-5.22787
-5.05254
-4.91859
-11978.4
-11475.4
-10973.4
-10473.3
-9976.04
-9482.73
-8994.51
-8512.68
-8038.62
-7573.85
-7119.95
-6678.51
-6251.05
-5838.93
-5443.3
-5064.99
-4704.49
-4361.96
-4037.19
-3729.66
-3438.55
-3162.8
-2901.2
-2652.36
-2414.89
-2187.38
-1968.53
-1757.06
-1551.53
-1350.13
-1154.04
-961.268
-769.466
-576.202
-383.237
-195.748
-2.62522
-0.464768
-19.9437
-28.8445
-31.813
-28.5289
-22.4713
-17.7662
-14.4825
-13.2849
-12.1118
-10.9713
-9.53803
-8.17213
-2.52434
-2.4806
-2.43338
-2.38316
-2.33039
-2.2755
-2.21889
-2.16094
-2.10198
-2.04231
-1.98223
-1.92198
-1.86178
-1.80183
-1.74231
-1.68337
-1.62515
-1.56776
-1.51131
-1.45587
-1.40154
-1.34836
-1.29638
-1.24566
-1.19622
-1.14809
-1.10129
-1.05583
-1.01172
-0.968966
-0.927561
-0.887502
-0.848779
-0.81138
-0.775289
-0.740488
-0.706957
-0.674674
-0.643614
-0.613752
-0.58506
-0.557512
-0.531077
-0.505725
-0.481427
-0.458152
-0.435867
-0.414543
-0.394148
-0.37465
-2.05453
-2.01945
-1.98159
-1.94132
-1.89901
-1.85497
-1.80951
-1.76291
-1.71542
-1.6673
-1.61874
-1.56995
-1.52111
-1.47238
-1.42391
-1.37582
-1.32824
-1.28126
-1.23498
-1.18948
-1.14482
-1.10106
-1.05826
-1.01646
-0.975685
-0.935972
-0.89734
-0.859805
-0.823378
-0.788064
-0.753866
-0.720781
-0.688804
-0.657926
-0.628135
-0.599418
-0.571758
-0.545137
-0.519536
-0.494933
-0.471305
-0.44863
-0.426883
-0.406039
-0.386072
-0.366956
-0.348666
-0.331175
-0.314457
-0.298485
-1.65963
-1.62816
-1.59491
-1.56014
-1.52408
-1.48694
-1.44894
-1.41025
-1.37107
-1.33153
-1.2918
-1.25202
-1.21229
-1.17275
-1.13348
-1.09459
-1.05615
-1.01824
-0.980934
-0.944277
-0.908325
-0.873122
-0.838703
-0.805102
-0.772342
-0.740446
-0.709429
-0.679303
-0.650075
-0.62175
-0.594328
-0.567807
-0.542181
-0.517445
-0.493586
-0.470596
-0.448459
-0.427161
-0.406687
-0.387018
-0.368136
-0.350023
-0.332659
-0.316023
-0.300095
-0.284853
-0.270277
-0.256344
-0.243035
-0.230327
-1.30315
-1.27477
-1.24552
-1.21555
-1.18499
-1.15396
-1.12258
-1.09096
-1.05919
-1.02737
-0.995584
-0.963917
-0.932441
-0.901225
-0.87033
-0.839814
-0.809727
-0.780116
-0.751021
-0.722479
-0.694522
-0.667176
-0.640465
-0.61441
-0.589025
-0.564324
-0.540316
-0.517008
-0.494403
-0.472504
-0.45131
-0.430818
-0.411023
-0.391918
-0.373497
-0.355748
-0.338663
-0.322228
-0.306432
-0.291261
-0.2767
-0.262736
-0.249352
-0.236533
-0.224262
-0.212525
-0.201305
-0.190584
-0.180348
-0.170579
-1.00711
-0.983081
-0.958663
-0.933934
-0.90897
-0.883842
-0.858618
-0.83336
-0.808129
-0.782981
-0.757967
-0.733136
-0.708534
-0.684203
-0.660181
-0.636502
-0.613199
-0.590301
-0.567834
-0.54582
-0.524278
-0.503228
-0.482683
-0.462655
-0.443155
-0.42419
-0.405767
-0.387888
-0.370556
-0.353771
-0.337531
-0.321835
-0.306677
-0.292053
-0.277956
-0.264379
-0.251314
-0.238751
-0.226681
-0.215094
-0.203978
-0.193322
-0.183115
-0.173344
-0.163997
-0.155062
-0.146527
-0.138378
-0.130604
-0.123191
-0.765311
-0.745368
-0.725325
-0.705225
-0.685108
-0.665014
-0.644979
-0.625039
-0.605226
-0.585572
-0.566107
-0.546857
-0.527849
-0.509107
-0.490653
-0.472507
-0.454687
-0.437211
-0.420093
-0.403347
-0.386983
-0.371013
-0.355444
-0.340283
-0.325536
-0.311206
-0.297297
-0.283809
-0.270744
-0.258099
-0.245875
-0.234066
-0.222671
-0.211684
-0.2011
-0.190914
-0.181118
-0.171706
-0.16267
-0.154003
-0.145696
-0.13774
-0.130126
-0.122846
-0.11589
-0.109249
-0.102914
-0.0968745
-0.091122
-0.085647
-0.594432
-0.57743
-0.560505
-0.543679
-0.526972
-0.510405
-0.493997
-0.477765
-0.461726
-0.445897
-0.430291
-0.414924
-0.399807
-0.384955
-0.370378
-0.356086
-0.34209
-0.328397
-0.315017
-0.301954
-0.289216
-0.276807
-0.264731
-0.252991
-0.241589
-0.230528
-0.219806
-0.209425
-0.199384
-0.18968
-0.180312
-0.171276
-0.162569
-0.154188
-0.146127
-0.138383
-0.130949
-0.12382
-0.11699
-0.110453
-0.104202
-0.0982315
-0.0925335
-0.0871015
-0.0819284
-0.0770071
-0.0723306
-0.0678916
-0.0636831
-0.0596981
-0.46277
-0.448123
-0.433675
-0.419436
-0.405412
-0.39161
-0.378035
-0.364694
-0.351592
-0.338733
-0.326124
-0.313769
-0.301671
-0.289836
-0.278267
-0.266967
-0.255941
-0.24519
-0.234717
-0.224524
-0.214613
-0.204985
-0.195641
-0.186581
-0.177806
-0.169314
-0.161105
-0.153178
-0.145531
-0.138161
-0.131067
-0.124246
-0.117695
-0.111409
-0.105387
-0.0996233
-0.0941146
-0.0888567
-0.083845
-0.0790751
-0.0745424
-0.0702421
-0.0661696
-0.06232
-0.0586885
-0.0552703
-0.0520609
-0.0490555
-0.0462495
-0.0436387
-0.380004
-0.366468
-0.353262
-0.34038
-0.327814
-0.315557
-0.303603
-0.291949
-0.280588
-0.269518
-0.258734
-0.248234
-0.238016
-0.228075
-0.218412
-0.209023
-0.199907
-0.191063
-0.182488
-0.174182
-0.166143
-0.15837
-0.15086
-0.143613
-0.136627
-0.129899
-0.12343
-0.117215
-0.111255
-0.105545
-0.100085
-0.0948721
-0.0899037
-0.0851774
-0.0806909
-0.0764417
-0.0724272
-0.0686448
-0.0650921
-0.0617665
-0.0586655
-0.0557867
-0.0531277
-0.0506865
-0.0484608
-0.0464487
-0.0446485
-0.0430586
-0.0416775
-0.0405042
-0.340529
-0.325113
-0.310469
-0.296533
-0.283249
-0.270569
-0.258451
-0.246858
-0.235757
-0.225119
-0.21492
-0.205136
-0.195749
-0.18674
-0.178094
-0.169797
-0.161835
-0.154199
-0.146878
-0.139864
-0.133148
-0.126724
-0.120585
-0.114726
-0.109141
-0.103827
-0.0987796
-0.093995
-0.0894703
-0.0852029
-0.0811905
-0.0774311
-0.0739232
-0.0706652
-0.0676563
-0.0648955
-0.0623825
-0.0601171
-0.0580993
-0.0563297
-0.0548089
-0.0535381
-0.0525188
-0.0517526
-0.0512418
-0.0509889
-0.0509971
-0.0512695
-0.0518102
-0.0526235
-0.378309
-0.355602
-0.334578
-0.315068
-0.296926
-0.280025
-0.264252
-0.24951
-0.235711
-0.222779
-0.210646
-0.199254
-0.188547
-0.178479
-0.169007
-0.160093
-0.151705
-0.143811
-0.136386
-0.129406
-0.122849
-0.116699
-0.110937
-0.105552
-0.100529
-0.0958594
-0.0915333
-0.0875434
-0.0838835
-0.0805485
-0.0775347
-0.0748392
-0.0724602
-0.0703968
-0.0686491
-0.0672181
-0.0661054
-0.0653136
-0.0648461
-0.064707
-0.0649012
-0.0654346
-0.0663135
-0.0675454
-0.0691383
-0.0711012
-0.0734439
-0.076177
-0.0793117
-0.0828602
-0.493235
-0.457324
-0.4245
-0.394452
-0.366906
-0.34162
-0.318381
-0.297
-0.27731
-0.259163
-0.242425
-0.226978
-0.212716
-0.199545
-0.18738
-0.176146
-0.165773
-0.156203
-0.147381
-0.139259
-0.131796
-0.124952
-0.118697
-0.113
-0.107837
-0.103187
-0.0990311
-0.0953545
-0.0921448
-0.089392
-0.0870886
-0.0852294
-0.0838109
-0.0828321
-0.0822934
-0.0821971
-0.0825472
-0.0833492
-0.0846103
-0.0863392
-0.0885458
-0.0912418
-0.09444
-0.0981547
-0.102402
-0.107197
-0.11256
-0.11851
-0.125065
-0.132249
-0.797355
-0.743503
-0.6931
-0.64594
-0.601835
-0.560612
-0.52211
-0.486181
-0.452683
-0.421483
-0.392454
-0.365477
-0.340435
-0.31722
-0.295728
-0.275859
-0.257519
-0.240621
-0.225082
-0.210823
-0.197773
-0.185866
-0.17504
-0.16524
-0.156414
-0.148519
-0.141514
-0.135362
-0.130034
-0.125503
-0.121746
-0.118745
-0.116486
-0.114957
-0.114152
-0.114067
-0.1147
-0.116054
-0.118134
-0.120948
-0.124508
-0.128826
-0.13392
-0.139807
-0.14651
-0.154051
-0.162456
-0.171754
-0.181974
-0.193147
-1.16735
-1.10751
-1.05017
-0.995172
-0.942359
-0.891638
-0.842937
-0.796195
-0.751372
-0.708437
-0.667369
-0.628151
-0.590769
-0.55521
-0.52146
-0.489501
-0.459312
-0.430869
-0.404142
-0.379099
-0.355703
-0.333916
-0.313707
-0.29503
-0.277842
-0.262101
-0.247769
-0.234807
-0.223181
-0.212856
-0.203803
-0.195994
-0.189404
-0.184012
-0.1798
-0.176752
-0.174856
-0.174104
-0.174489
-0.17601
-0.178668
-0.182466
-0.187412
-0.193517
-0.200792
-0.209255
-0.218924
-0.229821
-0.241969
-0.255395
-2.83091
-2.72581
-2.62066
-2.51516
-2.4092
-2.30285
-2.19635
-2.09006
-1.98439
-1.87979
-1.77677
-1.6758
-1.57736
-1.48186
-1.3897
-1.30115
-1.21648
-1.13584
-1.05936
-0.987081
-0.919024
-0.855153
-0.795402
-0.739675
-0.687856
-0.639816
-0.595415
-0.554511
-0.516964
-0.482636
-0.451393
-0.42311
-0.397669
-0.374958
-0.354875
-0.337323
-0.322215
-0.309468
-0.299009
-0.29077
-0.284691
-0.280717
-0.2788
-0.278897
-0.280974
-0.284991
-0.29091
-0.298702
-0.308345
-0.319822
-3.84624
-3.79375
-3.7339
-3.6668
-3.59271
-3.51153
-3.4235
-3.32876
-3.22766
-3.12053
-3.00774
-2.88983
-2.76751
-2.64164
-2.51333
-2.38391
-2.25489
-2.12795
-2.00463
-1.88614
-1.7732
-1.66611
-1.56487
-1.46935
-1.37927
-1.29436
-1.21434
-1.13894
-1.06797
-1.00122
-0.938575
-0.879909
-0.825138
-0.774184
-0.726982
-0.683463
-0.643564
-0.607225
-0.574382
-0.544973
-0.518933
-0.496196
-0.476685
-0.460332
-0.447058
-0.436787
-0.429434
-0.424922
-0.42317
-0.424096
-3.78657
-3.79357
-3.78832
-3.77195
-3.7453
-3.70896
-3.6634
-3.60924
-3.54701
-3.47725
-3.40064
-3.31794
-3.23015
-3.13853
-3.0446
-2.95018
-2.85729
-2.76692
-2.67996
-2.59555
-2.51302
-2.43178
-2.35149
-2.27184
-2.19265
-2.11382
-2.03535
-1.95731
-1.87982
-1.80303
-1.72714
-1.65236
-1.57887
-1.50689
-1.43659
-1.36815
-1.30179
-1.23772
-1.17613
-1.11722
-1.06117
-1.00813
-0.958247
-0.911645
-0.868426
-0.82868
-0.792483
-0.759894
-0.730962
-0.705716
-3.691
-3.72735
-3.7566
-3.77913
-3.79481
-3.80333
-3.80469
-3.79898
-3.78631
-3.76693
-3.74126
-3.70997
-3.67407
-3.6353
-3.59754
-3.56883
-3.53828
-3.50507
-3.47401
-3.45044
-3.4306
-3.41079
-3.38913
-3.36453
-3.33604
-3.30296
-3.26488
-3.22146
-3.1725
-3.11806
-3.05844
-2.99374
-2.92397
-2.84944
-2.77045
-2.687
-2.59943
-2.50817
-2.41382
-2.31701
-2.21837
-2.11861
-2.01847
-1.91874
-1.8202
-1.72367
-1.62994
-1.5398
-1.45403
-1.37336
-4.80901
-4.71922
-4.64591
-4.58587
-4.53603
-4.49364
-4.45664
-4.42299
-4.39174
-4.36186
-4.33319
-4.30624
-4.28422
-4.27086
-4.24795
-4.22741
-4.2106
-4.1889
-4.16852
-4.15623
-4.14635
-4.13626
-4.12498
-4.11175
-4.09571
-4.07635
-4.05313
-4.02534
-3.99234
-3.95388
-3.90969
-3.85957
-3.80276
-3.73934
-3.66854
-3.59055
-3.50557
-3.41388
-3.31557
-3.21095
-3.1009
-2.98607
-2.86723
-2.74539
-2.62175
-2.49765
-2.37453
-2.25389
-2.13725
-2.02609
-7.25988
-6.67521
-6.2576
-5.93547
-5.67959
-5.47865
-5.34311
-5.22487
-5.12751
-5.05137
-4.99169
-4.94463
-4.90756
-4.87842
-4.85252
-4.82788
-4.80243
-4.77686
-4.7522
-4.72892
-4.70691
-4.68601
-4.66587
-4.64596
-4.62571
-4.60463
-4.58219
-4.55816
-4.53144
-4.50171
-4.46827
-4.43145
-4.39037
-4.34398
-4.29264
-4.23621
-4.17459
-4.10798
-4.03657
-3.9601
-3.87891
-3.793
-3.70306
-3.60951
-3.51297
-3.41442
-3.31447
-3.2143
-3.11542
-3.01926
-0.360034
-0.350064
-0.340298
-0.330734
-0.321369
-0.312202
-0.303231
-0.294453
-0.285866
-0.277469
-0.269259
-0.261233
-0.25339
-0.245728
-0.238243
-0.230933
-0.223796
-0.21683
-0.210033
-0.203401
-0.196932
-0.190624
-0.184474
-0.17848
-0.172639
-0.166948
-0.161406
-0.156009
-0.150756
-0.145643
-0.140668
-0.135828
-0.131121
-0.126545
-0.122097
-0.117773
-0.113573
-0.109494
-0.105532
-0.101686
-0.0979526
-0.0943302
-0.0908161
-0.087408
-0.0841034
-0.0809001
-0.0777957
-0.0747881
-0.0718748
-0.0690538
-0.0663227
-0.0636795
-0.0611219
-0.0586479
-0.0562553
-0.0539421
-0.0517063
-0.0495459
-0.0474589
-0.0454433
-0.0434973
-0.0416189
-0.0398064
-0.0380578
-0.0363715
-0.0347457
-0.0331786
-0.0316687
-0.0302141
-0.0288134
-0.0274649
-0.026167
-0.0249183
-0.0237173
-0.0225624
-0.0214523
-0.0203856
-0.0193609
-0.0183769
-0.0174323
-0.0165257
-0.015656
-0.014822
-0.0140225
-0.0132563
-0.0125223
-0.0118194
-0.0111465
-0.0105027
-0.0098868
-0.00929795
-0.00873517
-0.00819751
-0.00768408
-0.007194
-0.00672641
-0.00628048
-0.00585542
-0.00545044
-0.00506478
-0.00469771
-0.00434852
-0.00401652
-0.00370104
-0.00340143
-0.00311707
-0.00284735
-0.00259169
-0.00234952
-0.00212029
-0.00190347
-0.00169856
-0.00150509
-0.00132262
-0.00115067
-0.000988786
-0.000836517
-0.000693439
-0.000559142
-0.000433228
-0.000315317
-0.000205039
-0.000102042
-5.98277e-06
8.3467e-05
0.000166624
0.000243794
0.00031527
0.000381336
0.000442264
0.000498316
0.000549744
0.000596791
0.000639691
0.000678667
0.000713936
0.000745704
0.000774169
0.000799524
0.000821951
0.000841625
0.000858714
0.000873379
0.000885774
0.000896046
0.000904334
0.000910773
0.00091549
0.000918605
0.000920234
0.000920485
0.000919462
0.000917261
0.000913975
0.000909689
0.000904484
0.000898436
0.000891616
0.000884089
0.000875916
0.000867154
0.000857854
0.000848064
0.000837828
0.000827185
0.000816172
0.000804822
0.000793164
0.000781225
0.000769029
0.000756596
0.000743947
0.000731098
0.000718065
0.000704862
0.0006915
0.000677992
0.000664349
0.00065058
0.000636695
0.000622704
0.000608615
0.000594439
0.000580185
0.000565863
0.000551484
0.000537059
0.0005226
0.000508118
0.000493627
0.000479141
0.000464674
0.000450241
0.000435857
0.000421539
0.000407304
0.000393167
0.000379145
0.000365257
0.00035152
0.000337949
0.000324562
0.000311376
0.000298406
0.000285668
0.000273176
0.000260944
0.000248985
0.000237311
0.000225933
0.00021486
0.000204102
0.000193665
0.000183557
0.00017378
0.000164341
0.00015524
0.00014648
0.00013806
0.00012998
0.000122237
0.000114828
0.00010775
0.000100997
9.45637e-05
8.84439e-05
8.26304e-05
7.71155e-05
7.1891e-05
6.69482e-05
6.22783e-05
5.7872e-05
5.37199e-05
4.98122e-05
4.61393e-05
4.26914e-05
3.94587e-05
3.64316e-05
3.36005e-05
3.09558e-05
2.84882e-05
2.61887e-05
2.40484e-05
2.20586e-05
2.0211e-05
1.84973e-05
1.69098e-05
1.5441e-05
1.40835e-05
1.28305e-05
1.16753e-05
1.06115e-05
9.63314e-06
8.73442e-06
7.90988e-06
7.15434e-06
6.4629e-06
5.83091e-06
5.25402e-06
4.72809e-06
4.24925e-06
3.81387e-06
3.41852e-06
3.06001e-06
2.73535e-06
2.44175e-06
2.17661e-06
1.9375e-06
1.72218e-06
1.52856e-06
1.35471e-06
1.19882e-06
1.05926e-06
9.34493e-07
8.23119e-07
7.23846e-07
6.35492e-07
5.56972e-07
4.87293e-07
4.25549e-07
3.70914e-07
3.22637e-07
2.80035e-07
2.42487e-07
2.09433e-07
1.80364e-07
1.54823e-07
1.32397e-07
1.12714e-07
9.54416e-08
8.02787e-08
6.69578e-08
5.52389e-08
4.4907e-08
3.5771e-08
2.76601e-08
2.04221e-08
1.39216e-08
8.03699e-09
2.65192e-09
-0.286495
-0.278321
-0.27032
-0.262488
-0.254825
-0.247329
-0.239998
-0.232829
-0.225822
-0.218973
-0.212281
-0.205745
-0.199361
-0.193128
-0.187044
-0.181107
-0.175314
-0.169664
-0.164155
-0.158783
-0.153547
-0.148446
-0.143476
-0.138635
-0.133922
-0.129334
-0.124868
-0.120524
-0.116298
-0.112188
-0.108193
-0.10431
-0.100537
-0.0968709
-0.0933109
-0.0898543
-0.0864991
-0.0832431
-0.0800842
-0.0770204
-0.0740496
-0.0711698
-0.0683789
-0.065675
-0.063056
-0.06052
-0.058065
-0.0556891
-0.0533905
-0.0511671
-0.0490172
-0.046939
-0.0449306
-0.0429903
-0.0411163
-0.0393068
-0.0375602
-0.0358748
-0.0342489
-0.0326809
-0.0311693
-0.0297123
-0.0283086
-0.0269566
-0.0256548
-0.0244018
-0.0231961
-0.0220363
-0.0209211
-0.019849
-0.0188189
-0.0178294
-0.0168792
-0.0159672
-0.0150921
-0.0142527
-0.0134479
-0.0126765
-0.0119376
-0.0112299
-0.0105525
-0.00990433
-0.00928443
-0.00869183
-0.00812558
-0.00758477
-0.0070685
-0.00657593
-0.0061062
-0.00565849
-0.00523202
-0.00482602
-0.00443973
-0.00407242
-0.0037234
-0.00339199
-0.00307751
-0.00277933
-0.00249683
-0.00222942
-0.00197649
-0.00173751
-0.00151192
-0.0012992
-0.00109885
-0.000910373
-0.0007333
-0.000567177
-0.000411567
-0.000266046
-0.00013021
-3.6859e-06
0.000113895
0.000222947
0.000323866
0.000417034
0.000502817
0.000581571
0.000653636
0.000719344
0.000779011
0.000832948
0.000881452
0.000924812
0.00096331
0.000997216
0.00102679
0.0010523
0.00107399
0.00109209
0.00110685
0.00111848
0.00112722
0.00113327
0.00113685
0.00113815
0.00113737
0.0011347
0.00113033
0.00112442
0.00111715
0.00110868
0.00109917
0.00108876
0.0010776
0.00106583
0.00105357
0.00104095
0.00102807
0.00101505
0.00100197
0.000988933
0.000976012
0.000963281
0.000950804
0.000938634
0.000926818
0.000915395
0.000904391
0.000893829
0.00088372
0.000874069
0.000864871
0.000856117
0.000847788
0.000839859
0.0008323
0.000825075
0.000818144
0.00081146
0.000804976
0.000798639
0.000792396
0.000786191
0.000779968
0.000773671
0.000767244
0.000760633
0.000753787
0.000746655
0.00073919
0.000731352
0.0007231
0.000714402
0.000705228
0.000695556
0.000685367
0.000674649
0.000663396
0.000651608
0.000639288
0.000626448
0.000613104
0.000599276
0.000584991
0.000570279
0.000555174
0.000539713
0.000523939
0.000507894
0.000491624
0.000475176
0.000458599
0.000441942
0.000425252
0.00040858
0.000391972
0.000375475
0.000359132
0.000342988
0.000327081
0.000311449
0.000296128
0.000281148
0.000266539
0.000252325
0.000238529
0.000225169
0.000212261
0.000199818
0.000187848
0.000176358
0.000165352
0.00015483
0.000144791
0.000135231
0.000126144
0.000117522
0.000109357
0.000101637
9.43506e-05
8.74842e-05
8.10239e-05
7.49553e-05
6.92631e-05
6.39318e-05
5.89457e-05
5.42888e-05
4.99455e-05
4.58998e-05
4.21364e-05
3.864e-05
3.53957e-05
3.2389e-05
2.96058e-05
2.70328e-05
2.46566e-05
2.2465e-05
2.04458e-05
1.85877e-05
1.68798e-05
1.53117e-05
1.38736e-05
1.25563e-05
1.1351e-05
1.02495e-05
9.24395e-06
8.32716e-06
7.49227e-06
6.73286e-06
6.04296e-06
5.41696e-06
4.84965e-06
4.33618e-06
3.87203e-06
3.453e-06
3.0752e-06
2.73502e-06
2.42913e-06
2.15443e-06
1.90809e-06
1.68748e-06
1.49019e-06
1.314e-06
1.15688e-06
1.01695e-06
8.92524e-07
7.82029e-07
6.84046e-07
5.97278e-07
5.20545e-07
4.52778e-07
3.93004e-07
3.40343e-07
2.94001e-07
2.53258e-07
2.17468e-07
1.86047e-07
1.58472e-07
1.34271e-07
1.13024e-07
9.43511e-08
7.79158e-08
6.34153e-08
5.05799e-08
3.91685e-08
2.89662e-08
1.97814e-08
1.1443e-08
3.79068e-09
-0.220773
-0.214265
-0.207897
-0.201669
-0.195578
-0.189624
-0.183804
-0.178117
-0.17256
-0.167134
-0.161834
-0.156661
-0.151612
-0.146686
-0.14188
-0.137193
-0.132624
-0.128169
-0.123828
-0.119599
-0.11548
-0.11147
-0.107565
-0.103765
-0.100068
-0.0964715
-0.0929743
-0.0895744
-0.08627
-0.0830593
-0.0799405
-0.0769119
-0.0739716
-0.0711179
-0.068349
-0.0656632
-0.0630587
-0.0605338
-0.0580869
-0.0557161
-0.0534198
-0.0511964
-0.0490441
-0.0469614
-0.0449466
-0.0429981
-0.0411144
-0.0392937
-0.0375347
-0.0358357
-0.0341953
-0.032612
-0.0310842
-0.0296106
-0.0281897
-0.0268201
-0.0255004
-0.0242293
-0.0230055
-0.0218275
-0.0206942
-0.0196042
-0.0185563
-0.0175493
-0.016582
-0.0156532
-0.0147618
-0.0139066
-0.0130865
-0.0123006
-0.0115476
-0.0108266
-0.0101365
-0.00947646
-0.00884543
-0.00824249
-0.00766673
-0.00711726
-0.00659322
-0.00609375
-0.00561804
-0.0051653
-0.00473474
-0.00432561
-0.00393718
-0.00356874
-0.00321959
-0.00288909
-0.00257656
-0.0022814
-0.00200298
-0.00174074
-0.00149409
-0.00126251
-0.00104545
-0.000842411
-0.000652906
-0.000476465
-0.000312635
-0.000160982
-2.10888e-05
0.000107445
0.000225003
0.000331954
0.00042865
0.000515429
0.000592614
0.000660513
0.000719421
0.000769616
0.000811364
0.000845045
0.000871075
0.000889852
0.000901757
0.00090716
0.000906418
0.000899883
0.000887896
0.000870795
0.000848914
0.000822581
0.000792125
0.000757872
0.000720145
0.000679269
0.000635567
0.00058936
0.000540972
0.000490723
0.000438935
0.000385927
0.000332018
0.000277525
0.000222763
0.000168042
0.000113672
5.99548e-05
7.18894e-06
-4.43346e-05
-9.43323e-05
-0.00014253
-0.000188663
-0.000232478
-0.000273736
-0.00031221
-0.000347689
-0.00037998
-0.000408907
-0.000434313
-0.000456061
-0.000474038
-0.000488151
-0.000498331
-0.000504535
-0.000506744
-0.000504964
-0.000499227
-0.000489591
-0.000476141
-0.000458984
-0.000438256
-0.000414112
-0.000386734
-0.000356323
-0.000323101
-0.000287306
-0.000249195
-0.000209037
-0.000167113
-0.000123715
-7.91413e-05
-3.36936e-05
1.23225e-05
5.86026e-05
0.000104845
0.000150754
0.00019604
0.000240426
0.000283646
0.00032545
0.000365602
0.000403885
0.000440104
0.000474082
0.000505666
0.000534723
0.000561146
0.00058485
0.000605775
0.000623882
0.000639159
0.000651611
0.000661268
0.00066818
0.000672413
0.000674055
0.000673207
0.000669985
0.000664518
0.000656944
0.000647412
0.000636078
0.000623102
0.000608648
0.00059288
0.000575964
0.000558065
0.000539341
0.000519949
0.000500039
0.000479756
0.000459234
0.000438602
0.000417979
0.000397473
0.000377184
0.000357203
0.000337609
0.000318473
0.000299855
0.000281808
0.000264373
0.000247585
0.000231471
0.000216049
0.000201331
0.000187323
0.000174026
0.000161434
0.000149539
0.000138327
0.000127783
0.000117886
0.000108616
9.99503e-05
9.18632e-05
8.43298e-05
7.73239e-05
7.08191e-05
6.47889e-05
5.9207e-05
5.40473e-05
4.92847e-05
4.48942e-05
4.08521e-05
3.71354e-05
3.3722e-05
3.05907e-05
2.77217e-05
2.50959e-05
2.26953e-05
2.05031e-05
1.85033e-05
1.66809e-05
1.5022e-05
1.35136e-05
1.21435e-05
1.09002e-05
9.77335e-06
8.75307e-06
7.83032e-06
6.99669e-06
6.24443e-06
5.56636e-06
4.95587e-06
4.40687e-06
3.91376e-06
3.47137e-06
3.07498e-06
2.72024e-06
2.40318e-06
2.12015e-06
1.86783e-06
1.64317e-06
1.4434e-06
1.266e-06
1.10867e-06
9.69318e-07
8.46051e-07
7.3715e-07
6.41058e-07
5.56369e-07
4.81812e-07
4.16242e-07
3.58625e-07
3.08035e-07
2.63635e-07
2.24678e-07
1.90492e-07
1.60475e-07
1.3409e-07
1.10854e-07
9.03387e-08
7.21586e-08
5.59705e-08
4.14676e-08
2.83752e-08
1.64472e-08
5.45705e-09
-0.163225
-0.158218
-0.153322
-0.148536
-0.143858
-0.139288
-0.134823
-0.130463
-0.126207
-0.122052
-0.117997
-0.114042
-0.110184
-0.106423
-0.102756
-0.0991822
-0.0957007
-0.0923096
-0.0890075
-0.0857931
-0.0826648
-0.0796213
-0.076661
-0.0737826
-0.0709845
-0.0682654
-0.0656239
-0.0630584
-0.0605676
-0.0581501
-0.0558044
-0.0535291
-0.0513228
-0.0491842
-0.0471117
-0.0451042
-0.0431601
-0.0412782
-0.039457
-0.0376953
-0.0359917
-0.0343449
-0.0327537
-0.0312166
-0.0297325
-0.0283001
-0.0269182
-0.0255855
-0.0243008
-0.0230629
-0.0218707
-0.0207229
-0.0196185
-0.0185563
-0.0175353
-0.0165542
-0.0156122
-0.014708
-0.0138407
-0.0130093
-0.0122127
-0.0114501
-0.0107204
-0.0100227
-0.00935619
-0.00871987
-0.00811291
-0.00753446
-0.0069837
-0.00645981
-0.00596202
-0.00548955
-0.00504167
-0.00461765
-0.00421678
-0.0038384
-0.00348184
-0.00314646
-0.00283164
-0.00253678
-0.00226132
-0.00200468
-0.00176634
-0.00154578
-0.00134251
-0.00115605
-0.000985945
-0.00083177
-0.000693108
-0.000569568
-0.000460777
-0.000366385
-0.000286059
-0.00021949
-0.000166386
-0.000126476
-9.95094e-05
-8.52533e-05
-8.3494e-05
-9.40359e-05
-0.0001167
-0.000151324
-0.000197761
-0.000255876
-0.000325553
-0.000406684
-0.000499179
-0.000602959
-0.000717959
-0.000844122
-0.000981302
-0.00112876
-0.00128583
-0.00145187
-0.00162628
-0.00180845
-0.0019978
-0.00219374
-0.00239567
-0.002603
-0.0028151
-0.00303134
-0.00325109
-0.00347367
-0.0036984
-0.00392457
-0.00415146
-0.00437833
-0.00460441
-0.00482893
-0.0050511
-0.0052701
-0.00548513
-0.00569537
-0.00589997
-0.0060981
-0.00628894
-0.00647166
-0.00664543
-0.00680945
-0.00696295
-0.00710517
-0.00723538
-0.0073529
-0.00745708
-0.00754731
-0.00762306
-0.00768381
-0.00772914
-0.00775868
-0.00777212
-0.00776923
-0.00774986
-0.00771395
-0.00766149
-0.00759258
-0.0075074
-0.00740622
-0.0072894
-0.00715738
-0.00701068
-0.00684992
-0.00667578
-0.00648902
-0.00629049
-0.00608106
-0.00586171
-0.00563343
-0.00539727
-0.00515432
-0.00490568
-0.00465249
-0.0043959
-0.00413705
-0.00387708
-0.00361714
-0.00335833
-0.00310173
-0.00284839
-0.00259931
-0.00235543
-0.00211766
-0.0018868
-0.00166362
-0.00144881
-0.00124297
-0.00104664
-0.000860259
-0.000684201
-0.000518753
-0.00036412
-0.000220429
-8.77302e-05
3.40014e-05
0.000144862
0.000245015
0.000334686
0.000414159
0.00048377
0.000543903
0.00059498
0.000637461
0.000671832
0.000698604
0.000718303
0.000731466
0.000738635
0.000740351
0.00073715
0.00072956
0.000718093
0.000703243
0.000685485
0.000665269
0.000643019
0.000619134
0.000593982
0.000567902
0.000541204
0.000514168
0.000487044
0.000460055
0.000433394
0.000407228
0.0003817
0.000356929
0.000333011
0.000310022
0.000288021
0.000267047
0.000247127
0.000228273
0.000210487
0.000193759
0.000178072
0.000163401
0.000149715
0.000136979
0.000125154
0.000114198
0.000104069
9.47217e-05
8.61119e-05
7.8195e-05
7.09271e-05
6.42652e-05
5.81678e-05
5.25949e-05
4.75079e-05
4.28705e-05
3.86481e-05
3.48078e-05
3.13191e-05
2.81531e-05
2.5283e-05
2.26839e-05
2.03324e-05
1.8207e-05
1.62879e-05
1.45567e-05
1.29966e-05
1.15919e-05
1.03284e-05
9.19297e-06
8.17368e-06
7.25953e-06
6.44051e-06
5.70746e-06
5.05204e-06
4.46665e-06
3.94436e-06
3.47889e-06
3.06451e-06
2.69603e-06
2.36874e-06
2.07837e-06
1.82104e-06
1.59328e-06
1.3919e-06
1.21407e-06
1.05721e-06
9.18987e-07
7.97324e-07
6.90339e-07
5.96346e-07
5.13828e-07
4.41427e-07
3.77926e-07
3.22235e-07
2.73379e-07
2.30486e-07
1.92777e-07
1.59558e-07
1.30206e-07
1.04165e-07
8.09403e-08
6.00859e-08
4.12031e-08
2.39326e-08
7.94675e-09
-0.117611
-0.113814
-0.110105
-0.106481
-0.102942
-0.0994867
-0.0961142
-0.0928234
-0.0896131
-0.0864824
-0.0834301
-0.0804551
-0.0775563
-0.0747327
-0.0719831
-0.0693064
-0.0667015
-0.0641672
-0.0617026
-0.0593064
-0.0569776
-0.054715
-0.0525176
-0.0503841
-0.0483136
-0.0463049
-0.0443569
-0.0424684
-0.0406385
-0.038866
-0.0371499
-0.035489
-0.0338824
-0.0323289
-0.0308274
-0.029377
-0.0279766
-0.0266252
-0.0253218
-0.0240653
-0.0228548
-0.0216892
-0.0205677
-0.0194893
-0.0184529
-0.0174578
-0.0165029
-0.0155874
-0.0147104
-0.013871
-0.0130684
-0.0123017
-0.0115702
-0.0108729
-0.0102092
-0.00957821
-0.00897925
-0.00841158
-0.00787448
-0.00736726
-0.00688925
-0.0064398
-0.00601828
-0.00562408
-0.00525659
-0.00491526
-0.00459954
-0.00430889
-0.00404281
-0.00380082
-0.00358244
-0.00338724
-0.0032148
-0.00306471
-0.00293661
-0.00283015
-0.00274498
-0.00268081
-0.00263734
-0.00261433
-0.00261153
-0.00262873
-0.00266574
-0.0027224
-0.00279856
-0.00289412
-0.00300898
-0.00314309
-0.00329639
-0.0034689
-0.00366061
-0.00387158
-0.00410188
-0.00435161
-0.0046209
-0.0049099
-0.00521879
-0.00554778
-0.00589712
-0.00626705
-0.00665785
-0.00706983
-0.00750329
-0.00795857
-0.00843599
-0.00893593
-0.00945873
-0.0100048
-0.0105745
-0.0111683
-0.0117868
-0.0124285
-0.0130914
-0.0137734
-0.0144729
-0.015188
-0.0159171
-0.0166585
-0.0174104
-0.0181711
-0.0189388
-0.0197116
-0.0204875
-0.0212646
-0.0220409
-0.022814
-0.0235818
-0.024342
-0.0250922
-0.0258299
-0.0265527
-0.0272582
-0.0279437
-0.0286067
-0.0292446
-0.0298549
-0.0304348
-0.0309818
-0.0314932
-0.0319666
-0.0323996
-0.0327899
-0.0331354
-0.0334341
-0.0336841
-0.0338839
-0.0340319
-0.0341268
-0.0341676
-0.0341532
-0.0340831
-0.0339568
-0.0337742
-0.0335353
-0.0332404
-0.0328902
-0.0324855
-0.0320275
-0.0315176
-0.0309575
-0.0303491
-0.0296947
-0.0289966
-0.0282575
-0.0274803
-0.0266681
-0.0258239
-0.0249512
-0.0240533
-0.0231339
-0.0221965
-0.0212448
-0.0202824
-0.0193131
-0.0183406
-0.0173684
-0.0164002
-0.0154395
-0.0144896
-0.0135538
-0.012635
-0.0117363
-0.0108601
-0.010009
-0.00918528
-0.00839079
-0.00762734
-0.00689641
-0.00619925
-0.00553686
-0.00491
-0.00431918
-0.00376467
-0.00324652
-0.00276455
-0.00231838
-0.00190743
-0.00153093
-0.00118795
-0.000877408
-0.000598077
-0.000348623
-0.000127611
6.64727e-05
0.000235206
0.00038021
0.00050313
0.000605622
0.000689336
0.000755903
0.000806918
0.000843932
0.000868441
0.000881877
0.000885601
0.000880896
0.000868966
0.000850928
0.000827817
0.000800577
0.000770069
0.000737069
0.00070227
0.000666288
0.000629661
0.000592857
0.000556277
0.000520258
0.000485082
0.000450978
0.000418126
0.000386666
0.000356697
0.000328289
0.00030148
0.000276283
0.000252692
0.000230684
0.000210218
0.000191246
0.000173709
0.000157541
0.000142673
0.000129031
0.000116543
0.000105134
9.47295e-05
8.52589e-05
7.66525e-05
6.88435e-05
6.17683e-05
5.53668e-05
4.95822e-05
4.43614e-05
3.96547e-05
3.54162e-05
3.16031e-05
2.81762e-05
2.50992e-05
2.23389e-05
1.9865e-05
1.76496e-05
1.56674e-05
1.38953e-05
1.23125e-05
1.08998e-05
9.64016e-06
8.51782e-06
7.51872e-06
6.6301e-06
5.84045e-06
5.13938e-06
4.51753e-06
3.96645e-06
3.47856e-06
3.04704e-06
2.66573e-06
2.32913e-06
2.03228e-06
1.77075e-06
1.54055e-06
1.33812e-06
1.16026e-06
1.00413e-06
8.67152e-07
7.47062e-07
6.41818e-07
5.49601e-07
4.68791e-07
3.97941e-07
3.35761e-07
2.81102e-07
2.32938e-07
1.90356e-07
1.52537e-07
1.1875e-07
8.83393e-08
6.07153e-08
3.53441e-08
1.17447e-08
-0.081529
-0.0787307
-0.0760002
-0.0733366
-0.0707392
-0.0682073
-0.0657399
-0.0633364
-0.060996
-0.0587178
-0.0565011
-0.054345
-0.0522487
-0.0502115
-0.0482325
-0.046311
-0.044446
-0.0426369
-0.0408827
-0.0391828
-0.0375364
-0.0359425
-0.0344005
-0.0329096
-0.031469
-0.0300779
-0.0287356
-0.0274413
-0.0261943
-0.0249938
-0.0238391
-0.0227296
-0.0216644
-0.0206429
-0.0196644
-0.0187283
-0.0178339
-0.0169804
-0.0161674
-0.0153942
-0.0146601
-0.0139647
-0.0133072
-0.0126873
-0.0121042
-0.0115576
-0.0110469
-0.0105716
-0.0101313
-0.00972558
-0.00935394
-0.00901601
-0.00871142
-0.00843982
-0.00820088
-0.00799428
-0.00781975
-0.00767702
-0.00756585
-0.00748605
-0.00743742
-0.0074198
-0.00743306
-0.00747709
-0.00755182
-0.00765718
-0.00779317
-0.00795977
-0.00815703
-0.008385
-0.00864378
-0.00893348
-0.00925426
-0.00960631
-0.00998983
-0.0104051
-0.0108523
-0.0113319
-0.0118441
-0.0123894
-0.0129681
-0.0135808
-0.0142279
-0.01491
-0.0156276
-0.0163813
-0.0171719
-0.0179999
-0.0188662
-0.0197716
-0.0207168
-0.0217029
-0.0227306
-0.0238009
-0.024915
-0.0260739
-0.0272787
-0.0285305
-0.0298306
-0.0311803
-0.0325808
-0.0340335
-0.0355396
-0.0371005
-0.0387176
-0.0403921
-0.0421255
-0.043919
-0.0457738
-0.0476913
-0.0496724
-0.051721
-0.0538291
-0.0559896
-0.058196
-0.0604423
-0.0627224
-0.0650305
-0.067361
-0.0697081
-0.072066
-0.0744289
-0.0767907
-0.0791454
-0.0814864
-0.0838067
-0.0860991
-0.088356
-0.0905699
-0.0927331
-0.0948383
-0.0968782
-0.0988458
-0.100734
-0.102536
-0.104244
-0.105848
-0.107341
-0.108714
-0.10996
-0.111072
-0.112044
-0.112871
-0.113548
-0.114071
-0.114437
-0.114642
-0.114684
-0.11456
-0.114269
-0.113809
-0.113181
-0.112385
-0.111423
-0.110295
-0.109005
-0.107557
-0.105953
-0.1042
-0.102304
-0.100269
-0.0981048
-0.0958173
-0.093415
-0.0909066
-0.0883011
-0.0856079
-0.0828368
-0.0799977
-0.0771006
-0.0741557
-0.071173
-0.0681629
-0.0651355
-0.0621015
-0.0590712
-0.0560549
-0.0530625
-0.0501037
-0.0471874
-0.0443224
-0.0415167
-0.0387778
-0.0361125
-0.033527
-0.0310267
-0.0286168
-0.0263012
-0.0240838
-0.0219672
-0.0199538
-0.0180452
-0.0162424
-0.0145457
-0.0129549
-0.0114692
-0.0100872
-0.00880694
-0.00762616
-0.006542
-0.00555126
-0.00465036
-0.00383544
-0.00310238
-0.00244685
-0.00186438
-0.00135042
-0.000900332
-0.000509502
-0.000173338
0.000112679
0.000352956
0.000551768
0.000713224
0.000841252
0.00093958
0.00101172
0.00106096
0.00109036
0.00110275
0.00110073
0.00108665
0.00106266
0.00103069
0.000992437
0.000949431
0.000902994
0.000854279
0.000804275
0.000753821
0.000703621
0.000654252
0.000606181
0.000559777
0.000515319
0.000473013
0.000432996
0.000395351
0.000360112
0.000327275
0.000296803
0.000268633
0.000242683
0.000218856
0.000197043
0.000177131
0.000159
0.000142531
0.000127604
0.000114103
0.000101914
9.09291e-05
8.10457e-05
7.21667e-05
6.4201e-05
5.70639e-05
5.06769e-05
4.49676e-05
3.98693e-05
3.53212e-05
3.12676e-05
2.76579e-05
2.44462e-05
2.15909e-05
1.90543e-05
1.68026e-05
1.48053e-05
1.30348e-05
1.14667e-05
1.00787e-05
8.85108e-06
7.76608e-06
6.80784e-06
5.96218e-06
5.21645e-06
4.55935e-06
3.98078e-06
3.47177e-06
3.0243e-06
2.63123e-06
2.28622e-06
1.98361e-06
1.71836e-06
1.48602e-06
1.2826e-06
1.10457e-06
9.48808e-07
8.12513e-07
6.93216e-07
5.88719e-07
4.97072e-07
4.16538e-07
3.45573e-07
2.82803e-07
2.27e-07
1.77065e-07
1.32011e-07
9.09478e-08
5.30654e-08
1.76229e-08
-0.0567192
-0.0547015
-0.0527394
-0.0508324
-0.0489801
-0.0471821
-0.0454379
-0.043747
-0.042109
-0.0405233
-0.0389897
-0.0375075
-0.0360764
-0.0346958
-0.0333654
-0.0320846
-0.0308532
-0.0296706
-0.0285364
-0.0274503
-0.0264118
-0.0254206
-0.0244763
-0.0235785
-0.022727
-0.0219214
-0.0211613
-0.0204466
-0.019777
-0.0191521
-0.0185718
-0.0180359
-0.0175442
-0.0170964
-0.0166926
-0.0163326
-0.0160162
-0.0157434
-0.0155143
-0.0153287
-0.0151868
-0.0150885
-0.015034
-0.0150234
-0.0150568
-0.0151344
-0.0152565
-0.0154233
-0.015635
-0.0158921
-0.0161949
-0.0165438
-0.0169392
-0.0173817
-0.0178717
-0.0184098
-0.0189966
-0.0196329
-0.0203191
-0.0210562
-0.0218449
-0.0226859
-0.0235803
-0.0245287
-0.0255323
-0.026592
-0.0277088
-0.0288839
-0.0301183
-0.0314132
-0.0327699
-0.0341897
-0.0356738
-0.0372237
-0.0388408
-0.0405265
-0.0422824
-0.0441101
-0.0460112
-0.0479875
-0.0500408
-0.0521729
-0.0543857
-0.0566812
-0.0590615
-0.0615287
-0.064085
-0.0667327
-0.0694741
-0.0723117
-0.0752479
-0.0782854
-0.0814266
-0.0846744
-0.0880315
-0.0915007
-0.0950849
-0.0987872
-0.102611
-0.106558
-0.110634
-0.11484
-0.11918
-0.123659
-0.128278
-0.133042
-0.137955
-0.14302
-0.14824
-0.153619
-0.159162
-0.164871
-0.170756
-0.176789
-0.182945
-0.189199
-0.19553
-0.201916
-0.20834
-0.214781
-0.221222
-0.227644
-0.234033
-0.240377
-0.246657
-0.252854
-0.258945
-0.264907
-0.270717
-0.276352
-0.281789
-0.287011
-0.292005
-0.296763
-0.30127
-0.305509
-0.309449
-0.313057
-0.316309
-0.319184
-0.321667
-0.323744
-0.325405
-0.326641
-0.32745
-0.327828
-0.327774
-0.327283
-0.32635
-0.324971
-0.323145
-0.320873
-0.318161
-0.315011
-0.311429
-0.307424
-0.303006
-0.29819
-0.292991
-0.287429
-0.281525
-0.275299
-0.268774
-0.261972
-0.254915
-0.247628
-0.240133
-0.232457
-0.224625
-0.216663
-0.208594
-0.200443
-0.192233
-0.183989
-0.175737
-0.167504
-0.159318
-0.151203
-0.143184
-0.135283
-0.127521
-0.119918
-0.112494
-0.105264
-0.0982418
-0.0914416
-0.0848749
-0.0785522
-0.0724821
-0.0666717
-0.0611266
-0.0558513
-0.0508487
-0.0461206
-0.041667
-0.0374865
-0.0335766
-0.029933
-0.0265506
-0.023423
-0.0205425
-0.0179008
-0.0154883
-0.0132952
-0.0113106
-0.00952347
-0.00792234
-0.00649556
-0.00523143
-0.00411828
-0.00314458
-0.00229903
-0.00157064
-0.000948811
-0.000423344
1.54611e-05
0.0003768
0.000669327
0.000901138
0.00107976
0.00121216
0.00130472
0.00136328
0.00139312
0.00139902
0.00138523
0.00135554
0.00131329
0.0012614
0.0012024
0.00113846
0.00107142
0.00100283
0.000933971
0.000865888
0.000799412
0.000735191
0.000673715
0.000615332
0.000560278
0.000508687
0.000460613
0.000416046
0.000374919
0.000337128
0.000302537
0.000270986
0.000242302
0.000216303
0.000192802
0.000171612
0.000152552
0.000135443
0.000120115
0.00010641
9.41738e-05
8.3267e-05
7.35584e-05
6.49275e-05
5.72637e-05
5.0466e-05
4.44426e-05
3.91103e-05
3.43938e-05
3.02254e-05
2.65441e-05
2.32955e-05
2.04306e-05
1.79057e-05
1.56819e-05
1.37246e-05
1.20029e-05
1.04892e-05
9.15941e-06
7.99174e-06
6.9671e-06
6.06849e-06
5.2809e-06
4.59102e-06
3.98708e-06
3.45867e-06
2.9966e-06
2.59274e-06
2.23989e-06
1.93171e-06
1.66261e-06
1.42761e-06
1.22236e-06
1.04298e-06
8.86051e-07
7.48553e-07
6.27805e-07
5.2143e-07
4.27315e-07
3.43577e-07
2.68529e-07
2.00654e-07
1.3858e-07
8.10507e-08
2.69061e-08
-0.0417249
-0.0404441
-0.0392148
-0.038037
-0.0369106
-0.0358358
-0.0348125
-0.0338407
-0.0329206
-0.0320522
-0.0312356
-0.0304709
-0.0297581
-0.0290975
-0.0284893
-0.0279336
-0.0274306
-0.0269806
-0.0265838
-0.0262407
-0.0259515
-0.0257166
-0.0255364
-0.0254114
-0.0253421
-0.025329
-0.0253727
-0.0254739
-0.0256331
-0.0258511
-0.0261288
-0.0264668
-0.0268661
-0.0273276
-0.0278522
-0.0284412
-0.0290954
-0.0298161
-0.0306046
-0.0314621
-0.0323899
-0.0333896
-0.0344625
-0.0356102
-0.0368345
-0.0381369
-0.0395193
-0.0409835
-0.0425314
-0.044165
-0.0458865
-0.0476979
-0.0496015
-0.0515996
-0.0536945
-0.0558887
-0.0581848
-0.0605853
-0.0630929
-0.0657104
-0.0684406
-0.0712863
-0.0742506
-0.0773363
-0.0805467
-0.0838849
-0.0873541
-0.0909575
-0.0946985
-0.0985805
-0.102607
-0.106781
-0.111107
-0.115589
-0.120229
-0.125032
-0.130001
-0.135141
-0.140457
-0.145951
-0.151628
-0.157494
-0.163552
-0.169808
-0.176266
-0.182932
-0.189811
-0.196909
-0.20423
-0.21178
-0.219565
-0.22759
-0.23586
-0.244382
-0.253159
-0.262197
-0.271501
-0.281075
-0.290923
-0.301052
-0.311466
-0.32217
-0.333169
-0.344468
-0.356074
-0.367992
-0.380226
-0.392784
-0.40567
-0.418887
-0.432439
-0.446329
-0.460563
-0.475183
-0.490107
-0.505244
-0.520512
-0.535845
-0.551194
-0.56651
-0.581745
-0.596862
-0.611846
-0.626683
-0.64136
-0.655795
-0.669902
-0.683619
-0.696885
-0.709637
-0.72182
-0.733397
-0.744354
-0.754705
-0.764474
-0.773583
-0.78193
-0.789422
-0.796004
-0.801633
-0.806277
-0.80991
-0.81252
-0.814103
-0.814669
-0.814241
-0.812837
-0.81045
-0.807062
-0.80265
-0.797205
-0.790739
-0.783259
-0.774758
-0.765235
-0.754701
-0.743173
-0.730688
-0.717305
-0.703091
-0.688113
-0.672435
-0.656126
-0.639241
-0.621833
-0.603951
-0.585648
-0.566979
-0.548005
-0.528784
-0.509367
-0.489802
-0.470134
-0.450416
-0.430702
-0.411061
-0.391555
-0.372247
-0.353183
-0.334409
-0.315968
-0.297908
-0.280273
-0.263093
-0.246392
-0.230194
-0.214526
-0.199412
-0.184871
-0.170915
-0.157558
-0.14481
-0.13268
-0.121174
-0.110297
-0.100047
-0.0904199
-0.0814097
-0.0730069
-0.0651992
-0.0579715
-0.0513063
-0.0451835
-0.0395813
-0.0344762
-0.0298433
-0.0256569
-0.0218908
-0.0185183
-0.0155129
-0.0128483
-0.0104986
-0.00843854
-0.00664359
-0.00509019
-0.00375579
-0.00261892
-0.00165927
-0.000857754
-0.000196513
0.000341052
0.000770289
0.00110531
0.00135901
0.00154309
0.00166815
0.00174368
0.00177814
0.00177902
0.00175291
0.00170556
0.00164194
0.00156633
0.00148233
0.00139299
0.00130084
0.00120793
0.00111593
0.00102613
0.000939525
0.000856862
0.00077865
0.000705218
0.000636742
0.000573276
0.000514773
0.00046111
0.000412105
0.000367537
0.000327153
0.000290684
0.000257853
0.000228379
0.000201988
0.000178413
0.0001574
0.000138707
0.000122107
0.000107391
9.43636e-05
8.28477e-05
7.26803e-05
6.37136e-05
5.58141e-05
4.88613e-05
4.27471e-05
3.73747e-05
3.26575e-05
2.85186e-05
2.48892e-05
2.17088e-05
1.89232e-05
1.64849e-05
1.43517e-05
1.24863e-05
1.08561e-05
9.43189e-06
8.18838e-06
7.10311e-06
6.15634e-06
5.33075e-06
4.61109e-06
3.98397e-06
3.43761e-06
2.96169e-06
2.54711e-06
2.1859e-06
1.87105e-06
1.59637e-06
1.35644e-06
1.14648e-06
9.6226e-07
8.00045e-07
6.56522e-07
5.2874e-07
4.14059e-07
3.101e-07
2.14701e-07
1.25875e-07
4.17692e-08
-0.0397412
-0.0392696
-0.0388583
-0.0385081
-0.03822
-0.0379949
-0.0378337
-0.0377375
-0.0377072
-0.037744
-0.037849
-0.0380233
-0.0382683
-0.0385853
-0.0389755
-0.0394405
-0.0399818
-0.0406009
-0.0412994
-0.0420792
-0.042942
-0.0438898
-0.0449245
-0.0460482
-0.0472631
-0.0485714
-0.0499756
-0.0514782
-0.0530816
-0.0547888
-0.0566024
-0.0585254
-0.060561
-0.0627122
-0.0649824
-0.0673752
-0.069894
-0.0725427
-0.075325
-0.0782451
-0.081307
-0.0845152
-0.087874
-0.0913882
-0.0950624
-0.0989016
-0.102911
-0.107096
-0.111461
-0.116013
-0.120757
-0.125698
-0.130844
-0.1362
-0.141772
-0.147567
-0.153592
-0.159853
-0.166357
-0.173111
-0.180123
-0.1874
-0.19495
-0.202778
-0.210895
-0.219306
-0.22802
-0.237045
-0.246389
-0.256058
-0.266061
-0.276405
-0.287098
-0.298146
-0.309558
-0.32134
-0.333498
-0.34604
-0.358973
-0.372302
-0.386037
-0.400183
-0.414749
-0.429743
-0.445172
-0.461046
-0.477372
-0.494161
-0.511421
-0.52916
-0.547387
-0.566109
-0.585336
-0.605077
-0.625338
-0.64612
-0.667422
-0.689244
-0.711583
-0.734436
-0.757802
-0.781677
-0.806058
-0.830944
-0.856333
-0.882227
-0.908629
-0.935545
-0.962982
-0.990948
-1.01944
-1.04844
-1.07793
-1.1079
-1.13827
-1.16884
-1.19945
-1.22997
-1.26028
-1.29028
-1.3199
-1.3491
-1.37793
-1.40642
-1.43444
-1.46185
-1.48846
-1.51417
-1.53888
-1.56248
-1.58491
-1.60612
-1.62609
-1.64481
-1.66224
-1.67833
-1.69286
-1.70568
-1.7167
-1.72587
-1.73313
-1.73843
-1.74175
-1.74306
-1.74235
-1.73963
-1.73492
-1.72826
-1.71956
-1.70878
-1.69592
-1.681
-1.66406
-1.64512
-1.62409
-1.60103
-1.57603
-1.54907
-1.52029
-1.48988
-1.45798
-1.42471
-1.39023
-1.35465
-1.31805
-1.28055
-1.24225
-1.20325
-1.16368
-1.12364
-1.08323
-1.04256
-1.0017
-0.960761
-0.919855
-0.879124
-0.838706
-0.79872
-0.75927
-0.720417
-0.682226
-0.644808
-0.608252
-0.57261
-0.537914
-0.504189
-0.471487
-0.439874
-0.40938
-0.380029
-0.351846
-0.324848
-0.299058
-0.27451
-0.251212
-0.229168
-0.20838
-0.188845
-0.17055
-0.153478
-0.137604
-0.122898
-0.109324
-0.0968412
-0.0854043
-0.0749646
-0.0654713
-0.0568721
-0.0491137
-0.0421428
-0.0359063
-0.0303518
-0.0254282
-0.0210854
-0.0172752
-0.0139511
-0.0110688
-0.0085861
-0.00646298
-0.00466192
-0.00314777
-0.00188782
-0.000851779
-1.17582e-05
0.000657783
0.00118011
0.00157628
0.00186526
0.00206404
0.0021877
0.00224959
0.00226141
0.00223334
0.0021742
0.00209152
0.00199172
0.00188017
0.00176132
0.00163884
0.00151566
0.0013941
0.00127597
0.00116261
0.00105497
0.0009537
0.00085917
0.000771551
0.000690842
0.000616909
0.000549521
0.000488375
0.000433121
0.000383375
0.000338738
0.00029881
0.000263192
0.000231501
0.000203369
0.000178447
0.000156412
0.000136964
0.000119825
0.000104743
9.14886e-05
7.98533e-05
6.96504e-05
6.07123e-05
5.28889e-05
4.60468e-05
4.00672e-05
3.48449e-05
3.02868e-05
2.63106e-05
2.2844e-05
1.98232e-05
1.7192e-05
1.49012e-05
1.29076e-05
1.11733e-05
9.66504e-06
8.35386e-06
7.21427e-06
6.22402e-06
5.36364e-06
4.6161e-06
3.96649e-06
3.40178e-06
2.91056e-06
2.48284e-06
2.10984e-06
1.78389e-06
1.4982e-06
1.2468e-06
1.02441e-06
8.26324e-07
6.48328e-07
4.86624e-07
3.37748e-07
1.98493e-07
6.58471e-08
-0.0534837
-0.0541684
-0.0549413
-0.0558048
-0.0567614
-0.0578137
-0.0589643
-0.0602159
-0.0615716
-0.0630342
-0.0646069
-0.066293
-0.0680959
-0.070019
-0.072066
-0.0742408
-0.0765473
-0.0789896
-0.0815721
-0.0842993
-0.0871757
-0.0902063
-0.0933961
-0.0967504
-0.100275
-0.103974
-0.107856
-0.111925
-0.116188
-0.120651
-0.125322
-0.130208
-0.135316
-0.140654
-0.146229
-0.15205
-0.158125
-0.164464
-0.171074
-0.177966
-0.185149
-0.192633
-0.200428
-0.208545
-0.216993
-0.225785
-0.234931
-0.244443
-0.254332
-0.26461
-0.27529
-0.286383
-0.297902
-0.309858
-0.322266
-0.335136
-0.348482
-0.362316
-0.376651
-0.3915
-0.406876
-0.422792
-0.439261
-0.456297
-0.473912
-0.492119
-0.510931
-0.530362
-0.550423
-0.571126
-0.592484
-0.614507
-0.637205
-0.660588
-0.684664
-0.709438
-0.734914
-0.761096
-0.787987
-0.81559
-0.843911
-0.872953
-0.902723
-0.933231
-0.96448
-0.996491
-1.02928
-1.06286
-1.09728
-1.13249
-1.16856
-1.20547
-1.24326
-1.28196
-1.32153
-1.36197
-1.40332
-1.44551
-1.48849
-1.53224
-1.57671
-1.62187
-1.6677
-1.71414
-1.76118
-1.80879
-1.85696
-1.90566
-1.95498
-2.00488
-2.05532
-2.1063
-2.1575
-2.2084
-2.25877
-2.30854
-2.35769
-2.40617
-2.45394
-2.50095
-2.54712
-2.59241
-2.6367
-2.67986
-2.72191
-2.76277
-2.80228
-2.84033
-2.87684
-2.91171
-2.94482
-2.97613
-3.00554
-3.03285
-3.05784
-3.08048
-3.1007
-3.11828
-3.13309
-3.14504
-3.15404
-3.15998
-3.16275
-3.16228
-3.15847
-3.1513
-3.1406
-3.12625
-3.10832
-3.08682
-3.06178
-3.03329
-3.00147
-2.96626
-2.92793
-2.88653
-2.84208
-2.79488
-2.74505
-2.69259
-2.63778
-2.58065
-2.52136
-2.46003
-2.39678
-2.3318
-2.26528
-2.19745
-2.1285
-2.05859
-1.9879
-1.91657
-1.84476
-1.77273
-1.70061
-1.62869
-1.5572
-1.48634
-1.41626
-1.34712
-1.27907
-1.21229
-1.14689
-1.08298
-1.02061
-0.959833
-0.900761
-0.843482
-0.788055
-0.734524
-0.682939
-0.633334
-0.585744
-0.540219
-0.496842
-0.455625
-0.416591
-0.379749
-0.345084
-0.312574
-0.282192
-0.253897
-0.227641
-0.20336
-0.180985
-0.160435
-0.141629
-0.124478
-0.108893
-0.0947842
-0.08206
-0.0706304
-0.0604064
-0.0513005
-0.0432271
-0.0361036
-0.0298499
-0.0243894
-0.0196488
-0.0155589
-0.012054
-0.00907271
-0.00655748
-0.004455
-0.00271597
-0.00129507
-0.000150888
0.000754248
0.00145439
0.00198018
0.00235896
0.00261508
0.00276998
0.00284249
0.00284898
0.00280358
0.00271839
0.00260368
0.00246806
0.00231869
0.00216141
0.00200095
0.00184105
0.00168461
0.00153379
0.00139017
0.00125482
0.0011284
0.00101123
0.000903383
0.00080471
0.000714921
0.000633612
0.000560304
0.000494469
0.000435565
0.000383032
0.000336312
0.000294872
0.000258203
0.000225827
0.000197296
0.000172199
0.000150157
0.000130828
0.000113898
9.90888e-05
8.61476e-05
7.48498e-05
6.49953e-05
5.64066e-05
4.89263e-05
4.24157e-05
3.67525e-05
3.1829e-05
2.75508e-05
2.3835e-05
2.0609e-05
1.78092e-05
1.53802e-05
1.32735e-05
1.14466e-05
9.86276e-06
8.48965e-06
7.29918e-06
6.26681e-06
5.37114e-06
4.5935e-06
3.91756e-06
3.32904e-06
2.81545e-06
2.36581e-06
1.97044e-06
1.6208e-06
1.30929e-06
1.02909e-06
7.74042e-07
5.385e-07
3.17211e-07
1.05195e-07
-0.085987
-0.0883021
-0.0907602
-0.0933661
-0.0961245
-0.0990406
-0.10212
-0.105367
-0.108789
-0.11239
-0.116177
-0.120157
-0.124336
-0.12872
-0.133317
-0.138133
-0.143178
-0.148457
-0.15398
-0.159755
-0.165791
-0.172096
-0.17868
-0.185553
-0.192725
-0.200206
-0.208007
-0.216139
-0.224614
-0.233443
-0.242641
-0.252218
-0.262189
-0.272567
-0.283368
-0.294605
-0.306294
-0.318451
-0.331092
-0.344234
-0.357893
-0.372089
-0.386838
-0.402158
-0.418071
-0.434593
-0.451746
-0.469549
-0.488022
-0.507185
-0.52706
-0.547665
-0.569021
-0.591148
-0.614066
-0.637792
-0.662347
-0.687738
-0.713986
-0.741104
-0.769101
-0.79799
-0.827785
-0.858495
-0.890135
-0.922715
-0.95625
-0.990756
-1.02626
-1.0628
-1.10033
-1.13888
-1.17851
-1.21919
-1.26092
-1.3037
-1.34753
-1.39242
-1.43836
-1.48536
-1.53343
-1.58257
-1.63279
-1.68411
-1.73653
-1.79009
-1.84486
-1.90083
-1.95793
-2.01633
-2.07594
-2.13673
-2.19864
-2.26158
-2.32564
-2.39078
-2.45702
-2.52421
-2.59229
-2.66121
-2.7309
-2.80132
-2.8724
-2.94412
-3.01645
-3.08921
-3.16243
-3.23598
-3.30986
-3.38339
-3.45599
-3.52737
-3.59779
-3.66715
-3.73546
-3.80269
-3.86883
-3.93386
-3.99781
-4.06068
-4.12232
-4.18292
-4.24202
-4.29912
-4.35441
-4.40775
-4.45886
-4.50792
-4.55473
-4.59928
-4.64141
-4.68096
-4.71789
-4.75192
-4.78269
-4.8103
-4.83451
-4.85502
-4.87166
-4.88429
-4.89276
-4.89698
-4.89685
-4.8922
-4.88295
-4.86898
-4.85019
-4.82629
-4.79749
-4.76377
-4.7252
-4.68187
-4.63403
-4.58173
-4.52527
-4.46466
-4.39983
-4.33123
-4.25898
-4.18302
-4.10359
-4.02062
-3.93423
-3.84455
-3.75171
-3.65608
-3.55788
-3.45744
-3.35498
-3.25082
-3.14521
-3.03853
-2.9309
-2.82275
-2.71422
-2.60566
-2.49726
-2.38924
-2.28205
-2.17615
-2.07184
-1.96923
-1.86851
-1.7697
-1.67303
-1.57871
-1.48685
-1.39755
-1.31089
-1.22695
-1.14582
-1.06757
-0.992322
-0.920115
-0.850978
-0.784949
-0.722106
-0.662462
-0.606016
-0.552754
-0.502655
-0.455682
-0.411782
-0.370887
-0.33292
-0.297783
-0.265372
-0.235574
-0.208271
-0.183341
-0.160661
-0.140103
-0.121541
-0.104848
-0.089899
-0.0765699
-0.0647393
-0.0542888
-0.0451038
-0.0370739
-0.0300935
-0.0240622
-0.0188848
-0.0144722
-0.010741
-0.00761347
-0.00501802
-0.00288865
-0.00116503
0.000207774
0.00127945
0.00209471
0.00269356
0.00311156
0.0033801
0.00352673
0.00357539
0.00354678
0.00345862
0.00332592
0.00316128
0.00297514
0.00277606
0.00257091
0.00236517
0.00216304
0.00196769
0.00178142
0.0016058
0.00144179
0.0012899
0.00115024
0.00102265
0.000906744
0.000801983
0.000707721
0.000623252
0.000547834
0.000480718
0.000421167
0.000368469
0.000321949
0.000280971
0.000244945
0.000213328
0.000185626
0.000161388
0.000140207
0.00012172
0.000105601
9.15599e-05
7.93388e-05
6.87102e-05
5.94728e-05
5.14496e-05
4.44855e-05
3.84449e-05
3.32068e-05
2.86662e-05
2.47317e-05
2.13233e-05
1.83716e-05
1.58158e-05
1.3603e-05
1.16871e-05
1.00279e-05
8.59043e-06
7.34405e-06
6.26212e-06
5.32132e-06
4.50125e-06
3.78401e-06
3.15383e-06
2.59675e-06
2.10037e-06
1.65353e-06
1.24612e-06
8.6882e-07
5.12905e-07
1.70006e-07
-0.138401
-0.1429
-0.147624
-0.152578
-0.157772
-0.163214
-0.168911
-0.174873
-0.181109
-0.187627
-0.194438
-0.20155
-0.208975
-0.216722
-0.224802
-0.233226
-0.242006
-0.251152
-0.260678
-0.270594
-0.280913
-0.291648
-0.302813
-0.31442
-0.326483
-0.339017
-0.352035
-0.365554
-0.379587
-0.394151
-0.409261
-0.424935
-0.441188
-0.45804
-0.475506
-0.493607
-0.51236
-0.531785
-0.551901
-0.572728
-0.594285
-0.616593
-0.639677
-0.66354
-0.688227
-0.713749
-0.74013
-0.767396
-0.795572
-0.824685
-0.854765
-0.885844
-0.917953
-0.951128
-0.985426
-1.02086
-1.05742
-1.09525
-1.13431
-1.17464
-1.21626
-1.25918
-1.30344
-1.34906
-1.39606
-1.44446
-1.4943
-1.54562
-1.59851
-1.65292
-1.70878
-1.76635
-1.8255
-1.88619
-1.94841
-2.01214
-2.07736
-2.14408
-2.2123
-2.282
-2.35316
-2.42586
-2.50005
-2.57571
-2.65284
-2.73152
-2.81163
-2.8931
-2.97592
-3.06014
-3.14565
-3.2322
-3.31958
-3.40765
-3.49619
-3.58493
-3.67405
-3.76341
-3.85293
-3.94252
-4.0321
-4.12159
-4.21103
-4.30029
-4.38901
-4.47757
-4.56569
-4.65313
-4.73948
-4.8246
-4.90856
-4.9911
-5.07229
-5.15239
-5.2312
-5.3087
-5.38489
-5.45986
-5.53359
-5.60576
-5.67648
-5.7459
-5.8137
-5.87975
-5.94393
-6.00623
-6.06633
-6.12405
-6.17928
-6.23225
-6.28265
-6.3303
-6.37491
-6.41621
-6.45417
-6.48848
-6.51876
-6.54489
-6.56658
-6.58363
-6.59579
-6.60291
-6.60476
-6.60118
-6.59201
-6.57705
-6.55627
-6.5293
-6.49625
-6.45687
-6.41137
-6.3598
-6.30225
-6.2387
-6.16928
-6.0938
-6.01255
-5.9255
-5.83282
-5.73469
-5.6312
-5.52257
-5.40883
-5.29041
-5.16755
-5.04066
-4.91003
-4.77588
-4.63862
-4.49856
-4.35659
-4.2133
-4.06901
-3.92402
-3.7787
-3.63338
-3.48841
-3.3441
-3.2008
-3.05879
-2.91842
-2.78002
-2.64385
-2.51013
-2.37917
-2.25123
-2.12648
-2.00504
-1.88708
-1.77262
-1.66181
-1.55478
-1.45169
-1.35253
-1.25742
-1.16643
-1.07952
-0.996722
-0.918
-0.843337
-0.772688
-0.706003
-0.64322
-0.584268
-0.529067
-0.477527
-0.429547
-0.385022
-0.343834
-0.305856
-0.270959
-0.239003
-0.209847
-0.183349
-0.15936
-0.137733
-0.118319
-0.100972
-0.0855419
-0.0718851
-0.059859
-0.0493257
-0.0401524
-0.0322122
-0.0253845
-0.0195557
-0.0146188
-0.0104742
-0.0070293
-0.00419858
-0.00190348
-7.22378e-05
0.00136031
0.00245301
0.00325864
0.00382424
0.00419144
0.00439681
0.00447221
0.00444516
0.00433923
0.00417439
0.00396738
0.00373205
0.00347971
0.00321946
0.00295845
0.00270221
0.00245484
0.00221931
0.00199761
0.00179095
0.00159992
0.00142463
0.0012648
0.0011199
0.00098919
0.000871809
0.000766819
0.000673247
0.000590119
0.00051648
0.000451416
0.00039406
0.000343604
0.0002993
0.000260462
0.000226467
0.000196751
0.000170805
0.000148177
0.000128461
0.000111297
9.63668e-05
8.33894e-05
7.21166e-05
6.23306e-05
5.38398e-05
4.64767e-05
4.00943e-05
3.45645e-05
2.97748e-05
2.56276e-05
2.20372e-05
1.89292e-05
1.62383e-05
1.39079e-05
1.18884e-05
1.01363e-05
8.61382e-06
7.28766e-06
6.12859e-06
5.11081e-06
4.21146e-06
3.41012e-06
2.68838e-06
2.02945e-06
1.41777e-06
8.38673e-07
2.77926e-07
-0.202653
-0.2096
-0.216887
-0.224525
-0.232526
-0.240901
-0.249662
-0.258821
-0.26839
-0.278383
-0.288813
-0.299693
-0.311037
-0.322859
-0.335173
-0.347994
-0.361336
-0.375213
-0.389642
-0.404637
-0.420212
-0.436384
-0.453167
-0.470576
-0.488627
-0.507335
-0.526715
-0.546782
-0.56755
-0.589035
-0.611251
-0.634214
-0.657937
-0.682435
-0.707726
-0.733824
-0.760749
-0.788516
-0.817143
-0.846649
-0.877051
-0.908378
-0.940609
-0.973803
-1.00796
-1.04308
-1.07919
-1.1163
-1.15444
-1.19363
-1.23392
-1.27528
-1.31773
-1.36138
-1.40624
-1.4523
-1.49958
-1.54822
-1.59821
-1.64959
-1.7024
-1.75666
-1.81242
-1.86971
-1.92856
-1.98902
-2.05114
-2.11503
-2.18057
-2.24783
-2.31676
-2.38758
-2.46015
-2.5344
-2.61029
-2.68777
-2.76679
-2.8473
-2.92928
-3.01267
-3.09736
-3.18339
-3.27068
-3.35915
-3.44873
-3.53935
-3.63095
-3.7235
-3.8167
-3.91049
-4.0046
-4.09919
-4.19405
-4.28896
-4.3838
-4.47841
-4.57269
-4.66651
-4.75979
-4.85241
-4.94427
-5.03528
-5.12548
-5.21472
-5.30249
-5.38899
-5.47426
-5.55792
-5.64008
-5.7212
-5.80132
-5.88058
-5.95914
-6.03756
-6.11572
-6.19372
-6.27163
-6.34967
-6.42764
-6.50544
-6.58302
-6.6608
-6.73845
-6.81591
-6.89308
-6.96964
-7.04562
-7.1209
-7.195
-7.26731
-7.3384
-7.4075
-7.47443
-7.53861
-7.59992
-7.65793
-7.71208
-7.76218
-7.80773
-7.84822
-7.88335
-7.91265
-7.93572
-7.95223
-7.96179
-7.96412
-7.9589
-7.94589
-7.92487
-7.89539
-7.85771
-7.81146
-7.7566
-7.69313
-7.62099
-7.54019
-7.45075
-7.35274
-7.24621
-7.13137
-7.00833
-6.87804
-6.74081
-6.59722
-6.44768
-6.29244
-6.1321
-5.96727
-5.79836
-5.62598
-5.45065
-5.27296
-5.09348
-4.9128
-4.73149
-4.55012
-4.36923
-4.18932
-4.01088
-3.83439
-3.66023
-3.48887
-3.32061
-3.15582
-2.99477
-2.83769
-2.68474
-2.53611
-2.39198
-2.25242
-2.11761
-1.98762
-1.86251
-1.7423
-1.62695
-1.5165
-1.41091
-1.31007
-1.21396
-1.12249
-1.03556
-0.95309
-0.874994
-0.801178
-0.731552
-0.666024
-0.6045
-0.546886
-0.493084
-0.442995
-0.396504
-0.353488
-0.313822
-0.277372
-0.244001
-0.213568
-0.185928
-0.160934
-0.138432
-0.118266
-0.100278
-0.0843118
-0.070214
-0.0578343
-0.0470275
-0.0376537
-0.0295788
-0.0226755
-0.0168228
-0.011907
-0.00782169
-0.00446761
-0.00175296
0.000406763
0.00208879
0.00336325
0.00429341
0.00493587
0.00534089
0.00555275
0.00561008
0.00554629
0.00538998
0.00516533
0.00489259
0.00458846
0.00426649
0.00393754
0.00361005
0.00329049
0.00298359
0.00269269
0.00241996
0.00216664
0.00193323
0.00171966
0.00152544
0.00134975
0.0011916
0.00104982
0.000923202
0.000810495
0.00071047
0.000621934
0.000543751
0.000474855
0.000414256
0.000361043
0.000314386
0.000273531
0.000237798
0.000206579
0.00017933
0.000155566
0.000134858
0.000116827
0.000101136
8.7491e-05
7.56314e-05
6.53292e-05
5.63846e-05
4.86221e-05
4.18882e-05
3.60485e-05
3.09854e-05
2.65959e-05
2.27899e-05
1.94884e-05
1.66222e-05
1.41302e-05
1.1959e-05
1.00612e-05
8.39483e-06
6.92242e-06
5.61035e-06
4.42813e-06
3.34774e-06
2.34306e-06
1.38921e-06
4.61876e-07
-0.266874
-0.275296
-0.28416
-0.293478
-0.303263
-0.313526
-0.324282
-0.335543
-0.347322
-0.359635
-0.372495
-0.385917
-0.399915
-0.414504
-0.4297
-0.445516
-0.46197
-0.479074
-0.496845
-0.515296
-0.534444
-0.554302
-0.574885
-0.596206
-0.61828
-0.64112
-0.664738
-0.689148
-0.714362
-0.740391
-0.76725
-0.794956
-0.823488
-0.852902
-0.883184
-0.914368
-0.946434
-0.979428
-1.01337
-1.04826
-1.08413
-1.121
-1.15888
-1.1978
-1.23778
-1.27882
-1.32096
-1.3642
-1.40858
-1.45413
-1.50079
-1.54861
-1.59759
-1.64781
-1.69922
-1.75184
-1.80553
-1.86047
-1.91661
-1.97395
-2.0325
-2.0923
-2.15336
-2.21556
-2.27907
-2.34382
-2.40981
-2.47703
-2.54547
-2.61517
-2.68604
-2.75799
-2.83101
-2.90509
-2.98034
-3.05661
-3.13383
-3.21196
-3.29094
-3.3707
-3.45115
-3.53223
-3.61395
-3.69608
-3.77854
-3.86116
-3.94405
-4.02698
-4.10983
-4.19244
-4.27474
-4.35646
-4.43774
-4.51854
-4.59846
-4.67753
-4.75551
-4.83272
-4.90887
-4.98389
-5.0577
-5.13025
-5.20167
-5.2717
-5.34067
-5.4088
-5.47698
-5.54534
-5.61423
-5.684
-5.75505
-5.82781
-5.90214
-5.97843
-6.057
-6.13802
-6.22137
-6.30715
-6.3954
-6.48581
-6.57875
-6.67421
-6.77186
-6.87152
-6.97332
-7.07705
-7.18219
-7.28888
-7.39677
-7.50479
-7.61347
-7.72185
-7.82951
-7.93591
-8.04038
-8.14247
-8.24134
-8.3364
-8.42697
-8.51224
-8.59163
-8.66445
-8.72982
-8.78726
-8.83598
-8.87546
-8.90499
-8.92412
-8.93225
-8.92926
-8.91484
-8.88864
-8.85051
-8.80054
-8.73835
-8.66427
-8.57814
-8.48027
-8.3709
-8.2503
-8.11884
-7.97697
-7.82522
-7.6641
-7.49441
-7.31673
-7.13192
-6.94074
-6.74399
-6.5423
-6.33664
-6.12776
-5.91645
-5.70359
-5.48991
-5.27621
-5.06321
-4.8516
-4.64203
-4.43514
-4.23141
-4.03143
-3.83563
-3.6444
-3.45808
-3.27695
-3.10126
-2.93116
-2.76682
-2.60834
-2.45575
-2.30907
-2.16827
-2.03332
-1.90413
-1.78062
-1.66263
-1.55003
-1.44266
-1.34037
-1.243
-1.15042
-1.06247
-0.979027
-0.899967
-0.825173
-0.754537
-0.687963
-0.625354
-0.566617
-0.511668
-0.460405
-0.412718
-0.368492
-0.327607
-0.289938
-0.255361
-0.223746
-0.194955
-0.168842
-0.145257
-0.12405
-0.105071
-0.0881713
-0.0732055
-0.0600293
-0.0485018
-0.0384858
-0.0298483
-0.022461
-0.016201
-0.0109512
-0.00660047
-0.00304424
-0.000184617
0.00206931
0.00380139
0.00508833
0.00599976
0.0065983
0.00693976
0.00707343
0.00704237
0.00688383
0.0066296
0.00630654
0.005937
0.00553928
0.00512815
0.00471525
0.00430956
0.00391776
0.00354465
0.00319345
0.0028661
0.00256352
0.00228587
0.00203268
0.00180307
0.00159585
0.00140963
0.0012429
0.00109412
0.000961744
0.00084426
0.000740233
0.000648308
0.00056722
0.000495804
0.000432995
0.000377824
0.000329416
0.000286984
0.000249823
0.000217305
0.000188871
0.000164026
0.000142331
0.000123397
0.000106883
9.24888e-05
7.9948e-05
6.9028e-05
5.95237e-05
5.12549e-05
4.4063e-05
3.78085e-05
3.23687e-05
2.76348e-05
2.35112e-05
1.99126e-05
1.67634e-05
1.39958e-05
1.1549e-05
9.36756e-06
7.401e-06
5.60232e-06
3.92724e-06
2.33316e-06
7.78103e-07
-0.330082
-0.33779
-0.346071
-0.354932
-0.36438
-0.374423
-0.385069
-0.396326
-0.408204
-0.420711
-0.433856
-0.447649
-0.462098
-0.477213
-0.493004
-0.509479
-0.526648
-0.544519
-0.563102
-0.582404
-0.602438
-0.623199
-0.644707
-0.666965
-0.689983
-0.713753
-0.738298
-0.763615
-0.789712
-0.816593
-0.844265
-0.872732
-0.901998
-0.932072
-0.962955
-0.994651
-1.02716
-1.0605
-1.09468
-1.12969
-1.16555
-1.20224
-1.23981
-1.27825
-1.31756
-1.35778
-1.39886
-1.44087
-1.48379
-1.52762
-1.57238
-1.61811
-1.66471
-1.7122
-1.76059
-1.80993
-1.86015
-1.91125
-1.96322
-2.01603
-2.06971
-2.12419
-2.17941
-2.23534
-2.29207
-2.34952
-2.40763
-2.46639
-2.52574
-2.58565
-2.64607
-2.70693
-2.76826
-2.82982
-2.89165
-2.95372
-3.01605
-3.07835
-3.14059
-3.20268
-3.26473
-3.32658
-3.38816
-3.44938
-3.51017
-3.57049
-3.63023
-3.68929
-3.74771
-3.80538
-3.86225
-3.91829
-3.97341
-4.02736
-4.08028
-4.13203
-4.18255
-4.23184
-4.28002
-4.32775
-4.37568
-4.42455
-4.47505
-4.52769
-4.58218
-4.63912
-4.69866
-4.76099
-4.82639
-4.89522
-4.96763
-5.0441
-5.12485
-5.2099
-5.29971
-5.39417
-5.49332
-5.59675
-5.70496
-5.81774
-5.93549
-6.05758
-6.18442
-6.31562
-6.45105
-6.59054
-6.73377
-6.88063
-7.03047
-7.18305
-7.33775
-7.49391
-7.65085
-7.80789
-7.96431
-8.11924
-8.27171
-8.42086
-8.5655
-8.70479
-8.83768
-8.96338
-9.08043
-9.18815
-9.28551
-9.37159
-9.4455
-9.50644
-9.55368
-9.58657
-9.60457
-9.60723
-9.59421
-9.56528
-9.52036
-9.45943
-9.38274
-9.29024
-9.18209
-9.059
-8.92154
-8.77027
-8.60604
-8.42949
-8.24173
-8.04371
-7.83644
-7.621
-7.39848
-7.16998
-6.93671
-6.69959
-6.45992
-6.21862
-5.97685
-5.73548
-5.49551
-5.25779
-5.02311
-4.79219
-4.56571
-4.34423
-4.12827
-3.91827
-3.71457
-3.51746
-3.32716
-3.1438
-2.96746
-2.79816
-2.63585
-2.48045
-2.33184
-2.18985
-2.05432
-1.92508
-1.80194
-1.68463
-1.57292
-1.46657
-1.36534
-1.26902
-1.1774
-1.0903
-1.00752
-0.92893
-0.854379
-0.78376
-0.716986
-0.653993
-0.594675
-0.539001
-0.48688
-0.438218
-0.392917
-0.350872
-0.31197
-0.276084
-0.243092
-0.212865
-0.185267
-0.160167
-0.137436
-0.116945
-0.0985644
-0.0821637
-0.0676137
-0.0547865
-0.0435559
-0.0337978
-0.0253906
-0.0182153
-0.0121564
-0.00710244
-0.002946
0.000415206
0.00307807
0.00513357
0.00666636
0.00775451
0.00846929
0.00887508
0.00902943
0.0089832
0.0087808
0.00846052
0.00805493
0.00759135
0.00709229
0.006576
0.00605695
0.00554635
0.00505259
0.00458171
0.00413779
0.00372332
0.00333953
0.00298666
0.0026642
0.00237109
0.00210588
0.0018669
0.0016523
0.00146019
0.00128868
0.00113592
0.00100015
0.000879688
0.000772986
0.000678603
0.000595222
0.00052164
0.00045677
0.00039963
0.00034934
0.000305111
0.000266237
0.000232094
0.000202122
0.000175828
0.000152775
0.000132574
0.000114884
9.94002e-05
8.5856e-05
7.40139e-05
6.36642e-05
5.46205e-05
4.67172e-05
3.98066e-05
3.37564e-05
2.84474e-05
2.3772e-05
1.96317e-05
1.59363e-05
1.26018e-05
9.549e-06
6.70235e-06
3.98822e-06
1.33331e-06
-0.4268
-0.429437
-0.432817
-0.436941
-0.441811
-0.447419
-0.453771
-0.460867
-0.468698
-0.477271
-0.486582
-0.496629
-0.507412
-0.518927
-0.531174
-0.544148
-0.557845
-0.572262
-0.587394
-0.603247
-0.619797
-0.637062
-0.655032
-0.673708
-0.693064
-0.713116
-0.73385
-0.755262
-0.777341
-0.800079
-0.823477
-0.847498
-0.872159
-0.897455
-0.92334
-0.949842
-0.976931
-1.00462
-1.03286
-1.0617
-1.09109
-1.12103
-1.15152
-1.18258
-1.21412
-1.24622
-1.27882
-1.31195
-1.34551
-1.37959
-1.41414
-1.44916
-1.48464
-1.52055
-1.55689
-1.59362
-1.63078
-1.66833
-1.70619
-1.74441
-1.78294
-1.82179
-1.86087
-1.90021
-1.9398
-1.97956
-2.01953
-2.0597
-2.10001
-2.14036
-2.18074
-2.22113
-2.26163
-2.30195
-2.34227
-2.38248
-2.42253
-2.46236
-2.50192
-2.5413
-2.58019
-2.61885
-2.65719
-2.69518
-2.73279
-2.77
-2.80679
-2.84313
-2.87902
-2.91449
-2.94953
-2.98413
-3.01858
-3.05302
-3.08776
-3.12324
-3.15987
-3.19822
-3.23876
-3.28165
-3.32713
-3.375
-3.42559
-3.47934
-3.53651
-3.59737
-3.66215
-3.73109
-3.80466
-3.88317
-3.96702
-4.05591
-4.15028
-4.25069
-4.35716
-4.46999
-4.58899
-4.71452
-4.84654
-4.98528
-5.13066
-5.28263
-5.44114
-5.60622
-5.77756
-5.95463
-6.13723
-6.32504
-6.51772
-6.71464
-6.91508
-7.11859
-7.32398
-7.53036
-7.73662
-7.94219
-8.14577
-8.34625
-8.54232
-8.73244
-8.91525
-9.08978
-9.25455
-9.40833
-9.54977
-9.67777
-9.79093
-9.88833
-9.96884
-10.0316
-10.076
-10.1011
-10.1067
-10.0923
-10.0579
-10.0033
-9.92881
-9.83493
-9.72158
-9.58932
-9.43917
-9.27221
-9.08927
-8.89153
-8.68022
-8.4567
-8.2223
-7.9785
-7.72676
-7.46854
-7.2053
-6.93848
-6.66949
-6.39968
-6.13032
-5.86263
-5.59774
-5.33669
-5.0804
-4.82972
-4.5854
-4.34806
-4.11825
-3.89641
-3.68286
-3.47787
-3.28158
-3.09405
-2.91527
-2.74513
-2.58348
-2.43008
-2.28471
-2.14699
-2.0165
-1.89304
-1.7762
-1.66558
-1.56076
-1.46134
-1.36687
-1.27706
-1.19155
-1.11002
-1.03218
-0.957781
-0.886614
-0.818552
-0.753543
-0.691598
-0.632709
-0.576911
-0.524246
-0.474709
-0.428292
-0.384951
-0.344622
-0.307208
-0.272595
-0.240656
-0.211274
-0.184325
-0.159695
-0.137268
-0.116931
-0.0985728
-0.0820847
-0.0673605
-0.0542953
-0.0427841
-0.0327223
-0.0240055
-0.0165295
-0.010191
-0.00488765
-0.000518948
0.0030133
0.00580411
0.00794455
0.00952103
0.0106146
0.0113005
0.0116477
0.0117185
0.0115687
0.0112475
0.0107975
0.0102553
0.00965166
0.00901199
0.00835694
0.00770286
0.00706238
0.00644488
0.00585708
0.00530343
0.00478655
0.00430766
0.0038668
0.00346321
0.0030955
0.00276186
0.00246021
0.00218832
0.00194393
0.00172475
0.00152858
0.00135332
0.00119699
0.00105773
0.000933824
0.000823701
0.000725921
0.000639174
0.000562275
0.000494154
0.000433848
0.000380493
0.000333315
0.000291622
0.000254796
0.000222288
0.000193609
0.000168322
0.00014604
0.000126418
0.000109149
9.39579e-05
8.05985e-05
6.88488e-05
5.85078e-05
4.93923e-05
4.13337e-05
3.41757e-05
2.77715e-05
2.19821e-05
1.66737e-05
1.17163e-05
6.98108e-06
2.33837e-06
-0.689179
-0.678387
-0.668636
-0.659938
-0.65232
-0.645802
-0.640396
-0.636125
-0.633004
-0.631047
-0.630266
-0.630674
-0.63228
-0.635095
-0.63911
-0.644339
-0.650781
-0.658414
-0.66724
-0.677239
-0.688383
-0.70064
-0.713965
-0.728306
-0.743585
-0.759721
-0.776624
-0.794141
-0.812183
-0.830624
-0.849393
-0.868427
-0.887713
-0.907255
-0.927044
-0.947085
-0.967358
-0.987862
-1.00859
-1.02954
-1.05072
-1.07211
-1.09372
-1.11555
-1.13757
-1.1598
-1.18222
-1.20482
-1.22759
-1.2505
-1.27355
-1.29674
-1.32007
-1.34351
-1.36704
-1.3907
-1.41434
-1.43804
-1.46174
-1.48545
-1.50916
-1.53288
-1.5566
-1.58032
-1.60403
-1.62769
-1.65132
-1.67483
-1.69822
-1.72156
-1.74482
-1.768
-1.79104
-1.81397
-1.8366
-1.85897
-1.88107
-1.90284
-1.92433
-1.94559
-1.96668
-1.98769
-2.00863
-2.02944
-2.05018
-2.07094
-2.09183
-2.113
-2.13505
-2.15855
-2.18395
-2.21142
-2.24118
-2.27328
-2.30779
-2.34476
-2.38431
-2.42655
-2.47163
-2.51979
-2.57117
-2.62581
-2.68391
-2.74583
-2.81182
-2.88202
-2.95667
-3.03604
-3.12042
-3.21031
-3.3057
-3.40705
-3.51464
-3.62911
-3.75073
-3.87973
-4.01638
-4.16094
-4.31384
-4.47482
-4.64399
-4.82127
-5.00702
-5.20111
-5.4032
-5.61298
-5.83007
-6.05421
-6.28416
-6.51919
-6.75849
-7.00166
-7.24771
-7.49472
-7.74189
-7.98794
-8.23139
-8.47075
-8.7045
-8.93131
-9.14878
-9.35544
-9.54979
-9.73066
-9.8963
-10.0453
-10.1764
-10.2879
-10.3789
-10.4484
-10.4956
-10.5197
-10.5203
-10.497
-10.4499
-10.379
-10.2846
-10.1675
-10.0284
-9.8675
-9.68661
-9.48701
-9.26995
-9.03696
-8.78966
-8.52977
-8.25902
-7.9792
-7.69211
-7.39952
-7.10319
-6.80479
-6.50597
-6.20825
-5.91309
-5.62181
-5.33564
-5.05567
-4.78289
-4.51812
-4.26211
-4.01545
-3.77863
-3.55203
-3.33592
-3.13047
-2.93575
-2.75172
-2.57827
-2.41521
-2.2623
-2.11922
-1.98566
-1.86117
-1.74526
-1.63754
-1.53749
-1.44456
-1.35818
-1.2778
-1.20272
-1.13236
-1.06613
-1.00346
-0.943757
-0.886455
-0.830955
-0.77671
-0.72329
-0.670811
-0.619646
-0.570108
-0.522406
-0.476747
-0.433246
-0.392056
-0.353265
-0.316902
-0.282951
-0.251369
-0.222088
-0.195006
-0.170023
-0.147056
-0.126016
-0.106821
-0.0893952
-0.0736657
-0.0595566
-0.0469896
-0.0358839
-0.0261561
-0.0177206
-0.0104889
-0.00437051
0.00072659
0.00489535
0.00822881
0.0108183
0.0127522
0.0141158
0.0149903
0.0154521
0.0155719
0.0154142
0.015037
0.0144917
0.0138232
0.0130697
0.0122635
0.011431
0.0105935
0.00976784
0.00896654
0.00819883
0.00747108
0.0067873
0.00614963
0.00555872
0.00501407
0.00451434
0.00405763
0.00364162
0.00326376
0.00292139
0.00261186
0.00233253
0.00208087
0.00185448
0.00165109
0.00146859
0.00130501
0.00115854
0.00102751
0.000910392
0.000805791
0.000712436
0.000629169
0.000554945
0.000488816
0.00042993
0.000377518
0.000330891
0.000289431
0.000252585
0.000219858
0.000190807
0.000165033
0.000142177
0.000121915
0.000103949
8.80032e-05
7.38211e-05
6.11588e-05
4.97816e-05
3.9461e-05
2.99711e-05
2.10867e-05
1.25803e-05
4.22038e-06
-1.31589
-1.2755
-1.23673
-1.19968
-1.16447
-1.1312
-1.09995
-1.07081
-1.04385
-1.01915
-0.996738
-0.976669
-0.958969
-0.943656
-0.930736
-0.920205
-0.912049
-0.906243
-0.902755
-0.901547
-0.902579
-0.905813
-0.911218
-0.918768
-0.928441
-0.940224
-0.954171
-0.970071
-0.987675
-1.00651
-1.02625
-1.04661
-1.06743
-1.08857
-1.10993
-1.13147
-1.15308
-1.17473
-1.19639
-1.2181
-1.23993
-1.26168
-1.28338
-1.30494
-1.32646
-1.34799
-1.36947
-1.39111
-1.41245
-1.43363
-1.45441
-1.47499
-1.49546
-1.51563
-1.53548
-1.55503
-1.57455
-1.59352
-1.61201
-1.63014
-1.64778
-1.66468
-1.68126
-1.69746
-1.71317
-1.72868
-1.74353
-1.75783
-1.77149
-1.78473
-1.79798
-1.81064
-1.82296
-1.8347
-1.84648
-1.85837
-1.86994
-1.8814
-1.89286
-1.90428
-1.91571
-1.92773
-1.9401
-1.95253
-1.96538
-1.97888
-1.99348
-2.00968
-2.02358
-2.0333
-2.0403
-2.0471
-2.05573
-2.0678
-2.08421
-2.10557
-2.13232
-2.16479
-2.20328
-2.24801
-2.29901
-2.35634
-2.42015
-2.49011
-2.56581
-2.64685
-2.73268
-2.8226
-2.9161
-3.01355
-3.1156
-3.22324
-3.3375
-3.45928
-3.58919
-3.72787
-3.87585
-4.03375
-4.20203
-4.38128
-4.57127
-4.77215
-4.98404
-5.20697
-5.44047
-5.68397
-5.9368
-6.19808
-6.46719
-6.74176
-7.02079
-7.30322
-7.58757
-7.87178
-8.15415
-8.43303
-8.70646
-8.9725
-9.22918
-9.47495
-9.70684
-9.92339
-10.1231
-10.3041
-10.4647
-10.6037
-10.7197
-10.8115
-10.8777
-10.9178
-10.9314
-10.918
-10.8774
-10.8096
-10.715
-10.5942
-10.4481
-10.2776
-10.0843
-9.86914
-9.6341
-9.38104
-9.11173
-8.82815
-8.5323
-8.22623
-7.91197
-7.59156
-7.26697
-6.94012
-6.61286
-6.28692
-5.96395
-5.64544
-5.33279
-5.02723
-4.72988
-4.44168
-4.16346
-3.89589
-3.63952
-3.39476
-3.16193
-2.94114
-2.73253
-2.53614
-2.35185
-2.17946
-2.01871
-1.86931
-1.73092
-1.60319
-1.4858
-1.37813
-1.27975
-1.19025
-1.10915
-1.03595
-0.970108
-0.911073
-0.858111
-0.810542
-0.767638
-0.728676
-0.692913
-0.659635
-0.628462
-0.598202
-0.567729
-0.536897
-0.505941
-0.474939
-0.443942
-0.413088
-0.382525
-0.352253
-0.322578
-0.293727
-0.265839
-0.239043
-0.213434
-0.1891
-0.166104
-0.144487
-0.124284
-0.105521
-0.0882018
-0.0723345
-0.0579112
-0.0449091
-0.0332959
-0.0230281
-0.0140521
-0.00630497
0.000284602
0.00579455
0.0103081
0.0139118
0.0166953
0.0187492
0.0201629
0.0210236
0.0214145
0.0214138
0.0210938
0.0205207
0.0197535
0.0188443
0.0178381
0.0167732
0.0156814
0.0145886
0.0135144
0.0124721
0.0114717
0.0105205
0.00962325
0.00878251
0.00799916
0.00727266
0.00660144
0.00598326
0.00541545
0.00489509
0.00441916
0.00398463
0.00358853
0.003228
0.00290033
0.00260293
0.00233337
0.00208938
0.00186882
0.00166968
0.00149011
0.00132835
0.00118279
0.00105192
0.000934352
0.000828804
0.000734095
0.000649148
0.000572978
0.000504696
0.000443495
0.000388652
0.000339514
0.0002955
0.000256083
0.00022079
0.000189187
0.000160875
0.000135471
0.000112609
9.19243e-05
7.3048e-05
5.56024e-05
3.91972e-05
2.34276e-05
7.87446e-06
-1.94604
-1.89009
-1.83636
-1.78507
-1.73642
-1.69058
-1.64773
-1.60801
-1.57153
-1.53839
-1.50866
-1.48238
-1.45958
-1.44026
-1.42438
-1.41189
-1.40273
-1.3968
-1.394
-1.39423
-1.39738
-1.40338
-1.41226
-1.42446
-1.44362
-1.47243
-1.49346
-1.51614
-1.53328
-1.55376
-1.58249
-1.61473
-1.64864
-1.68389
-1.72034
-1.75793
-1.7967
-1.83655
-1.87757
-1.91996
-1.96385
-2.00938
-2.05644
-2.10547
-2.15679
-2.21047
-2.26648
-2.32472
-2.38498
-2.44708
-2.51035
-2.57415
-2.63821
-2.70193
-2.76558
-2.82903
-2.89147
-2.95292
-3.01369
-3.0729
-3.12948
-3.18311
-3.23341
-3.28064
-3.32433
-3.36404
-3.39936
-3.42956
-3.45443
-3.47368
-3.48756
-3.49609
-3.49981
-3.49807
-3.49266
-3.48429
-3.47322
-3.45917
-3.44152
-3.42035
-3.39596
-3.36915
-3.34154
-3.32635
-3.34195
-3.31929
-3.2942
-3.23854
-3.17129
-3.12269
-3.07607
-3.02708
-2.97623
-2.92466
-2.87349
-2.82417
-2.77785
-2.73564
-2.69861
-2.66777
-2.64407
-2.62839
-2.62157
-2.62465
-2.6385
-2.66386
-2.7012
-2.75058
-2.81269
-2.88821
-2.97773
-3.08185
-3.19919
-3.3286
-3.46965
-3.62263
-3.78822
-3.96716
-4.16041
-4.369
-4.59366
-4.83487
-5.09225
-5.36529
-5.65307
-5.95466
-6.26856
-6.59278
-6.92506
-7.26303
-7.60343
-7.9438
-8.28152
-8.61379
-8.93764
-9.25053
-9.54995
-9.83336
-10.0987
-10.3433
-10.5654
-10.7634
-10.9356
-11.0807
-11.1975
-11.2851
-11.343
-11.3706
-11.3673
-11.3334
-11.2694
-11.1756
-11.0527
-10.9015
-10.7233
-10.5195
-10.2915
-10.0413
-9.77071
-9.48177
-9.17685
-8.85819
-8.52809
-8.18887
-7.84279
-7.49204
-7.13876
-6.78499
-6.43263
-6.08347
-5.73917
-5.40123
-5.071
-4.74968
-4.43833
-4.13783
-3.84892
-3.5722
-3.3081
-3.05695
-2.81896
-2.59421
-2.38267
-2.18423
-1.99868
-1.8257
-1.66503
-1.51627
-1.37901
-1.25277
-1.13711
-1.03153
-0.935587
-0.848657
-0.770373
-0.700277
-0.637916
-0.582814
-0.534479
-0.492391
-0.455982
-0.4246
-0.39756
-0.37413
-0.353222
-0.335043
-0.319191
-0.305478
-0.29356
-0.282562
-0.272307
-0.262339
-0.252131
-0.241171
-0.229374
-0.216363
-0.202475
-0.187992
-0.173112
-0.158011
-0.142855
-0.127795
-0.112965
-0.0984867
-0.0844745
-0.0710335
-0.0582488
-0.046212
-0.0350023
-0.0246792
-0.0152854
-0.00684641
0.000629376
0.00714962
0.0127368
0.0174264
0.0212654
0.0243094
0.0266215
0.0282695
0.0293242
0.0298574
0.0299401
0.0296415
0.0290272
0.0281583
0.027091
0.0258756
0.0245568
0.0231729
0.0217566
0.0203349
0.0189307
0.0175635
0.0162478
0.0149938
0.0138083
0.0126953
0.0116566
0.0106899
0.00979117
0.0089568
0.0081831
0.00746642
0.00680324
0.00619024
0.0056243
0.00510251
0.00462216
0.00418072
0.00377576
0.003405
0.00306623
0.0027573
0.00247616
0.00222078
0.00198924
0.00177963
0.00159017
0.0014191
0.00126479
0.00112567
0.00100029
0.000887274
0.000785376
0.000693443
0.000610433
0.000535411
0.000467545
0.000406098
0.000350419
0.00029992
0.000254056
0.0002123
0.000174113
0.000138928
0.000106132
7.50567e-05
4.49845e-05
1.5158e-05
-2.94889
-2.89695
-2.84609
-2.79659
-2.74876
-2.70292
-2.65939
-2.61852
-2.58066
-2.5462
-2.51551
-2.48901
-2.46712
-2.4503
-2.43902
-2.43383
-2.43514
-2.44349
-2.45935
-2.48326
-2.51563
-2.55666
-2.60638
-2.66437
-2.72977
-2.80047
-2.87121
-2.93941
-3.00628
-3.07557
-3.14316
-3.21095
-3.27906
-3.34731
-3.4155
-3.48366
-3.55171
-3.61969
-3.68766
-3.75572
-3.82392
-3.89236
-3.96135
-4.02972
-4.09744
-4.16385
-4.22932
-4.29388
-4.35711
-4.41877
-4.47862
-4.53635
-4.59172
-4.64515
-4.69549
-4.74198
-4.78472
-4.82377
-4.85975
-4.89206
-4.92102
-4.94478
-4.96263
-4.97468
-4.98084
-4.98188
-4.97705
-4.9664
-4.94921
-4.92572
-4.89567
-4.85969
-4.81873
-4.77129
-4.71816
-4.65982
-4.59699
-4.53065
-4.46085
-4.38783
-4.31172
-4.2331
-4.15284
-4.07083
-3.98641
-3.89892
-3.81229
-3.7346
-3.66805
-3.61223
-3.56625
-3.52897
-3.49934
-3.47664
-3.46035
-3.44999
-3.44521
-3.44577
-3.45157
-3.46272
-3.4796
-3.50318
-3.53166
-3.56559
-3.6235
-3.66573
-3.69236
-3.72009
-3.75653
-3.82236
-3.90724
-4.00385
-4.11275
-4.23554
-4.37389
-4.52955
-4.70432
-4.90003
-5.11868
-5.36221
-5.63242
-5.92999
-6.25196
-6.59469
-6.95394
-7.32606
-7.70721
-8.09309
-8.47924
-8.861
-9.23401
-9.59428
-9.93796
-10.2616
-10.5621
-10.837
-11.0838
-11.3008
-11.487
-11.6407
-11.7613
-11.8488
-11.9027
-11.9231
-11.9104
-11.8651
-11.7881
-11.6801
-11.542
-11.3752
-11.1812
-10.9614
-10.7174
-10.451
-10.1639
-9.85837
-9.53632
-9.20003
-8.85174
-8.49375
-8.12836
-7.7579
-7.3846
-7.01063
-6.63805
-6.26876
-5.90455
-5.54702
-5.19763
-4.85767
-4.52827
-4.21037
-3.90473
-3.61198
-3.33261
-3.06692
-2.81512
-2.57726
-2.3533
-2.14313
-1.94648
-1.76309
-1.59263
-1.43465
-1.28861
-1.15406
-1.03047
-0.917316
-0.814059
-0.720145
-0.635017
-0.558126
-0.488942
-0.426843
-0.371372
-0.32212
-0.27868
-0.240659
-0.207666
-0.179331
-0.155313
-0.135234
-0.118523
-0.104865
-0.094201
-0.0857416
-0.0790379
-0.0739108
-0.0701136
-0.0674117
-0.0656057
-0.0644976
-0.0640511
-0.0639501
-0.0635635
-0.0623471
-0.0603145
-0.057554
-0.0541134
-0.0500206
-0.0453271
-0.0401047
-0.0344391
-0.0284263
-0.0221686
-0.0157708
-0.0093433
-0.00299084
0.00317524
0.00905437
0.0145599
0.0196208
0.0241821
0.0282048
0.0316654
0.0345551
0.0368785
0.0386517
0.0399011
0.040661
0.0409719
0.0408791
0.0404304
0.0396747
0.0386608
0.0374361
0.0360452
0.0345296
0.0329267
0.0312697
0.0295871
0.0279029
0.026237
0.0246049
0.0230187
0.0214871
0.0200164
0.0186101
0.0172703
0.016
0.0148015
0.0136754
0.012621
0.0116322
0.010704
0.00983268
0.00901512
0.00824898
0.00753236
0.0068636
0.0062412
0.00566365
0.00512938
0.00463674
0.00418392
0.00376904
0.00339006
0.00304492
0.00273143
0.00244738
0.00219055
0.00195868
0.00174956
0.001561
0.00139091
0.00123726
0.00109815
0.000971802
0.000856632
0.000751243
0.000654468
0.000565348
0.000483076
0.000406933
0.000336198
0.000270071
0.00020761
0.000147695
8.90323e-05
3.01974e-05
)
;

boundaryField
{
    Inlet
    {
        type            zeroGradient;
    }
    BotOutlet1
    {
        type            zeroGradient;
    }
    BotOutlet2
    {
        type            zeroGradient;
    }
    TopInlet
    {
        type            zeroGradient;
    }
    FreeStream
    {
        type            zeroGradient;
    }
    FrontNBack
    {
        type            empty;
    }
    LeftSide
    {
        type            zeroGradient;
    }
    procBoundary2to1
    {
        type            processor;
        value           nonuniform List<scalar> 
400
(
-11979.1
-11477
-10974.1
-10470.1
-9965.02
-9458.64
-8950.94
-8441.95
-7931.81
-7420.76
-6909.2
-6397.72
-5887.07
-5378.18
-4872.15
-4370.19
-3873.57
-3383.63
-2901.63
-2428.68
-1965.46
-1512.52
-1071.64
-647.643
-242.137
-2.73509
-2.80795
-2.39238
-2.24491
-2.30258
-2.36868
-2.44114
-2.51924
-2.60166
-2.68665
-2.77209
-2.85567
-2.93528
-3.00899
-3.07513
-3.13204
-3.17829
-3.21291
-3.23544
-3.24581
-3.24433
-3.23157
-3.20833
-3.17556
-3.13425
-3.08547
-3.03025
-2.9696
-2.90445
-2.83568
-2.76407
-2.69034
-2.61511
-2.53893
-2.46226
-2.38552
-2.30905
-2.23313
-2.15802
-2.08391
-2.01096
-1.93932
-1.86907
-1.80032
-1.73312
-1.66753
-1.60358
-1.5413
-1.48071
-1.42181
-1.36461
-1.30911
-1.2553
-1.20317
-1.1527
-1.10389
-1.0567
-1.01112
-0.967124
-0.924684
-0.883773
-0.844363
-0.806421
-0.769916
-0.734816
-0.701086
-0.668691
-0.637596
-0.607766
-0.579163
-0.551752
-0.525496
-0.500358
-0.476302
-0.453291
-0.436076
-0.424326
-0.412809
-0.401522
-0.390463
-0.379631
-0.369023
-0.358637
-0.348471
-0.338523
-0.32879
-0.31927
-0.30996
-0.300857
-0.291961
-0.283266
-0.274772
-0.266475
-0.258373
-0.250463
-0.242743
-0.235208
-0.227858
-0.220688
-0.213696
-0.20688
-0.200236
-0.193762
-0.187455
-0.181311
-0.175328
-0.169504
-0.163835
-0.158319
-0.152952
-0.147732
-0.142656
-0.137721
-0.132925
-0.128264
-0.123737
-0.119339
-0.115069
-0.110924
-0.106901
-0.102997
-0.0992103
-0.0955376
-0.0919766
-0.0885247
-0.0851793
-0.081938
-0.0787983
-0.0757579
-0.0728142
-0.0699649
-0.0672077
-0.0645403
-0.0619604
-0.0594658
-0.0570543
-0.0547237
-0.0524719
-0.0502967
-0.0481962
-0.0461683
-0.044211
-0.0423223
-0.0405004
-0.0387433
-0.0370493
-0.0354164
-0.033843
-0.0323273
-0.0308675
-0.0294621
-0.0281093
-0.0268076
-0.0255555
-0.0243513
-0.0231936
-0.022081
-0.021012
-0.0199852
-0.0189992
-0.0180528
-0.0171446
-0.0162734
-0.0154379
-0.014637
-0.0138695
-0.0131341
-0.0124299
-0.0117558
-0.0111106
-0.0104934
-0.00990317
-0.00933895
-0.0087998
-0.00828481
-0.00779308
-0.00732376
-0.00687601
-0.00644903
-0.00604202
-0.00565422
-0.0052849
-0.00493333
-0.00459883
-0.00428072
-0.00397835
-0.0036911
-0.00341834
-0.00315957
-0.0029142
-0.00268169
-0.00246149
-0.00225309
-0.00205598
-0.00186968
-0.00169373
-0.00152767
-0.00137107
-0.0012235
-0.00108458
-0.000953899
-0.000831092
-0.000715798
-0.000607668
-0.000506367
-0.000411575
-0.000322981
-0.000240287
-0.000163207
-9.14658e-05
-2.47994e-05
3.70463e-05
9.43152e-05
0.000147241
0.000196048
0.000240952
0.000282159
0.000319865
0.000354262
0.000385529
0.000413841
0.000439362
0.000462251
0.00048266
0.000500733
0.000516608
0.000530417
0.000542284
0.000552329
0.000560666
0.000567403
0.000572643
0.000576483
0.000579016
0.00058033
0.000580509
0.000579631
0.000577771
0.000575001
0.000571387
0.000566993
0.000561878
0.000556099
0.00054971
0.00054276
0.000535299
0.000527369
0.000519015
0.000510275
0.000501188
0.000491789
0.000482112
0.000472188
0.000462049
0.000451722
0.000441235
0.000430612
0.00041988
0.00040906
0.000398175
0.000387246
0.000376293
0.000365334
0.000354389
0.000343474
0.000332607
0.000321802
0.000311076
0.000300443
0.000289915
0.000279508
0.000269232
0.0002591
0.000249122
0.00023931
0.000229673
0.000220219
0.000210957
0.000201896
0.000193041
0.0001844
0.000175978
0.000167779
0.000159808
0.000152068
0.000144563
0.000137293
0.000130262
0.000123469
0.000116915
0.000110599
0.000104521
9.86777e-05
9.30683e-05
8.76899e-05
8.25392e-05
7.76128e-05
7.29066e-05
6.84163e-05
6.41373e-05
6.00645e-05
5.61928e-05
5.25166e-05
4.90302e-05
4.57278e-05
4.26035e-05
3.96511e-05
3.68645e-05
3.42376e-05
3.1764e-05
2.94376e-05
2.72522e-05
2.52017e-05
2.32801e-05
2.14814e-05
1.97997e-05
1.82292e-05
1.67644e-05
1.53998e-05
1.41301e-05
1.29501e-05
1.18547e-05
1.08393e-05
9.89898e-06
9.02941e-06
8.22624e-06
7.48531e-06
6.80269e-06
6.17459e-06
5.59739e-06
5.06767e-06
4.58216e-06
4.13776e-06
3.73153e-06
3.36069e-06
3.02264e-06
2.71488e-06
2.43511e-06
2.18112e-06
1.95088e-06
1.74246e-06
1.55406e-06
1.38402e-06
1.23076e-06
1.09284e-06
9.68907e-07
8.57709e-07
7.58088e-07
6.68975e-07
5.89382e-07
5.18401e-07
4.55196e-07
3.99001e-07
3.49114e-07
3.04891e-07
2.65747e-07
2.31148e-07
2.00607e-07
1.73684e-07
1.49977e-07
1.29127e-07
1.10806e-07
9.47177e-08
8.05984e-08
6.82089e-08
5.73345e-08
4.77841e-08
3.93861e-08
3.19872e-08
2.54507e-08
1.96545e-08
1.44901e-08
9.86065e-09
5.68244e-09
1.89112e-09
)
;
    }
    procBoundary2to3
    {
        type            processor;
        value           nonuniform List<scalar> 
400
(
-11984.3
-11492.1
-10998.3
-10502.8
-10005.9
-9508.74
-9012.63
-8519.46
-8031.45
-7551
-7080.66
-6622.97
-6180.31
-5754.83
-5348.37
-4962.32
-4597.66
-4254.89
-3934.06
-3634.8
-3356.44
-3098.06
-2858.52
-2636.45
-2430.33
-2238.61
-2059.66
-1891.8
-1733.22
-1583.19
-1440.17
-1302.75
-1169.84
-1040.55
-914.365
-791.06
-670.524
-552.346
-434.693
-315.261
-197.086
-98.2491
-31.4575
-0.45459
-0.0353294
-0.0109906
-0.413796
-0.788426
-1.1305
-1.43497
-1.70602
-1.95831
-2.19978
-2.43001
-2.65362
-2.90358
-3.12049
-3.32547
-3.52376
-3.71427
-3.89461
-4.063
-4.21876
-4.36119
-4.49022
-4.60559
-4.70724
-4.79569
-4.87119
-4.93528
-4.99027
-5.03735
-5.07704
-5.10997
-5.13668
-5.15762
-5.17296
-5.18302
-5.18805
-5.18815
-5.18348
-5.17432
-5.16063
-5.14238
-5.11966
-5.09273
-5.06084
-5.02501
-4.98522
-4.94143
-4.89412
-4.84358
-4.78998
-4.73369
-4.67522
-4.61534
-4.55485
-4.49384
-4.43356
-4.37436
-4.33102
-4.29842
-4.2663
-4.23484
-4.20426
-4.17478
-4.14665
-4.12013
-4.09552
-4.07313
-4.05329
-4.03637
-4.02274
-4.01281
-4.00701
-4.00601
-4.00972
-4.01881
-4.03381
-4.05498
-4.08244
-4.11608
-4.1555
-4.19979
-4.24736
-4.29664
-4.34794
-4.40156
-4.45786
-4.51726
-4.57948
-4.64403
-4.71073
-4.7799
-4.84932
-4.91907
-4.98884
-5.05987
-5.13194
-5.20431
-5.27656
-5.34827
-5.419
-5.48827
-5.55566
-5.62075
-5.68323
-5.74277
-5.79903
-5.85166
-5.90039
-5.94496
-5.98472
-6.01945
-6.04897
-6.07338
-6.09237
-6.10586
-6.1138
-6.11606
-6.11267
-6.10379
-6.0883
-6.06683
-6.03986
-6.00808
-5.97047
-5.9262
-5.87891
-5.82895
-5.77619
-5.72107
-5.66484
-5.60885
-5.55517
-5.5037
-5.45633
-5.41187
-5.37036
-5.33172
-5.29754
-5.26854
-5.24483
-5.22776
-5.21484
-5.20762
-5.20584
-5.20964
-5.22563
-5.25613
-5.30145
-5.35861
-5.4271
-5.50735
-5.59715
-5.69658
-5.80444
-5.9164
-6.0283
-6.13629
-6.23834
-6.33226
-6.41987
-6.50108
-6.57364
-6.6342
-6.68309
-6.73656
-6.82388
-6.95304
-7.12351
-7.33054
-7.56847
-7.83177
-8.11516
-8.41389
-8.72368
-9.04032
-9.35961
-9.67758
-9.99036
-10.2949
-10.5917
-10.8807
-11.1611
-11.4303
-11.6845
-11.9204
-12.1354
-12.3269
-12.493
-12.6321
-12.743
-12.8249
-12.8772
-12.8999
-12.893
-12.8566
-12.7911
-12.6974
-12.5764
-12.4289
-12.2561
-12.0588
-11.8387
-11.5969
-11.3353
-11.0546
-10.7562
-10.4421
-10.1137
-9.77246
-9.42013
-9.05831
-8.68894
-8.31378
-7.9347
-7.55355
-7.17218
-6.79236
-6.41584
-6.04425
-5.67916
-5.322
-4.97407
-4.63653
-4.31038
-3.99645
-3.69544
-3.4079
-3.13422
-2.87463
-2.62927
-2.3981
-2.18097
-1.97768
-1.78793
-1.61136
-1.44754
-1.29599
-1.15621
-1.02765
-0.909732
-0.801895
-0.703548
-0.614103
-0.532985
-0.459627
-0.393479
-0.334005
-0.280685
-0.233019
-0.19053
-0.152769
-0.119282
-0.0897098
-0.063727
-0.0410536
-0.0214258
-0.00461601
0.00958158
0.021246
0.0305708
0.0379892
0.0437411
0.0480288
0.0510673
0.0530342
0.0540618
0.0542722
0.0537508
0.0525588
0.0508807
0.0488713
0.046571
0.0440611
0.0414283
0.0389066
0.0367276
0.0350186
0.0338413
0.0332136
0.0331216
0.0335271
0.0343772
0.0356295
0.03724
0.0391143
0.0411594
0.0432765
0.0453777
0.0473857
0.0492346
0.0508697
0.0522482
0.0533387
0.0541215
0.0545869
0.0547349
0.0545739
0.0541192
0.0533922
0.0524187
0.0512279
0.0498511
0.0483205
0.0466682
0.0449247
0.0431185
0.0412749
0.039416
0.0375598
0.035721
0.0339107
0.0321373
0.0304066
0.0287223
0.0270867
0.0255012
0.0239663
0.0224825
0.0210495
0.0196672
0.0183403
0.0170657
0.0158416
0.0146673
0.0135433
0.0124707
0.0114509
0.0104851
0.00957461
0.00871986
0.00792091
0.00717728
0.00648806
0.00585203
0.00526767
0.00473315
0.00424633
0.00380482
0.00340601
0.00304705
0.00272489
0.00243628
0.00217782
0.00194595
0.00173698
0.00154704
0.00137253
0.00121051
0.00105876
0.000915711
0.000780287
0.000651625
0.000528769
0.000410415
0.000294738
0.000179362
6.14986e-05
)
;
    }
}


// ************************************************************************* //
