/*--------------------------------*- C++ -*----------------------------------*\
| =========                 |                                                 |
| \\      /  F ield         | OpenFOAM: The Open Source CFD Toolbox           |
|  \\    /   O peration     | Version:  2.4.0                                 |
|   \\  /    A nd           | Web:      www.OpenFOAM.org                      |
|    \\/     M anipulation  |                                                 |
\*---------------------------------------------------------------------------*/
FoamFile
{
    version     2.0;
    format      ascii;
    class       volScalarField;
    location    "2.9";
    object      H;
}
// * * * * * * * * * * * * * * * * * * * * * * * * * * * * * * * * * * * * * //

dimensions      [0 2 -2 0 0 0 0];

internalField   nonuniform List<scalar> 
8000
(
-11851
-11098.8
-10363.2
-9653.32
-8976.4
-8338.13
-7742.45
-7191.7
-6686.77
-6227.19
-5811.44
-5437.1
-5101.02
-4799.55
-4528.7
-4284.27
-4062.02
-3857.73
-3667.33
-3486.94
-3312.99
-3142.19
-2971.68
-2798.98
-2622.11
-2439.54
-2250.3
-2053.95
-1850.59
-1640.89
-1426.05
-1207.82
-988.417
-770.865
-556.92
-355.602
-150.73
-1.54121
-0.425142
-0.498354
-0.528727
-0.467815
-0.38926
-0.31865
-0.258415
-0.206169
-0.161
-0.122775
-0.0940373
-0.0722083
-11882.7
-11193.6
-10519.5
-9868.56
-9247.15
-8660.01
-8110.32
-7599.8
-7128.86
-6696.78
-6301.89
-5941.72
-5613.21
-5312.83
-5036.78
-4781.04
-4541.56
-4314.33
-4095.45
-3881.27
-3668.41
-3453.87
-3235.09
-3010
-2777.08
-2535.41
-2284.71
-2025.35
-1758.35
-1485.4
-1208.79
-931.683
-656.62
-394.037
-115.618
-1.18575
-0.0242223
-0.00736193
-0.0102946
-0.0180263
-0.0224784
-0.0224104
-0.0196293
-0.0161854
-0.0119713
-0.00771298
-0.00350024
0.00067306
0.00470979
0.0085072
-11912.6
-11282.7
-10666.1
-10069.9
-9499.5
-8958.7
-8450
-7974.51
-7532.2
-7122.03
-6742.13
-6389.92
-6062.3
-5755.75
-5466.51
-5190.64
-4924.2
-4663.29
-4404.23
-4143.61
-3878.41
-3606.08
-3324.62
-3032.7
-2729.65
-2415.59
-2091.36
-1758.64
-1419.84
-1078.25
-737.216
-401.757
-54.4737
-0.594228
-0.0178865
-0.0238826
-0.0162209
-0.00972199
-0.0047204
-0.000661907
0.00262953
0.00573409
0.00871825
0.0116004
0.0143814
0.0170393
0.0195299
0.0218191
0.0238796
0.0256757
-11939.1
-11361.6
-10795.5
-10246.7
-9719.74
-9217.59
-8742.02
-8293.57
-7871.75
-7475.15
-7101.62
-6748.36
-6412.1
-6089.23
-5775.91
-5468.24
-5162.35
-4854.56
-4541.5
-4220.22
-3888.35
-3544.15
-3186.65
-2815.68
-2431.94
-2036.99
-1633.18
-1223.75
-813.048
-395.842
-3.92914
-0.0720531
-0.00706563
-0.0235067
-0.0195563
-0.0139917
-0.00830948
-0.00310447
0.00166278
0.00618062
0.0103568
0.0141634
0.0175949
0.0206419
0.0233078
0.0256023
0.0275319
0.0291025
0.0303204
0.0311928
-11961.4
-11427.6
-10903.1
-10392.8
-9900.2
-9427.4
-8975.46
-8544.33
-8132.97
-7739.54
-7361.49
-6995.7
-6638.67
-6286.62
-5935.66
-5581.98
-5221.96
-4852.34
-4470.37
-4073.98
-3661.91
-3233.82
-2790.3
-2332.89
-1863.8
-1385.97
-903.241
-412.845
-3.90637
-0.0773247
-0.00199968
-0.00903007
-0.00944771
-0.0083884
-0.00545809
-0.00196873
0.0021222
0.00631507
0.010296
0.0139267
0.0171373
0.0199161
0.022279
0.0242529
0.0258682
0.0271543
0.0281368
0.028836
0.0292675
0.029443
-11978.9
-11479.4
-10987
-10505.4
-10037.1
-9583.21
-9144.15
-8719.12
-8306.48
-7903.84
-7508.2
-7116.11
-6723.81
-6327.48
-5923.35
-5507.98
-5078.35
-4632.08
-4167.53
-3684.04
-3182.24
-2663.96
-2131.97
-1589
-1035.92
-477.406
-4.53477
-0.091825
-0.0614151
-0.0363191
-0.0230995
-0.0170501
-0.013329
-0.0104243
-0.00752912
-0.00451071
-0.00147414
0.00139938
0.00405562
0.00648204
0.00866722
0.0106184
0.0123545
0.0138984
0.0152701
0.0164837
0.0175455
0.0184541
0.0192019
0.0197767
-11991.6
-11516.7
-11046.6
-10583.5
-10128.9
-9682.9
-9245.01
-8813.69
-8386.61
-7960.83
-7532.91
-7099.16
-6655.79
-6199.19
-5726.14
-5233.99
-4721.11
-4186.9
-3631.6
-3056.75
-2465.29
-1861.65
-1249.01
-623.94
-5.82364
-0.117032
-0.166666
-0.121225
-0.092908
-0.0730345
-0.0594497
-0.0500859
-0.0436587
-0.0388975
-0.0354604
-0.032788
-0.0304344
-0.0281256
-0.0257875
-0.0233996
-0.0209513
-0.0184379
-0.0158624
-0.0132366
-0.0105826
-0.00793168
-0.00532257
-0.00279988
-0.000411147
0.00179609
-11999.6
-11539.5
-11081.6
-10626.6
-10174.6
-9724.75
-9275.58
-8824.73
-8369.25
-7905.75
-7430.58
-6940.12
-6431.05
-5900.55
-5346.62
-4768.23
-4165.54
-3539.95
-2894.04
-2231.93
-1560.14
-886.829
-198.11
-2.39326
-0.498809
-0.193905
-0.13992
-0.138132
-0.143256
-0.146497
-0.146869
-0.144671
-0.140715
-0.135442
-0.129205
-0.122319
-0.115011
-0.107439
-0.099718
-0.0919321
-0.0841479
-0.0764222
-0.0688078
-0.0613578
-0.0541256
-0.0471671
-0.0405392
-0.0342973
-0.0284931
-0.0231732
-12003.1
-11549
-11094.2
-10637.9
-10178.6
-9714.66
-9243.36
-8761.7
-8266.25
-7753.43
-7219.76
-6662.14
-6078.16
-5466.35
-4826.42
-4159.48
-3468.02
-2755.9
-2028
-1291.91
-567.423
-5.72877
-0.192629
-0.275314
-0.330362
-0.378815
-0.410325
-0.425415
-0.428449
-0.422055
-0.408404
-0.389432
-0.366823
-0.34201
-0.316167
-0.290205
-0.264786
-0.240352
-0.217164
-0.195349
-0.174946
-0.155937
-0.138281
-0.121931
-0.106836
-0.0929621
-0.0802802
-0.0687659
-0.0583949
-0.0491398
-12002.2
-11545.4
-11085
-10618.3
-10142.8
-9655.31
-9152.38
-8630.42
-8085.79
-7515.06
-6915.31
-6284.43
-5621.41
-4926.61
-4202
-3451.26
-2679.87
-1895.25
-1106.76
-314.725
-4.57877
-4.07985
-2.99136
-2.51223
-2.10232
-1.74787
-1.45262
-1.21486
-1.02768
-0.882025
-0.768585
-0.678983
-0.606369
-0.545559
-0.492883
-0.445901
-0.403083
-0.363529
-0.326739
-0.29245
-0.260539
-0.230943
-0.203622
-0.178537
-0.155646
-0.134891
-0.116205
-0.0995041
-0.0846927
-0.0716651
-11996.3
-11526.6
-11050
-10562.6
-10060
-9538.34
-8993.41
-8421.37
-7818.78
-7182.86
-6511.8
-5805.12
-5063.94
-4291.11
-3490.69
-2665.76
-1813.44
-922.021
-8.66679
-0.296955
-0.654047
-1.09028
-1.45034
-1.69168
-1.81712
-1.84389
-1.79573
-1.69682
-1.56805
-1.42556
-1.2807
-1.14078
-1.01005
-0.890587
-0.783017
-0.687091
-0.602055
-0.526919
-0.460614
-0.402106
-0.350466
-0.304849
-0.264534
-0.228908
-0.197453
-0.169728
-0.145354
-0.124002
-0.105378
-0.0892177
-11984.9
-11491.2
-10987.8
-10468.9
-9929.21
-9363.95
-8768.76
-8139.97
-7474.82
-6771.76
-6030.75
-5253.54
-4443.55
-3604.58
-2737.45
-1837.62
-910.898
-8.83811
-4.92738
-2.76205
-2.10143
-1.90778
-1.92719
-2.01234
-2.08278
-2.10511
-2.07307
-1.99357
-1.87842
-1.74007
-1.5895
-1.43547
-1.28443
-1.14072
-1.007
-0.884594
-0.773944
-0.674838
-0.586688
-0.50869
-0.439948
-0.379552
-0.326627
-0.280359
-0.240006
-0.2049
-0.174442
-0.1481
-0.125398
-0.105912
-11968.3
-11440.6
-10900.9
-10342.2
-9758.42
-9144.44
-8495.98
-7809.95
-7084.67
-6320.13
-5518.33
-4683.35
-3820.29
-2931.22
-2007.26
-1028.86
-9.75523
-7.45901
-4.8012
-3.98027
-3.52661
-3.29624
-3.18338
-3.10725
-3.01902
-2.89735
-2.73952
-2.55273
-2.3478
-2.13538
-1.92423
-1.72072
-1.52906
-1.35162
-1.1895
-1.0428
-0.911135
-0.793654
-0.689347
-0.597113
-0.51584
-0.444449
-0.381921
-0.327311
-0.279753
-0.23846
-0.20272
-0.17189
-0.145392
-0.122707
-11947.1
-11376.6
-10792.7
-10187.8
-9555.3
-8890.14
-8188.4
-7447.75
-6667.58
-5849.37
-4997.22
-4118.31
-3222.53
-2319.49
-1410
-467.951
-11.6917
-8.4672
-7.65675
-6.98699
-6.35808
-5.77362
-5.23292
-4.73341
-4.27222
-3.84677
-3.45495
-3.09495
-2.76517
-2.46404
-2.19
-1.94141
-1.71664
-1.51402
-1.3319
-1.16866
-1.02276
-0.892711
-0.7771
-0.674604
-0.583989
-0.504104
-0.433886
-0.372355
-0.31861
-0.271825
-0.231243
-0.196174
-0.165989
-0.140115
-11922
-11300.9
-10665.8
-10008.9
-9323.58
-8605.05
-7849.95
-7056.59
-6225.06
-5357.53
-4459.15
-3539.43
-2613.84
-1704.09
-835.511
-12.4144
-9.17398
-8.05773
-7.34332
-6.6943
-6.10119
-5.55689
-5.05608
-4.59446
-4.16853
-3.77539
-3.4126
-3.07809
-2.77003
-2.48679
-2.22687
-1.98886
-1.77145
-1.57336
-1.39336
-1.23028
-1.08296
-0.950315
-0.831257
-0.724759
-0.629829
-0.545515
-0.470908
-0.405143
-0.347402
-0.29691
-0.252944
-0.214823
-0.181917
-0.153641
-11892.9
-11213.8
-10520.7
-9805.8
-9063.21
-8288.55
-7479.23
-6634.18
-5753.51
-4838.41
-3891.73
-2920.47
-1940.53
-982.028
-10.6838
-8.64206
-7.28356
-6.80939
-6.35743
-5.92665
-5.51595
-5.12392
-4.7489
-4.38964
-4.04543
-3.71604
-3.40166
-3.10271
-2.81969
-2.55305
-2.30315
-2.07013
-1.85395
-1.65438
-1.47102
-1.30332
-1.15062
-1.01219
-0.887219
-0.774888
-0.674339
-0.584719
-0.505182
-0.434896
-0.373059
-0.318895
-0.271664
-0.230667
-0.195245
-0.164783
-11859.7
-11114.3
-10355.3
-9575.59
-8769.68
-7934.24
-7067.95
-6171.12
-5244.48
-4286.9
-3292.46
-2250.21
-1154.35
-10.9503
-9.93858
-7.55664
-7.02242
-6.51853
-6.07269
-5.69119
-5.36584
-5.08061
-4.8177
-4.56185
-4.30262
-4.03486
-3.75798
-3.47456
-3.189
-2.90626
-2.63109
-2.36746
-2.11837
-1.88583
-1.67098
-1.47422
-1.29539
-1.13392
-0.988958
-0.859491
-0.744403
-0.642545
-0.552769
-0.473961
-0.405052
-0.345035
-0.292967
-0.247974
-0.20925
-0.176057
-11819.2
-10992.6
-10152.6
-9292.26
-8407.18
-7495.22
-6556.7
-5593.97
-4610.67
-3611.42
-2605.95
-1625.64
-764.814
-34.8525
-23.3893
-19.9341
-17.0571
-14.6738
-12.7059
-11.0774
-9.72038
-8.5776
-7.60288
-6.76094
-6.02459
-5.3737
-4.79338
-4.27273
-3.8037
-3.38027
-2.99779
-2.6525
-2.34122
-2.06116
-1.80979
-1.58475
-1.38384
-1.20498
-1.0462
-0.905674
-0.78167
-0.672581
-0.576912
-0.49328
-0.42041
-0.357131
-0.30237
-0.25515
-0.214581
-0.179858
-11767.9
-10838.4
-9894.78
-8930.62
-7942.14
-6928.03
-5888.76
-4824.41
-3729.57
-2583.44
-1340.19
-12.4947
-1.3361
-2.77877
-4.37511
-5.61507
-6.48625
-6.99957
-7.20465
-7.16708
-6.95263
-6.61855
-6.21068
-5.76286
-5.30012
-4.83926
-4.39168
-3.96464
-3.56254
-3.18778
-2.84135
-2.52326
-2.23289
-1.96918
-1.7308
-1.51622
-1.32385
-1.15206
-0.999208
-0.863709
-0.744024
-0.638689
-0.546314
-0.465598
-0.395326
-0.334372
-0.2817
-0.236357
-0.197478
-0.164274
-11699
-10630.3
-9543.18
-8428.67
-7279.88
-6092.41
-4866.44
-3611.11
-2350
-1121.64
-14.3971
-2.44888
-2.9249
-3.41764
-3.86789
-4.23213
-4.50433
-4.684
-4.77533
-4.7859
-4.72572
-4.60558
-4.43669
-4.22964
-3.99445
-3.73998
-3.47407
-3.20339
-2.93355
-2.66913
-2.41375
-2.17016
-1.94036
-1.72568
-1.52689
-1.3443
-1.17783
-1.02709
-0.891489
-0.770229
-0.662416
-0.567078
-0.48321
-0.409802
-0.34586
-0.290429
-0.242599
-0.201518
-0.166397
-0.13651
-0.0546763
-0.0401581
-0.0279694
-0.0177237
-0.00912297
-0.00196745
0.00391748
0.00869499
0.0125109
0.0154898
0.0177361
0.0193369
0.0203665
0.0208891
0.0209626
0.0206397
0.0199698
0.0189999
0.0177751
0.0163388
0.0147329
0.0129976
0.0111708
0.00928815
0.00738248
0.0054835
0.00361757
0.00180748
7.23792e-05
-0.00157222
-0.00311435
-0.00454541
-0.00586
-0.00705597
-0.00813395
-0.00909698
-0.00995006
-0.0106998
-0.0113542
-0.0119219
-0.0124117
-0.0128321
-0.0131931
-0.0135043
-0.0137752
-0.0140141
-0.0142293
-0.0144281
-0.014617
-0.0148021
0.0120049
0.0151296
0.0178616
0.0201929
0.0221247
0.023663
0.0248159
0.0255934
0.0260076
0.0260732
0.0258076
0.0252311
0.0243674
0.0232429
0.0218865
0.0203294
0.0186043
0.016745
0.0147851
0.0127584
0.0106972
0.0086325
0.00659259
0.00460274
0.00268482
0.000857195
-0.000865413
-0.0024719
-0.00395468
-0.00530948
-0.00653517
-0.00763123
-0.00859876
-0.00944448
-0.0101765
-0.0108039
-0.0113366
-0.0117849
-0.0121592
-0.01247
-0.0127271
-0.0129404
-0.0131189
-0.013271
-0.0134045
-0.0135262
-0.0136426
-0.013759
-0.0138801
-0.0140103
0.0271823
0.0283868
0.0292815
0.0298628
0.0301309
0.0300897
0.0297472
0.0291152
0.0282096
0.0270502
0.0256602
0.0240658
0.0222958
0.0203805
0.0183515
0.0162406
0.0140789
0.0118967
0.00972214
0.00758115
0.00549872
0.00350274
0.00161022
-0.000165276
-0.00181356
-0.00332778
-0.0047042
-0.00594203
-0.00704306
-0.00801141
-0.00885312
-0.0095758
-0.0101883
-0.0107004
-0.0111225
-0.0114651
-0.0117389
-0.0119544
-0.0121215
-0.0122498
-0.0123481
-0.0124245
-0.0124864
-0.0125403
-0.0125919
-0.0126464
-0.0127079
-0.0127801
-0.0128659
-0.0129679
0.0317282
0.0319367
0.0318305
0.0314241
0.0307339
0.0297787
0.0285794
0.0271591
0.0255431
0.0237582
0.0218327
0.019796
0.0176777
0.0155074
0.0133142
0.0111258
0.00896821
0.00686531
0.00483838
0.00290585
0.00108308
-0.000617724
-0.00218761
-0.00362076
-0.00491438
-0.00606845
-0.00708546
-0.00797011
-0.00872894
-0.00937004
-0.00990261
-0.0103367
-0.0106829
-0.0109519
-0.0111545
-0.0113011
-0.0114016
-0.0114656
-0.0115018
-0.011518
-0.0115214
-0.0115184
-0.0115143
-0.011514
-0.0115214
-0.0115398
-0.0115719
-0.0116198
-0.0116851
-0.0117692
0.029371
0.0290588
0.0285132
0.0277422
0.0267556
0.0255657
0.0241877
0.0226399
0.0209434
0.0191218
0.0172008
0.0152074
0.0131691
0.0111136
0.00906766
0.00705657
0.00510365
0.00322963
0.00145237
-0.000213438
-0.00175639
-0.00316841
-0.00444463
-0.00558325
-0.00658527
-0.00745418
-0.00819562
-0.008817
-0.00932714
-0.00973585
-0.0100536
-0.0102913
-0.0104598
-0.0105698
-0.0106314
-0.0106545
-0.0106479
-0.0106199
-0.0105777
-0.0105278
-0.0104759
-0.0104267
-0.0103842
-0.0103517
-0.0103319
-0.0103267
-0.0103377
-0.0103661
-0.0104127
-0.0104778
0.0201639
0.0203493
0.0203208
0.0200701
0.019594
0.0188954
0.0179837
0.0168736
0.0155856
0.0141443
0.0125779
0.0109165
0.00919168
0.00743463
0.00567567
0.00394311
0.00226261
0.000656534
-0.000856345
-0.00226111
-0.00354674
-0.00470601
-0.00573529
-0.00663421
-0.00740534
-0.00805369
-0.00858632
-0.00901187
-0.0093401
-0.00958152
-0.00974697
-0.00984735
-0.00989327
-0.0098949
-0.00986174
-0.00980253
-0.00972514
-0.00963657
-0.00954287
-0.00944924
-0.00936001
-0.00927876
-0.00920831
-0.00915087
-0.00910809
-0.00908114
-0.00907078
-0.00907745
-0.00910134
-0.00914243
0.00377702
0.00549211
0.00690916
0.00800582
0.00876596
0.00919111
0.00929358
0.00909429
0.00862135
0.00790855
0.00699365
0.00591677
0.00471872
0.00343955
0.0021173
0.000786913
-0.000520494
-0.00177822
-0.00296425
-0.00406138
-0.00505707
-0.00594325
-0.00671587
-0.0073745
-0.00792177
-0.00836285
-0.00870488
-0.00895648
-0.00912724
-0.00922728
-0.00926689
-0.00925617
-0.00920485
-0.009122
-0.00901596
-0.00889421
-0.00876336
-0.00862908
-0.00849619
-0.00836867
-0.00824971
-0.00814183
-0.0080469
-0.00796627
-0.00790083
-0.00785111
-0.0078173
-0.00779939
-0.00779717
-0.00781031
-0.0183742
-0.0141235
-0.0104596
-0.00737846
-0.00486477
-0.00289252
-0.00142627
-0.000422702
0.000167443
0.000397437
0.000322587
-1.61385e-06
-0.000521147
-0.00118488
-0.00194572
-0.00276145
-0.00359528
-0.00441617
-0.00519889
-0.00592381
-0.00657663
-0.00714792
-0.00763256
-0.00802915
-0.00833937
-0.00856739
-0.00871927
-0.00880241
-0.00882503
-0.0087958
-0.00872345
-0.00861646
-0.00848288
-0.00833012
-0.00816489
-0.00799307
-0.00781977
-0.00764926
-0.00748507
-0.00732999
-0.0071862
-0.00705526
-0.00693827
-0.0068359
-0.00674846
-0.006676
-0.00661834
-0.00657515
-0.00654597
-0.00653029
-0.0409673
-0.0338364
-0.0276975
-0.0224923
-0.018155
-0.0146134
-0.0117907
-0.00960739
-0.00798322
-0.0068389
-0.00609775
-0.00568712
-0.00553954
-0.00559358
-0.00579444
-0.00609429
-0.00645231
-0.00683465
-0.007214
-0.00756926
-0.00788489
-0.00815033
-0.00835929
-0.00850913
-0.00860011
-0.00863485
-0.00861765
-0.00855406
-0.00845036
-0.00831321
-0.00814929
-0.00796511
-0.00776677
-0.00755984
-0.0073493
-0.00713944
-0.00693392
-0.00673571
-0.00654721
-0.00637022
-0.00620605
-0.00605557
-0.00591926
-0.00579732
-0.00568966
-0.00559602
-0.00551599
-0.00544904
-0.00539459
-0.00535202
-0.0603068
-0.0504967
-0.0421091
-0.0350162
-0.0290898
-0.0242033
-0.0202335
-0.0170622
-0.0145771
-0.0126736
-0.011255
-0.0102333
-0.00952964
-0.00907425
-0.0088065
-0.0086745
-0.00863473
-0.00865147
-0.00869614
-0.00874659
-0.00878631
-0.00880375
-0.00879148
-0.00874552
-0.00866465
-0.0085498
-0.0084035
-0.0082294
-0.00803185
-0.00781557
-0.00758535
-0.00734587
-0.00710152
-0.00685629
-0.0066137
-0.00637675
-0.00614796
-0.00592931
-0.00572233
-0.00552813
-0.00534741
-0.00518057
-0.00502772
-0.00488873
-0.0047633
-0.00465099
-0.00455126
-0.0044635
-0.00438707
-0.0043213
-0.0752785
-0.0633353
-0.0531777
-0.0446083
-0.037442
-0.0315056
-0.0266381
-0.0226908
-0.0195274
-0.0170239
-0.0150692
-0.013564
-0.0124214
-0.0115656
-0.0109316
-0.0104646
-0.0101189
-0.00985718
-0.00964962
-0.0094729
-0.00930944
-0.00914646
-0.00897525
-0.00879043
-0.00858924
-0.00837102
-0.00813663
-0.00788804
-0.00762792
-0.00735939
-0.0070857
-0.00681011
-0.00653567
-0.0062652
-0.00600116
-0.00574564
-0.00550038
-0.00526669
-0.00504558
-0.0048377
-0.00464341
-0.00446283
-0.00429587
-0.00414225
-0.00400158
-0.00387334
-0.00375694
-0.00365177
-0.00355716
-0.00347246
-0.0892615
-0.0751048
-0.0631348
-0.0530743
-0.0446732
-0.0377063
-0.0319708
-0.0272852
-0.0234873
-0.0204335
-0.017997
-0.0160671
-0.0145478
-0.0133566
-0.0124235
-0.0116896
-0.0111062
-0.0106333
-0.0102389
-0.0098978
-0.00959058
-0.00930272
-0.00902383
-0.00874685
-0.00846739
-0.00818318
-0.00789354
-0.00759894
-0.00730069
-0.00700059
-0.00670072
-0.00640326
-0.00611035
-0.00582398
-0.00554592
-0.00527768
-0.00502051
-0.00477537
-0.00454295
-0.00432368
-0.00411777
-0.00392524
-0.00374591
-0.00357948
-0.00342555
-0.0032836
-0.00315307
-0.00303336
-0.00292383
-0.00282385
-0.103369
-0.0869593
-0.0731016
-0.0614595
-0.0517322
-0.0436508
-0.0369764
-0.031497
-0.0270259
-0.0233987
-0.0204723
-0.0181226
-0.0162427
-0.0147414
-0.0135415
-0.0125782
-0.0117979
-0.0111567
-0.0106191
-0.0101566
-0.00974725
-0.00937405
-0.0090244
-0.00868923
-0.00836232
-0.00803971
-0.0077192
-0.00739989
-0.00708185
-0.00676582
-0.00645293
-0.00614457
-0.0058422
-0.00554724
-0.00526103
-0.00498475
-0.00471937
-0.00446568
-0.00422424
-0.00399543
-0.00377944
-0.0035763
-0.00338586
-0.00320789
-0.00304202
-0.00288782
-0.0027448
-0.00261241
-0.00249009
-0.00237725
-0.118034
-0.0992746
-0.0834141
-0.0700704
-0.0589013
-0.0496015
-0.0418993
-0.0355544
-0.0303551
-0.0261164
-0.0226769
-0.0198974
-0.0176582
-0.0158572
-0.0144083
-0.0132391
-0.0122895
-0.0115099
-0.0108601
-0.0103078
-0.00982733
-0.00939872
-0.00900668
-0.00863979
-0.0082898
-0.00795096
-0.00761952
-0.00729324
-0.00697107
-0.00665276
-0.00633867
-0.00602953
-0.00572628
-0.00542998
-0.00514167
-0.00486232
-0.00459282
-0.00433389
-0.00408611
-0.00384991
-0.00362555
-0.00341316
-0.00321272
-0.00302412
-0.00284712
-0.00268141
-0.00252663
-0.00238232
-0.00224803
-0.00212325
-0.129457
-0.108871
-0.0914333
-0.0767354
-0.0644096
-0.054126
-0.0455904
-0.0385422
-0.0327517
-0.0280179
-0.0241656
-0.0210436
-0.018522
-0.0164899
-0.0148536
-0.0135341
-0.0124657
-0.0115941
-0.0108748
-0.0102719
-0.0097565
-0.00930582
-0.00890212
-0.00853183
-0.00818479
-0.0078536
-0.00753307
-0.00721975
-0.00691155
-0.00660737
-0.00630688
-0.00601025
-0.00571803
-0.00543096
-0.0051499
-0.00487572
-0.00460929
-0.00435135
-0.00410259
-0.00386355
-0.00363465
-0.00341619
-0.00320835
-0.0030112
-0.0028247
-0.00264873
-0.00248309
-0.0023275
-0.00218165
-0.00204519
-0.13871
-0.1165
-0.097674
-0.0817939
-0.0684655
-0.0573349
-0.0480869
-0.040442
-0.0341544
-0.0290089
-0.0248185
-0.0214216
-0.0186792
-0.016473
-0.0147025
-0.0132831
-0.012144
-0.0112265
-0.0104821
-0.00987128
-0.009362
-0.00892864
-0.00855092
-0.00821305
-0.00790291
-0.00761141
-0.00733191
-0.00705973
-0.00679175
-0.00652603
-0.0062616
-0.00599813
-0.00573583
-0.00547523
-0.00521707
-0.00496223
-0.00471164
-0.00446616
-0.00422664
-0.0039938
-0.0037683
-0.00355067
-0.00334133
-0.00314063
-0.00294877
-0.00276589
-0.00259203
-0.00242715
-0.00227117
-0.00212392
-0.147723
-0.12364
-0.103258
-0.0860859
-0.071684
-0.0596621
-0.0496755
-0.0414206
-0.034632
-0.0290782
-0.0245589
-0.0209009
-0.0179561
-0.0155975
-0.0137179
-0.0122262
-0.0110464
-0.0101148
-0.00937878
-0.00879497
-0.00832796
-0.00794909
-0.0076354
-0.00736866
-0.00713461
-0.00692226
-0.0067233
-0.00653159
-0.00634276
-0.00615382
-0.00596289
-0.00576893
-0.00557155
-0.00537085
-0.00516726
-0.00496145
-0.00475425
-0.00454657
-0.0043394
-0.0041337
-0.0039304
-0.00373038
-0.00353442
-0.00334323
-0.00315743
-0.00297753
-0.00280397
-0.00263707
-0.00247706
-0.00232406
-0.150256
-0.125122
-0.10387
-0.0859804
-0.0709891
-0.0584867
-0.048112
-0.0395485
-0.0325193
-0.0267837
-0.0221333
-0.0183882
-0.0153942
-0.0130195
-0.0111519
-0.00969673
-0.00857408
-0.00771718
-0.00707042
-0.00658782
-0.00623158
-0.00597088
-0.00578079
-0.00564132
-0.0055366
-0.00545421
-0.00538457
-0.00532043
-0.00525642
-0.00518871
-0.0051147
-0.00503275
-0.004942
-0.00484213
-0.00473331
-0.004616
-0.00449091
-0.00435889
-0.00422089
-0.00407792
-0.00393099
-0.00378109
-0.00362919
-0.00347619
-0.00332295
-0.00317025
-0.00301879
-0.00286924
-0.00272218
-0.00257817
-0.136035
-0.112122
-0.0919631
-0.0750482
-0.0609258
-0.0491967
-0.0395102
-0.0315592
-0.0250761
-0.0198287
-0.0156162
-0.0122662
-0.00963064
-0.00758349
-0.00601769
-0.00484277
-0.00398263
-0.00337359
-0.00296264
-0.00270585
-0.0025671
-0.00251682
-0.00253101
-0.00259032
-0.0026793
-0.00278576
-0.00290019
-0.00301527
-0.00312551
-0.00322689
-0.00331658
-0.00339268
-0.00345408
-0.00350025
-0.00353111
-0.00354695
-0.00354831
-0.00353594
-0.00351072
-0.0034736
-0.00342561
-0.00336778
-0.00330116
-0.00322677
-0.0031456
-0.00305863
-0.00296676
-0.00287087
-0.00277175
-0.00267018
-0.111198
-0.0898636
-0.0719727
-0.0570489
-0.0446701
-0.0344649
-0.0261074
-0.0193139
-0.013838
-0.00946702
-0.00601808
-0.00333456
-0.00128298
0.000249983
0.00136012
0.00212806
0.0026214
0.00289654
0.00300034
0.00297155
0.00284204
0.00263791
0.00238037
0.00208659
0.00177033
0.00144255
0.00111187
0.000784999
0.000467091
0.000162006
-0.000127431
-0.000399239
-0.000652108
-0.00088527
-0.00109839
-0.00129145
-0.00146472
-0.00161866
-0.00175389
-0.00187112
-0.00197117
-0.00205491
-0.00212323
-0.00217706
-0.00221733
-0.00224497
-0.00226089
-0.00226599
-0.00226116
-0.00224725
-0.0149466
-0.0150492
-0.0151545
-0.0152632
-0.015376
-0.0154933
-0.0156159
-0.0157444
-0.0158791
-0.0160208
-0.0161698
-0.0163266
-0.0164917
-0.0166655
-0.0168485
-0.0170409
-0.0172433
-0.0174559
-0.0176791
-0.0179133
-0.0181588
-0.0184159
-0.018685
-0.0189663
-0.0192602
-0.019567
-0.0198871
-0.0202207
-0.0205682
-0.0209299
-0.0213062
-0.0216974
-0.0221039
-0.0225261
-0.0229644
-0.0234191
-0.0238906
-0.0243795
-0.0248862
-0.0254111
-0.0259547
-0.0265175
-0.0271001
-0.0277029
-0.0283266
-0.0289716
-0.0296387
-0.0303284
-0.0310413
-0.0317782
-0.0325396
-0.0333264
-0.0341392
-0.0349787
-0.0358457
-0.0367411
-0.0376655
-0.0386199
-0.039605
-0.0406218
-0.0416711
-0.0427538
-0.0438708
-0.0450231
-0.0462117
-0.0474374
-0.0487013
-0.0500044
-0.0513477
-0.0527322
-0.054159
-0.0556291
-0.0571436
-0.0587035
-0.0603099
-0.0619638
-0.0636663
-0.0654186
-0.0672216
-0.0690763
-0.0709839
-0.0729454
-0.0749617
-0.0770339
-0.0791628
-0.0813495
-0.0835948
-0.0858995
-0.0882646
-0.0906907
-0.0931786
-0.0957289
-0.0983422
-0.101019
-0.10376
-0.106565
-0.109436
-0.112371
-0.115371
-0.118436
-0.121567
-0.124762
-0.128023
-0.131347
-0.134736
-0.138188
-0.141703
-0.145279
-0.148917
-0.152615
-0.156372
-0.160186
-0.164057
-0.167983
-0.171963
-0.175993
-0.180074
-0.184203
-0.188378
-0.192598
-0.196859
-0.20116
-0.205497
-0.209868
-0.21427
-0.2187
-0.223151
-0.227619
-0.232105
-0.236602
-0.241107
-0.245613
-0.250115
-0.254608
-0.25909
-0.263556
-0.268009
-0.272446
-0.27684
-0.281193
-0.28549
-0.289755
-0.293969
-0.298124
-0.30222
-0.306254
-0.310211
-0.31403
-0.317784
-0.321444
-0.324965
-0.328352
-0.33161
-0.334733
-0.337724
-0.340498
-0.343033
-0.345358
-0.347505
-0.349417
-0.351098
-0.352539
-0.353702
-0.354584
-0.35511
-0.355299
-0.355121
-0.354526
-0.353605
-0.352335
-0.350697
-0.348618
-0.346121
-0.343203
-0.339843
-0.336102
-0.332032
-0.327547
-0.322681
-0.317432
-0.311963
-0.306252
-0.300322
-0.29421
-0.288052
-0.281893
-0.275901
-0.27021
-0.265089
-0.260796
-0.257674
-0.256059
-0.256174
-0.258295
-0.26269
-0.269653
-0.279433
-0.292196
-0.308082
-0.327112
-0.349257
-0.374449
-0.402586
-0.433569
-0.467305
-0.503693
-0.542639
-0.584073
-0.62802
-0.674689
-0.724267
-0.777043
-0.832726
-0.890072
-0.947797
-1.00459
-1.05937
-1.11124
-1.15979
-1.20472
-1.24594
-1.28345
-1.31736
-1.34778
-1.37501
-1.39938
-1.42109
-1.44075
-1.45824
-1.47375
-1.48752
-1.4998
-1.51065
-1.52015
-1.52838
-1.53539
-1.54123
-1.54593
-1.54958
-1.55221
-1.55343
-1.55367
-1.55265
-1.55073
-1.5481
-1.54449
-1.53972
-1.53369
-1.52636
-1.51769
-1.50768
-1.49642
-1.48416
-1.47083
-1.45677
-1.44219
-1.42718
-1.41186
-1.39639
-1.38091
-1.36557
-1.35055
-1.336
-1.3221
-1.30903
-1.29698
-1.28612
-1.27663
-1.26869
-1.26245
-1.25805
-1.2556
-1.2552
-1.25691
-1.26075
-1.26674
-1.27487
-1.28507
-1.29726
-1.31131
-1.32706
-1.3444
-1.36297
-1.38263
-1.40321
-1.42441
-1.44594
-1.46743
-1.48851
-1.5087
-1.52735
-1.54373
-1.55629
-1.56216
-1.55544
-1.52563
-1.45403
-1.30622
-1.01939
-0.48374
-0.0141218
-0.0142041
-0.0142916
-0.0143847
-0.014484
-0.0145898
-0.0147026
-0.0148226
-0.0149504
-0.0150861
-0.0152302
-0.0153829
-0.0155445
-0.0157154
-0.0158957
-0.0160857
-0.0162857
-0.016496
-0.0167167
-0.0169482
-0.0171906
-0.0174441
-0.0177092
-0.0179858
-0.0182745
-0.0185753
-0.0188885
-0.0192145
-0.0195535
-0.0199057
-0.0202716
-0.0206514
-0.0210454
-0.0214541
-0.0218777
-0.0223166
-0.0227713
-0.0232421
-0.0237294
-0.0242338
-0.0247556
-0.0252953
-0.0258534
-0.0264305
-0.027027
-0.0276435
-0.0282807
-0.0289389
-0.029619
-0.0303214
-0.0310469
-0.0317961
-0.0325696
-0.0333682
-0.0341927
-0.0350436
-0.0359219
-0.0368282
-0.0377634
-0.0387283
-0.0397237
-0.0407505
-0.0418095
-0.0429016
-0.0440277
-0.0451887
-0.0463856
-0.0476193
-0.0488908
-0.0502009
-0.0515508
-0.0529414
-0.0543736
-0.0558485
-0.0573672
-0.0589305
-0.0605396
-0.0621954
-0.063899
-0.0656513
-0.0674534
-0.0693062
-0.0712108
-0.0731681
-0.075179
-0.0772446
-0.0793656
-0.0815429
-0.0837775
-0.0860701
-0.0884216
-0.0908326
-0.0933039
-0.0958361
-0.0984298
-0.101086
-0.103804
-0.106586
-0.109431
-0.11234
-0.115313
-0.11835
-0.121452
-0.124619
-0.12785
-0.131145
-0.134505
-0.137929
-0.141417
-0.144968
-0.148581
-0.152257
-0.155994
-0.159792
-0.163648
-0.167563
-0.171536
-0.175564
-0.179646
-0.183781
-0.187967
-0.192201
-0.196481
-0.200804
-0.205166
-0.209566
-0.214
-0.218464
-0.222957
-0.227475
-0.23201
-0.236557
-0.241119
-0.24569
-0.250266
-0.25485
-0.259443
-0.264024
-0.268588
-0.273134
-0.277674
-0.28219
-0.286677
-0.291128
-0.295543
-0.299917
-0.304246
-0.308522
-0.312715
-0.316828
-0.320835
-0.324768
-0.328601
-0.332325
-0.335921
-0.339322
-0.342522
-0.34559
-0.348472
-0.35116
-0.353668
-0.355965
-0.357932
-0.359653
-0.360992
-0.362098
-0.362956
-0.363505
-0.363726
-0.363618
-0.363201
-0.362434
-0.361349
-0.359867
-0.35795
-0.35564
-0.352914
-0.349703
-0.346215
-0.342356
-0.338115
-0.333451
-0.328404
-0.323013
-0.317308
-0.31137
-0.305249
-0.299089
-0.292934
-0.287012
-0.281477
-0.276556
-0.27265
-0.270045
-0.269008
-0.26977
-0.2725
-0.277371
-0.284576
-0.294261
-0.306582
-0.32165
-0.339566
-0.360475
-0.384493
-0.411679
-0.442103
-0.475843
-0.512984
-0.553598
-0.59768
-0.645097
-0.695419
-0.747803
-0.801285
-0.854916
-0.90783
-0.959334
-1.0089
-1.05611
-1.10068
-1.14244
-1.18135
-1.21747
-1.25075
-1.28116
-1.30919
-1.3351
-1.35895
-1.38108
-1.4015
-1.42035
-1.43763
-1.45346
-1.46785
-1.48091
-1.49264
-1.50299
-1.51193
-1.51957
-1.52586
-1.53087
-1.5345
-1.53697
-1.53833
-1.53849
-1.53745
-1.53517
-1.53165
-1.5269
-1.521
-1.51405
-1.50595
-1.49691
-1.48713
-1.47682
-1.46598
-1.4547
-1.44307
-1.43121
-1.41922
-1.40721
-1.39532
-1.38367
-1.3724
-1.36164
-1.35156
-1.34227
-1.33393
-1.32666
-1.32057
-1.31577
-1.31234
-1.31032
-1.30978
-1.31072
-1.31315
-1.31704
-1.32235
-1.32898
-1.33684
-1.34586
-1.35585
-1.36665
-1.37817
-1.39021
-1.40256
-1.41497
-1.42716
-1.43877
-1.4493
-1.45795
-1.46328
-1.46265
-1.45102
-1.41914
-1.34998
-1.21198
-0.946858
-0.451007
-0.0130627
-0.0131347
-0.013213
-0.0132979
-0.0133897
-0.0134887
-0.013595
-0.0137089
-0.0138307
-0.0139605
-0.0140985
-0.014245
-0.0144
-0.0145638
-0.0147366
-0.0149184
-0.0151096
-0.0153102
-0.0155203
-0.0157403
-0.0159703
-0.0162104
-0.0164608
-0.0167218
-0.0169935
-0.0172761
-0.01757
-0.0178752
-0.0181922
-0.018521
-0.0188621
-0.0192157
-0.019582
-0.0199615
-0.0203544
-0.0207611
-0.0211819
-0.0216173
-0.0220675
-0.0225331
-0.0230144
-0.0235118
-0.0240259
-0.0245571
-0.0251059
-0.0256728
-0.0262583
-0.0268629
-0.0274873
-0.0281319
-0.0287974
-0.0294844
-0.0301935
-0.0309254
-0.0316807
-0.0324601
-0.0332643
-0.034094
-0.0349499
-0.0358328
-0.0367435
-0.0376828
-0.0386513
-0.0396501
-0.0406798
-0.0417413
-0.0428356
-0.0439634
-0.0451257
-0.0463233
-0.0475573
-0.0488284
-0.0501377
-0.051486
-0.0528744
-0.0543039
-0.0557752
-0.0572896
-0.0588478
-0.0604509
-0.0620999
-0.0637958
-0.0655395
-0.067332
-0.0691742
-0.0710672
-0.0730118
-0.075009
-0.0770597
-0.0791649
-0.0813254
-0.0835421
-0.0858158
-0.0881474
-0.0905377
-0.0929875
-0.0954976
-0.0980686
-0.100701
-0.103396
-0.106154
-0.108976
-0.111861
-0.114811
-0.117826
-0.120907
-0.124053
-0.127266
-0.130544
-0.133889
-0.1373
-0.140777
-0.14432
-0.147928
-0.151601
-0.155338
-0.159139
-0.163002
-0.166926
-0.170911
-0.174954
-0.179054
-0.183208
-0.187414
-0.191671
-0.195976
-0.200326
-0.204719
-0.209155
-0.213629
-0.218135
-0.222671
-0.227241
-0.231837
-0.236457
-0.241104
-0.245775
-0.250444
-0.255124
-0.259818
-0.264513
-0.269203
-0.273888
-0.278561
-0.283222
-0.287857
-0.292461
-0.297015
-0.301533
-0.306002
-0.310421
-0.314803
-0.319085
-0.323251
-0.327257
-0.331156
-0.334928
-0.338537
-0.341979
-0.345246
-0.348339
-0.351227
-0.353738
-0.356133
-0.358265
-0.360141
-0.361775
-0.363144
-0.364245
-0.365128
-0.365793
-0.366006
-0.365877
-0.365416
-0.364516
-0.363195
-0.361664
-0.359758
-0.357547
-0.354892
-0.351811
-0.348321
-0.344374
-0.340158
-0.335623
-0.33078
-0.32574
-0.320559
-0.315236
-0.30997
-0.304785
-0.29983
-0.295139
-0.291013
-0.287666
-0.285317
-0.284149
-0.284486
-0.286447
-0.290218
-0.296014
-0.304029
-0.314436
-0.327475
-0.343279
-0.36195
-0.383593
-0.40831
-0.436154
-0.467083
-0.500982
-0.537655
-0.576771
-0.617868
-0.6604
-0.703801
-0.747528
-0.791056
-0.833942
-0.875827
-0.916453
-0.95566
-0.993397
-1.02953
-1.06385
-1.09633
-1.12751
-1.15735
-1.18602
-1.21354
-1.24002
-1.26527
-1.28922
-1.31202
-1.33376
-1.3543
-1.37367
-1.39182
-1.40868
-1.42426
-1.43817
-1.4503
-1.4607
-1.46931
-1.47626
-1.48168
-1.48566
-1.48829
-1.4896
-1.48955
-1.48813
-1.48548
-1.48171
-1.47692
-1.47127
-1.46487
-1.45778
-1.45012
-1.44196
-1.4334
-1.42452
-1.41543
-1.40621
-1.39698
-1.38783
-1.37887
-1.37022
-1.36198
-1.35426
-1.34714
-1.3407
-1.33502
-1.33016
-1.32614
-1.323
-1.32075
-1.31937
-1.31884
-1.31912
-1.32016
-1.32189
-1.32425
-1.32715
-1.33051
-1.33423
-1.33816
-1.34216
-1.34605
-1.34959
-1.35245
-1.35413
-1.35373
-1.34951
-1.33913
-1.3182
-1.27853
-1.20521
-1.07099
-0.827275
-0.388394
-0.011852
-0.0119157
-0.0119859
-0.0120625
-0.0121459
-0.0122362
-0.0123335
-0.0124378
-0.0125495
-0.0126685
-0.0127949
-0.012929
-0.0130708
-0.0132203
-0.0133778
-0.0135433
-0.013717
-0.0138989
-0.0140891
-0.0142879
-0.0144954
-0.0147116
-0.0149368
-0.0151711
-0.0154147
-0.0156678
-0.0159305
-0.0162031
-0.0164858
-0.0167789
-0.0170824
-0.0173968
-0.0177223
-0.0180592
-0.0184077
-0.0187682
-0.0191409
-0.0195263
-0.0199247
-0.0203364
-0.0207617
-0.0212012
-0.0216552
-0.0221241
-0.0226084
-0.0231084
-0.0236248
-0.0241579
-0.0247083
-0.0252764
-0.0258628
-0.0264681
-0.0270927
-0.0277374
-0.0284026
-0.029089
-0.0297972
-0.0305278
-0.0312816
-0.0320591
-0.0328611
-0.0336884
-0.0345415
-0.0354213
-0.0363284
-0.0372638
-0.0382282
-0.0392223
-0.040247
-0.0413032
-0.0423916
-0.0435131
-0.0446687
-0.0458592
-0.0470855
-0.0483485
-0.0496491
-0.0509883
-0.052367
-0.0537862
-0.0552468
-0.0567498
-0.0582962
-0.059887
-0.0615231
-0.0632055
-0.0649353
-0.0667134
-0.0685409
-0.0704187
-0.072348
-0.0743294
-0.0763643
-0.0784535
-0.0805981
-0.082799
-0.0850572
-0.0873736
-0.0897493
-0.0921849
-0.0946816
-0.0972402
-0.0998615
-0.102546
-0.105295
-0.10811
-0.110989
-0.113935
-0.116948
-0.120028
-0.123176
-0.126391
-0.129675
-0.133026
-0.136445
-0.139932
-0.143487
-0.147108
-0.150795
-0.154548
-0.158366
-0.162246
-0.166189
-0.170194
-0.174258
-0.17838
-0.18256
-0.186796
-0.191085
-0.195429
-0.199824
-0.204263
-0.208749
-0.213282
-0.217858
-0.222473
-0.227119
-0.231802
-0.236516
-0.241257
-0.246022
-0.250804
-0.255597
-0.260392
-0.265182
-0.269963
-0.274734
-0.27948
-0.284196
-0.288881
-0.293549
-0.298166
-0.302693
-0.307097
-0.31143
-0.315653
-0.319732
-0.323656
-0.327436
-0.33108
-0.334527
-0.33773
-0.340657
-0.343464
-0.346078
-0.348505
-0.350765
-0.352846
-0.354726
-0.35642
-0.357962
-0.359247
-0.360141
-0.360754
-0.360884
-0.360728
-0.360232
-0.359336
-0.35806
-0.356446
-0.354494
-0.352164
-0.349497
-0.346618
-0.343465
-0.340009
-0.336373
-0.332596
-0.328681
-0.324557
-0.320351
-0.316317
-0.312402
-0.308682
-0.305252
-0.302238
-0.299841
-0.298278
-0.297751
-0.29844
-0.300502
-0.304096
-0.309389
-0.316486
-0.325474
-0.336451
-0.349521
-0.364842
-0.382409
-0.402185
-0.424087
-0.447988
-0.473749
-0.501195
-0.530121
-0.560253
-0.591296
-0.62295
-0.65499
-0.687204
-0.719428
-0.751591
-0.783689
-0.815633
-0.847255
-0.878648
-0.910082
-0.941537
-0.972647
-1.00323
-1.03341
-1.06325
-1.09279
-1.12144
-1.14892
-1.17539
-1.20093
-1.22532
-1.24839
-1.26995
-1.28978
-1.30786
-1.32419
-1.33878
-1.35176
-1.36311
-1.37282
-1.38089
-1.38742
-1.39246
-1.39614
-1.39839
-1.3993
-1.39895
-1.39746
-1.39492
-1.39144
-1.38713
-1.38209
-1.37641
-1.37016
-1.36344
-1.35629
-1.34882
-1.3411
-1.33324
-1.32533
-1.31747
-1.30972
-1.30217
-1.29487
-1.28786
-1.28117
-1.27482
-1.26881
-1.26313
-1.25775
-1.25265
-1.24779
-1.24312
-1.23863
-1.23429
-1.23003
-1.22584
-1.22166
-1.21739
-1.21296
-1.20823
-1.20299
-1.19686
-1.18929
-1.17923
-1.1649
-1.14437
-1.11412
-1.06765
-0.993166
-0.870472
-0.662624
-0.305521
-0.0105453
-0.010598
-0.0106567
-0.0107213
-0.0107919
-0.0108687
-0.0109517
-0.0110409
-0.0111365
-0.0112385
-0.0113468
-0.0114617
-0.0115832
-0.0117113
-0.0118461
-0.0119876
-0.012136
-0.0122913
-0.0124537
-0.0126232
-0.0127998
-0.0129839
-0.0131754
-0.0133745
-0.0135814
-0.0137961
-0.0140189
-0.01425
-0.0144894
-0.0147375
-0.0149944
-0.0152603
-0.0155355
-0.0158202
-0.0161147
-0.0164192
-0.0167339
-0.0170592
-0.0173955
-0.0177429
-0.0181018
-0.0184725
-0.0188554
-0.0192509
-0.0196594
-0.0200811
-0.0205166
-0.0209662
-0.0214304
-0.0219095
-0.0224042
-0.0229148
-0.0234418
-0.0239857
-0.0245471
-0.0251265
-0.0257244
-0.0263413
-0.026978
-0.0276349
-0.0283127
-0.029012
-0.0297334
-0.0304776
-0.0312453
-0.0320372
-0.0328539
-0.0336962
-0.0345649
-0.0354607
-0.0363843
-0.0373366
-0.0383184
-0.0393304
-0.0403736
-0.0414488
-0.0425568
-0.0436985
-0.0448749
-0.0460869
-0.0473353
-0.0486212
-0.0499455
-0.0513092
-0.0527133
-0.0541587
-0.0556466
-0.0571779
-0.0587537
-0.0603751
-0.0620431
-0.0637588
-0.0655233
-0.0673376
-0.0692029
-0.0711203
-0.0730908
-0.0751156
-0.0771958
-0.0793323
-0.0815264
-0.083779
-0.0860913
-0.0884641
-0.0908984
-0.0933953
-0.0959557
-0.0985803
-0.10127
-0.104025
-0.106848
-0.109737
-0.112694
-0.115719
-0.118812
-0.121974
-0.125206
-0.128506
-0.131875
-0.135314
-0.138821
-0.142397
-0.146042
-0.149754
-0.153535
-0.157382
-0.161297
-0.165278
-0.169325
-0.173439
-0.177616
-0.181854
-0.186152
-0.190511
-0.194926
-0.199395
-0.203917
-0.20849
-0.213114
-0.217788
-0.222502
-0.22725
-0.232022
-0.236822
-0.241633
-0.246445
-0.251251
-0.256044
-0.260817
-0.265568
-0.270306
-0.275016
-0.279611
-0.284141
-0.288598
-0.292941
-0.29716
-0.301263
-0.305266
-0.3091
-0.312742
-0.316167
-0.319465
-0.322582
-0.325537
-0.328388
-0.331129
-0.333718
-0.336215
-0.338596
-0.340906
-0.343023
-0.344926
-0.346546
-0.347858
-0.34886
-0.349417
-0.349474
-0.349154
-0.348744
-0.347997
-0.346784
-0.345281
-0.343497
-0.341438
-0.339
-0.336471
-0.333888
-0.331029
-0.327959
-0.325005
-0.322033
-0.319083
-0.316211
-0.313487
-0.310985
-0.30878
-0.30697
-0.305667
-0.304964
-0.304963
-0.305819
-0.307616
-0.310514
-0.314613
-0.319992
-0.32674
-0.334951
-0.344653
-0.355799
-0.368333
-0.382337
-0.397841
-0.414777
-0.433084
-0.45267
-0.473393
-0.495073
-0.517596
-0.540869
-0.564845
-0.589494
-0.614791
-0.640657
-0.667029
-0.694027
-0.721928
-0.750408
-0.779282
-0.808656
-0.838016
-0.867198
-0.895973
-0.92421
-0.951739
-0.978502
-1.00446
-1.02953
-1.05362
-1.07662
-1.09847
-1.11915
-1.13855
-1.1566
-1.17342
-1.18898
-1.20315
-1.21589
-1.22722
-1.23694
-1.24494
-1.25138
-1.25623
-1.25957
-1.26145
-1.26198
-1.26124
-1.25935
-1.25643
-1.25257
-1.24784
-1.24229
-1.23599
-1.22889
-1.22114
-1.21284
-1.20411
-1.19506
-1.18575
-1.17627
-1.16666
-1.15695
-1.14717
-1.1373
-1.12733
-1.11725
-1.10704
-1.09666
-1.08612
-1.07542
-1.06455
-1.05357
-1.04247
-1.03125
-1.01981
-1.00803
-0.99585
-0.983277
-0.970006
-0.955727
-0.939313
-0.920648
-0.899123
-0.873005
-0.839586
-0.794676
-0.730578
-0.632516
-0.47499
-0.21514
-0.00918947
-0.00922735
-0.00927039
-0.00931864
-0.00937212
-0.00943085
-0.00949486
-0.00956416
-0.00963877
-0.00971872
-0.00980401
-0.00989468
-0.00999075
-0.0100923
-0.0101992
-0.0103117
-0.0104298
-0.0105534
-0.0106828
-0.0108179
-0.0109588
-0.0111056
-0.0112585
-0.0114174
-0.0115826
-0.0117541
-0.0119322
-0.0121168
-0.0123082
-0.0125065
-0.0127118
-0.0129245
-0.0131446
-0.0133723
-0.0136079
-0.0138515
-0.0141034
-0.0143638
-0.014633
-0.0149112
-0.0151987
-0.0154958
-0.0158026
-0.0161197
-0.0164472
-0.0167854
-0.0171348
-0.0174956
-0.0178682
-0.018253
-0.0186503
-0.0190606
-0.0194843
-0.0199217
-0.0203733
-0.0208396
-0.021321
-0.021818
-0.022331
-0.0228607
-0.0234074
-0.0239718
-0.0245543
-0.0251556
-0.0257763
-0.0264168
-0.0270779
-0.0277601
-0.0284642
-0.0291907
-0.0299404
-0.0307139
-0.031512
-0.0323353
-0.0331848
-0.034061
-0.0349649
-0.0358971
-0.0368586
-0.0378502
-0.0388728
-0.0399272
-0.0410143
-0.0421351
-0.0432905
-0.0444815
-0.0457091
-0.0469741
-0.0482778
-0.049621
-0.0510049
-0.0524305
-0.0538989
-0.0554111
-0.0569684
-0.0585717
-0.0602223
-0.0619212
-0.0636697
-0.0654688
-0.0673196
-0.0692234
-0.0711813
-0.0731944
-0.0752639
-0.0773907
-0.0795762
-0.0818212
-0.0841269
-0.0864942
-0.0889243
-0.091418
-0.0939762
-0.0966
-0.09929
-0.102047
-0.104872
-0.107766
-0.110728
-0.113761
-0.116864
-0.120037
-0.123282
-0.126598
-0.129985
-0.133445
-0.136977
-0.140582
-0.144259
-0.148007
-0.151827
-0.155717
-0.159676
-0.163702
-0.167794
-0.171952
-0.176175
-0.180461
-0.184813
-0.189228
-0.1937
-0.198219
-0.202791
-0.2074
-0.212035
-0.216688
-0.221354
-0.226025
-0.230697
-0.235369
-0.240032
-0.244655
-0.249221
-0.253749
-0.258205
-0.262582
-0.266878
-0.271102
-0.27525
-0.279278
-0.283106
-0.286852
-0.290439
-0.293867
-0.29715
-0.300313
-0.303387
-0.306403
-0.309362
-0.312231
-0.31512
-0.317936
-0.320615
-0.322969
-0.325046
-0.32685
-0.328347
-0.329442
-0.330235
-0.330803
-0.331071
-0.331045
-0.330741
-0.330154
-0.32929
-0.328201
-0.326947
-0.325474
-0.323787
-0.322106
-0.320358
-0.318567
-0.316765
-0.314986
-0.313277
-0.311685
-0.310136
-0.308689
-0.307359
-0.306379
-0.305759
-0.305559
-0.305867
-0.306784
-0.308414
-0.310846
-0.314168
-0.318451
-0.323707
-0.32989
-0.337199
-0.345588
-0.355076
-0.365659
-0.37733
-0.390068
-0.403751
-0.418287
-0.433645
-0.449897
-0.467036
-0.484967
-0.503682
-0.52319
-0.543488
-0.564644
-0.586343
-0.608504
-0.631068
-0.653939
-0.676979
-0.700067
-0.723117
-0.746053
-0.768807
-0.791328
-0.813568
-0.835471
-0.856961
-0.877943
-0.898165
-0.917717
-0.936547
-0.954725
-0.972113
-0.988516
-1.00373
-1.0175
-1.02984
-1.04061
-1.04975
-1.05722
-1.06303
-1.06725
-1.06992
-1.07113
-1.07096
-1.06951
-1.06678
-1.06291
-1.05796
-1.05204
-1.04519
-1.03726
-1.02823
-1.01841
-1.0079
-0.996801
-0.985209
-0.973203
-0.960851
-0.948203
-0.935272
-0.922038
-0.908529
-0.894757
-0.880725
-0.866421
-0.851811
-0.836861
-0.821586
-0.806132
-0.790654
-0.775368
-0.760088
-0.743984
-0.727684
-0.71092
-0.693495
-0.675512
-0.657904
-0.639976
-0.620729
-0.598708
-0.571695
-0.536065
-0.486143
-0.412673
-0.301208
-0.130166
-0.00783316
-0.00785353
-0.00787836
-0.00790763
-0.00794132
-0.00797942
-0.0080219
-0.00806875
-0.00811995
-0.00817549
-0.00823536
-0.00829955
-0.00836806
-0.0084409
-0.00851807
-0.00859961
-0.00868552
-0.00877584
-0.0088706
-0.00896986
-0.00907366
-0.00918205
-0.00929511
-0.00941292
-0.00953554
-0.00966306
-0.00979559
-0.00993323
-0.0100761
-0.0102243
-0.0103779
-0.0105372
-0.0107021
-0.010873
-0.0110499
-0.011233
-0.0114225
-0.0116185
-0.0118213
-0.012031
-0.0122479
-0.0124722
-0.012704
-0.0129437
-0.0131914
-0.0134475
-0.0137121
-0.0139856
-0.0142682
-0.0145602
-0.0148619
-0.0151736
-0.0154957
-0.0158285
-0.0161723
-0.0165275
-0.0168944
-0.0172735
-0.017665
-0.0180695
-0.0184873
-0.0189189
-0.0193647
-0.0198251
-0.0203007
-0.0207918
-0.0212991
-0.0218231
-0.0223641
-0.0229229
-0.0235
-0.0240959
-0.0247112
-0.0253466
-0.0260027
-0.0266801
-0.0273795
-0.0281016
-0.0288471
-0.0296167
-0.0304112
-0.0312313
-0.0320777
-0.0329514
-0.0338531
-0.0347837
-0.035744
-0.036735
-0.0377574
-0.0388123
-0.0399006
-0.0410232
-0.0421811
-0.0433754
-0.044607
-0.045877
-0.0471864
-0.0485363
-0.0499278
-0.051362
-0.05284
-0.0543629
-0.0559319
-0.0575482
-0.0592128
-0.0609269
-0.0626918
-0.0645087
-0.0663786
-0.0683029
-0.0702826
-0.0723191
-0.0744135
-0.076567
-0.0787808
-0.081056
-0.0833937
-0.0857951
-0.0882613
-0.0907932
-0.0933918
-0.096058
-0.0987927
-0.101597
-0.10447
-0.107415
-0.11043
-0.113517
-0.116675
-0.119905
-0.123206
-0.126579
-0.130023
-0.133539
-0.137126
-0.140784
-0.144514
-0.148314
-0.152186
-0.156129
-0.160142
-0.164214
-0.168349
-0.172537
-0.176771
-0.181047
-0.185358
-0.189701
-0.194073
-0.198466
-0.202865
-0.207254
-0.211638
-0.215998
-0.220326
-0.224619
-0.228879
-0.233103
-0.237269
-0.241338
-0.245338
-0.249226
-0.252995
-0.256644
-0.260181
-0.263619
-0.266978
-0.270298
-0.273624
-0.27691
-0.280184
-0.283383
-0.286521
-0.289523
-0.292321
-0.294896
-0.297235
-0.299295
-0.300962
-0.302377
-0.303529
-0.304449
-0.305127
-0.305594
-0.305855
-0.305949
-0.305895
-0.305683
-0.305334
-0.304873
-0.304326
-0.303723
-0.30311
-0.302538
-0.301937
-0.301326
-0.300743
-0.300192
-0.299835
-0.299618
-0.299573
-0.29974
-0.300169
-0.300942
-0.302134
-0.303687
-0.305697
-0.308245
-0.311369
-0.315098
-0.319445
-0.324595
-0.330492
-0.337124
-0.344497
-0.352624
-0.361499
-0.371074
-0.381396
-0.392347
-0.403892
-0.416027
-0.428766
-0.442108
-0.456052
-0.470487
-0.485347
-0.50061
-0.516221
-0.532129
-0.548333
-0.564825
-0.581564
-0.598485
-0.615491
-0.632519
-0.649537
-0.666444
-0.683064
-0.69917
-0.714705
-0.729816
-0.744384
-0.758296
-0.77161
-0.784183
-0.795821
-0.806398
-0.81554
-0.82326
-0.829609
-0.834692
-0.838393
-0.840563
-0.841445
-0.841083
-0.839556
-0.836857
-0.833012
-0.828127
-0.822216
-0.815329
-0.807441
-0.798578
-0.788806
-0.778245
-0.766992
-0.755127
-0.742745
-0.72995
-0.716871
-0.703532
-0.689945
-0.676217
-0.662438
-0.648644
-0.634881
-0.621186
-0.607521
-0.593449
-0.579301
-0.565224
-0.551408
-0.537984
-0.525485
-0.514248
-0.503897
-0.494014
-0.484263
-0.474303
-0.463703
-0.451855
-0.437835
-0.420169
-0.39698
-0.365689
-0.322777
-0.263598
-0.182333
-0.0723734
-0.00652804
-0.00653036
-0.00653652
-0.00654646
-0.00656011
-0.00657743
-0.00659835
-0.00662284
-0.00665085
-0.00668234
-0.00671727
-0.00675562
-0.00679736
-0.00684247
-0.00689096
-0.0069428
-0.006998
-0.00705657
-0.00711853
-0.00718388
-0.00725267
-0.00732492
-0.00740068
-0.00747997
-0.00756287
-0.00764942
-0.00773969
-0.00783375
-0.00793167
-0.00803353
-0.00813942
-0.00824944
-0.00836368
-0.00848225
-0.00860525
-0.00873282
-0.00886506
-0.00900212
-0.00914412
-0.00929121
-0.00944354
-0.00960127
-0.00976455
-0.00993355
-0.0101085
-0.0102894
-0.0104767
-0.0106704
-0.0108709
-0.0110782
-0.0112926
-0.0115143
-0.0117437
-0.0119808
-0.012226
-0.0124796
-0.0127417
-0.0130128
-0.013293
-0.0135827
-0.0138822
-0.0141918
-0.0145118
-0.0148426
-0.0151845
-0.015538
-0.0159033
-0.0162809
-0.0166711
-0.0170745
-0.0174913
-0.0179221
-0.0183673
-0.0188274
-0.0193028
-0.0197941
-0.0203018
-0.0208264
-0.0213685
-0.0219286
-0.0225073
-0.0231052
-0.0237229
-0.0243611
-0.0250204
-0.0257015
-0.026405
-0.0271318
-0.0278824
-0.0286578
-0.0294585
-0.0302855
-0.0311395
-0.0320214
-0.032932
-0.0338722
-0.0348429
-0.0358449
-0.0368794
-0.0379471
-0.039049
-0.0401863
-0.0413599
-0.0425708
-0.0438202
-0.045109
-0.0464386
-0.0478098
-0.049224
-0.0506824
-0.052186
-0.0537361
-0.0553339
-0.0569807
-0.0586777
-0.0604262
-0.0622273
-0.0640824
-0.0659925
-0.067959
-0.0699829
-0.0720655
-0.0742077
-0.0764107
-0.0786753
-0.0810026
-0.0833934
-0.0858485
-0.0883686
-0.0909544
-0.0936067
-0.096326
-0.099113
-0.101968
-0.104892
-0.107885
-0.110948
-0.114081
-0.117283
-0.120555
-0.123894
-0.127299
-0.130769
-0.1343
-0.137889
-0.141535
-0.145233
-0.148984
-0.152783
-0.156625
-0.160499
-0.164405
-0.168332
-0.172275
-0.176228
-0.18019
-0.184155
-0.188116
-0.192056
-0.195972
-0.199847
-0.203678
-0.207461
-0.211199
-0.214896
-0.218558
-0.222191
-0.225806
-0.229415
-0.233018
-0.236553
-0.240018
-0.243439
-0.246792
-0.250065
-0.253211
-0.256215
-0.259054
-0.261731
-0.264258
-0.266607
-0.268791
-0.27083
-0.272738
-0.274515
-0.27616
-0.27768
-0.279082
-0.280378
-0.281574
-0.282678
-0.283694
-0.284635
-0.285526
-0.286412
-0.287235
-0.288029
-0.288889
-0.289723
-0.290611
-0.291535
-0.292483
-0.293491
-0.294591
-0.295816
-0.297195
-0.298788
-0.30067
-0.302853
-0.305245
-0.307986
-0.31121
-0.314842
-0.318878
-0.323321
-0.328184
-0.333482
-0.339221
-0.345383
-0.35196
-0.35895
-0.366363
-0.374171
-0.382255
-0.390587
-0.399327
-0.408457
-0.417935
-0.427729
-0.437823
-0.448149
-0.458713
-0.469495
-0.480345
-0.491108
-0.501654
-0.512125
-0.522491
-0.532603
-0.542498
-0.55196
-0.560973
-0.569528
-0.577656
-0.585372
-0.592547
-0.598937
-0.604365
-0.608773
-0.612201
-0.614623
-0.616056
-0.616614
-0.616127
-0.61466
-0.61242
-0.609413
-0.605639
-0.601238
-0.596186
-0.590577
-0.584287
-0.577391
-0.569974
-0.562027
-0.553638
-0.544895
-0.535843
-0.526501
-0.517072
-0.507711
-0.498502
-0.489458
-0.480657
-0.472079
-0.463862
-0.456015
-0.44854
-0.441416
-0.434792
-0.428471
-0.422462
-0.416863
-0.411619
-0.40639
-0.400918
-0.394864
-0.387863
-0.379512
-0.369345
-0.356859
-0.341501
-0.322609
-0.299425
-0.270983
-0.236412
-0.194979
-0.146357
-0.0911154
-0.0314328
-0.0053263
-0.00531185
-0.00530077
-0.00529294
-0.00528827
-0.00528669
-0.00528811
-0.00529245
-0.00529965
-0.00530964
-0.00532239
-0.00533782
-0.00535592
-0.00537663
-0.00539993
-0.0054258
-0.00545422
-0.00548518
-0.00551867
-0.0055547
-0.00559326
-0.00563437
-0.00567805
-0.0057243
-0.00577316
-0.00582467
-0.00587884
-0.00593572
-0.00599536
-0.0060578
-0.0061231
-0.00619131
-0.0062625
-0.00633673
-0.00641407
-0.0064946
-0.0065784
-0.00666554
-0.00675613
-0.00685025
-0.006948
-0.00704949
-0.00715481
-0.00726409
-0.00737744
-0.00749498
-0.00761684
-0.00774314
-0.00787403
-0.00800965
-0.00815015
-0.00829567
-0.00844639
-0.00860245
-0.00876404
-0.00893133
-0.0091045
-0.00928374
-0.00946925
-0.00966123
-0.00985989
-0.0100655
-0.0102781
-0.0104982
-0.0107258
-0.0109613
-0.0112049
-0.0114568
-0.0117175
-0.011987
-0.0122658
-0.0125541
-0.0128522
-0.0131605
-0.0134793
-0.013809
-0.0141499
-0.0145024
-0.0148668
-0.0152437
-0.0156333
-0.0160361
-0.0164526
-0.0168831
-0.0173282
-0.0177884
-0.0182641
-0.0187558
-0.0192642
-0.0197897
-0.0203328
-0.0208943
-0.0214746
-0.0220744
-0.0226944
-0.0233352
-0.0239974
-0.0246818
-0.0253891
-0.02612
-0.0268753
-0.0276558
-0.0284623
-0.0292956
-0.0301565
-0.031046
-0.031965
-0.0329143
-0.0338948
-0.0349077
-0.0359538
-0.0370341
-0.0381497
-0.0393016
-0.0404908
-0.0417184
-0.0429855
-0.0442932
-0.0456425
-0.0470346
-0.0484704
-0.0499512
-0.0514779
-0.0530517
-0.0546735
-0.0563445
-0.0580656
-0.0598378
-0.0616621
-0.0635394
-0.0654706
-0.0674565
-0.069498
-0.0715957
-0.0737504
-0.0759626
-0.0782328
-0.0805614
-0.0829486
-0.0853945
-0.0878989
-0.0904616
-0.0930824
-0.0957608
-0.0984964
-0.101289
-0.104137
-0.107041
-0.109999
-0.113008
-0.116067
-0.119174
-0.122325
-0.125518
-0.128751
-0.132022
-0.135327
-0.13866
-0.14202
-0.145399
-0.148795
-0.152206
-0.155631
-0.159069
-0.162521
-0.165986
-0.169466
-0.172957
-0.176456
-0.179946
-0.183432
-0.186921
-0.190422
-0.193936
-0.197469
-0.201001
-0.204522
-0.207995
-0.211404
-0.214741
-0.218005
-0.221202
-0.224343
-0.227438
-0.230503
-0.233552
-0.236595
-0.239641
-0.242692
-0.245743
-0.248783
-0.251773
-0.254665
-0.257484
-0.260239
-0.262942
-0.26564
-0.268298
-0.270843
-0.273326
-0.275684
-0.277959
-0.280201
-0.282406
-0.284643
-0.28684
-0.289006
-0.29117
-0.293326
-0.295502
-0.297722
-0.300016
-0.302404
-0.304905
-0.307513
-0.310266
-0.313216
-0.316384
-0.319777
-0.323402
-0.327273
-0.331384
-0.335658
-0.340085
-0.344675
-0.349437
-0.354337
-0.359378
-0.364557
-0.369824
-0.375148
-0.380499
-0.38585
-0.391178
-0.396477
-0.401739
-0.406901
-0.411879
-0.416616
-0.421064
-0.425219
-0.429103
-0.432764
-0.436239
-0.439509
-0.442483
-0.445086
-0.44723
-0.448717
-0.449651
-0.450108
-0.45006
-0.449402
-0.448201
-0.446576
-0.444532
-0.442131
-0.439434
-0.436495
-0.433358
-0.430112
-0.426784
-0.423301
-0.419549
-0.415703
-0.411748
-0.407704
-0.403612
-0.399572
-0.39562
-0.391812
-0.388097
-0.384468
-0.380828
-0.37704
-0.372943
-0.368375
-0.3632
-0.357378
-0.350965
-0.343861
-0.336061
-0.327512
-0.318126
-0.307647
-0.29588
-0.282703
-0.268003
-0.251742
-0.233828
-0.214238
-0.193074
-0.170487
-0.146707
-0.122083
-0.097116
-0.072473
-0.0490046
-0.0277371
-0.00980988
-0.0042754
-0.00424663
-0.00422091
-0.00419809
-0.00417806
-0.0041607
-0.0041459
-0.00413359
-0.00412367
-0.00411606
-0.00411069
-0.0041075
-0.00410644
-0.00410746
-0.0041105
-0.00411555
-0.00412255
-0.00413149
-0.00414234
-0.00415508
-0.00416971
-0.00418621
-0.00420457
-0.00422481
-0.00424692
-0.0042709
-0.00429678
-0.00432456
-0.00435426
-0.0043859
-0.00441951
-0.00445512
-0.00449275
-0.00453244
-0.00457423
-0.00461816
-0.00466426
-0.0047126
-0.00476322
-0.00481616
-0.00487149
-0.00492927
-0.00498955
-0.0050524
-0.0051179
-0.0051861
-0.0052571
-0.00533095
-0.00540775
-0.00548757
-0.00557052
-0.00565666
-0.00574611
-0.00583896
-0.00593531
-0.00603526
-0.00613893
-0.00624643
-0.00635787
-0.00647338
-0.00659309
-0.00671712
-0.00684562
-0.00697871
-0.00711655
-0.00725929
-0.00740708
-0.00756008
-0.00771847
-0.00788241
-0.00805209
-0.00822769
-0.0084094
-0.00859742
-0.00879197
-0.00899325
-0.00920148
-0.00941691
-0.00963976
-0.00987028
-0.0101087
-0.0103554
-0.0106105
-0.0108744
-0.0111473
-0.0114295
-0.0117215
-0.0120234
-0.0123357
-0.0126587
-0.0129927
-0.0133382
-0.0136954
-0.0140649
-0.0144471
-0.0148423
-0.0152511
-0.0156738
-0.016111
-0.0165632
-0.0170308
-0.0175144
-0.0180146
-0.0185318
-0.0190668
-0.0196199
-0.020192
-0.0207835
-0.0213952
-0.0220277
-0.0226816
-0.0233577
-0.0240567
-0.0247793
-0.0255261
-0.0262981
-0.0270959
-0.0279203
-0.0287722
-0.0296522
-0.0305613
-0.0315002
-0.0324697
-0.0334707
-0.0345041
-0.0355706
-0.036671
-0.0378063
-0.0389772
-0.0401844
-0.0414289
-0.0427114
-0.0440325
-0.045393
-0.0467936
-0.0482349
-0.0497175
-0.051242
-0.052809
-0.0544189
-0.0560724
-0.0577698
-0.0595118
-0.0612986
-0.0631308
-0.0650087
-0.0669326
-0.0689027
-0.0709191
-0.072982
-0.0750911
-0.0772465
-0.0794479
-0.0816953
-0.0839883
-0.0863265
-0.0887091
-0.0911353
-0.0936041
-0.0961146
-0.0986664
-0.101259
-0.103892
-0.106566
-0.109281
-0.112038
-0.114836
-0.117676
-0.120555
-0.123472
-0.126424
-0.129414
-0.132441
-0.135506
-0.138601
-0.141715
-0.144841
-0.147977
-0.151124
-0.154288
-0.157477
-0.160701
-0.163972
-0.167303
-0.170707
-0.174197
-0.177785
-0.18148
-0.185295
-0.189222
-0.193256
-0.197406
-0.201627
-0.205894
-0.210182
-0.214472
-0.218713
-0.222849
-0.22686
-0.230748
-0.234516
-0.238199
-0.241834
-0.245443
-0.249017
-0.252514
-0.255893
-0.259145
-0.262276
-0.2653
-0.268241
-0.271113
-0.273908
-0.276656
-0.279421
-0.282164
-0.284906
-0.287635
-0.290339
-0.293015
-0.295668
-0.298304
-0.300938
-0.303599
-0.306327
-0.309127
-0.312001
-0.31502
-0.31802
-0.320964
-0.32378
-0.326426
-0.328885
-0.33118
-0.333379
-0.335564
-0.337716
-0.339697
-0.341444
-0.342959
-0.344285
-0.34549
-0.346658
-0.347835
-0.348992
-0.350072
-0.350926
-0.35154
-0.351879
-0.351858
-0.351534
-0.350946
-0.350102
-0.348943
-0.347485
-0.345727
-0.343705
-0.341418
-0.338871
-0.33609
-0.333101
-0.32988
-0.326373
-0.322482
-0.318136
-0.313231
-0.307692
-0.301552
-0.294863
-0.287705
-0.280221
-0.272573
-0.264759
-0.256802
-0.248537
-0.239693
-0.23027
-0.220294
-0.209824
-0.198928
-0.187682
-0.176184
-0.164495
-0.152649
-0.140614
-0.128413
-0.116114
-0.103812
-0.0916133
-0.0796376
-0.0680168
-0.0568962
-0.0464257
-0.0367524
-0.0280163
-0.0203416
-0.0138282
-0.00854218
-0.0045047
-0.00168094
-0.00341027
-0.00337002
-0.00333264
-0.00329798
-0.00326588
-0.00323621
-0.00320886
-0.00318371
-0.00316068
-0.00313967
-0.00312059
-0.00310337
-0.00308796
-0.00307428
-0.00306228
-0.00305191
-0.00304314
-0.00303591
-0.00303019
-0.00302596
-0.00302319
-0.00302184
-0.00302191
-0.00302337
-0.00302622
-0.00303044
-0.00303602
-0.00304296
-0.00305126
-0.00306092
-0.00307194
-0.00308433
-0.00309808
-0.00311323
-0.00312977
-0.00314771
-0.00316709
-0.00318791
-0.0032102
-0.00323397
-0.00325926
-0.00328608
-0.00331448
-0.00334447
-0.00337609
-0.00340937
-0.00344435
-0.00348107
-0.00351957
-0.00355988
-0.00360205
-0.00364613
-0.00369217
-0.0037402
-0.0037903
-0.00384249
-0.00389686
-0.00395344
-0.0040123
-0.0040735
-0.00413712
-0.0042032
-0.00427183
-0.00434308
-0.00441701
-0.00449372
-0.00457328
-0.00465577
-0.00474128
-0.0048299
-0.00492172
-0.00501685
-0.00511538
-0.00521743
-0.00532309
-0.00543248
-0.00554572
-0.00566294
-0.00578425
-0.0059098
-0.00603971
-0.00617414
-0.00631322
-0.00645713
-0.006606
-0.00676002
-0.00691934
-0.00708416
-0.00725466
-0.00743103
-0.00761346
-0.00780218
-0.00799738
-0.0081993
-0.00840817
-0.00862423
-0.00884771
-0.00907889
-0.00931802
-0.00956538
-0.00982124
-0.0100859
-0.0103597
-0.0106429
-0.0109358
-0.0112388
-0.0115521
-0.0118763
-0.0122115
-0.0125582
-0.0129167
-0.0132875
-0.0136709
-0.0140674
-0.0144773
-0.014901
-0.0153391
-0.0157919
-0.0162599
-0.0167436
-0.0172433
-0.0177597
-0.0182931
-0.018844
-0.019413
-0.0200005
-0.020607
-0.0212331
-0.0218791
-0.0225457
-0.0232333
-0.0239425
-0.0246736
-0.0254273
-0.0262041
-0.0270043
-0.0278287
-0.0286775
-0.0295514
-0.0304509
-0.0313765
-0.0323286
-0.0333079
-0.0343148
-0.0353498
-0.0364134
-0.0375061
-0.0386285
-0.0397808
-0.0409637
-0.0421776
-0.0434228
-0.0446998
-0.0460091
-0.0473511
-0.0487261
-0.0501346
-0.0515769
-0.0530535
-0.0545646
-0.0561107
-0.0576921
-0.0593091
-0.0609621
-0.0626513
-0.064377
-0.0661394
-0.0679382
-0.0697734
-0.0716444
-0.0735514
-0.0754946
-0.0774741
-0.0794908
-0.0815456
-0.0836401
-0.0857764
-0.0879571
-0.0901852
-0.0924642
-0.094798
-0.097191
-0.0996482
-0.102175
-0.104777
-0.107461
-0.110233
-0.113101
-0.116073
-0.119163
-0.122387
-0.125739
-0.129216
-0.132824
-0.136499
-0.140195
-0.143867
-0.147482
-0.151025
-0.154489
-0.157873
-0.161177
-0.164403
-0.167551
-0.170618
-0.173604
-0.176507
-0.179327
-0.182066
-0.184731
-0.18733
-0.189875
-0.192383
-0.19488
-0.197374
-0.199853
-0.202313
-0.204712
-0.207017
-0.2092
-0.21125
-0.213166
-0.214957
-0.216638
-0.218235
-0.219786
-0.221346
-0.222928
-0.224509
-0.226085
-0.227525
-0.228782
-0.229813
-0.230609
-0.231174
-0.231518
-0.231655
-0.231599
-0.231371
-0.231002
-0.230535
-0.230031
-0.229569
-0.229218
-0.229025
-0.229059
-0.22921
-0.229104
-0.22842
-0.227027
-0.224995
-0.222378
-0.219192
-0.215493
-0.211322
-0.206665
-0.20153
-0.195975
-0.190085
-0.18396
-0.177699
-0.171387
-0.165057
-0.158607
-0.152015
-0.145336
-0.138649
-0.131979
-0.125346
-0.118769
-0.112267
-0.105859
-0.0995569
-0.0933559
-0.0872209
-0.081126
-0.0750786
-0.0691054
-0.0632402
-0.0575174
-0.051971
-0.0466313
-0.0415237
-0.0366658
-0.0320715
-0.0277563
-0.0237362
-0.0200268
-0.0166412
-0.0135892
-0.0108769
-0.0085057
-0.00647197
-0.00476629
-0.00337328
-0.00227159
-0.00143421
-0.000829165
-0.000420518
-0.000169796
-0.00274882
-0.00269959
-0.00265317
-0.00260939
-0.00256809
-0.00252914
-0.0024924
-0.00245775
-0.00242509
-0.00239433
-0.00236536
-0.00233812
-0.00231252
-0.0022885
-0.002266
-0.00224495
-0.00222531
-0.00220702
-0.00219005
-0.00217434
-0.00215986
-0.00214658
-0.00213447
-0.00212349
-0.00211363
-0.00210485
-0.00209714
-0.00209048
-0.00208486
-0.00208025
-0.00207664
-0.00207403
-0.00207241
-0.00207177
-0.0020721
-0.0020734
-0.00207567
-0.0020789
-0.0020831
-0.00208827
-0.00209442
-0.00210154
-0.00210964
-0.00211874
-0.00212883
-0.00213993
-0.00215205
-0.00216521
-0.0021794
-0.00219465
-0.00221097
-0.00222838
-0.0022469
-0.00226654
-0.00228732
-0.00230926
-0.00233238
-0.00235671
-0.00238227
-0.00240908
-0.00243717
-0.00246656
-0.00249729
-0.00252938
-0.00256287
-0.00259778
-0.00263415
-0.00267201
-0.00271141
-0.00275237
-0.00279494
-0.00283916
-0.00288508
-0.00293274
-0.00298218
-0.00303345
-0.00308662
-0.00314172
-0.00319882
-0.00325797
-0.00331924
-0.00338269
-0.00344837
-0.00351638
-0.00358676
-0.0036596
-0.00373498
-0.00381297
-0.00389366
-0.00397713
-0.00406348
-0.00415279
-0.00424517
-0.00434071
-0.00443951
-0.00454169
-0.00464735
-0.00475661
-0.00486958
-0.00498639
-0.00510716
-0.00523202
-0.0053611
-0.00549454
-0.00563248
-0.00577506
-0.00592244
-0.00607475
-0.00623216
-0.00639484
-0.00656293
-0.00673661
-0.00691604
-0.00710141
-0.00729289
-0.00749066
-0.00769491
-0.00790582
-0.00812359
-0.00834842
-0.00858051
-0.00882005
-0.00906725
-0.00932233
-0.00958549
-0.00985696
-0.0101369
-0.0104257
-0.0107234
-0.0110303
-0.0113466
-0.0116726
-0.0120084
-0.0123545
-0.0127109
-0.0130779
-0.0134558
-0.0138449
-0.0142453
-0.0146574
-0.0150814
-0.0155176
-0.0159662
-0.0164276
-0.0169019
-0.0173894
-0.0178905
-0.0184054
-0.0189343
-0.0194776
-0.0200355
-0.0206083
-0.0211963
-0.0217999
-0.0224192
-0.0230546
-0.0237064
-0.0243748
-0.0250603
-0.0257631
-0.0264834
-0.0272216
-0.0279779
-0.0287527
-0.0295461
-0.0303586
-0.0311904
-0.0320419
-0.0329135
-0.0338055
-0.0347184
-0.0356527
-0.0366091
-0.037588
-0.0385901
-0.0396161
-0.0406667
-0.0417427
-0.0428451
-0.0439748
-0.045133
-0.0463212
-0.0475408
-0.0487937
-0.0500819
-0.0514078
-0.052774
-0.0541834
-0.0556387
-0.0571428
-0.0586983
-0.0603072
-0.0619665
-0.0636599
-0.0653751
-0.0670878
-0.0687807
-0.0704433
-0.0720694
-0.0736552
-0.0751981
-0.0766968
-0.0781503
-0.0795579
-0.0809187
-0.0822311
-0.0834938
-0.0847057
-0.0858666
-0.0869766
-0.0880365
-0.0890473
-0.0900105
-0.0909275
-0.0917994
-0.0926259
-0.093401
-0.0941136
-0.0947544
-0.0953175
-0.0958007
-0.0962041
-0.0965303
-0.0967832
-0.0969683
-0.0970918
-0.0971605
-0.0971791
-0.0971475
-0.097048
-0.096859
-0.0965662
-0.0961632
-0.0956497
-0.0950291
-0.0943069
-0.0934899
-0.0925856
-0.091602
-0.0905475
-0.0894309
-0.0882611
-0.0870468
-0.0857954
-0.084512
-0.0831954
-0.0818207
-0.0803409
-0.0787141
-0.0769189
-0.0749527
-0.0728244
-0.070549
-0.0681451
-0.0656328
-0.0630316
-0.0603618
-0.0576435
-0.0548965
-0.0521393
-0.0493884
-0.0466576
-0.0439581
-0.0412982
-0.0386862
-0.036131
-0.0336415
-0.0312249
-0.0288874
-0.0266336
-0.0244675
-0.022392
-0.0204093
-0.0185204
-0.0167253
-0.0150242
-0.0134181
-0.0119088
-0.0104983
-0.0091879
-0.00797864
-0.00687043
-0.0058623
-0.00495228
-0.00413764
-0.0034151
-0.00278079
-0.00223035
-0.00175881
-0.00136072
-0.00103014
-0.000760713
-0.000545823
-0.000378663
-0.000252392
-0.000160287
-9.58977e-05
-5.32055e-05
-2.67647e-05
-1.18294e-05
-0.00229173
-0.0022352
-0.00218151
-0.00213046
-0.00208191
-0.00203571
-0.00199174
-0.00194987
-0.00190999
-0.001872
-0.00183581
-0.00180134
-0.0017685
-0.00173722
-0.00170744
-0.00167908
-0.0016521
-0.00162643
-0.00160203
-0.00157884
-0.00155681
-0.00153592
-0.00151611
-0.00149736
-0.00147962
-0.00146286
-0.00144706
-0.00143218
-0.0014182
-0.00140509
-0.00139283
-0.0013814
-0.00137077
-0.00136094
-0.00135188
-0.00134358
-0.00133602
-0.00132919
-0.00132307
-0.00131767
-0.00131295
-0.00130893
-0.00130559
-0.00130292
-0.00130091
-0.00129957
-0.00129889
-0.00129885
-0.00129947
-0.00130074
-0.00130265
-0.00130521
-0.00130842
-0.00131227
-0.00131677
-0.00132192
-0.00132772
-0.00133417
-0.00134128
-0.00134906
-0.0013575
-0.00136661
-0.0013764
-0.00138687
-0.00139804
-0.0014099
-0.00142247
-0.00143576
-0.00144977
-0.00146452
-0.00148001
-0.00149627
-0.0015133
-0.00153111
-0.00154972
-0.00156915
-0.00158941
-0.00161052
-0.00163249
-0.00165535
-0.00167911
-0.0017038
-0.00172943
-0.00175604
-0.00178364
-0.00181225
-0.00184192
-0.00187265
-0.00190449
-0.00193746
-0.00197158
-0.0020069
-0.00204345
-0.00208125
-0.00212035
-0.00216078
-0.00220257
-0.00224577
-0.00229042
-0.00233656
-0.00238422
-0.00243346
-0.00248431
-0.00253682
-0.00259103
-0.002647
-0.00270477
-0.0027644
-0.00282592
-0.0028894
-0.00295488
-0.00302243
-0.00309208
-0.00316391
-0.00323796
-0.00331429
-0.00339296
-0.00347404
-0.00355757
-0.00364363
-0.00373228
-0.00382358
-0.00391759
-0.00401438
-0.00411403
-0.00421659
-0.00432214
-0.00443074
-0.00454248
-0.00465742
-0.00477563
-0.0048972
-0.00502219
-0.00515069
-0.00528277
-0.00541852
-0.00555802
-0.00570134
-0.00584857
-0.00599979
-0.0061551
-0.00631457
-0.0064783
-0.00664636
-0.00681885
-0.00699586
-0.00717748
-0.00736379
-0.0075549
-0.00775088
-0.00795184
-0.00815785
-0.00836903
-0.00858545
-0.0088072
-0.00903439
-0.00926709
-0.0095054
-0.00974941
-0.0099992
-0.0102549
-0.0105165
-0.0107841
-0.0110579
-0.011338
-0.0116243
-0.0119171
-0.0122164
-0.0125223
-0.012835
-0.0131545
-0.013481
-0.0138146
-0.0141554
-0.0145036
-0.0148592
-0.0152224
-0.0155933
-0.015972
-0.0163587
-0.0167536
-0.0171566
-0.017568
-0.0179879
-0.0184162
-0.0188531
-0.0192984
-0.0197519
-0.020213
-0.0206809
-0.0211544
-0.0216319
-0.0221113
-0.0225892
-0.0230618
-0.0235256
-0.0239778
-0.0244161
-0.0248389
-0.0252448
-0.0256327
-0.0260017
-0.0263512
-0.0266805
-0.0269891
-0.0272765
-0.0275424
-0.0277862
-0.0280078
-0.0282069
-0.0283831
-0.0285362
-0.0286659
-0.0287719
-0.0288538
-0.028911
-0.0289431
-0.0289494
-0.0289294
-0.0288828
-0.0288094
-0.0287093
-0.0285827
-0.0284299
-0.0282513
-0.0280471
-0.0278178
-0.0275633
-0.0272836
-0.0269783
-0.0266469
-0.0262892
-0.0259053
-0.025496
-0.0250619
-0.0246043
-0.0241245
-0.0236237
-0.0231033
-0.0225646
-0.0220089
-0.0214371
-0.0208501
-0.0202484
-0.0196325
-0.0190024
-0.0183576
-0.0176975
-0.0170218
-0.016331
-0.0156269
-0.0149118
-0.0141891
-0.0134623
-0.0127351
-0.0120114
-0.0112948
-0.0105888
-0.00989653
-0.00922089
-0.00856437
-0.00792908
-0.00731679
-0.00672897
-0.0061668
-0.00563124
-0.00512298
-0.00464249
-0.00418999
-0.00376549
-0.00336879
-0.00299957
-0.00265731
-0.0023414
-0.00205113
-0.00178571
-0.00154432
-0.00132607
-0.00112999
-0.000955034
-0.000800081
-0.000663924
-0.000545292
-0.000442868
-0.00035531
-0.000281264
-0.000219387
-0.000168353
-0.000126871
-9.36966e-05
-6.76439e-05
-4.75995e-05
-3.25329e-05
-2.15059e-05
-1.36805e-05
-8.32376e-06
-4.81027e-06
-2.62105e-06
-1.33979e-06
-6.45754e-07
-0.00202826
-0.00196517
-0.00190494
-0.0018474
-0.00179242
-0.00173985
-0.00168958
-0.00164149
-0.00159547
-0.00155143
-0.00150927
-0.00146891
-0.00143027
-0.00139328
-0.00135786
-0.00132395
-0.00129148
-0.0012604
-0.00123065
-0.00120217
-0.00117492
-0.00114885
-0.00112391
-0.00110007
-0.00107727
-0.00105548
-0.00103466
-0.00101478
-0.000995796
-0.000977686
-0.000960416
-0.000943956
-0.000928278
-0.000913357
-0.000899166
-0.000885682
-0.000872883
-0.000860746
-0.000849251
-0.00083838
-0.000828113
-0.000818433
-0.000809323
-0.000800769
-0.000792755
-0.000785267
-0.000778293
-0.000771819
-0.000765834
-0.000760326
-0.000755286
-0.000750704
-0.00074657
-0.000742875
-0.000739612
-0.000736772
-0.000734349
-0.000732336
-0.000730726
-0.000729514
-0.000728694
-0.000728261
-0.000728211
-0.00072854
-0.000729244
-0.000730319
-0.000731762
-0.000733571
-0.000735744
-0.000738279
-0.000741173
-0.000744428
-0.00074804
-0.000752011
-0.00075634
-0.000761028
-0.000766075
-0.000771484
-0.000777254
-0.00078339
-0.000789893
-0.000796765
-0.000804011
-0.000811633
-0.000819637
-0.000828025
-0.000836804
-0.000845978
-0.000855553
-0.000865534
-0.000875929
-0.000886743
-0.000897983
-0.000909658
-0.000921774
-0.000934339
-0.000947361
-0.00096085
-0.000974813
-0.000989259
-0.0010042
-0.00101964
-0.00103559
-0.00105207
-0.00106908
-0.00108663
-0.00110473
-0.0011234
-0.00114264
-0.00116246
-0.00118288
-0.00120391
-0.00122557
-0.00124785
-0.00127077
-0.00129436
-0.00131861
-0.00134354
-0.00136916
-0.00139549
-0.00142254
-0.00145033
-0.00147886
-0.00150816
-0.00153822
-0.00156908
-0.00160075
-0.00163323
-0.00166654
-0.00170071
-0.00173574
-0.00177165
-0.00180846
-0.00184618
-0.00188483
-0.00192442
-0.00196497
-0.0020065
-0.00204902
-0.00209256
-0.00213712
-0.00218272
-0.00222938
-0.00227712
-0.00232595
-0.00237588
-0.00242694
-0.00247914
-0.00253248
-0.00258699
-0.00264269
-0.00269957
-0.00275766
-0.00281697
-0.00287751
-0.0029393
-0.00300233
-0.00306662
-0.00313218
-0.00319901
-0.00326712
-0.00333652
-0.00340721
-0.00347919
-0.00355247
-0.00362703
-0.00370289
-0.00378003
-0.00385844
-0.00393812
-0.00401905
-0.00410122
-0.00418459
-0.00426914
-0.00435484
-0.00444165
-0.0045295
-0.00461835
-0.00470812
-0.00479872
-0.00489007
-0.00498204
-0.00507449
-0.00516728
-0.00526023
-0.00535312
-0.00544572
-0.00553776
-0.00562893
-0.0057189
-0.00580729
-0.00589369
-0.00597767
-0.00605877
-0.00613655
-0.00621057
-0.00628042
-0.00634574
-0.00640619
-0.00646151
-0.00651144
-0.00655578
-0.00659436
-0.00662702
-0.00665365
-0.00667415
-0.00668845
-0.00669649
-0.00669821
-0.00669361
-0.00668267
-0.00666537
-0.00664174
-0.00661178
-0.00657551
-0.00653298
-0.00648421
-0.00642926
-0.00636819
-0.0063011
-0.0062281
-0.00614931
-0.00606489
-0.00597498
-0.00587977
-0.00577943
-0.00567413
-0.00556407
-0.00544941
-0.00533035
-0.00520708
-0.00507983
-0.00494885
-0.00481441
-0.00467682
-0.00453638
-0.00439341
-0.00424825
-0.00410121
-0.00395262
-0.0038028
-0.00365204
-0.00350065
-0.00334892
-0.00319713
-0.00304556
-0.00289451
-0.00274429
-0.00259523
-0.00244774
-0.00230225
-0.00215921
-0.00201911
-0.00188241
-0.00174956
-0.00162098
-0.00149703
-0.00137802
-0.00126424
-0.00115587
-0.00105308
-0.000955965
-0.000864573
-0.000778909
-0.000698936
-0.000624579
-0.000555729
-0.000492245
-0.000433963
-0.000380693
-0.000332227
-0.000288343
-0.000248805
-0.000213371
-0.000181791
-0.000153811
-0.000129178
-0.000107637
-8.8936e-05
-7.28249e-05
-5.90591e-05
-4.74006e-05
-3.76199e-05
-2.9498e-05
-2.28276e-05
-1.74147e-05
-1.30794e-05
-9.65656e-06
-6.99651e-06
-4.965e-06
-3.44324e-06
-2.32768e-06
-1.52945e-06
-9.7368e-07
-5.98519e-07
-3.54073e-07
-2.01101e-07
-1.09686e-07
-5.78371e-08
-3.00437e-08
-0.001941
-0.00187145
-0.00180475
-0.00174075
-0.00167934
-0.00162039
-0.00156381
-0.00150948
-0.00145733
-0.00140726
-0.00135918
-0.00131302
-0.00126871
-0.00122617
-0.00118533
-0.00114613
-0.00110852
-0.00107242
-0.00103778
-0.00100456
-0.000972688
-0.000942124
-0.000912818
-0.000884723
-0.000857794
-0.000831988
-0.000807262
-0.000783576
-0.000760892
-0.000739171
-0.000718378
-0.000698478
-0.000679437
-0.000661222
-0.000643803
-0.00062715
-0.000611233
-0.000596025
-0.000581499
-0.00056763
-0.000554393
-0.000541763
-0.00052972
-0.000518239
-0.000507302
-0.000496888
-0.000486977
-0.000477551
-0.000468593
-0.000460085
-0.000452012
-0.000444357
-0.000437107
-0.000430246
-0.000423761
-0.00041764
-0.000411869
-0.000406437
-0.000401332
-0.000396544
-0.000392061
-0.000387874
-0.000383974
-0.00038035
-0.000376995
-0.0003739
-0.000371058
-0.00036846
-0.000366099
-0.000363969
-0.000362062
-0.000360374
-0.000358897
-0.000357627
-0.000356557
-0.000355684
-0.000355002
-0.000354507
-0.000354195
-0.000354063
-0.000354105
-0.000354321
-0.000354705
-0.000355255
-0.00035597
-0.000356845
-0.000357881
-0.000359073
-0.000360421
-0.000361923
-0.000363578
-0.000365385
-0.000367342
-0.000369449
-0.000371705
-0.00037411
-0.000376662
-0.000379363
-0.000382211
-0.000385206
-0.000388348
-0.000391638
-0.000395076
-0.000398661
-0.000402395
-0.000406277
-0.000410308
-0.000414488
-0.000418818
-0.000423298
-0.00042793
-0.000432713
-0.000437649
-0.000442738
-0.000447981
-0.000453378
-0.000458931
-0.000464641
-0.000470508
-0.000476534
-0.00048272
-0.000489066
-0.000495574
-0.000502245
-0.00050908
-0.000516081
-0.000523249
-0.000530584
-0.000538089
-0.000545765
-0.000553613
-0.000561634
-0.000569831
-0.000578203
-0.000586752
-0.000595481
-0.000604389
-0.000613479
-0.00062275
-0.000632205
-0.000641844
-0.000651668
-0.000661677
-0.000671873
-0.000682254
-0.000692823
-0.000703577
-0.000714518
-0.000725645
-0.000736956
-0.000748451
-0.000760128
-0.000771987
-0.000784023
-0.000796236
-0.000808621
-0.000821177
-0.000833898
-0.000846781
-0.00085982
-0.00087301
-0.000886344
-0.000899816
-0.000913419
-0.000927142
-0.000940978
-0.000954915
-0.000968942
-0.000983046
-0.000997213
-0.00101143
-0.00102568
-0.00103993
-0.00105419
-0.00106841
-0.00108258
-0.00109667
-0.00111065
-0.00112449
-0.00113816
-0.00115162
-0.00116483
-0.00117776
-0.00119035
-0.00120257
-0.00121435
-0.00122565
-0.00123642
-0.00124659
-0.0012561
-0.00126491
-0.00127294
-0.00128013
-0.00128643
-0.00129179
-0.00129614
-0.00129945
-0.00130168
-0.00130278
-0.00130273
-0.00130151
-0.0012991
-0.0012955
-0.00129068
-0.00128467
-0.00127745
-0.00126903
-0.00125943
-0.00124867
-0.00123675
-0.0012237
-0.00120955
-0.00119432
-0.00117804
-0.00116074
-0.00114245
-0.00112322
-0.00110307
-0.00108205
-0.0010602
-0.00103756
-0.00101419
-0.000990129
-0.000965426
-0.000940135
-0.000914307
-0.000887997
-0.000861258
-0.000834147
-0.000806719
-0.000779031
-0.000751141
-0.000723109
-0.000694995
-0.000666859
-0.00063876
-0.00061076
-0.000582917
-0.00055529
-0.000527936
-0.000500911
-0.000474268
-0.000448062
-0.000422344
-0.000397163
-0.000372569
-0.000348608
-0.000325328
-0.000302771
-0.000280982
-0.000259999
-0.00023986
-0.000220596
-0.000202235
-0.000184797
-0.000168298
-0.000152746
-0.000138141
-0.00012448
-0.000111752
-9.99382e-05
-8.90185e-05
-7.89661e-05
-6.97504e-05
-6.1338e-05
-5.36921e-05
-4.6774e-05
-4.05435e-05
-3.49591e-05
-2.99784e-05
-2.55593e-05
-2.16596e-05
-1.82377e-05
-1.52528e-05
-1.26657e-05
-1.0438e-05
-8.53333e-06
-6.91698e-06
-5.55615e-06
-4.4201e-06
-3.48017e-06
-2.70998e-06
-2.08532e-06
-1.58428e-06
-1.18716e-06
-8.76427e-07
-6.36674e-07
-4.54477e-07
-3.18299e-07
-2.18344e-07
-1.4643e-07
-9.58226e-08
-6.106e-08
-3.78162e-08
-2.27253e-08
-1.32557e-08
-7.50865e-09
-4.16376e-09
-2.28352e-09
-1.26908e-09
-0.00201107
-0.00193529
-0.00186219
-0.00179167
-0.00172365
-0.00165805
-0.00159478
-0.00153378
-0.00147497
-0.00141828
-0.00136366
-0.00131103
-0.00126033
-0.00121152
-0.00116452
-0.00111929
-0.00107577
-0.00103392
-0.000993667
-0.000954976
-0.000917794
-0.000882075
-0.000847772
-0.000814839
-0.00078323
-0.000752904
-0.000723816
-0.000695925
-0.00066919
-0.000643571
-0.000619029
-0.000595526
-0.000573025
-0.000551489
-0.000530884
-0.000511174
-0.000492326
-0.000474309
-0.00045709
-0.000440638
-0.000424924
-0.00040992
-0.000395596
-0.000381927
-0.000368886
-0.000356447
-0.000344587
-0.000333281
-0.000322508
-0.000312244
-0.000302469
-0.000293163
-0.000284306
-0.000275878
-0.000267862
-0.000260241
-0.000252996
-0.000246113
-0.000239576
-0.000233369
-0.000227479
-0.000221891
-0.000216593
-0.000211572
-0.000206815
-0.000202311
-0.000198049
-0.000194018
-0.000190208
-0.000186609
-0.000183212
-0.000180008
-0.000176988
-0.000174144
-0.000171468
-0.000168952
-0.000166591
-0.000164376
-0.000162301
-0.000160361
-0.000158549
-0.00015686
-0.000155288
-0.000153828
-0.000152477
-0.000151228
-0.000150078
-0.000149022
-0.000148058
-0.000147181
-0.000146387
-0.000145674
-0.000145038
-0.000144477
-0.000143987
-0.000143567
-0.000143213
-0.000142924
-0.000142696
-0.000142529
-0.00014242
-0.000142367
-0.000142368
-0.000142422
-0.000142528
-0.000142683
-0.000142886
-0.000143136
-0.000143432
-0.000143772
-0.000144156
-0.000144581
-0.000145048
-0.000145555
-0.000146101
-0.000146685
-0.000147306
-0.000147964
-0.000148658
-0.000149386
-0.000150149
-0.000150945
-0.000151775
-0.000152637
-0.00015353
-0.000154455
-0.00015541
-0.000156396
-0.000157411
-0.000158456
-0.000159529
-0.00016063
-0.000161759
-0.000162916
-0.000164099
-0.000165309
-0.000166544
-0.000167805
-0.000169091
-0.000170401
-0.000171736
-0.000173093
-0.000174472
-0.000175874
-0.000177296
-0.000178739
-0.000180201
-0.000181682
-0.00018318
-0.000184695
-0.000186224
-0.000187768
-0.000189325
-0.000190892
-0.00019247
-0.000194055
-0.000195647
-0.000197243
-0.000198842
-0.00020044
-0.000202037
-0.000203629
-0.000205214
-0.000206789
-0.000208352
-0.000209898
-0.000211425
-0.000212929
-0.000214406
-0.000215853
-0.000217265
-0.000218638
-0.000219967
-0.000221247
-0.000222474
-0.000223641
-0.000224743
-0.000225775
-0.000226729
-0.000227601
-0.000228384
-0.00022907
-0.000229654
-0.000230128
-0.000230485
-0.00023072
-0.000230824
-0.000230791
-0.000230616
-0.000230291
-0.00022981
-0.000229169
-0.000228362
-0.000227386
-0.000226236
-0.00022491
-0.000223405
-0.000221721
-0.000219858
-0.000217815
-0.000215594
-0.000213197
-0.000210627
-0.000207889
-0.000204985
-0.000201921
-0.000198703
-0.000195336
-0.000191827
-0.000188182
-0.000184409
-0.000180515
-0.000176508
-0.000172397
-0.000168188
-0.000163892
-0.000159515
-0.000155068
-0.00015056
-0.000145998
-0.000141392
-0.000136752
-0.000132087
-0.000127405
-0.000122716
-0.00011803
-0.000113354
-0.000108697
-0.00010407
-9.94796e-05
-9.49348e-05
-9.0444e-05
-8.6015e-05
-8.16558e-05
-7.73738e-05
-7.31762e-05
-6.90699e-05
-6.50614e-05
-6.11569e-05
-5.73619e-05
-5.36818e-05
-5.01214e-05
-4.66851e-05
-4.33767e-05
-4.01995e-05
-3.71566e-05
-3.42501e-05
-3.1482e-05
-2.88535e-05
-2.63651e-05
-2.40169e-05
-2.18084e-05
-1.97381e-05
-1.78044e-05
-1.60045e-05
-1.43353e-05
-1.27932e-05
-1.13739e-05
-1.00727e-05
-8.88458e-06
-7.80405e-06
-6.82549e-06
-5.94309e-06
-5.15086e-06
-4.44285e-06
-3.81303e-06
-3.25548e-06
-2.76437e-06
-2.33405e-06
-1.959e-06
-1.63399e-06
-1.35401e-06
-1.11429e-06
-9.10391e-07
-7.38126e-07
-5.93653e-07
-4.73403e-07
-3.74103e-07
-2.92818e-07
-2.26877e-07
-1.73886e-07
-1.31754e-07
-9.85935e-08
-7.28247e-08
-5.30339e-08
-3.80482e-08
-2.68512e-08
-1.86329e-08
-1.26877e-08
-8.47269e-09
-5.54073e-09
-3.54764e-09
-2.21507e-09
-1.36165e-09
-8.0551e-10
-4.67765e-10
-2.59184e-10
-1.55309e-10
-8.62811e-11
-5.65793e-11
-0.00220596
-0.00212603
-0.00204832
-0.00197279
-0.00189942
-0.00182817
-0.00175899
-0.00169186
-0.00162674
-0.00156359
-0.00150239
-0.0014431
-0.00138569
-0.00133012
-0.00127636
-0.00122437
-0.00117413
-0.0011256
-0.00107874
-0.00103352
-0.000989895
-0.000947842
-0.000907319
-0.000868291
-0.000830721
-0.000794574
-0.000759812
-0.000726399
-0.0006943
-0.000663476
-0.000633893
-0.000605514
-0.000578303
-0.000552224
-0.000527243
-0.000503324
-0.000480433
-0.000458536
-0.000437599
-0.000417589
-0.000398473
-0.00038022
-0.000362798
-0.000346177
-0.000330326
-0.000315217
-0.00030082
-0.000287107
-0.000274052
-0.000261627
-0.000249807
-0.000238568
-0.000227884
-0.000217732
-0.000208089
-0.000198933
-0.000190243
-0.000181998
-0.000174177
-0.000166763
-0.000159735
-0.000153077
-0.000146771
-0.0001408
-0.000135148
-0.0001298
-0.000124741
-0.000119957
-0.000115435
-0.000111161
-0.000107123
-0.000103309
-9.97069e-05
-9.63067e-05
-9.30975e-05
-9.00694e-05
-8.72128e-05
-8.45186e-05
-8.1978e-05
-7.95829e-05
-7.73254e-05
-7.51978e-05
-7.31932e-05
-7.13046e-05
-6.95257e-05
-6.78503e-05
-6.62726e-05
-6.47871e-05
-6.33886e-05
-6.20721e-05
-6.08329e-05
-5.96667e-05
-5.85692e-05
-5.75364e-05
-5.65647e-05
-5.56505e-05
-5.47905e-05
-5.39815e-05
-5.32205e-05
-5.25049e-05
-5.18319e-05
-5.11991e-05
-5.06041e-05
-5.00448e-05
-4.95191e-05
-4.9025e-05
-4.85608e-05
-4.81247e-05
-4.77151e-05
-4.73305e-05
-4.69694e-05
-4.66305e-05
-4.63126e-05
-4.60144e-05
-4.57348e-05
-4.54728e-05
-4.52274e-05
-4.49978e-05
-4.47829e-05
-4.45819e-05
-4.43942e-05
-4.4219e-05
-4.40556e-05
-4.39034e-05
-4.37617e-05
-4.363e-05
-4.35078e-05
-4.33946e-05
-4.32898e-05
-4.31931e-05
-4.31039e-05
-4.3022e-05
-4.29469e-05
-4.28782e-05
-4.28156e-05
-4.27588e-05
-4.27073e-05
-4.2661e-05
-4.26193e-05
-4.25822e-05
-4.25492e-05
-4.252e-05
-4.24943e-05
-4.24719e-05
-4.24523e-05
-4.24353e-05
-4.24206e-05
-4.24077e-05
-4.23965e-05
-4.23864e-05
-4.23772e-05
-4.23685e-05
-4.23599e-05
-4.23509e-05
-4.23412e-05
-4.23304e-05
-4.23179e-05
-4.23033e-05
-4.22862e-05
-4.2266e-05
-4.22422e-05
-4.22142e-05
-4.21816e-05
-4.21438e-05
-4.21e-05
-4.20498e-05
-4.19925e-05
-4.19275e-05
-4.1854e-05
-4.17714e-05
-4.16791e-05
-4.15762e-05
-4.14621e-05
-4.1336e-05
-4.11972e-05
-4.1045e-05
-4.08787e-05
-4.06973e-05
-4.05004e-05
-4.02871e-05
-4.00567e-05
-3.98086e-05
-3.95421e-05
-3.92567e-05
-3.89517e-05
-3.86266e-05
-3.8281e-05
-3.79146e-05
-3.75269e-05
-3.71178e-05
-3.6687e-05
-3.62347e-05
-3.57607e-05
-3.52653e-05
-3.47487e-05
-3.42112e-05
-3.36533e-05
-3.30756e-05
-3.24788e-05
-3.18635e-05
-3.12308e-05
-3.05814e-05
-2.99164e-05
-2.9237e-05
-2.85442e-05
-2.78393e-05
-2.71234e-05
-2.63978e-05
-2.56639e-05
-2.49229e-05
-2.41762e-05
-2.34251e-05
-2.2671e-05
-2.19151e-05
-2.11588e-05
-2.04034e-05
-1.96502e-05
-1.89004e-05
-1.81554e-05
-1.74162e-05
-1.66842e-05
-1.59604e-05
-1.5246e-05
-1.45421e-05
-1.38496e-05
-1.31695e-05
-1.25029e-05
-1.18505e-05
-1.12132e-05
-1.05918e-05
-9.98693e-06
-9.39937e-06
-8.82966e-06
-8.27837e-06
-7.74594e-06
-7.23278e-06
-6.73928e-06
-6.26567e-06
-5.81217e-06
-5.37893e-06
-4.96602e-06
-4.57344e-06
-4.20111e-06
-3.84893e-06
-3.51669e-06
-3.20411e-06
-2.9109e-06
-2.63664e-06
-2.38091e-06
-2.1432e-06
-1.92295e-06
-1.71957e-06
-1.5324e-06
-1.36077e-06
-1.20394e-06
-1.06119e-06
-9.31726e-07
-8.14795e-07
-7.09583e-07
-6.15324e-07
-5.31229e-07
-4.56535e-07
-3.90475e-07
-3.32334e-07
-2.81401e-07
-2.37016e-07
-1.98515e-07
-1.65319e-07
-1.36839e-07
-1.12556e-07
-9.19665e-08
-7.46286e-08
-6.01209e-08
-4.80647e-08
-3.81252e-08
-2.99861e-08
-2.33711e-08
-1.80535e-08
-1.3803e-08
-1.04572e-08
-7.82351e-09
-5.79687e-09
-4.24392e-09
-3.06189e-09
-2.19182e-09
-1.54027e-09
-1.07629e-09
-7.4499e-10
-5.00125e-10
-3.53926e-10
-2.35678e-10
-1.53551e-10
-1.20807e-10
-7.64237e-11
-6.09588e-11
-5.33416e-11
-5.14549e-11
-5.43055e-11
-5.05213e-11
-5.71939e-11
-0.00246514
-0.00238763
-0.00231133
-0.00223626
-0.00216248
-0.00209
-0.00201887
-0.0019491
-0.00188073
-0.00181378
-0.00174828
-0.00168424
-0.00162169
-0.00156063
-0.00150109
-0.00144307
-0.00138659
-0.00133164
-0.00127822
-0.00122632
-0.00117594
-0.00112705
-0.00107964
-0.0010337
-0.00098922
-0.000946174
-0.000904546
-0.000864318
-0.000825469
-0.000787979
-0.000751823
-0.000716979
-0.000683422
-0.000651125
-0.000620064
-0.000590209
-0.000561534
-0.00053401
-0.000507608
-0.000482298
-0.000458051
-0.000434836
-0.000412625
-0.000391386
-0.00037109
-0.000351707
-0.000333207
-0.000315562
-0.000298741
-0.000282717
-0.00026746
-0.000252943
-0.000239138
-0.000226019
-0.000213557
-0.000201728
-0.000190506
-0.000179867
-0.000169785
-0.000160237
-0.0001512
-0.000142651
-0.000134569
-0.000126933
-0.000119722
-0.000112917
-0.000106497
-0.000100445
-9.47422e-05
-8.93719e-05
-8.43174e-05
-7.95625e-05
-7.50919e-05
-7.08907e-05
-6.69449e-05
-6.32407e-05
-5.97651e-05
-5.65055e-05
-5.34501e-05
-5.05874e-05
-4.79065e-05
-4.53969e-05
-4.30488e-05
-4.08526e-05
-3.87994e-05
-3.68806e-05
-3.50881e-05
-3.34141e-05
-3.18514e-05
-3.03928e-05
-2.9032e-05
-2.77627e-05
-2.65789e-05
-2.54751e-05
-2.44461e-05
-2.34869e-05
-2.25928e-05
-2.17595e-05
-2.09827e-05
-2.02587e-05
-1.95838e-05
-1.89545e-05
-1.83676e-05
-1.78201e-05
-1.73092e-05
-1.68323e-05
-1.63868e-05
-1.59705e-05
-1.55812e-05
-1.5217e-05
-1.48759e-05
-1.45561e-05
-1.42562e-05
-1.39745e-05
-1.37097e-05
-1.34604e-05
-1.32255e-05
-1.30039e-05
-1.27944e-05
-1.25962e-05
-1.24083e-05
-1.22299e-05
-1.20603e-05
-1.18988e-05
-1.17447e-05
-1.15974e-05
-1.14564e-05
-1.13212e-05
-1.11912e-05
-1.10662e-05
-1.09456e-05
-1.08291e-05
-1.07164e-05
-1.06072e-05
-1.05012e-05
-1.03982e-05
-1.02978e-05
-1.02e-05
-1.01044e-05
-1.00108e-05
-9.91928e-06
-9.82944e-06
-9.74122e-06
-9.65443e-06
-9.56901e-06
-9.48476e-06
-9.40163e-06
-9.31942e-06
-9.23812e-06
-9.15753e-06
-9.07763e-06
-8.99826e-06
-8.91938e-06
-8.84084e-06
-8.76258e-06
-8.68452e-06
-8.60651e-06
-8.52853e-06
-8.45046e-06
-8.3722e-06
-8.2937e-06
-8.21482e-06
-8.1355e-06
-8.05565e-06
-7.97517e-06
-7.894e-06
-7.81203e-06
-7.72918e-06
-7.64537e-06
-7.56051e-06
-7.4745e-06
-7.38731e-06
-7.29882e-06
-7.20896e-06
-7.11768e-06
-7.02491e-06
-6.93057e-06
-6.83461e-06
-6.73698e-06
-6.63766e-06
-6.53657e-06
-6.43373e-06
-6.32907e-06
-6.22262e-06
-6.11435e-06
-6.00428e-06
-5.89242e-06
-5.77883e-06
-5.66351e-06
-5.54656e-06
-5.42801e-06
-5.30794e-06
-5.18649e-06
-5.06369e-06
-4.9397e-06
-4.81464e-06
-4.68864e-06
-4.56183e-06
-4.43438e-06
-4.30644e-06
-4.17817e-06
-4.04977e-06
-3.92138e-06
-3.79319e-06
-3.66536e-06
-3.53809e-06
-3.41155e-06
-3.2859e-06
-3.16133e-06
-3.03799e-06
-2.91607e-06
-2.79569e-06
-2.67702e-06
-2.56021e-06
-2.4454e-06
-2.33271e-06
-2.22226e-06
-2.11418e-06
-2.00855e-06
-1.90552e-06
-1.80514e-06
-1.70749e-06
-1.61266e-06
-1.52073e-06
-1.43171e-06
-1.34569e-06
-1.26271e-06
-1.18277e-06
-1.10591e-06
-1.03215e-06
-9.61483e-07
-8.93915e-07
-8.29426e-07
-7.68e-07
-7.09631e-07
-6.54249e-07
-6.01835e-07
-5.5235e-07
-5.05709e-07
-4.61874e-07
-4.20777e-07
-3.82326e-07
-3.46462e-07
-3.13092e-07
-2.82131e-07
-2.53478e-07
-2.27066e-07
-2.02755e-07
-1.80479e-07
-1.60108e-07
-1.41567e-07
-1.2473e-07
-1.095e-07
-9.57773e-08
-8.34475e-08
-7.24286e-08
-6.26085e-08
-5.38795e-08
-4.61748e-08
-3.94043e-08
-3.34564e-08
-2.82859e-08
-2.37859e-08
-1.99026e-08
-1.65682e-08
-1.37108e-08
-1.12849e-08
-9.2322e-09
-7.51003e-09
-6.06611e-09
-4.87593e-09
-3.88003e-09
-3.07679e-09
-2.41943e-09
-1.89069e-09
-1.4713e-09
-1.12629e-09
-8.67569e-10
-6.63752e-10
-4.95336e-10
-3.68741e-10
-2.83859e-10
-2.21367e-10
-1.52376e-10
-1.40222e-10
-9.24745e-11
-7.48075e-11
-6.39133e-11
-5.72325e-11
-5.33849e-11
-5.17842e-11
-5.23707e-11
-5.16982e-11
-5.01902e-11
-5.52241e-11
-4.94322e-11
-5.33407e-11
-4.97096e-11
-5.28828e-11
-4.74519e-11
-0.00258746
-0.00252943
-0.00247105
-0.00241239
-0.00235351
-0.00229451
-0.00223544
-0.00217639
-0.00211741
-0.00205859
-0.00199998
-0.00194166
-0.00188368
-0.00182611
-0.00176901
-0.00171244
-0.00165645
-0.0016011
-0.00154644
-0.00149254
-0.00143946
-0.00138723
-0.00133592
-0.00128557
-0.00123621
-0.00118789
-0.00114063
-0.00109447
-0.00104943
-0.00100553
-0.000962788
-0.000921225
-0.000880848
-0.000841668
-0.00080369
-0.000766916
-0.000731347
-0.000696978
-0.000663795
-0.000631777
-0.000600904
-0.000571155
-0.000542513
-0.000514955
-0.000488462
-0.000463012
-0.000438585
-0.000415157
-0.000392706
-0.000371209
-0.000350642
-0.00033098
-0.0003122
-0.000294275
-0.000277182
-0.000260894
-0.000245386
-0.000230632
-0.000216606
-0.000203284
-0.00019064
-0.000178649
-0.000167286
-0.000156528
-0.00014635
-0.000136728
-0.00012764
-0.000119063
-0.000110975
-0.000103355
-9.61806e-05
-8.94325e-05
-8.30903e-05
-7.71349e-05
-7.15473e-05
-6.63095e-05
-6.14038e-05
-5.68134e-05
-5.25217e-05
-4.8513e-05
-4.47721e-05
-4.12845e-05
-3.80359e-05
-3.5013e-05
-3.22028e-05
-2.9593e-05
-2.71718e-05
-2.49279e-05
-2.28505e-05
-2.09293e-05
-1.91545e-05
-1.7517e-05
-1.60077e-05
-1.46184e-05
-1.3341e-05
-1.21681e-05
-1.10925e-05
-1.01074e-05
-9.20656e-06
-8.38387e-06
-7.63372e-06
-6.95078e-06
-6.33006e-06
-5.76678e-06
-5.25663e-06
-4.79536e-06
-4.37918e-06
-4.00445e-06
-3.66769e-06
-3.36588e-06
-3.09601e-06
-2.85531e-06
-2.64125e-06
-2.45149e-06
-2.28378e-06
-2.1361e-06
-2.00657e-06
-1.89344e-06
-1.79512e-06
-1.71008e-06
-1.63699e-06
-1.57458e-06
-1.52173e-06
-1.4773e-06
-1.44038e-06
-1.4101e-06
-1.3856e-06
-1.36619e-06
-1.35118e-06
-1.33996e-06
-1.33197e-06
-1.32674e-06
-1.32383e-06
-1.32278e-06
-1.32329e-06
-1.325e-06
-1.32766e-06
-1.33095e-06
-1.33468e-06
-1.33865e-06
-1.3427e-06
-1.34663e-06
-1.35033e-06
-1.35372e-06
-1.35662e-06
-1.35901e-06
-1.36079e-06
-1.36192e-06
-1.36232e-06
-1.36197e-06
-1.36086e-06
-1.35891e-06
-1.35615e-06
-1.35256e-06
-1.34811e-06
-1.34284e-06
-1.33672e-06
-1.32975e-06
-1.32199e-06
-1.3134e-06
-1.304e-06
-1.29385e-06
-1.28291e-06
-1.27122e-06
-1.25882e-06
-1.24572e-06
-1.23193e-06
-1.21746e-06
-1.20237e-06
-1.18667e-06
-1.17038e-06
-1.15352e-06
-1.13611e-06
-1.1182e-06
-1.09978e-06
-1.0809e-06
-1.06157e-06
-1.04183e-06
-1.02169e-06
-1.00119e-06
-9.80363e-07
-9.59206e-07
-9.37781e-07
-9.16075e-07
-8.94159e-07
-8.72032e-07
-8.49735e-07
-8.27295e-07
-8.04739e-07
-7.82092e-07
-7.5941e-07
-7.36669e-07
-7.13971e-07
-6.91293e-07
-6.68685e-07
-6.46176e-07
-6.23797e-07
-6.01576e-07
-5.79541e-07
-5.57723e-07
-5.36164e-07
-5.14855e-07
-4.93859e-07
-4.73187e-07
-4.52859e-07
-4.32905e-07
-4.13344e-07
-3.94202e-07
-3.75474e-07
-3.57196e-07
-3.39396e-07
-3.22054e-07
-3.05208e-07
-2.88857e-07
-2.73013e-07
-2.57684e-07
-2.42864e-07
-2.28571e-07
-2.14809e-07
-2.01568e-07
-1.88855e-07
-1.7666e-07
-1.6498e-07
-1.53832e-07
-1.43192e-07
-1.33044e-07
-1.23404e-07
-1.14252e-07
-1.05586e-07
-9.73755e-08
-8.96369e-08
-8.23351e-08
-7.54677e-08
-6.90367e-08
-6.30133e-08
-5.73763e-08
-5.21248e-08
-4.72353e-08
-4.27043e-08
-3.85059e-08
-3.46169e-08
-3.10646e-08
-2.77772e-08
-2.47717e-08
-2.20292e-08
-1.95316e-08
-1.72685e-08
-1.52028e-08
-1.33517e-08
-1.16906e-08
-1.01916e-08
-8.85702e-09
-7.67218e-09
-6.61835e-09
-5.68593e-09
-4.8687e-09
-4.15101e-09
-3.52732e-09
-2.98154e-09
-2.5138e-09
-2.10572e-09
-1.76256e-09
-1.47123e-09
-1.2092e-09
-9.95459e-10
-8.19761e-10
-6.73194e-10
-5.51865e-10
-4.47111e-10
-3.63629e-10
-2.88636e-10
-2.5105e-10
-1.8156e-10
-1.53749e-10
-1.45939e-10
-1.01404e-10
-8.40658e-11
-7.24573e-11
-6.4173e-11
-5.85174e-11
-5.28956e-11
-5.5374e-11
-5.07321e-11
-5.47652e-11
-5.00193e-11
-5.34786e-11
-5.25912e-11
-5.03351e-11
-5.12668e-11
-5.14504e-11
-5.1631e-11
-5.17301e-11
-5.15603e-11
-5.13938e-11
-5.11729e-11
-5.1151e-11
-5.10898e-11
-5.05361e-11
-4.91342e-11
-4.90035e-11
-0.00222958
-0.00221498
-0.00219816
-0.00217921
-0.00215824
-0.00213532
-0.00211057
-0.00208406
-0.00205591
-0.00202619
-0.00199502
-0.00196247
-0.00192866
-0.00189367
-0.00185761
-0.00182055
-0.0017826
-0.00174385
-0.00170439
-0.00166432
-0.0016237
-0.00158265
-0.00154123
-0.00149953
-0.00145763
-0.00141561
-0.00137354
-0.0013315
-0.00128956
-0.00124779
-0.00120624
-0.00116498
-0.00112408
-0.00108358
-0.00104355
-0.00100402
-0.000965059
-0.000926697
-0.000888989
-0.000851988
-0.00081574
-0.000780284
-0.000745656
-0.000711887
-0.000679003
-0.000647026
-0.000615975
-0.000585864
-0.000556704
-0.000528503
-0.000501266
-0.000474993
-0.000449683
-0.000425332
-0.000401933
-0.000379477
-0.000357946
-0.000337316
-0.000317565
-0.000298671
-0.000280612
-0.000263367
-0.000246915
-0.000231234
-0.000216302
-0.000202098
-0.0001886
-0.000175785
-0.000163632
-0.000152117
-0.000141219
-0.000130916
-0.000121184
-0.000112003
-0.00010335
-9.52035e-05
-8.75424e-05
-8.03459e-05
-7.35935e-05
-6.72651e-05
-6.13412e-05
-5.58027e-05
-5.0631e-05
-4.5808e-05
-4.13161e-05
-3.71383e-05
-3.32582e-05
-2.96597e-05
-2.63275e-05
-2.32468e-05
-2.04033e-05
-1.77832e-05
-1.53733e-05
-1.3161e-05
-1.11343e-05
-9.28145e-06
-7.59149e-06
-6.05378e-06
-4.65829e-06
-3.39545e-06
-2.2562e-06
-1.23184e-06
-3.14203e-07
5.04465e-07
1.23148e-06
1.8738e-06
2.43794e-06
2.93009e-06
3.35598e-06
3.72114e-06
4.0306e-06
4.28917e-06
4.50139e-06
4.67135e-06
4.80304e-06
4.90009e-06
4.96584e-06
5.0035e-06
5.01598e-06
5.006e-06
4.97604e-06
4.92839e-06
4.86529e-06
4.78861e-06
4.70019e-06
4.60167e-06
4.4946e-06
4.3803e-06
4.2601e-06
4.1351e-06
4.00638e-06
3.8748e-06
3.74129e-06
3.6066e-06
3.47138e-06
3.33624e-06
3.20176e-06
3.06838e-06
2.93653e-06
2.80663e-06
2.67891e-06
2.55371e-06
2.43126e-06
2.31175e-06
2.19532e-06
2.08219e-06
1.9724e-06
1.86603e-06
1.7632e-06
1.66388e-06
1.56815e-06
1.476e-06
1.38741e-06
1.30238e-06
1.22088e-06
1.14286e-06
1.06829e-06
9.97053e-07
9.29163e-07
8.64496e-07
8.03018e-07
7.44621e-07
6.89214e-07
6.36757e-07
5.87127e-07
5.40236e-07
4.96002e-07
4.54344e-07
4.15156e-07
3.78334e-07
3.43812e-07
3.11498e-07
2.81285e-07
2.53072e-07
2.26819e-07
2.02386e-07
1.79708e-07
1.58712e-07
1.39317e-07
1.21401e-07
1.04941e-07
8.98233e-08
7.59836e-08
6.33448e-08
5.18656e-08
4.14314e-08
3.20073e-08
2.35303e-08
1.59219e-08
9.14459e-09
3.12388e-09
-2.20376e-09
-6.85831e-09
-1.09068e-08
-1.43948e-08
-1.73744e-08
-1.98714e-08
-2.19453e-08
-2.36198e-08
-2.49509e-08
-2.59468e-08
-2.66609e-08
-2.71051e-08
-2.73261e-08
-2.73479e-08
-2.71632e-08
-2.68461e-08
-2.63904e-08
-2.58078e-08
-2.51284e-08
-2.43703e-08
-2.3544e-08
-2.26641e-08
-2.17488e-08
-2.08021e-08
-1.98065e-08
-1.88404e-08
-1.78531e-08
-1.68733e-08
-1.58981e-08
-1.49467e-08
-1.4012e-08
-1.31047e-08
-1.22174e-08
-1.13683e-08
-1.05492e-08
-9.76278e-09
-9.00971e-09
-8.29987e-09
-7.62588e-09
-6.98452e-09
-6.38509e-09
-5.81978e-09
-5.28509e-09
-4.79295e-09
-4.33411e-09
-3.90474e-09
-3.51694e-09
-3.14525e-09
-2.81779e-09
-2.51468e-09
-2.2234e-09
-1.98535e-09
-1.74632e-09
-1.53715e-09
-1.35307e-09
-1.18511e-09
-1.04304e-09
-8.92026e-10
-7.76007e-10
-6.72964e-10
-5.79526e-10
-5.06553e-10
-4.37852e-10
-3.61573e-10
-3.19424e-10
-2.57674e-10
-2.46566e-10
-1.847e-10
-1.56216e-10
-1.5422e-10
-1.36034e-10
-1.00917e-10
-8.61718e-11
-7.55748e-11
-6.72382e-11
-6.0858e-11
-5.64375e-11
-5.39237e-11
-5.15771e-11
-5.3338e-11
-5.51419e-11
-5.02438e-11
-5.49014e-11
-5.09252e-11
-5.033e-11
-5.31849e-11
-4.89284e-11
-5.36227e-11
-4.91459e-11
-5.35622e-11
-4.90171e-11
-5.15076e-11
-5.12793e-11
-5.08045e-11
-5.05137e-11
-4.74759e-11
-4.68441e-11
-4.63005e-11
-4.57811e-11
-4.52994e-11
-4.48671e-11
-4.44971e-11
-4.41872e-11
-4.39368e-11
-4.37455e-11
-4.36164e-11
-4.35578e-11
-4.35551e-11
-4.35572e-11
)
;

boundaryField
{
    Inlet
    {
        type            zeroGradient;
    }
    BotOutlet1
    {
        type            zeroGradient;
    }
    BotOutlet2
    {
        type            zeroGradient;
    }
    TopInlet
    {
        type            zeroGradient;
    }
    FreeStream
    {
        type            zeroGradient;
    }
    FrontNBack
    {
        type            empty;
    }
    LeftSide
    {
        type            zeroGradient;
    }
    procBoundary2to1
    {
        type            processor;
        value           nonuniform List<scalar> 
400
(
-11819.5
-11004.8
-10208.2
-9439.56
-8707.22
-8017.58
-7375.26
-6783.23
-6242.72
-5753.57
-5314.38
-4922.7
-4575.3
-4268.32
-3997.53
-3758.48
-3546.66
-3357.59
-3186.99
-3030.77
-2885.15
-2746.69
-2612.32
-2479.35
-2345.52
-2208.98
-2068.37
-1922.75
-1771.66
-1615.1
-1453.56
-1287.94
-1119.6
-950.336
-782.246
-618.016
-459.297
-310.673
-175.117
-23.8002
-0.259571
-0.00787343
-0.000940264
-0.0298879
-0.040302
-0.0436033
-0.0434811
-0.0409659
-0.0367587
-0.0313542
-0.0254291
-0.0198053
-0.014813
-0.0101666
-0.00577585
-0.00168043
0.00211587
0.00559233
0.00872162
0.0114797
0.0138514
0.0158281
0.0174084
0.0185969
0.0194033
0.0198423
0.019933
0.0196985
0.0191649
0.0183612
0.0173184
0.016069
0.0146461
0.0130833
0.0114135
0.00966878
0.00787935
0.00607352
0.00427706
0.00251291
0.000801021
-0.000841874
-0.00240225
-0.00386979
-0.00523726
-0.00650035
-0.00765736
-0.00870896
-0.00965786
-0.0105085
-0.0112665
-0.0119388
-0.0125331
-0.0130577
-0.013521
-0.0139318
-0.0142983
-0.014629
-0.0149315
-0.0152133
-0.015419
-0.0155602
-0.0157004
-0.0158402
-0.0159806
-0.0161224
-0.0162663
-0.0164132
-0.0165637
-0.0167187
-0.0168786
-0.0170443
-0.0172164
-0.0173955
-0.0175821
-0.0177768
-0.0179802
-0.0181929
-0.0184152
-0.0186477
-0.0188908
-0.0191451
-0.0194109
-0.0196887
-0.0199789
-0.0202819
-0.0205982
-0.0209281
-0.0212721
-0.0216305
-0.0220038
-0.0223924
-0.0227966
-0.023217
-0.0236539
-0.0241079
-0.0245792
-0.0250685
-0.0255761
-0.0261026
-0.0266484
-0.0272142
-0.0278003
-0.0284075
-0.0290362
-0.029687
-0.0303606
-0.0310576
-0.0317786
-0.0325244
-0.0332955
-0.0340928
-0.0349169
-0.0357687
-0.0366488
-0.0375582
-0.0384975
-0.0394678
-0.0404698
-0.0415044
-0.0425725
-0.0436752
-0.0448132
-0.0459876
-0.0471994
-0.0484496
-0.0497391
-0.0510691
-0.0524406
-0.0538546
-0.0553122
-0.0568145
-0.0583626
-0.0599577
-0.0616007
-0.0632929
-0.0650352
-0.0668289
-0.068675
-0.0705747
-0.0725288
-0.0745387
-0.0766051
-0.0787293
-0.0809121
-0.0831545
-0.0854573
-0.0878216
-0.090248
-0.0927373
-0.0952902
-0.0979073
-0.100589
-0.103336
-0.106149
-0.109028
-0.111972
-0.114983
-0.11806
-0.121204
-0.124412
-0.127687
-0.131026
-0.134429
-0.137896
-0.141425
-0.145016
-0.148666
-0.152376
-0.156144
-0.159967
-0.163845
-0.167775
-0.171756
-0.175785
-0.179861
-0.183978
-0.188138
-0.192338
-0.196574
-0.200844
-0.205144
-0.209473
-0.213823
-0.218196
-0.222586
-0.226988
-0.231403
-0.235818
-0.240232
-0.244639
-0.249039
-0.253422
-0.257784
-0.26212
-0.266426
-0.270694
-0.274914
-0.279086
-0.283206
-0.287246
-0.291201
-0.295083
-0.298881
-0.302592
-0.306225
-0.309731
-0.313094
-0.316304
-0.319404
-0.322357
-0.325148
-0.32777
-0.330218
-0.332489
-0.334549
-0.33634
-0.337872
-0.339101
-0.340078
-0.340772
-0.341155
-0.341228
-0.340975
-0.340375
-0.339411
-0.338073
-0.336327
-0.33418
-0.331603
-0.328548
-0.325109
-0.321234
-0.316974
-0.31225
-0.3071
-0.301621
-0.295806
-0.289859
-0.28375
-0.277615
-0.271488
-0.265451
-0.259688
-0.254401
-0.249777
-0.246109
-0.24374
-0.243022
-0.24424
-0.24762
-0.253449
-0.261979
-0.273449
-0.288091
-0.306135
-0.327797
-0.353033
-0.381841
-0.414186
-0.44986
-0.48853
-0.52984
-0.573447
-0.619013
-0.666256
-0.714962
-0.764845
-0.81525
-0.866019
-0.91755
-0.968989
-1.02017
-1.07069
-1.12011
-1.16739
-1.21172
-1.25253
-1.2895
-1.32261
-1.35201
-1.37792
-1.4007
-1.42056
-1.43774
-1.45274
-1.46599
-1.47805
-1.48875
-1.49811
-1.50627
-1.51346
-1.52003
-1.5258
-1.53066
-1.53456
-1.53744
-1.53921
-1.53979
-1.53917
-1.53746
-1.53511
-1.53105
-1.52605
-1.52013
-1.51308
-1.50469
-1.49489
-1.48364
-1.47093
-1.4568
-1.44134
-1.42467
-1.40699
-1.38854
-1.36956
-1.3503
-1.33098
-1.31184
-1.29309
-1.27496
-1.25769
-1.24149
-1.2266
-1.21325
-1.20164
-1.19201
-1.18453
-1.17941
-1.17679
-1.17682
-1.17961
-1.18521
-1.19365
-1.20493
-1.21902
-1.23585
-1.25531
-1.27723
-1.30141
-1.32763
-1.35561
-1.38495
-1.41539
-1.44665
-1.47836
-1.51012
-1.54148
-1.5719
-1.60069
-1.62688
-1.64929
-1.66585
-1.6732
-1.66389
-1.62636
-1.53972
-1.36854
-1.05083
-0.484341
)
;
    }
    procBoundary2to3
    {
        type            processor;
        value           nonuniform List<scalar> 
400
(
-11608.2
-10356
-9080.88
-7774.83
-6437.11
-5075.19
-3702.05
-2324.77
-913.926
-22.5264
-16.0818
-14.7407
-13.5134
-12.409
-11.4354
-10.5554
-9.75126
-9.01102
-8.32346
-7.68027
-7.07515
-6.50335
-5.96143
-5.44688
-4.95842
-4.49524
-4.05732
-3.64471
-3.25806
-2.89838
-2.56756
-2.26468
-1.98881
-1.73887
-1.51364
-1.31179
-1.13183
-0.97223
-0.831402
-0.707745
-0.599682
-0.505683
-0.424285
-0.354109
-0.293871
-0.242386
-0.19857
-0.16144
-0.130112
-0.103797
-0.0817921
-0.0634806
-0.0483198
-0.0358363
-0.0256189
-0.0173125
-0.0106112
-0.00525292
-0.0010139
0.00229607
0.00483819
0.00674854
0.00814157
0.00911327
0.00974383
0.0101
0.0102373
0.0102014
0.0100302
0.00975463
0.00940019
0.00898753
0.00853345
0.00805153
0.00755271
0.00704572
0.00653752
0.00603361
0.00553827
0.00505486
0.00458591
0.00413335
0.00369857
0.00328258
0.00288604
0.00250935
0.00215269
0.0018161
0.00149944
0.0012025
0.000924965
0.000666451
0.000426522
0.000204694
4.47492e-07
-0.000186769
-0.000357528
-0.000512424
-0.000652067
-0.000777079
-0.000865196
-0.000922665
-0.000976317
-0.00102621
-0.0010724
-0.00111495
-0.00115392
-0.00118939
-0.00122142
-0.00125008
-0.00127545
-0.00129761
-0.00131664
-0.00133263
-0.00134566
-0.00135583
-0.00136322
-0.00136793
-0.00137006
-0.0013697
-0.00136696
-0.00136194
-0.00135474
-0.00134547
-0.00133422
-0.00132111
-0.00130623
-0.0012897
-0.00127162
-0.00125209
-0.00123121
-0.00120909
-0.00118584
-0.00116154
-0.0011363
-0.00111022
-0.00108339
-0.0010559
-0.00102785
-0.000999322
-0.000970401
-0.000941173
-0.000911715
-0.000882107
-0.000852421
-0.000822728
-0.000793095
-0.000763587
-0.000734265
-0.000705185
-0.000676402
-0.000647967
-0.000619926
-0.000592325
-0.000565203
-0.000538598
-0.000512551
-0.000487104
-0.000462292
-0.000438146
-0.000414691
-0.000391947
-0.000369932
-0.000348659
-0.000328134
-0.000308366
-0.000289355
-0.000271102
-0.000253603
-0.000236852
-0.000220842
-0.000205561
-0.000190996
-0.000177127
-0.000163936
-0.000151405
-0.000139515
-0.000128248
-0.000117585
-0.000107506
-9.79937e-05
-8.90273e-05
-8.0588e-05
-7.26563e-05
-6.52129e-05
-5.82387e-05
-5.17144e-05
-4.56213e-05
-3.99407e-05
-3.46542e-05
-2.97436e-05
-2.51911e-05
-2.09793e-05
-1.70912e-05
-1.351e-05
-1.02196e-05
-7.20414e-06
-4.4485e-06
-1.93781e-06
3.42187e-07
2.40535e-06
4.26486e-06
5.93362e-06
7.42381e-06
8.74727e-06
9.91522e-06
1.09385e-05
1.18273e-05
1.25915e-05
1.32404e-05
1.37827e-05
1.4227e-05
1.45811e-05
1.48526e-05
1.50484e-05
1.51754e-05
1.52396e-05
1.52471e-05
1.52034e-05
1.51136e-05
1.49825e-05
1.48146e-05
1.46142e-05
1.43851e-05
1.4131e-05
1.38551e-05
1.35606e-05
1.32504e-05
1.29269e-05
1.25928e-05
1.22501e-05
1.19008e-05
1.15469e-05
1.11898e-05
1.08313e-05
1.04725e-05
1.01148e-05
9.75927e-06
9.4068e-06
9.05825e-06
8.71447e-06
8.37603e-06
8.04361e-06
7.71759e-06
7.39854e-06
7.08669e-06
6.78243e-06
6.48596e-06
6.19748e-06
5.91717e-06
5.6451e-06
5.38135e-06
5.12598e-06
4.87898e-06
4.64034e-06
4.40999e-06
4.18789e-06
3.97396e-06
3.76809e-06
3.57014e-06
3.38004e-06
3.19759e-06
3.02267e-06
2.85511e-06
2.69475e-06
2.54142e-06
2.39493e-06
2.25509e-06
2.12176e-06
1.99471e-06
1.87374e-06
1.75871e-06
1.64939e-06
1.54558e-06
1.44713e-06
1.35382e-06
1.26544e-06
1.18188e-06
1.10286e-06
1.02826e-06
9.57887e-07
8.91557e-07
8.29104e-07
7.70341e-07
7.15128e-07
6.63274e-07
6.14648e-07
5.69065e-07
5.264e-07
4.8652e-07
4.49225e-07
4.14439e-07
3.81994e-07
3.51774e-07
3.23647e-07
2.97508e-07
2.73226e-07
2.50705e-07
2.29842e-07
2.10501e-07
1.92643e-07
1.76131e-07
1.60885e-07
1.46844e-07
1.33893e-07
1.21989e-07
1.11053e-07
1.00992e-07
9.1774e-08
8.33261e-08
7.55932e-08
6.85185e-08
6.20637e-08
5.61576e-08
5.07791e-08
4.58814e-08
4.14204e-08
3.73723e-08
3.36709e-08
3.03437e-08
2.7319e-08
2.45612e-08
2.20763e-08
1.98343e-08
1.77961e-08
1.59711e-08
1.4317e-08
1.28232e-08
1.14834e-08
1.02757e-08
9.17934e-09
8.21214e-09
7.33005e-09
6.54551e-09
5.84197e-09
5.20888e-09
4.63648e-09
4.12918e-09
3.68221e-09
3.26839e-09
2.91004e-09
2.58074e-09
2.29149e-09
2.02866e-09
1.80707e-09
1.60271e-09
1.40547e-09
1.24819e-09
1.09188e-09
9.78453e-10
8.4775e-10
7.49538e-10
6.71236e-10
5.66801e-10
4.93399e-10
4.50827e-10
3.62509e-10
3.37944e-10
2.65071e-10
2.60673e-10
1.95425e-10
1.63815e-10
1.54923e-10
1.21527e-10
9.0586e-11
7.15033e-11
5.45073e-11
5.16197e-11
4.54187e-11
1.8184e-11
7.9725e-12
-4.13211e-13
-7.97526e-12
-1.42375e-11
-1.97827e-11
-2.43858e-11
-2.84168e-11
-3.17244e-11
-3.46444e-11
-3.68703e-11
-3.84681e-11
-4.0023e-11
-4.14174e-11
-4.24427e-11
-4.28859e-11
-4.31922e-11
-4.35189e-11
-4.37729e-11
-4.39621e-11
-4.40989e-11
-4.41981e-11
-4.42639e-11
-4.4308e-11
-4.43344e-11
-4.43452e-11
-4.43502e-11
-4.43528e-11
-4.4354e-11
-4.43545e-11
-4.43546e-11
)
;
    }
}


// ************************************************************************* //
