/*--------------------------------*- C++ -*----------------------------------*\
| =========                 |                                                 |
| \\      /  F ield         | OpenFOAM: The Open Source CFD Toolbox           |
|  \\    /   O peration     | Version:  2.4.0                                 |
|   \\  /    A nd           | Web:      www.OpenFOAM.org                      |
|    \\/     M anipulation  |                                                 |
\*---------------------------------------------------------------------------*/
FoamFile
{
    version     2.0;
    format      ascii;
    class       volScalarField;
    location    "3.6";
    object      H;
}
// * * * * * * * * * * * * * * * * * * * * * * * * * * * * * * * * * * * * * //

dimensions      [0 2 -2 0 0 0 0];

internalField   nonuniform List<scalar> 
8000
(
-11918.2
-11297.8
-10685.5
-10085.1
-9499.09
-8929.18
-8376.56
-7841.82
-7325.42
-6827.61
-6348.93
-5889.81
-5450.57
-5031.38
-4632.37
-4253.62
-3895.07
-3556.21
-3236.53
-2935.19
-2651.16
-2383.1
-2129.48
-1888.43
-1658.15
-1436.51
-1221.27
-1010.13
-801.693
-597.055
-401.743
-228.504
-93.6733
-1.14688
-0.117587
-0.0671289
-0.228014
-20.9535
-50.8571
-71.6221
-88.7689
-101.225
-109.807
-115.897
-120.114
-124.807
-129.077
-132.908
-136.03
-138.506
-11950.5
-11392.3
-10836.5
-10284.4
-9737.6
-9197.44
-8665.55
-8143.69
-7633.59
-7137.13
-6656.14
-6192.37
-5747.35
-5322.43
-4918.59
-4536.55
-4176.63
-3838.75
-3522.53
-3227.2
-2951.68
-2694.69
-2454.8
-2230.48
-2020.2
-1822.44
-1635.76
-1458.78
-1290.26
-1129.1
-974.365
-825.223
-680.876
-540.565
-403.878
-271.029
-140.399
-1.83604
-0.0639943
-0.0288495
-0.133183
-9.63408
-20.7048
-31.2898
-40.3283
-47.4244
-53.2067
-58.6209
-63.9126
-68.9327
-11956.7
-11409.7
-10862
-10313.9
-9766.48
-9221.19
-8680.07
-8145.53
-7620.21
-7106.92
-6608.42
-6127.38
-5666.18
-5226.85
-4811
-4419.72
-4053.64
-3712.88
-3397.11
-3105.61
-2837.31
-2590.89
-2364.84
-2157.51
-1967.2
-1792.19
-1630.74
-1481.19
-1341.94
-1211.48
-1088.42
-971.456
-859.245
-750.158
-643.962
-539.926
-437.179
-335.417
-234.862
-136.559
-46.0164
-0.59264
-0.0385544
-0.0171161
-0.0449494
-3.7107
-8.44367
-13.5825
-18.4164
-22.9435
-11951
-11392.2
-10831.7
-10269.5
-9706.54
-9144.63
-8586.1
-8033.79
-7490.83
-6960.48
-6445.96
-5950.31
-5476.2
-5025.89
-4601.1
-4203
-3832.19
-3488.75
-3172.26
-2881.88
-2616.43
-2374.48
-2154.4
-1954.46
-1772.9
-1607.94
-1457.89
-1321.1
-1196.05
-1081.33
-975.661
-877.872
-786.929
-701.916
-622.035
-546.606
-475.072
-407.007
-342.125
-280.264
-221.339
-165.178
-111.144
-59.2123
-15.3715
-0.190834
-0.0335029
-0.0365893
-1.42773
-3.41441
-11944.5
-11372.9
-10800.5
-10227.6
-9655.37
-9085.74
-8521.15
-7964.43
-7418.67
-6887.01
-6372.53
-5878.06
-5406.07
-4958.58
-4537.11
-4142.61
-3775.51
-3435.76
-3122.84
-2835.83
-2573.55
-2334.55
-2117.25
-1919.97
-1741.01
-1578.7
-1431.41
-1297.61
-1175.89
-1064.92
-963.526
-870.641
-785.314
-706.706
-634.078
-566.787
-504.274
-446.059
-391.734
-340.953
-293.422
-248.89
-207.15
-168.05
-131.506
-97.4265
-65.2455
-33.6254
-0.362715
-0.0318277
-11942.8
-11368.5
-10794.7
-10222.2
-9652.79
-9088.36
-8531.29
-7984.22
-7449.89
-6931.03
-6430.25
-5949.87
-5491.91
-5057.95
-4649.12
-4266.09
-3909.07
-3577.87
-3271.89
-2990.25
-2731.78
-2495.17
-2278.95
-2081.6
-1901.57
-1737.35
-1587.47
-1450.55
-1325.29
-1210.51
-1105.12
-1008.14
-918.694
-835.992
-759.341
-688.122
-621.788
-559.859
-501.91
-447.563
-396.479
-348.347
-302.87
-259.767
-218.78
-179.683
-142.27
-106.283
-71.2765
-36.4606
-11947.6
-11383.5
-10821.3
-10262.4
-9708.74
-9162.36
-8625.45
-8100.29
-7589.15
-7094.23
-6617.52
-6160.77
-5725.41
-5312.54
-4922.89
-4556.79
-4214.26
-3894.95
-3598.27
-3323.34
-3069.14
-2834.48
-2618.07
-2418.61
-2234.74
-2065.16
-1908.59
-1763.83
-1629.74
-1505.28
-1389.49
-1281.5
-1180.51
-1085.84
-996.853
-912.997
-833.79
-758.812
-687.699
-620.142
-555.88
-494.696
-436.41
-380.879
-327.993
-277.688
-229.956
-184.853
-142.438
-102.91
-11959.3
-11418.7
-10881
-10347.9
-9821.62
-9304.02
-8797.14
-8302.88
-7823.07
-7359.33
-6913.12
-6485.61
-6077.73
-5690.12
-5323.14
-4976.85
-4651.08
-4345.38
-4059.14
-3791.56
-3541.7
-3308.55
-3091.02
-2887.99
-2698.33
-2520.94
-2354.77
-2198.78
-2052.03
-1913.62
-1782.73
-1658.61
-1540.57
-1428
-1320.36
-1217.17
-1118
-1022.51
-930.419
-841.489
-755.552
-672.506
-592.311
-514.986
-440.602
-369.285
-301.226
-236.717
-176.202
-120.593
-11975.9
-11468.9
-10965.4
-10467.4
-9977.04
-9496.14
-9026.38
-8569.31
-8126.27
-7698.42
-7286.69
-6891.79
-6514.2
-6154.18
-5811.76
-5486.8
-5178.94
-4887.69
-4612.42
-4352.38
-4106.76
-3874.68
-3655.24
-3447.52
-3250.61
-3063.62
-2885.69
-2715.99
-2553.74
-2398.22
-2248.74
-2104.66
-1965.4
-1830.43
-1699.22
-1571.31
-1446.42
-1324.3
-1204.75
-1087.56
-972.588
-859.799
-749.25
-641.081
-535.507
-432.832
-333.545
-238.486
-148.896
-68.106
-11995.2
-11526.9
-11062.3
-10603.6
-10152.6
-9710.94
-9280.05
-8861.08
-8454.98
-8062.49
-7684.12
-7320.21
-6970.9
-6636.15
-6315.78
-6009.46
-5716.77
-5437.15
-5170.01
-4914.67
-4670.44
-4436.6
-4212.4
-3997.12
-3790.04
-3590.45
-3397.7
-3211.15
-3030.16
-2854.18
-2682.66
-2515.06
-2350.92
-2189.77
-2031.18
-1874.78
-1720.21
-1567.17
-1415.41
-1264.78
-1115.21
-966.751
-819.528
-673.72
-529.577
-387.676
-249.531
-117.261
-1.23329
-0.0182855
-12014.6
-11585
-11158.9
-10738.4
-10324.9
-9919.94
-9524.54
-9139.57
-8765.66
-8403.23
-8052.53
-7713.62
-7386.42
-7070.73
-6766.25
-6472.56
-6189.21
-5915.69
-5651.44
-5395.9
-5148.49
-4908.62
-4675.72
-4449.25
-4228.65
-4013.39
-3802.98
-3596.91
-3394.7
-3195.89
-3000.02
-2806.65
-2615.32
-2425.61
-2237.09
-2049.35
-1862
-1674.69
-1487.13
-1299.15
-1110.7
-921.773
-732.279
-541.967
-350.903
-159.841
-1.64024
-0.0267279
-0.0485862
-0.179912
-12031.8
-11636.4
-11244.2
-10856.7
-10475.5
-10101.3
-9735.23
-9377.66
-9028.99
-8689.42
-8358.97
-8037.54
-7724.94
-7420.9
-7125.07
-6837.07
-6556.49
-6282.91
-6015.88
-5754.98
-5499.78
-5249.87
-5004.82
-4764.26
-4527.78
-4295
-4065.53
-3838.98
-3614.95
-3393.02
-3172.74
-2953.67
-2735.31
-2517.15
-2298.68
-2079.34
-1858.58
-1635.88
-1410.82
-1183.1
-952.531
-718.466
-478.926
-232.432
-2.40375
-0.0407843
-0.0473857
-0.132708
-0.274456
-0.471566
-12045.5
-11677.3
-11311.6
-10949.6
-10592.2
-10240.3
-9894.29
-9554.63
-9221.48
-8894.91
-8574.88
-8261.27
-7953.88
-7652.5
-7356.88
-7066.73
-6781.78
-6501.76
-6226.4
-5955.42
-5688.58
-5425.6
-5166.25
-4910.24
-4657.31
-4407.16
-4159.45
-3913.81
-3669.83
-3427.04
-3184.91
-2942.84
-2700.22
-2456.33
-2210.44
-1961.74
-1709.39
-1452.58
-1190.68
-923.554
-651.307
-372.078
-77.1426
-0.916945
-0.331277
-0.0177073
-0.0150813
-0.0217836
-0.0352087
-0.0565863
-12053.6
-11701.2
-11350.6
-11002.4
-10657.5
-10316.2
-9978.98
-9645.98
-9317.33
-8993.08
-8673.23
-8357.71
-8046.46
-7739.41
-7436.47
-7137.55
-6842.57
-6551.45
-6264.11
-5980.48
-5700.45
-5423.93
-5150.77
-4880.83
-4613.87
-4349.63
-4087.74
-3827.74
-3569.11
-3311.18
-3053.2
-2794.33
-2533.67
-2270.24
-2002.95
-1730.61
-1451.91
-1165.52
-870.7
-568.489
-263.183
-2.5942
-0.0590448
-0.00419993
0.00297828
0.0210162
0.172772
0.305956
0.424012
0.527053
-12055.6
-11707
-11359.2
-11012.6
-10667.5
-10324.3
-9983.19
-9644.47
-9308.32
-8974.95
-8644.53
-8317.24
-7993.27
-7672.77
-7355.91
-7042.86
-6733.75
-6428.73
-6127.92
-5831.4
-5539.25
-5251.48
-4968.05
-4688.84
-4413.65
-4142.09
-3873.6
-3607.43
-3342.84
-3079.08
-2815.41
-2550.28
-2282.21
-2009.73
-1731.47
-1446.23
-1153.35
-853.408
-549.511
-248.709
-2.78725
-2.21304
-0.924004
0.0226022
1.0423
1.97852
2.80436
3.50323
4.09106
4.58525
-12049.5
-11688.3
-11327.3
-10966.6
-10606.4
-10247
-9888.92
-9532.43
-9177.98
-8826.05
-8477.08
-8131.54
-7789.86
-7452.47
-7119.78
-6792.16
-6469.96
-6153.51
-5843.11
-5539.01
-5241.43
-4950.53
-4666.4
-4388.99
-4118.18
-3853.62
-3594.81
-3340.97
-3091.06
-2843.75
-2597.38
-2349.87
-2098.37
-1840.82
-1576.18
-1302.61
-1017.58
-714.119
-377.277
-3.6329
-0.849053
-0.18695
0.353568
3.31121
6.31831
9.50787
12.8473
16.2087
19.4496
22.4141
-12033.6
-11640.6
-11247.1
-10853.2
-10459.3
-10065.9
-9673.87
-9283.95
-8897
-8513.82
-8135.2
-7761.81
-7394.29
-7033.19
-6679.05
-6332.33
-5993.51
-5663.05
-5341.4
-5029.03
-4726.36
-4433.8
-4151.68
-3880.22
-3619.52
-3369.5
-3129.86
-2900.04
-2679.16
-2465.99
-2258.89
-2055.82
-1854.27
-1651.42
-1444.2
-1229.52
-1004.09
-763.406
-507.445
-232.591
-2.93499
-0.254839
-0.00926717
0.114823
1.04699
9.19772
17.1885
25.554
34.794
44.0368
-12002.4
-11546.6
-11090
-10633.4
-10178.2
-9725.81
-9277.7
-8835.2
-8399.42
-7971.17
-7551.07
-7139.56
-6736.98
-6343.66
-5959.9
-5586.04
-5222.62
-4870.23
-4529.56
-4201.43
-3886.66
-3586.05
-3300.32
-3030.04
-2775.59
-2537.14
-2314.55
-2107.42
-1915.05
-1736.43
-1570.29
-1415.1
-1269.09
-1130.34
-996.828
-866.57
-737.725
-608.679
-477.806
-342.394
-195.431
-35.5717
-0.63734
-0.0358861
0.00171541
0.0571162
0.498903
4.4206
36.4589
68.2676
-11955
-11406.1
-10862.2
-10327.1
-9804.06
-9294.91
-8800.52
-8320.94
-7855.62
-7403.67
-6964.08
-6535.83
-6117.92
-5710.03
-5313.17
-4927.16
-4552.25
-4189.18
-3839.14
-3503.67
-3184.26
-2882.21
-2598.62
-2334.32
-2089.85
-1865.37
-1660.69
-1475.26
-1308.22
-1158.42
-1024.51
-904.988
-798.217
-702.49
-616.028
-536.994
-463.491
-393.599
-325.464
-257.485
-188.511
-118.022
-45.6235
-0.428491
-0.00662763
0.000534817
0.0312789
1.06138
13.9499
147.279
-11758
-10962.8
-10270.8
-9652.93
-9089.92
-8568.33
-8078.59
-7613.7
-7168.43
-6738.87
-6322.07
-5915.83
-5518.57
-5129.21
-4747.13
-4372.16
-4004.61
-3645.3
-3295.47
-2962.16
-2647.68
-2352.98
-2079.03
-1826.61
-1596.2
-1387.84
-1201.14
-1035.29
-889.125
-761.235
-650.019
-553.789
-470.836
-399.492
-338.167
-285.379
-239.769
-200.103
-165.277
-134.31
-106.348
-80.6371
-56.4941
-33.284
-10.2387
-0.0242348
7.95361
17.3582
2.08346
248.945
-140.193
-141.103
-141.249
-140.608
-139.208
-137.139
-134.437
-131.16
-127.341
-123
-118.201
-113.032
-107.581
-101.899
-96.0409
-90.0642
-84.0296
-78.0001
-72.0318
-66.1853
-60.5147
-55.0713
-49.901
-45.044
-40.5305
-36.3814
-32.6086
-29.2164
-26.2016
-23.5546
-21.2601
-19.2983
-17.6455
-16.275
-15.1569
-14.261
-13.5573
-12.9826
-12.5099
-12.1217
-11.777
-11.4445
-11.1044
-10.7502
-10.3838
-10.0066
-9.62015
-9.22591
-8.82928
-8.43815
-73.6713
-78.2004
-82.4678
-86.3308
-89.7303
-92.6746
-95.1696
-97.105
-98.4338
-99.1493
-99.2724
-98.8225
-97.8307
-96.3325
-94.3689
-91.9872
-89.2402
-86.1831
-82.8712
-79.3607
-75.7127
-71.9661
-68.1791
-64.4013
-60.6749
-57.0412
-53.5387
-50.2014
-47.0582
-44.1332
-41.4431
-38.9975
-36.7985
-34.8395
-33.1063
-31.5805
-30.2472
-29.095
-28.1126
-27.2423
-26.5025
-25.8226
-25.1886
-24.5939
-24.011
-23.4785
-22.9788
-22.5101
-22.0641
-21.6505
-27.4737
-32.0966
-36.7867
-41.4408
-46.0154
-50.5136
-54.9009
-59.0947
-63.011
-66.5784
-69.7368
-72.443
-74.6703
-76.4131
-77.6745
-78.4743
-78.84
-78.8047
-78.4047
-77.6791
-76.6721
-75.4083
-73.9311
-72.2817
-70.4976
-68.6111
-66.6559
-64.6642
-62.6649
-60.6872
-58.7563
-56.8959
-55.1236
-53.4363
-51.8516
-50.3729
-48.9986
-47.7305
-46.5685
-45.5089
-44.5343
-43.5614
-42.6342
-41.7833
-41.0458
-40.3906
-39.7892
-39.2603
-38.7991
-38.4491
-5.98532
-9.06808
-12.335
-15.4782
-18.5377
-21.7787
-25.2355
-28.81
-32.4159
-35.9918
-39.4875
-42.8516
-46.0335
-49.0007
-51.7205
-54.1737
-56.3494
-58.2433
-59.8575
-61.2023
-62.2794
-63.101
-63.6865
-64.0607
-64.2414
-64.248
-64.1008
-63.8199
-63.4251
-62.936
-62.3736
-61.7593
-61.0955
-60.4064
-59.6963
-58.9837
-58.2779
-57.5811
-56.8965
-56.2229
-55.5566
-54.8971
-54.2301
-53.5815
-52.9789
-52.4385
-51.965
-51.5187
-51.118
-50.7984
-0.00937633
-0.932771
-2.05041
-3.51852
-5.39326
-7.41705
-9.32146
-11.2406
-13.3079
-15.499
-17.7519
-20.0293
-22.3186
-24.6024
-26.868
-29.0974
-31.2713
-33.3759
-35.3927
-37.2989
-39.0823
-40.7265
-42.2302
-43.5939
-44.8199
-45.9133
-46.8798
-47.7285
-48.4621
-49.0898
-49.6163
-50.0485
-50.3944
-50.663
-50.8584
-50.9856
-51.0517
-51.0628
-51.0258
-50.9465
-50.8286
-50.676
-50.4928
-50.2799
-50.0395
-49.7731
-49.4838
-49.1777
-48.8511
-48.5118
-0.390043
-0.0325967
-0.00578172
-0.563849
-1.18693
-2.03724
-3.16645
-4.22541
-5.27849
-6.48653
-7.74426
-8.99542
-10.2262
-11.436
-12.6282
-13.8041
-14.9652
-16.1132
-17.2502
-18.3796
-19.5026
-20.6214
-21.7343
-22.832
-23.9061
-24.9475
-25.949
-26.9056
-27.8123
-28.6635
-29.455
-30.1748
-30.8189
-31.3837
-31.8685
-32.2717
-32.5933
-32.8365
-33.0054
-33.1069
-33.1452
-33.1236
-33.0465
-32.9266
-32.7712
-32.5842
-32.3622
-32.1131
-31.8505
-31.5852
-66.4379
-32.6887
-0.319341
-0.00731006
-0.429546
-0.879087
-1.53187
-2.28484
-3.02577
-3.9022
-4.82543
-5.75261
-6.67569
-7.59534
-8.50828
-9.4154
-10.3149
-11.2047
-12.0825
-12.9451
-13.7892
-14.6106
-15.4052
-16.1686
-16.8964
-17.584
-18.2273
-18.822
-19.3644
-19.8506
-20.2781
-20.6458
-20.9543
-21.2059
-21.4032
-21.5492
-21.6485
-21.7021
-21.7162
-21.6939
-21.6378
-21.5529
-21.4386
-21.2988
-21.1375
-20.9589
-20.7664
-20.561
-20.3442
-20.1183
-70.994
-28.3185
-0.276149
-0.314061
-0.445147
-0.751987
-1.30894
-1.90785
-2.57803
-3.35386
-4.15376
-4.9573
-5.76143
-6.56378
-7.36189
-8.15153
-8.93104
-9.69526
-10.4399
-11.1601
-11.8511
-12.5081
-13.1264
-13.702
-14.2317
-14.7132
-15.145
-15.5263
-15.8566
-16.1362
-16.3663
-16.5478
-16.6816
-16.7685
-16.8099
-16.808
-16.7656
-16.686
-16.5719
-16.427
-16.2548
-16.0578
-15.8386
-15.6001
-15.3448
-15.0744
-14.7903
-14.4946
-14.1888
-13.8739
-0.703934
-0.0107321
-0.124679
-0.321431
-0.694811
-1.20513
-1.67891
-2.27071
-2.89884
-3.53192
-4.16774
-4.80557
-5.44447
-6.08287
-6.71776
-7.34546
-7.964
-8.56959
-9.1592
-9.72998
-10.2791
-10.8036
-11.3007
-11.7675
-12.2008
-12.5972
-12.9534
-13.267
-13.536
-13.759
-13.9351
-14.0642
-14.1466
-14.1832
-14.1757
-14.1259
-14.0365
-13.91
-13.7494
-13.5578
-13.3383
-13.094
-12.8278
-12.5424
-12.2405
-11.9242
-11.5957
-11.257
-10.9097
-10.5551
-0.00178828
-0.169069
-0.45654
-0.8315
-1.13459
-1.55574
-1.9915
-2.43247
-2.87592
-3.32221
-3.77192
-4.22532
-4.68242
-5.14291
-5.60661
-6.07267
-6.5396
-7.00644
-7.47143
-7.93233
-8.3866
-8.83142
-9.26359
-9.67979
-10.0766
-10.4505
-10.7985
-11.1176
-11.4052
-11.6585
-11.8753
-12.0544
-12.194
-12.2934
-12.3523
-12.3711
-12.351
-12.2936
-12.2007
-12.0745
-11.9174
-11.7318
-11.5201
-11.2849
-11.0287
-10.7537
-10.4625
-10.1571
-9.83978
-9.51263
-0.420794
-0.715626
-0.982118
-1.30075
-1.62486
-1.94338
-2.25761
-2.56837
-2.87576
-3.18159
-3.48801
-3.79677
-4.10907
-4.42604
-4.74719
-5.07132
-5.39899
-5.73166
-6.06788
-6.40645
-6.74634
-7.08633
-7.42509
-7.7599
-8.08641
-8.40468
-8.71242
-9.0077
-9.28829
-9.55189
-9.79564
-10.0177
-10.2153
-10.3862
-10.528
-10.6389
-10.7189
-10.769
-10.7902
-10.7835
-10.7503
-10.6921
-10.6093
-10.5039
-10.3772
-10.2306
-10.0656
-9.88387
-9.6864
-9.47504
-0.635375
-0.834016
-1.03495
-1.23353
-1.42779
-1.61752
-1.80435
-1.99039
-2.17724
-2.36632
-2.55754
-2.75228
-2.95231
-3.15894
-3.3732
-3.59349
-3.82633
-4.07151
-4.32813
-4.59286
-4.86122
-5.13003
-5.39747
-5.66177
-5.92016
-6.17259
-6.41888
-6.66066
-6.8954
-7.12145
-7.337
-7.5398
-7.72817
-7.90026
-8.05105
-8.17687
-8.27898
-8.3625
-8.42882
-8.47823
-8.51188
-8.53079
-8.53545
-8.52676
-8.50531
-8.47158
-8.42602
-8.3689
-8.30139
-8.22319
-0.0698818
-0.0754224
-0.063872
-0.0286978
0.0236248
0.0870449
0.155108
0.221687
0.280843
0.327481
0.357602
0.369979
0.364242
0.340807
0.299954
0.241805
0.166543
0.0743244
-0.0345243
-0.159727
-0.300889
-0.456439
-0.624149
-0.800786
-0.984232
-1.17299
-1.36418
-1.55545
-1.74503
-1.93105
-2.11103
-2.28411
-2.44334
-2.59081
-2.7251
-2.84614
-2.9493
-3.0368
-3.11224
-3.17664
-3.23444
-3.28739
-3.33479
-3.37739
-3.41604
-3.45126
-3.48359
-3.51305
-3.53921
-3.56188
0.626958
0.733467
0.848725
0.973609
1.10733
1.24867
1.39589
1.54755
1.70324
1.86228
2.02407
2.18845
2.35533
2.52525
2.69815
2.8728
3.04787
3.22209
3.39475
3.56476
3.73157
3.8941
4.05214
4.20446
4.34689
4.47944
4.60376
4.72189
4.83448
4.94313
5.05014
5.15163
5.23994
5.3211
5.39746
5.47341
5.55245
5.63734
5.72326
5.80105
5.86735
5.92944
5.99042
6.05212
6.11461
6.1748
6.23427
6.29204
6.34747
6.40119
4.9926
5.32182
5.58125
5.78059
5.93025
6.04185
6.12827
6.2013
6.26942
6.33818
6.40647
6.47095
6.5326
6.59311
6.65416
6.71653
6.78089
6.84949
6.92399
7.00638
7.09752
7.20008
7.31507
7.4445
7.58949
7.75095
7.93037
8.129
8.348
8.58649
8.84349
9.11753
9.40775
9.71211
10.0298
10.3593
10.6973
11.0426
11.3931
11.7453
12.0946
12.4389
12.7775
13.1092
13.4307
13.7389
14.031
14.3066
14.5648
14.8044
24.9432
26.9521
28.4233
29.3853
29.8925
30.01
29.8021
29.3297
28.6526
27.8275
26.909
25.947
24.9826
24.042
23.1351
22.2666
21.4412
20.6631
19.9362
19.2629
18.6423
18.0778
17.5741
17.1329
16.7552
16.4411
16.1894
15.9992
15.8673
15.7873
15.7586
15.7788
15.8434
15.9489
16.0904
16.2632
16.4641
16.688
16.9312
17.1879
17.4532
17.7222
17.9903
18.253
18.506
18.7451
18.9665
19.1673
19.3448
19.4966
51.9005
57.7003
61.4402
63.3542
63.7687
63.0225
61.4268
59.2485
56.7067
53.9751
51.1875
48.4451
45.8012
43.2945
40.954
38.7915
36.813
35.0178
33.4016
31.9555
30.6711
29.5351
28.5388
27.6701
26.9187
26.2723
25.7206
25.2527
24.8576
24.5256
24.2504
24.0217
23.8329
23.6758
23.5431
23.4279
23.3247
23.2295
23.1371
23.0425
22.9412
22.8291
22.7026
22.5587
22.3949
22.2096
22.0015
21.7698
21.5144
21.2356
94.0142
112.137
123.081
128.073
128.526
125.753
120.851
114.677
107.866
100.871
94.0008
87.4427
81.2984
75.6352
70.4847
65.8476
61.6951
57.9865
54.6826
51.7352
49.1039
46.7537
44.6503
42.7629
41.0628
39.525
38.1265
36.849
35.6747
34.5885
33.5764
32.6251
31.7237
30.8627
30.0333
29.2286
28.4426
27.6704
26.9079
26.1515
25.3988
24.6478
23.8973
23.147
22.3972
21.6484
20.9017
20.1588
19.4215
18.6907
248.912
315.977
357.674
379.698
386.416
381.794
369.287
351.607
330.797
308.375
285.499
262.982
241.363
220.972
201.997
184.521
168.559
154.078
141.002
129.241
118.689
109.239
100.784
93.2215
86.4544
80.3913
74.9507
70.0591
65.6507
61.6668
58.055
54.7688
51.7675
49.0158
46.4825
44.1406
41.9663
39.9392
38.0413
36.2573
34.5738
32.9796
31.4649
30.0214
28.642
27.3208
26.0531
24.8345
23.6619
22.5323
2753.03
2552.57
2218.06
1976.48
1774.49
1592.26
1426.35
1275.75
1139.56
1016.79
906.422
807.498
719.083
640.274
570.19
508.002
452.934
404.225
361.179
323.159
289.589
259.95
233.775
210.653
190.216
172.14
156.139
141.961
129.384
118.215
108.282
99.4338
91.5386
84.4805
78.1576
72.4805
67.3707
62.7592
58.5856
54.7969
51.3468
48.1945
45.3045
42.6457
40.1909
37.9167
35.8024
33.8302
31.9848
30.252
-8.13831
-7.93392
-7.73482
-7.54201
-7.35694
-7.17972
-7.00975
-6.84463
-6.68167
-6.51858
-6.35375
-6.18636
-6.01622
-5.8437
-5.66959
-5.49501
-5.32136
-5.1502
-4.98199
-4.81686
-4.65418
-4.49367
-4.33539
-4.1796
-4.02674
-3.87737
-3.73206
-3.5914
-3.45594
-3.32612
-3.20239
-3.08496
-2.97405
-2.86978
-2.77207
-2.68071
-2.59561
-2.5165
-2.44325
-2.37568
-2.31365
-2.25696
-2.20524
-2.15795
-2.11447
-2.07446
-2.03507
-1.99281
-1.94422
-1.88826
-1.81866
-1.72872
-1.6186
-1.49228
-1.35546
-1.21399
-1.07336
-0.938232
-0.812238
-0.6979
-0.596643
-0.508747
-0.43284
-0.367
-0.309848
-0.260297
-0.217454
-0.180561
-0.148955
-0.122042
-0.0992821
-0.0801777
-0.0642706
-0.0511361
-0.0403836
-0.0316573
-0.0246373
-0.0190391
-0.0146137
-0.0111458
-0.0084515
-0.0063763
-0.00479159
-0.00359178
-0.00269115
-0.00202095
-0.00152662
-0.00116531
-0.000903772
-0.000716416
-0.00058377
-0.000491152
-0.000427595
-0.000384983
-0.000357365
-0.000340411
-0.000331002
-0.000326909
-0.00032655
-0.000328814
-0.000332925
-0.000338349
-0.000344716
-0.000351776
-0.000359362
-0.000367359
-0.000375694
-0.000384318
-0.000393201
-0.000402322
-0.000411669
-0.000421237
-0.000431022
-0.000441022
-0.000451237
-0.000461669
-0.000472319
-0.000483189
-0.00049428
-0.000505594
-0.000517133
-0.0005289
-0.000540895
-0.000553122
-0.00056558
-0.000578272
-0.000591198
-0.000604361
-0.00061776
-0.000631397
-0.000645271
-0.000659383
-0.000673734
-0.000688322
-0.000703147
-0.000718209
-0.000733505
-0.000749035
-0.000764796
-0.000780786
-0.000797003
-0.000813443
-0.000830102
-0.000846977
-0.000864063
-0.000881355
-0.000898846
-0.000916532
-0.000934405
-0.000952458
-0.000970683
-0.000989071
-0.00100761
-0.0010263
-0.00104512
-0.00106406
-0.00108311
-0.00110226
-0.00112149
-0.00114079
-0.00116015
-0.00117955
-0.00119897
-0.00121839
-0.00123781
-0.00125719
-0.00127652
-0.00129579
-0.00131497
-0.00133405
-0.00135299
-0.00137178
-0.00139041
-0.00140884
-0.00142705
-0.00144503
-0.00146274
-0.00148018
-0.00149731
-0.00151411
-0.00153056
-0.00154665
-0.00156233
-0.00157761
-0.00159245
-0.00160683
-0.00162073
-0.00163413
-0.00164702
-0.00165938
-0.00167119
-0.00168242
-0.00169308
-0.00170313
-0.00171257
-0.00172138
-0.00172955
-0.00173706
-0.00174391
-0.00175007
-0.00175553
-0.00176028
-0.0017643
-0.00176758
-0.0017701
-0.00177184
-0.00177278
-0.0017729
-0.00177218
-0.0017706
-0.00176814
-0.00176477
-0.00176047
-0.00175523
-0.00174901
-0.0017418
-0.00173357
-0.00172431
-0.001714
-0.00170262
-0.00169015
-0.00167658
-0.00166189
-0.00164606
-0.0016291
-0.001611
-0.00159174
-0.00157134
-0.00154979
-0.00152711
-0.00150329
-0.00147836
-0.00145233
-0.00142524
-0.00139713
-0.00136805
-0.00133804
-0.00130718
-0.00127552
-0.00124312
-0.00121006
-0.00117639
-0.00114219
-0.0011075
-0.00107241
-0.00103698
-0.00100127
-0.00096534
-0.000929257
-0.000893077
-0.000856856
-0.00082065
-0.000784512
-0.000748496
-0.000712655
-0.000677046
-0.000641725
-0.000606754
-0.000572195
-0.000538117
-0.000504592
-0.000471694
-0.000439505
-0.000408106
-0.000377585
-0.000348028
-0.000319521
-0.000292147
-0.000265982
-0.000241095
-0.000217544
-0.000195375
-0.000174618
-0.00015529
-0.000137392
-0.00012091
-0.000105817
-9.20686e-05
-7.96168e-05
-6.84113e-05
-5.83618e-05
-4.93656e-05
-4.13385e-05
-3.42302e-05
-2.79969e-05
-2.25917e-05
-1.79621e-05
-1.40503e-05
-1.07939e-05
-8.12758e-06
-5.98395e-06
-4.29543e-06
-2.99563e-06
-2.02078e-06
-1.31107e-06
-8.11871e-07
-4.74632e-07
-2.57564e-07
-1.25927e-07
-5.19948e-08
-21.3657
-21.1877
-21.0404
-20.942
-20.8511
-20.7699
-20.6786
-20.6005
-20.5536
-20.5114
-20.457
-20.3825
-20.2844
-20.1622
-20.0182
-19.8666
-19.7118
-19.5181
-19.3118
-19.0838
-18.8582
-18.6177
-18.357
-18.0742
-17.7702
-17.4456
-17.1038
-16.7491
-16.3868
-16.0222
-15.6605
-15.3065
-14.9641
-14.6368
-14.3274
-14.0381
-13.7704
-13.5259
-13.3062
-13.1135
-12.9514
-12.8239
-12.7407
-12.7145
-12.6728
-12.6351
-12.5926
-12.467
-12.2619
-11.9901
-11.6328
-11.1897
-10.672
-10.0961
-9.47557
-8.82547
-8.16059
-7.49474
-6.83754
-6.19237
-5.56338
-4.95528
-4.37426
-3.82638
-3.31627
-2.84727
-2.42138
-2.03938
-1.70088
-1.40444
-1.14778
-0.928475
-0.744073
-0.590799
-0.464849
-0.362499
-0.280224
-0.214776
-0.16324
-0.123057
-0.0920273
-0.0682893
-0.0502962
-0.0367802
-0.0267167
-0.0192882
-0.0138512
-0.009905
-0.0070644
-0.00503646
-0.00360068
-0.00259272
-0.00189134
-0.00140788
-0.00107816
-0.000856074
-0.000708814
-0.000613223
-0.000553086
-0.00051714
-0.000497623
-0.000489226
-0.000488345
-0.000492551
-0.000500219
-0.000510271
-0.000521997
-0.000534933
-0.000548778
-0.000563341
-0.0005785
-0.000594181
-0.000610337
-0.000626944
-0.000643989
-0.000661465
-0.000679372
-0.000697712
-0.00071649
-0.000735712
-0.000755384
-0.000775513
-0.000796106
-0.000817171
-0.000838713
-0.000860741
-0.000883262
-0.000906283
-0.00092981
-0.00095385
-0.00097841
-0.0010035
-0.00102911
-0.00105527
-0.00108197
-0.00110922
-0.00113702
-0.00116538
-0.0011943
-0.00122378
-0.00125384
-0.00128446
-0.00131566
-0.00134743
-0.00137977
-0.00141269
-0.00144618
-0.00148025
-0.00151488
-0.00155008
-0.00158584
-0.00162215
-0.00165901
-0.00169642
-0.00173435
-0.0017728
-0.00181177
-0.00185123
-0.00189117
-0.00193158
-0.00197243
-0.00201371
-0.0020554
-0.00209748
-0.00213992
-0.00218269
-0.00222577
-0.00226913
-0.00231275
-0.00235658
-0.00240059
-0.00244476
-0.00248905
-0.00253341
-0.00257782
-0.00262222
-0.00266659
-0.00271089
-0.00275506
-0.00279907
-0.00284288
-0.00288644
-0.0029297
-0.00297263
-0.00301517
-0.00305728
-0.00309892
-0.00314004
-0.00318059
-0.00322054
-0.00325984
-0.00329845
-0.00333635
-0.00337348
-0.00340983
-0.00344536
-0.00348005
-0.00351387
-0.0035468
-0.00357881
-0.00360989
-0.00364002
-0.00366915
-0.00369726
-0.00372431
-0.00375026
-0.00377506
-0.00379865
-0.00382098
-0.00384198
-0.00386159
-0.00387972
-0.00389633
-0.00391132
-0.00392463
-0.00393619
-0.00394592
-0.00395375
-0.00395959
-0.00396336
-0.00396499
-0.00396438
-0.00396143
-0.00395606
-0.00394816
-0.00393766
-0.00392446
-0.00390849
-0.00388966
-0.00386785
-0.00384292
-0.00381472
-0.00378315
-0.00374812
-0.00370962
-0.00366769
-0.00362239
-0.00357385
-0.00352217
-0.0034675
-0.00340994
-0.0033496
-0.00328659
-0.00322104
-0.00315307
-0.00308285
-0.00301052
-0.00293625
-0.00286018
-0.00278243
-0.00270315
-0.00262241
-0.00254033
-0.00245698
-0.00237244
-0.00228678
-0.00220007
-0.00211238
-0.0020238
-0.00193441
-0.00184432
-0.00175367
-0.0016626
-0.00157133
-0.00148009
-0.00138919
-0.00129898
-0.00120983
-0.00112217
-0.0010364
-0.00095293
-0.00087215
-0.000794415
-0.000720041
-0.000649297
-0.0005824
-0.000519511
-0.000460737
-0.000406127
-0.000355675
-0.000309393
-0.000267174
-0.00022875
-0.000193886
-0.000162482
-0.000134465
-0.000109744
-8.81976e-05
-6.96739e-05
-5.39898e-05
-4.09351e-05
-3.02765e-05
-2.17628e-05
-1.51309e-05
-1.01124e-05
-6.44174e-06
-3.86309e-06
-2.13835e-06
-1.05353e-06
-4.24211e-07
-38.2807
-38.1945
-38.1506
-38.1499
-38.1904
-38.2684
-38.4384
-38.5473
-38.6419
-38.6924
-38.7852
-38.8926
-38.9994
-39.1014
-39.1702
-39.2227
-39.2459
-39.2611
-39.2515
-39.2184
-39.1746
-39.1064
-38.9396
-38.7204
-38.4067
-38.0592
-37.6701
-37.2296
-36.741
-36.2169
-35.6617
-35.0846
-34.4898
-33.8873
-33.2857
-32.6883
-32.0978
-31.517
-30.9478
-30.3921
-29.8671
-29.4062
-28.8786
-28.3289
-27.7061
-27.0667
-26.3822
-25.6277
-24.7976
-23.8915
-22.9112
-21.8623
-20.7471
-19.5736
-18.35
-17.0885
-15.801
-14.4988
-13.1969
-11.9148
-10.67
-9.47748
-8.34946
-7.29536
-6.32175
-5.4326
-4.62947
-3.91181
-3.27731
-2.72219
-2.24155
-1.82969
-1.48041
-1.18725
-0.943703
-0.743451
-0.580473
-0.449179
-0.344479
-0.261827
-0.197234
-0.147258
-0.108978
-0.0800964
-0.0585101
-0.0424911
-0.0306896
-0.0220582
-0.0157908
-0.0112727
-0.00803926
-0.00574217
-0.00412254
-0.00298953
-0.00220359
-0.00166348
-0.00129633
-0.00105009
-0.000887867
-0.000783679
-0.000719381
-0.000682381
-0.000664006
-0.000658318
-0.000661284
-0.00067018
-0.000683181
-0.000699073
-0.000717052
-0.000736595
-0.000757362
-0.000779135
-0.000801778
-0.000825209
-0.000849379
-0.000874262
-0.000899848
-0.000926135
-0.000953127
-0.000980834
-0.00100927
-0.00103844
-0.00106836
-0.00109904
-0.00113051
-0.00116278
-0.00119586
-0.00122976
-0.00126451
-0.00130012
-0.0013366
-0.00137398
-0.00141226
-0.00145146
-0.0014916
-0.00153269
-0.00157475
-0.00161779
-0.00166183
-0.00170689
-0.00175297
-0.00180008
-0.00184826
-0.00189749
-0.00194781
-0.00199921
-0.00205171
-0.00210533
-0.00216006
-0.00221592
-0.00227291
-0.00233105
-0.00239033
-0.00245076
-0.00251235
-0.00257509
-0.00263897
-0.00270401
-0.00277019
-0.00283751
-0.00290596
-0.00297553
-0.0030462
-0.00311795
-0.00319078
-0.00326465
-0.00333955
-0.00341544
-0.00349231
-0.0035701
-0.0036488
-0.00372837
-0.00380876
-0.00388994
-0.00397185
-0.00405447
-0.00413773
-0.0042216
-0.00430601
-0.00439093
-0.00447629
-0.00456203
-0.0046481
-0.00473443
-0.00482095
-0.0049076
-0.00499429
-0.00508095
-0.00516751
-0.00525388
-0.00533999
-0.00542578
-0.00551117
-0.00559609
-0.0056805
-0.00576432
-0.00584753
-0.0059301
-0.006012
-0.00609324
-0.00617381
-0.00625371
-0.00633294
-0.00641148
-0.00648931
-0.00656641
-0.00664271
-0.00671817
-0.00679269
-0.00686619
-0.00693855
-0.00700955
-0.00707901
-0.00714672
-0.00721255
-0.00727636
-0.00733808
-0.00739761
-0.00745491
-0.00750992
-0.00756262
-0.00761282
-0.00766016
-0.00770428
-0.00774492
-0.00778201
-0.00781564
-0.00784602
-0.0078733
-0.00789742
-0.00791702
-0.0079307
-0.00793713
-0.00793549
-0.00792544
-0.00790695
-0.0078803
-0.00784592
-0.00780435
-0.00775609
-0.00770105
-0.00763891
-0.00756938
-0.0074924
-0.0074082
-0.00731713
-0.00721963
-0.00711612
-0.00700697
-0.00689252
-0.00677301
-0.00664865
-0.00651956
-0.00638581
-0.00624742
-0.00610436
-0.00595655
-0.0058039
-0.00564625
-0.00548335
-0.0053149
-0.00514064
-0.00496024
-0.0047734
-0.00458003
-0.00438031
-0.0041748
-0.00396432
-0.00374993
-0.00353286
-0.00331443
-0.00309602
-0.002879
-0.0026647
-0.00245439
-0.00224925
-0.00205036
-0.00185869
-0.00167509
-0.00150026
-0.00133475
-0.00117913
-0.00103387
-0.000898702
-0.00077336
-0.000657942
-0.000552647
-0.000457613
-0.000372873
-0.000298339
-0.000233791
-0.000178875
-0.000133096
-9.58249e-05
-6.631e-05
-4.36935e-05
-2.70376e-05
-1.53583e-05
-7.66467e-06
-3.00402e-06
-50.6304
-50.5297
-50.4581
-50.4138
-50.3913
-50.3826
-50.3806
-50.4833
-50.4376
-50.3612
-50.2983
-50.243
-50.1804
-50.1075
-50.0324
-49.9215
-49.7868
-49.6326
-49.4537
-49.2441
-48.9997
-48.7161
-48.391
-48.0232
-47.651
-47.1902
-46.6806
-46.0879
-45.4696
-44.8338
-44.1666
-43.4681
-42.7541
-42.0252
-41.2483
-40.4268
-39.5796
-38.716
-37.8211
-36.8897
-35.9689
-34.9995
-33.9128
-32.7138
-31.4352
-30.1241
-28.745
-27.2937
-25.7788
-24.2138
-22.616
-21.0038
-19.3958
-17.8106
-16.2653
-14.7744
-13.3495
-11.9991
-10.7291
-9.54276
-8.44186
-7.42649
-6.4957
-5.64765
-4.87986
-4.18931
-3.57251
-3.02556
-2.54422
-2.12393
-1.75992
-1.44728
-1.18106
-0.956326
-0.76828
-0.612334
-0.484166
-0.379777
-0.295522
-0.228133
-0.174722
-0.132785
-0.100232
-0.0752139
-0.0561185
-0.0416472
-0.0307577
-0.0226205
-0.0165823
-0.0121327
-0.00887655
-0.00651053
-0.00480374
-0.00358177
-0.00271397
-0.0021032
-0.00167777
-0.00138518
-0.00118725
-0.00105642
-0.000972937
-0.000922713
-0.000895795
-0.000885185
-0.000885995
-0.000894837
-0.000909374
-0.000928005
-0.000949645
-0.000973559
-0.000999259
-0.00102642
-0.00105483
-0.00108437
-0.00111493
-0.00114649
-0.00117901
-0.00121248
-0.00124691
-0.0012823
-0.00131867
-0.00135604
-0.00139442
-0.00143384
-0.0014743
-0.00151585
-0.00155849
-0.00160226
-0.00164718
-0.00169326
-0.00174055
-0.00178905
-0.0018388
-0.00188982
-0.00194213
-0.00199577
-0.00205075
-0.00210711
-0.00216487
-0.00222404
-0.00228467
-0.00234677
-0.00241038
-0.00247551
-0.00254219
-0.00261044
-0.0026803
-0.00275178
-0.00282491
-0.0028997
-0.0029762
-0.0030544
-0.00313435
-0.00321605
-0.00329953
-0.0033848
-0.00347189
-0.0035608
-0.00365155
-0.00374416
-0.00383862
-0.00393496
-0.00403318
-0.00413327
-0.00423525
-0.0043391
-0.00444483
-0.00455242
-0.00466186
-0.00477313
-0.00488622
-0.0050011
-0.00511775
-0.00523612
-0.0053562
-0.00547794
-0.00560131
-0.00572627
-0.00585277
-0.00598079
-0.00611028
-0.0062412
-0.0063735
-0.00650714
-0.00664205
-0.00677817
-0.00691544
-0.00705375
-0.00719302
-0.00733315
-0.00747404
-0.00761557
-0.00775765
-0.00790017
-0.00804301
-0.00818606
-0.00832924
-0.00847249
-0.00861578
-0.00875915
-0.00890265
-0.00904636
-0.00919033
-0.00933464
-0.00947933
-0.00962444
-0.00977001
-0.00991603
-0.0100625
-0.0102094
-0.0103566
-0.0105038
-0.0106506
-0.0107967
-0.0109419
-0.011086
-0.011229
-0.0113706
-0.0115108
-0.0116497
-0.0117873
-0.0119241
-0.0120591
-0.0121917
-0.0123211
-0.0124474
-0.0125707
-0.0126926
-0.0128141
-0.012935
-0.0130569
-0.0131736
-0.0132825
-0.0133803
-0.0134653
-0.0135366
-0.013594
-0.0136384
-0.0136712
-0.013693
-0.0137062
-0.0137075
-0.0136963
-0.0136717
-0.0136339
-0.0135834
-0.0135211
-0.0134478
-0.0133641
-0.0132708
-0.013168
-0.0130562
-0.0129356
-0.0128065
-0.0126688
-0.0125227
-0.0123682
-0.0122057
-0.0120355
-0.0118578
-0.0116717
-0.0114768
-0.0112686
-0.0110411
-0.0107894
-0.0105114
-0.0102071
-0.00987741
-0.00952447
-0.00915068
-0.00875874
-0.00835146
-0.00793168
-0.00750224
-0.0070659
-0.00662535
-0.00618322
-0.00574206
-0.00530434
-0.00487247
-0.00444873
-0.00403529
-0.00363434
-0.00324855
-0.00287879
-0.00252558
-0.0021905
-0.00187541
-0.00158215
-0.00131241
-0.00106766
-0.000849057
-0.000657368
-0.000492882
-0.000355329
-0.000243821
-0.000156813
-9.21042e-05
-4.68877e-05
-1.78722e-05
-48.2461
-48.0326
-47.8101
-47.5788
-47.3388
-47.0909
-46.8411
-46.6277
-46.3425
-46.0508
-45.7668
-45.478
-45.1769
-44.8616
-44.531
-44.1839
-43.8264
-43.4447
-43.0376
-42.6037
-42.1559
-41.7044
-41.2312
-40.7132
-40.1604
-39.5585
-38.9399
-38.2949
-37.5988
-36.8557
-36.0595
-35.229
-34.3698
-33.4695
-32.5066
-31.486
-30.4355
-29.3583
-28.2647
-27.1553
-26.0256
-24.8843
-23.7565
-22.6341
-21.5097
-20.3782
-19.2362
-18.0831
-16.9225
-15.7606
-14.6056
-13.4666
-12.3536
-11.2756
-10.2407
-9.25544
-8.32446
-7.4511
-6.63725
-5.88362
-5.18986
-4.55483
-3.97681
-3.45357
-2.98262
-2.56117
-2.18631
-1.85499
-1.56405
-1.31034
-1.09063
-0.90175
-0.740587
-0.604113
-0.489437
-0.393827
-0.314739
-0.249837
-0.197035
-0.154424
-0.120326
-0.0932212
-0.0718279
-0.0550633
-0.042018
-0.0319367
-0.0241989
-0.0182995
-0.0138315
-0.01047
-0.00795768
-0.00609273
-0.00471796
-0.00371199
-0.00298178
-0.00245653
-0.00208277
-0.00182036
-0.00163942
-0.0015178
-0.00143924
-0.00139183
-0.00136692
-0.00135827
-0.0013614
-0.00137311
-0.00139112
-0.00141383
-0.00144011
-0.00146918
-0.0015005
-0.00153368
-0.00156848
-0.00160473
-0.00164231
-0.00168115
-0.00172121
-0.00176246
-0.0018049
-0.00184852
-0.00189332
-0.00193933
-0.00198654
-0.00203498
-0.00208467
-0.00213563
-0.00218788
-0.00224143
-0.00229632
-0.00235257
-0.00241021
-0.00246925
-0.00252973
-0.00259167
-0.00265511
-0.00272006
-0.00278656
-0.00285463
-0.00292431
-0.00299562
-0.0030686
-0.00314327
-0.00321966
-0.00329781
-0.00337773
-0.00345947
-0.00354306
-0.00362851
-0.00371587
-0.00380516
-0.00389641
-0.00398965
-0.00408491
-0.00418222
-0.00428161
-0.0043831
-0.00448672
-0.00459249
-0.00470045
-0.00481062
-0.00492301
-0.00503766
-0.00515458
-0.00527379
-0.00539531
-0.00551915
-0.00564533
-0.00577385
-0.00590473
-0.00603797
-0.00617356
-0.0063115
-0.00645177
-0.00659438
-0.00673929
-0.0068865
-0.00703598
-0.00718771
-0.00734167
-0.00749784
-0.0076562
-0.00781676
-0.00797945
-0.00814431
-0.00831131
-0.00848044
-0.00865173
-0.00882504
-0.00900042
-0.00917775
-0.00935702
-0.00953801
-0.00972078
-0.00990511
-0.010091
-0.010278
-0.0104663
-0.0106555
-0.0108456
-0.0110365
-0.0112282
-0.0114207
-0.0116144
-0.0118092
-0.0120056
-0.0122035
-0.0124032
-0.0126047
-0.0128081
-0.0130136
-0.013221
-0.0134301
-0.0136404
-0.0138517
-0.0140641
-0.0142779
-0.0144929
-0.0147092
-0.0149263
-0.0151443
-0.0153634
-0.0155829
-0.0158033
-0.0160241
-0.016245
-0.0164646
-0.0166843
-0.016904
-0.0171246
-0.0173475
-0.0175665
-0.0177813
-0.0179925
-0.0181947
-0.0183864
-0.0185663
-0.0187335
-0.0188881
-0.0190306
-0.0191613
-0.0192783
-0.0193817
-0.0194723
-0.0195479
-0.0196098
-0.0196587
-0.0196953
-0.0197209
-0.0197362
-0.0197416
-0.0197373
-0.0197236
-0.019701
-0.0196702
-0.019631
-0.0195838
-0.0195292
-0.0194674
-0.0193988
-0.0193238
-0.0192402
-0.019141
-0.0190333
-0.0188924
-0.0187158
-0.0184983
-0.0182383
-0.0179356
-0.0175909
-0.0172053
-0.0167806
-0.0163187
-0.0158215
-0.0152914
-0.0147303
-0.0141404
-0.0135238
-0.0128828
-0.0122197
-0.0115368
-0.0108369
-0.010123
-0.00939838
-0.00866652
-0.007933
-0.0072006
-0.00647218
-0.00575224
-0.00504631
-0.00436065
-0.00370206
-0.0030778
-0.00249533
-0.00196206
-0.00148496
-0.00107005
-0.000721851
-0.000442697
-0.000232077
-8.60658e-05
-31.3794
-31.2278
-31.0772
-30.9345
-30.7993
-30.6669
-30.5359
-30.407
-30.2766
-30.1418
-29.9921
-29.8241
-29.6368
-29.4349
-29.2168
-28.9669
-28.686
-28.3716
-28.0331
-27.6706
-27.2869
-26.8749
-26.4306
-25.9635
-25.4719
-24.9448
-24.3803
-23.782
-23.1514
-22.493
-21.8074
-21.1019
-20.3797
-19.6443
-18.9031
-18.1549
-17.4014
-16.6466
-15.8966
-15.1562
-14.4313
-13.7196
-13.0179
-12.3273
-11.641
-10.955
-10.2691
-9.58557
-8.90816
-8.24149
-7.59028
-6.95902
-6.35176
-5.77192
-5.22214
-4.7043
-4.21957
-3.76848
-3.35102
-2.96673
-2.61479
-2.29409
-2.00332
-1.74103
-1.50563
-1.2955
-1.10894
-0.944235
-0.79968
-0.673567
-0.564221
-0.47001
-0.389361
-0.320769
-0.262817
-0.214179
-0.17363
-0.140049
-0.112424
-0.0898476
-0.0715167
-0.0567271
-0.0448694
-0.035421
-0.0279384
-0.0220482
-0.0174389
-0.0138533
-0.0110803
-0.00894819
-0.00731862
-0.00608069
-0.00514631
-0.00444592
-0.00392501
-0.00354112
-0.0032614
-0.00306058
-0.00291937
-0.00282307
-0.0027606
-0.0027236
-0.00270584
-0.00270267
-0.00271065
-0.00272723
-0.00275054
-0.00277922
-0.00281225
-0.00284891
-0.00288867
-0.00293113
-0.00297602
-0.00302312
-0.00307228
-0.0031234
-0.00317637
-0.00323115
-0.00328767
-0.0033459
-0.00340581
-0.00346738
-0.00353057
-0.00359538
-0.00366179
-0.00372979
-0.00379936
-0.0038705
-0.0039432
-0.00401745
-0.00409325
-0.0041706
-0.00424949
-0.00432992
-0.00441189
-0.00449541
-0.00458047
-0.00466708
-0.00475524
-0.00484496
-0.00493625
-0.00502911
-0.00512354
-0.00521957
-0.00531718
-0.00541641
-0.00551725
-0.00561972
-0.00572382
-0.00582958
-0.005937
-0.00604609
-0.00615686
-0.00626934
-0.00638353
-0.00649944
-0.00661709
-0.00673649
-0.00685765
-0.00698059
-0.00710532
-0.00723186
-0.0073602
-0.00749037
-0.00762235
-0.00775618
-0.00789185
-0.00802936
-0.00816871
-0.00830991
-0.00845297
-0.00859787
-0.00874453
-0.00889304
-0.00904337
-0.00919552
-0.00934952
-0.00950538
-0.0096631
-0.00982271
-0.00998412
-0.0101475
-0.0103129
-0.0104801
-0.0106491
-0.0108201
-0.0109931
-0.0111681
-0.0113452
-0.0115243
-0.0117053
-0.0118884
-0.0120734
-0.0122603
-0.0124491
-0.0126395
-0.0128314
-0.0130245
-0.0132185
-0.0134135
-0.013609
-0.0138047
-0.0140012
-0.0141987
-0.0143971
-0.0145969
-0.0147981
-0.0150012
-0.0152058
-0.0154129
-0.0156221
-0.0158333
-0.0160465
-0.0162619
-0.0164795
-0.0166993
-0.016921
-0.0171448
-0.0173707
-0.0175985
-0.0178286
-0.018061
-0.0182961
-0.0185338
-0.018774
-0.0190165
-0.0192603
-0.0195053
-0.019752
-0.0199997
-0.0202475
-0.0204941
-0.0207366
-0.020973
-0.0212011
-0.0214207
-0.021632
-0.0218348
-0.0220294
-0.0222155
-0.0223929
-0.0225606
-0.0227168
-0.0228617
-0.022996
-0.0231204
-0.0232355
-0.023342
-0.0234401
-0.0235305
-0.0236137
-0.0236904
-0.0237608
-0.0238255
-0.0238854
-0.0239417
-0.0239957
-0.0240486
-0.0241005
-0.0241494
-0.0241887
-0.0242074
-0.0241882
-0.0241359
-0.0240545
-0.0239453
-0.0238087
-0.023644
-0.0234506
-0.0232274
-0.022973
-0.0226864
-0.0223662
-0.0220112
-0.02162
-0.0211909
-0.0207223
-0.0202121
-0.0196584
-0.0190593
-0.0184128
-0.0177171
-0.0169709
-0.0161729
-0.0153228
-0.0144213
-0.0134693
-0.0124679
-0.0114198
-0.0103292
-0.009203
-0.00805094
-0.00688646
-0.005727
-0.00459434
-0.00351446
-0.00251687
-0.00163298
-0.000893265
-0.000322779
-19.935
-19.8053
-19.6711
-19.5343
-19.3947
-19.2516
-19.1019
-18.9446
-18.778
-18.6033
-18.4188
-18.2225
-18.0107
-17.7852
-17.5441
-17.2868
-17.0143
-16.7254
-16.4219
-16.1042
-15.7725
-15.4293
-15.0744
-14.7071
-14.3267
-13.9331
-13.5275
-13.1106
-12.6846
-12.2532
-11.8184
-11.3806
-10.941
-10.5005
-10.0601
-9.62097
-9.18341
-8.74878
-8.31864
-7.89391
-7.47479
-7.06155
-6.65397
-6.25228
-5.85699
-5.46889
-5.08913
-4.71902
-4.36001
-4.01352
-3.68089
-3.36328
-3.06165
-2.7767
-2.50891
-2.25852
-2.02553
-1.80976
-1.61087
-1.42836
-1.26163
-1.11
-0.972709
-0.848973
-0.737961
-0.638829
-0.550731
-0.47282
-0.404262
-0.344241
-0.291968
-0.246682
-0.207658
-0.174211
-0.145698
-0.121522
-0.101135
-0.0840331
-0.0697636
-0.0579189
-0.0481369
-0.0400985
-0.0335247
-0.0281737
-0.0238375
-0.0203386
-0.0175268
-0.0152757
-0.01348
-0.0120523
-0.0109206
-0.010026
-0.0093209
-0.00876649
-0.00833178
-0.007992
-0.00772744
-0.00752253
-0.00736503
-0.00724534
-0.00715597
-0.00709112
-0.00704626
-0.00701792
-0.00700341
-0.00700064
-0.00700803
-0.00702434
-0.00704861
-0.00708008
-0.00711818
-0.00716243
-0.00721244
-0.00726792
-0.0073286
-0.00739425
-0.00746466
-0.00753967
-0.0076191
-0.00770281
-0.00779063
-0.00788243
-0.00797807
-0.0080774
-0.0081803
-0.00828663
-0.00839626
-0.00850905
-0.00862487
-0.00874358
-0.00886505
-0.00898915
-0.00911576
-0.00924472
-0.00937592
-0.00950923
-0.00964451
-0.00978165
-0.00992051
-0.010061
-0.0102029
-0.0103462
-0.0104908
-0.0106364
-0.0107831
-0.0109307
-0.0110792
-0.0112283
-0.011378
-0.0115283
-0.0116789
-0.0118299
-0.0119812
-0.0121327
-0.0122843
-0.0124359
-0.0125875
-0.0127391
-0.0128905
-0.0130418
-0.0131928
-0.0133435
-0.013494
-0.0136441
-0.0137937
-0.013943
-0.0140918
-0.0142401
-0.0143879
-0.0145351
-0.0146818
-0.0148279
-0.0149735
-0.0151187
-0.0152633
-0.0154077
-0.0155518
-0.0156959
-0.01584
-0.0159843
-0.0161287
-0.0162735
-0.0164187
-0.0165643
-0.0167101
-0.0168562
-0.0170027
-0.0171497
-0.0172972
-0.0174452
-0.0175938
-0.0177428
-0.0178915
-0.0180404
-0.0181894
-0.0183381
-0.0184864
-0.0186338
-0.0187794
-0.0189242
-0.0190678
-0.0192097
-0.019351
-0.0194918
-0.0196319
-0.0197717
-0.0199111
-0.0200499
-0.0201876
-0.0203254
-0.0204637
-0.0206026
-0.0207421
-0.0208825
-0.0210238
-0.0211659
-0.0213084
-0.0214517
-0.0215959
-0.0217411
-0.0218877
-0.0220359
-0.0221862
-0.0223391
-0.0224948
-0.0226531
-0.0228138
-0.022976
-0.0231396
-0.0233047
-0.0234707
-0.0236366
-0.0238008
-0.0239622
-0.0241181
-0.0242669
-0.0244083
-0.0245426
-0.02467
-0.0247905
-0.024904
-0.0250099
-0.0251077
-0.0251968
-0.0252773
-0.0253492
-0.0254127
-0.0254681
-0.0255157
-0.0255557
-0.0255883
-0.025614
-0.025633
-0.0256455
-0.0256519
-0.0256524
-0.0256476
-0.0256374
-0.0256217
-0.0255997
-0.0255697
-0.0255294
-0.0254772
-0.0254131
-0.0253376
-0.0252512
-0.0251543
-0.0250468
-0.0249283
-0.0247984
-0.0246566
-0.0245021
-0.0243341
-0.0241516
-0.0239535
-0.023738
-0.0235031
-0.0232466
-0.0229655
-0.0226564
-0.0223155
-0.0219381
-0.0215188
-0.0210517
-0.0205277
-0.0199396
-0.0192795
-0.0185374
-0.0177012
-0.0167579
-0.0156936
-0.0144951
-0.0131514
-0.0116564
-0.0100123
-0.00823489
-0.00635897
-0.00444559
-0.002588
-0.000913683
-13.6114
-13.4261
-13.2376
-13.0461
-12.8516
-12.654
-12.4533
-12.2495
-12.0425
-11.8316
-11.6166
-11.3975
-11.1741
-10.9459
-10.7122
-10.4733
-10.2295
-9.98116
-9.72835
-9.4714
-9.21096
-8.94723
-8.68029
-8.41042
-8.13819
-7.86414
-7.58871
-7.31247
-7.03633
-6.76096
-6.48676
-6.21417
-5.94344
-5.6749
-5.40895
-5.14604
-4.88666
-4.63128
-4.38033
-4.13424
-3.89338
-3.65811
-3.42883
-3.20594
-2.98985
-2.78099
-2.57975
-2.38649
-2.20157
-2.02525
-1.85779
-1.69932
-1.54996
-1.40972
-1.27855
-1.15633
-1.04288
-0.937979
-0.841333
-0.752629
-0.671516
-0.597621
-0.530552
-0.469908
-0.41528
-0.36626
-0.32244
-0.283421
-0.248812
-0.218233
-0.191321
-0.167727
-0.147121
-0.12919
-0.113644
-0.100213
-0.0886456
-0.0787147
-0.0702124
-0.0629512
-0.0567629
-0.051498
-0.0470242
-0.0432251
-0.0399994
-0.0372592
-0.0349288
-0.0329432
-0.0312472
-0.029794
-0.0285444
-0.0274653
-0.0265292
-0.0257133
-0.0249988
-0.0243703
-0.0238148
-0.0233222
-0.0228839
-0.0224932
-0.0221445
-0.0218334
-0.0215561
-0.0213096
-0.0210914
-0.0208994
-0.020732
-0.0205877
-0.0204653
-0.0203639
-0.0202826
-0.0202207
-0.0201775
-0.0201523
-0.0201447
-0.0201541
-0.02018
-0.020222
-0.0202795
-0.020352
-0.0204393
-0.0205406
-0.0206557
-0.020784
-0.0209251
-0.0210784
-0.0212436
-0.0214201
-0.0216075
-0.0218053
-0.0220129
-0.0222298
-0.0224556
-0.0226896
-0.0229313
-0.0231802
-0.0234357
-0.0236972
-0.0239643
-0.0242362
-0.0245126
-0.0247928
-0.0250761
-0.0253621
-0.0256501
-0.0259396
-0.02623
-0.0265207
-0.0268111
-0.0271008
-0.0273891
-0.0276755
-0.0279595
-0.0282406
-0.0285182
-0.0287919
-0.0290613
-0.0293257
-0.0295849
-0.0298385
-0.030086
-0.0303271
-0.0305615
-0.0307889
-0.0310089
-0.0312214
-0.0314261
-0.0316227
-0.031811
-0.0319909
-0.0321621
-0.0323247
-0.0324786
-0.0326237
-0.0327604
-0.0328887
-0.033009
-0.0331216
-0.0332269
-0.0333249
-0.0334162
-0.0335011
-0.03358
-0.0336532
-0.0337208
-0.0337836
-0.0338417
-0.0338956
-0.0339455
-0.0339917
-0.0340345
-0.0340738
-0.0341099
-0.0341431
-0.0341737
-0.0342015
-0.0342266
-0.0342489
-0.0342688
-0.0342876
-0.034306
-0.0343245
-0.0343451
-0.0343678
-0.0343922
-0.0344186
-0.0344465
-0.0344746
-0.0345017
-0.0345283
-0.034555
-0.0345822
-0.0346099
-0.0346383
-0.0346676
-0.0346974
-0.0347279
-0.0347593
-0.0347921
-0.0348261
-0.0348614
-0.0348986
-0.0349383
-0.0349815
-0.0350293
-0.0350828
-0.0351423
-0.0352081
-0.0352801
-0.0353585
-0.0354432
-0.0355336
-0.0356291
-0.0357289
-0.0358306
-0.0359314
-0.0360282
-0.0361199
-0.0362057
-0.036285
-0.0363566
-0.0364197
-0.0364726
-0.0365138
-0.0365415
-0.0365541
-0.0365503
-0.036529
-0.0364894
-0.0364309
-0.0363531
-0.0362563
-0.0361411
-0.0360082
-0.0358587
-0.0356945
-0.0355174
-0.0353292
-0.0351314
-0.0349243
-0.0347076
-0.0344798
-0.0342392
-0.0339849
-0.0337161
-0.0334325
-0.0331335
-0.0328184
-0.0324862
-0.0321361
-0.0317681
-0.0313826
-0.0309808
-0.0305644
-0.0301349
-0.0296932
-0.0292391
-0.0287717
-0.0282898
-0.0277926
-0.0272816
-0.0267617
-0.0262158
-0.0256288
-0.0250053
-0.0243524
-0.0236749
-0.0229736
-0.0222434
-0.0214715
-0.0206368
-0.0197092
-0.0186483
-0.0174013
-0.0159016
-0.014069
-0.0118155
-0.00906072
-0.00576806
-0.00201576
-10.2659
-10.0629
-9.85838
-9.6524
-9.44509
-9.23661
-9.02713
-8.81682
-8.60577
-8.39406
-8.18183
-7.96924
-7.75639
-7.54338
-7.33027
-7.11721
-6.9044
-6.692
-6.48021
-6.2692
-6.05917
-5.85032
-5.64286
-5.43702
-5.23303
-5.03114
-4.83157
-4.63455
-4.44029
-4.24902
-4.06091
-3.87616
-3.69494
-3.51743
-3.3438
-3.17424
-3.00892
-2.84801
-2.69167
-2.54004
-2.39326
-2.25144
-2.1147
-1.98314
-1.85684
-1.73587
-1.62027
-1.51007
-1.40527
-1.30586
-1.21181
-1.12305
-1.03949
-0.961044
-0.887581
-0.818964
-0.755037
-0.695631
-0.640564
-0.589647
-0.54268
-0.499462
-0.459785
-0.423441
-0.390225
-0.359931
-0.332357
-0.307307
-0.284589
-0.264018
-0.245417
-0.228616
-0.213456
-0.199785
-0.187461
-0.176351
-0.166332
-0.15729
-0.14912
-0.141732
-0.135043
-0.128977
-0.123461
-0.118432
-0.113832
-0.10961
-0.105722
-0.10213
-0.0988008
-0.0957062
-0.0928212
-0.0901246
-0.0875982
-0.0852264
-0.0829956
-0.0808946
-0.0789136
-0.0770442
-0.0752793
-0.0736129
-0.0720397
-0.0705553
-0.0691558
-0.0678378
-0.0665982
-0.0654346
-0.0643445
-0.0633259
-0.0623767
-0.0614952
-0.0606796
-0.0599284
-0.05924
-0.058613
-0.0580459
-0.0575374
-0.0570861
-0.0566907
-0.0563499
-0.0560623
-0.0558267
-0.0556416
-0.0555057
-0.0554176
-0.0553759
-0.0553793
-0.0554265
-0.0555163
-0.0556472
-0.0558179
-0.0560272
-0.0562735
-0.0565554
-0.0568713
-0.0572196
-0.0575988
-0.0580072
-0.0584433
-0.0589056
-0.0593923
-0.059902
-0.0604328
-0.0609831
-0.0615508
-0.0621342
-0.0627313
-0.0633403
-0.0639592
-0.0645862
-0.0652197
-0.0658576
-0.0664983
-0.0671398
-0.0677802
-0.0684171
-0.0690484
-0.0696718
-0.0702852
-0.0708867
-0.0714742
-0.0720462
-0.0726009
-0.0731371
-0.0736534
-0.0741488
-0.0746223
-0.0750724
-0.0754975
-0.0758958
-0.0762652
-0.0766042
-0.0769111
-0.0771851
-0.0774253
-0.0776314
-0.0778033
-0.0779412
-0.0780448
-0.0781138
-0.0781471
-0.0781445
-0.078106
-0.0780321
-0.0779235
-0.0777817
-0.0776078
-0.0774036
-0.0771702
-0.0769087
-0.0766195
-0.0763034
-0.0759615
-0.0755957
-0.0752084
-0.074802
-0.0743788
-0.0739415
-0.0734926
-0.0730354
-0.0725736
-0.0721112
-0.0716518
-0.0711976
-0.070753
-0.0703218
-0.0699059
-0.0695072
-0.0691262
-0.0687632
-0.068419
-0.0680955
-0.0677943
-0.0675169
-0.0672644
-0.0670376
-0.0668374
-0.0666644
-0.0665196
-0.066404
-0.0663187
-0.0662644
-0.0662421
-0.0662526
-0.066297
-0.0663767
-0.0664936
-0.0666499
-0.0668473
-0.0670877
-0.0673728
-0.067704
-0.0680821
-0.0685081
-0.068983
-0.0695074
-0.0700809
-0.0707017
-0.0713678
-0.0720769
-0.0728266
-0.0736134
-0.0744329
-0.0752802
-0.0761491
-0.0770324
-0.0779216
-0.0788069
-0.0796777
-0.0805227
-0.0813304
-0.0820886
-0.082785
-0.0834089
-0.0839527
-0.0844137
-0.0847945
-0.0851013
-0.0853438
-0.0855327
-0.0856782
-0.0857866
-0.0858597
-0.0858943
-0.0858857
-0.0858285
-0.0857165
-0.0855388
-0.0852787
-0.0849138
-0.0844193
-0.0837736
-0.0829611
-0.0819748
-0.0808183
-0.0795052
-0.0780525
-0.0764712
-0.0747578
-0.0729193
-0.0708877
-0.0686058
-0.066107
-0.0634144
-0.0605326
-0.0574767
-0.0542965
-0.0510709
-0.0478925
-0.0448343
-0.0419251
-0.0391576
-0.0365075
-0.0339419
-0.0314094
-0.0288186
-0.0260131
-0.0227398
-0.0186046
-0.0130317
-0.00528436
-9.2485
-9.06213
-8.87353
-8.68296
-8.49069
-8.29698
-8.10209
-7.90628
-7.70981
-7.51296
-7.31596
-7.11908
-6.92254
-6.72658
-6.53142
-6.33726
-6.14431
-5.95278
-5.76286
-5.57476
-5.38864
-5.20471
-5.02314
-4.84413
-4.66784
-4.49446
-4.32414
-4.15704
-3.99332
-3.8331
-3.67654
-3.52375
-3.37481
-3.2299
-3.08909
-2.95244
-2.82003
-2.69192
-2.56815
-2.44875
-2.33373
-2.22309
-2.11683
-2.01494
-1.91737
-1.82408
-1.735
-1.65005
-1.56912
-1.49212
-1.41893
-1.34945
-1.28354
-1.2211
-1.162
-1.10613
-1.05335
-1.00354
-0.956577
-0.912314
-0.870617
-0.831345
-0.794359
-0.759538
-0.726794
-0.696011
-0.667078
-0.639871
-0.614273
-0.59017
-0.567461
-0.546045
-0.525833
-0.506735
-0.488672
-0.471567
-0.45535
-0.439957
-0.425328
-0.411407
-0.398145
-0.385493
-0.373411
-0.361858
-0.3508
-0.340203
-0.330039
-0.320281
-0.310907
-0.301895
-0.293227
-0.284886
-0.276859
-0.269132
-0.261694
-0.254535
-0.247645
-0.241017
-0.234643
-0.228518
-0.222633
-0.216986
-0.211569
-0.206379
-0.201412
-0.196662
-0.192126
-0.187801
-0.183681
-0.179763
-0.176043
-0.172517
-0.169181
-0.166031
-0.163063
-0.160274
-0.157659
-0.155215
-0.152939
-0.150827
-0.148875
-0.147079
-0.145436
-0.143941
-0.14259
-0.14138
-0.140308
-0.139369
-0.138561
-0.137879
-0.137322
-0.136885
-0.136564
-0.136357
-0.136259
-0.136267
-0.136377
-0.136587
-0.136892
-0.137291
-0.13778
-0.138354
-0.13901
-0.139744
-0.140551
-0.141426
-0.142366
-0.143367
-0.144423
-0.145532
-0.146687
-0.147887
-0.149126
-0.150401
-0.151704
-0.15303
-0.154371
-0.155722
-0.157076
-0.158429
-0.159772
-0.161102
-0.162411
-0.163695
-0.164952
-0.166177
-0.167371
-0.168527
-0.169637
-0.170697
-0.171701
-0.172644
-0.173522
-0.174329
-0.175058
-0.175707
-0.176271
-0.176752
-0.177142
-0.177436
-0.177631
-0.177725
-0.177716
-0.177604
-0.177388
-0.177067
-0.176635
-0.176098
-0.175449
-0.174686
-0.173806
-0.172813
-0.171709
-0.170503
-0.169201
-0.167809
-0.166329
-0.164762
-0.163111
-0.161386
-0.159596
-0.15775
-0.155862
-0.153944
-0.152011
-0.150074
-0.148142
-0.146218
-0.144304
-0.142408
-0.14054
-0.138712
-0.136936
-0.135224
-0.133585
-0.132024
-0.130549
-0.129164
-0.127881
-0.126707
-0.125654
-0.124732
-0.123952
-0.123323
-0.122854
-0.122553
-0.12243
-0.122491
-0.122746
-0.123202
-0.123867
-0.124747
-0.125849
-0.127182
-0.128752
-0.130564
-0.132622
-0.13493
-0.137493
-0.140318
-0.143407
-0.146762
-0.150382
-0.154267
-0.158414
-0.162816
-0.167456
-0.172315
-0.177365
-0.182583
-0.187926
-0.19332
-0.198661
-0.203828
-0.208739
-0.21335
-0.217653
-0.221668
-0.225448
-0.229073
-0.232608
-0.236062
-0.239381
-0.242502
-0.245421
-0.248187
-0.250857
-0.253417
-0.255782
-0.257779
-0.259251
-0.260058
-0.260052
-0.259102
-0.257177
-0.254384
-0.250967
-0.246429
-0.240208
-0.232331
-0.223945
-0.215814
-0.207826
-0.199345
-0.189885
-0.179328
-0.167865
-0.156121
-0.14474
-0.133996
-0.123791
-0.113968
-0.104505
-0.0954715
-0.086819
-0.0782489
-0.0691256
-0.0582287
-0.0432069
-0.0196817
-9.30232
-9.1773
-9.04846
-8.91598
-8.78009
-8.64103
-8.49902
-8.35432
-8.2072
-8.05794
-7.90685
-7.7542
-7.60025
-7.44525
-7.28943
-7.13299
-6.97615
-6.81909
-6.662
-6.50508
-6.3485
-6.19245
-6.0371
-5.88263
-5.72919
-5.57696
-5.4261
-5.27678
-5.12919
-4.98351
-4.83989
-4.69852
-4.55952
-4.42303
-4.28921
-4.15835
-4.03011
-3.90481
-3.78247
-3.66343
-3.54764
-3.43517
-3.32616
-3.2206
-3.11862
-3.02024
-2.925
-2.83289
-2.74398
-2.6581
-2.57515
-2.49503
-2.41767
-2.34303
-2.27109
-2.2018
-2.13512
-2.07097
-2.00922
-1.9497
-1.89224
-1.83674
-1.78308
-1.73118
-1.68096
-1.63239
-1.58541
-1.53998
-1.49606
-1.45359
-1.41249
-1.37267
-1.33408
-1.29664
-1.26029
-1.225
-1.19071
-1.15739
-1.12501
-1.09354
-1.06295
-1.03322
-1.0043
-0.976162
-0.948777
-0.922119
-0.896168
-0.870906
-0.846316
-0.822384
-0.799099
-0.776448
-0.754423
-0.733014
-0.712214
-0.692015
-0.67241
-0.653394
-0.634959
-0.617101
-0.599812
-0.583088
-0.566922
-0.55131
-0.536244
-0.521719
-0.507727
-0.494262
-0.481315
-0.468878
-0.456944
-0.445503
-0.434546
-0.424063
-0.414045
-0.404483
-0.395367
-0.386688
-0.378437
-0.370605
-0.363183
-0.356162
-0.349531
-0.343279
-0.337397
-0.331875
-0.326703
-0.321874
-0.317377
-0.313203
-0.309344
-0.305789
-0.30253
-0.299559
-0.296865
-0.294442
-0.292282
-0.29038
-0.288732
-0.287332
-0.286176
-0.285255
-0.284563
-0.284092
-0.283834
-0.283786
-0.283943
-0.284295
-0.284838
-0.28556
-0.286451
-0.28751
-0.288729
-0.290104
-0.291618
-0.293253
-0.294998
-0.296843
-0.298786
-0.30081
-0.302919
-0.305093
-0.307324
-0.309595
-0.311889
-0.314193
-0.316491
-0.318782
-0.321055
-0.323301
-0.325521
-0.327698
-0.329853
-0.331938
-0.333946
-0.335862
-0.337668
-0.339343
-0.340878
-0.342266
-0.343501
-0.344579
-0.3455
-0.346249
-0.346834
-0.347213
-0.347402
-0.34739
-0.347174
-0.34675
-0.346114
-0.345252
-0.344155
-0.342839
-0.341306
-0.339588
-0.337625
-0.335419
-0.332962
-0.33025
-0.327295
-0.324094
-0.320663
-0.317032
-0.313244
-0.309341
-0.305337
-0.3012
-0.296927
-0.29251
-0.287944
-0.283249
-0.278466
-0.273627
-0.268758
-0.263866
-0.258963
-0.254066
-0.249196
-0.244388
-0.23968
-0.235112
-0.230717
-0.226524
-0.222568
-0.218889
-0.215531
-0.21254
-0.209957
-0.207822
-0.206167
-0.205018
-0.2044
-0.204348
-0.204889
-0.206051
-0.207856
-0.21032
-0.213469
-0.21734
-0.221951
-0.227323
-0.233475
-0.240429
-0.248223
-0.256898
-0.266488
-0.276993
-0.288415
-0.300799
-0.314154
-0.328524
-0.343675
-0.359354
-0.375277
-0.39119
-0.406874
-0.422078
-0.436673
-0.4509
-0.465068
-0.479269
-0.493052
-0.505939
-0.517866
-0.529024
-0.539667
-0.549877
-0.55947
-0.568234
-0.576357
-0.584208
-0.591827
-0.598172
-0.602244
-0.60269
-0.598447
-0.590505
-0.579291
-0.56529
-0.549589
-0.533876
-0.518756
-0.502877
-0.485468
-0.465699
-0.442536
-0.417487
-0.393207
-0.370595
-0.348445
-0.325564
-0.302043
-0.279115
-0.257561
-0.236845
-0.21501
-0.188025
-0.147354
-0.0738846
-8.15446
-8.10236
-8.04725
-7.98947
-7.92869
-7.86501
-7.79889
-7.73133
-7.66134
-7.58488
-7.50562
-7.42554
-7.34407
-7.26079
-7.17586
-7.0894
-7.00153
-6.91235
-6.82195
-6.73042
-6.63789
-6.54441
-6.45006
-6.35497
-6.25923
-6.16293
-6.06616
-5.96904
-5.87198
-5.77473
-5.67723
-5.57945
-5.4819
-5.3849
-5.28835
-5.19238
-5.09733
-5.00301
-4.90947
-4.81726
-4.72657
-4.63921
-4.55217
-4.46663
-4.38117
-4.29808
-4.2173
-4.13812
-4.06041
-3.98414
-3.90917
-3.83538
-3.76277
-3.6914
-3.62156
-3.55399
-3.48778
-3.42283
-3.35937
-3.29769
-3.23716
-3.17728
-3.11785
-3.05878
-3.00003
-2.94164
-2.88373
-2.82648
-2.76973
-2.71363
-2.65808
-2.60317
-2.54878
-2.49487
-2.44143
-2.38847
-2.33599
-2.28404
-2.23269
-2.18194
-2.13185
-2.08234
-2.03348
-1.98529
-1.93772
-1.89079
-1.8445
-1.79883
-1.7538
-1.70942
-1.66569
-1.62265
-1.5803
-1.53868
-1.49781
-1.4577
-1.41838
-1.37987
-1.34218
-1.30534
-1.26937
-1.23426
-1.20005
-1.16672
-1.13431
-1.1028
-1.07221
-1.04252
-1.01375
-0.985884
-0.95893
-0.932878
-0.907719
-0.883442
-0.860033
-0.837482
-0.815775
-0.794899
-0.774842
-0.755589
-0.737127
-0.719438
-0.702505
-0.686313
-0.670842
-0.656072
-0.641991
-0.628578
-0.615814
-0.603681
-0.592158
-0.581227
-0.570869
-0.561064
-0.551796
-0.543049
-0.534806
-0.527056
-0.519786
-0.512987
-0.506645
-0.500739
-0.495262
-0.490208
-0.485563
-0.481321
-0.477477
-0.474019
-0.470945
-0.468242
-0.465903
-0.463901
-0.462287
-0.461023
-0.4601
-0.459496
-0.459187
-0.459171
-0.459425
-0.459932
-0.460683
-0.461643
-0.462825
-0.464156
-0.465636
-0.467266
-0.469022
-0.470893
-0.472886
-0.474969
-0.477151
-0.479431
-0.481776
-0.484193
-0.486643
-0.489123
-0.491594
-0.494054
-0.496504
-0.498921
-0.501283
-0.503578
-0.505793
-0.507869
-0.509772
-0.511547
-0.513198
-0.514735
-0.516152
-0.517468
-0.518681
-0.519734
-0.52065
-0.521416
-0.522021
-0.522432
-0.522656
-0.522673
-0.522413
-0.521921
-0.521122
-0.519985
-0.518502
-0.516666
-0.514509
-0.512038
-0.509293
-0.506253
-0.502925
-0.499156
-0.494918
-0.490204
-0.485051
-0.479536
-0.473705
-0.467565
-0.461114
-0.454331
-0.447197
-0.439713
-0.431896
-0.423842
-0.41554
-0.406985
-0.398226
-0.389341
-0.380436
-0.371635
-0.363075
-0.35486
-0.347081
-0.339793
-0.333064
-0.326971
-0.321613
-0.317077
-0.313428
-0.310736
-0.309075
-0.308506
-0.309114
-0.31094
-0.314023
-0.318406
-0.324134
-0.331277
-0.339896
-0.350039
-0.361756
-0.375093
-0.390095
-0.406784
-0.425182
-0.445212
-0.46675
-0.48965
-0.513779
-0.538755
-0.564259
-0.59022
-0.616944
-0.644483
-0.672231
-0.699825
-0.726584
-0.753314
-0.779054
-0.803691
-0.826339
-0.846457
-0.864414
-0.880577
-0.896579
-0.911157
-0.921676
-0.928326
-0.931758
-0.932134
-0.929894
-0.925513
-0.918551
-0.908875
-0.896257
-0.881045
-0.863902
-0.844354
-0.821348
-0.795264
-0.768536
-0.741865
-0.713515
-0.682009
-0.647026
-0.610828
-0.575352
-0.540895
-0.504359
-0.457008
-0.377495
-0.208156
-3.57668
-3.5856
-3.59324
-3.59968
-3.60488
-3.60873
-3.61112
-3.61168
-3.61068
-3.60708
-3.60039
-3.59105
-3.58081
-3.57066
-3.56214
-3.55552
-3.55031
-3.54617
-3.54307
-3.54081
-3.53925
-3.53828
-3.53778
-3.53772
-3.53806
-3.53879
-3.53988
-3.54162
-3.54349
-3.54553
-3.5475
-3.54962
-3.55176
-3.55365
-3.55513
-3.55603
-3.55633
-3.55675
-3.55604
-3.55345
-3.54979
-3.54473
-3.53792
-3.52889
-3.51974
-3.51079
-3.50027
-3.48824
-3.47495
-3.46046
-3.44582
-3.43085
-3.41533
-3.39928
-3.38269
-3.36559
-3.34835
-3.33158
-3.31277
-3.29308
-3.27169
-3.2503
-3.22877
-3.20658
-3.18369
-3.15984
-3.13502
-3.10927
-3.08262
-3.055
-3.02652
-2.9973
-2.96668
-2.9346
-2.90164
-2.86782
-2.83296
-2.79708
-2.76026
-2.72245
-2.68378
-2.64432
-2.60425
-2.56376
-2.52242
-2.48025
-2.43776
-2.39497
-2.35177
-2.30818
-2.26426
-2.22005
-2.17562
-2.13103
-2.08634
-2.04162
-1.99691
-1.95231
-1.90788
-1.86367
-1.81975
-1.77619
-1.73304
-1.69035
-1.64819
-1.60659
-1.56561
-1.5253
-1.48569
-1.44681
-1.40873
-1.37144
-1.33496
-1.29933
-1.26455
-1.23063
-1.19758
-1.1654
-1.13411
-1.10371
-1.0742
-1.04556
-1.01779
-0.99089
-0.964859
-0.939673
-0.915321
-0.891807
-0.869113
-0.847227
-0.826132
-0.805817
-0.786272
-0.76747
-0.749397
-0.732033
-0.71537
-0.699387
-0.684068
-0.669403
-0.655377
-0.641956
-0.629135
-0.616913
-0.605275
-0.59421
-0.583711
-0.57377
-0.564376
-0.555522
-0.54719
-0.539361
-0.532035
-0.525208
-0.518896
-0.513037
-0.507613
-0.502582
-0.497969
-0.493762
-0.489932
-0.486427
-0.483233
-0.480359
-0.477791
-0.475517
-0.473546
-0.471867
-0.470426
-0.469192
-0.468222
-0.467523
-0.467077
-0.466885
-0.466947
-0.467278
-0.467903
-0.468787
-0.469936
-0.471362
-0.473087
-0.475141
-0.477517
-0.48022
-0.48325
-0.486599
-0.490251
-0.494184
-0.498374
-0.502779
-0.507428
-0.512378
-0.51767
-0.523346
-0.52937
-0.53576
-0.542442
-0.549345
-0.556421
-0.563577
-0.570727
-0.577795
-0.584693
-0.591328
-0.597645
-0.60356
-0.609005
-0.613934
-0.618315
-0.622128
-0.625303
-0.627764
-0.62949
-0.63051
-0.630875
-0.630695
-0.63012
-0.629031
-0.627334
-0.625095
-0.622148
-0.618312
-0.613524
-0.607734
-0.600935
-0.593163
-0.584496
-0.575043
-0.564938
-0.554306
-0.543295
-0.532063
-0.520744
-0.509463
-0.498367
-0.487613
-0.477351
-0.467742
-0.458895
-0.450934
-0.444001
-0.438243
-0.433729
-0.430535
-0.428731
-0.428401
-0.429648
-0.432559
-0.437214
-0.443693
-0.452023
-0.462229
-0.474361
-0.488444
-0.504464
-0.522392
-0.542047
-0.563289
-0.586076
-0.610314
-0.635891
-0.662593
-0.690251
-0.718658
-0.747683
-0.777178
-0.806454
-0.83542
-0.863502
-0.89067
-0.916606
-0.941372
-0.96424
-0.984746
-1.00235
-1.01715
-1.03002
-1.04159
-1.05203
-1.06099
-1.06856
-1.07473
-1.07938
-1.08245
-1.08356
-1.08252
-1.07945
-1.07376
-1.06505
-1.05326
-1.03817
-1.01989
-0.998193
-0.973046
-0.94463
-0.91249
-0.873775
-0.817906
-0.70909
-0.427261
6.44012
6.46741
6.49444
6.521
6.54711
6.57168
6.59418
6.61398
6.6316
6.64659
6.65813
6.66097
6.65462
6.63608
6.60185
6.55489
6.49613
6.42626
6.34636
6.25785
6.16096
6.05749
5.94751
5.83223
5.71209
5.5874
5.45836
5.32518
5.18686
5.04349
4.896
4.74475
4.59011
4.43233
4.2715
4.10761
3.9405
3.77085
3.5971
3.41654
3.22982
3.03987
2.85036
2.66339
2.48132
2.30562
2.13566
1.97035
1.80888
1.65108
1.49639
1.34514
1.19709
1.05214
0.910295
0.771699
0.636485
0.504741
0.375616
0.2489
0.125084
0.00425503
-0.113456
-0.227704
-0.338111
-0.44431
-0.545975
-0.64287
-0.734763
-0.821432
-0.902766
-0.97877
-1.04896
-1.11333
-1.1723
-1.22616
-1.27521
-1.3195
-1.35917
-1.39435
-1.42519
-1.45182
-1.47435
-1.49306
-1.50769
-1.51834
-1.52542
-1.52932
-1.53047
-1.52896
-1.52492
-1.5185
-1.50982
-1.49906
-1.48626
-1.47159
-1.45519
-1.43719
-1.4177
-1.39685
-1.37476
-1.35155
-1.32732
-1.30219
-1.27626
-1.24963
-1.22241
-1.19469
-1.16655
-1.1381
-1.1094
-1.08054
-1.05156
-1.02254
-0.993577
-0.964719
-0.93602
-0.907528
-0.879284
-0.851324
-0.823681
-0.796387
-0.769479
-0.743014
-0.716954
-0.691311
-0.666172
-0.641568
-0.61752
-0.59405
-0.571178
-0.548915
-0.527268
-0.506239
-0.485825
-0.466021
-0.446833
-0.428219
-0.410208
-0.392823
-0.376065
-0.359931
-0.344425
-0.329538
-0.315262
-0.301587
-0.288504
-0.276
-0.264067
-0.252701
-0.241902
-0.23167
-0.221992
-0.212847
-0.204206
-0.196028
-0.188344
-0.181017
-0.17393
-0.167362
-0.161423
-0.156157
-0.151583
-0.147715
-0.144556
-0.142098
-0.140328
-0.139222
-0.13868
-0.138659
-0.13923
-0.140489
-0.142496
-0.145277
-0.148859
-0.153268
-0.158545
-0.164669
-0.171785
-0.179841
-0.188908
-0.199055
-0.210441
-0.223123
-0.237123
-0.25241
-0.268925
-0.286601
-0.305344
-0.325153
-0.345927
-0.367505
-0.389716
-0.412386
-0.435352
-0.458442
-0.481473
-0.504296
-0.526796
-0.548903
-0.570483
-0.591458
-0.611788
-0.631428
-0.650242
-0.668108
-0.684896
-0.700467
-0.714722
-0.727615
-0.7392
-0.749409
-0.758119
-0.765274
-0.770948
-0.775431
-0.779463
-0.78354
-0.787328
-0.790616
-0.793358
-0.795286
-0.796101
-0.795613
-0.793705
-0.79031
-0.78542
-0.779075
-0.771363
-0.762419
-0.752419
-0.741562
-0.730023
-0.717954
-0.705477
-0.692719
-0.67986
-0.667013
-0.654276
-0.641759
-0.629578
-0.617962
-0.60702
-0.596826
-0.587503
-0.579198
-0.572096
-0.566346
-0.562095
-0.559432
-0.558386
-0.559003
-0.561346
-0.565426
-0.571305
-0.578987
-0.588366
-0.599353
-0.611839
-0.625741
-0.640988
-0.65752
-0.67526
-0.694063
-0.713733
-0.73411
-0.754789
-0.775943
-0.796961
-0.817706
-0.837999
-0.857686
-0.876384
-0.894842
-0.913271
-0.931573
-0.949765
-0.96792
-0.986381
-1.00499
-1.02376
-1.04232
-1.06049
-1.07804
-1.09482
-1.1104
-1.12448
-1.13682
-1.14714
-1.15524
-1.16088
-1.16339
-1.16262
-1.15823
-1.15022
-1.13775
-1.11777
-1.07905
-0.976449
-0.632351
14.9729
15.0908
15.2031
15.3095
15.4094
15.5018
15.5858
15.6615
15.7292
15.7872
15.8326
15.8653
15.8826
15.8857
15.8742
15.8472
15.8053
15.749
15.6786
15.5947
15.4975
15.386
15.2614
15.1245
14.9759
14.816
14.6454
14.4642
14.2725
14.0709
13.8597
13.6392
13.4095
13.1707
12.9225
12.6643
12.3952
12.1145
11.8178
11.5045
11.1809
10.8516
10.5202
10.1907
9.86462
9.54356
9.22853
8.91817
8.61216
8.31
8.01265
7.72037
7.4331
7.15095
6.87338
6.59934
6.33019
6.06422
5.80137
5.54132
5.28605
5.03668
4.79422
4.55935
4.33243
4.11373
3.90329
3.70067
3.50639
3.31985
3.14062
2.96902
2.80502
2.64743
2.49675
2.3531
2.2165
2.08684
1.96393
1.84747
1.73719
1.63254
1.5332
1.43984
1.3515
1.26751
1.18806
1.11306
1.04242
0.976068
0.913971
0.856088
0.802386
0.752857
0.70754
0.666353
0.629048
0.595444
0.565338
0.538528
0.514823
0.494037
0.475985
0.460484
0.44735
0.436403
0.42746
0.420344
0.41488
0.410898
0.408236
0.406744
0.40627
0.406676
0.407847
0.409664
0.412027
0.414855
0.418084
0.42167
0.425593
0.429852
0.434448
0.439422
0.444828
0.450655
0.456696
0.462833
0.468957
0.474956
0.480741
0.486238
0.491389
0.496156
0.500527
0.504515
0.508182
0.511617
0.514796
0.517625
0.520107
0.522225
0.523981
0.525393
0.526483
0.527286
0.52784
0.528193
0.52839
0.528435
0.528331
0.52802
0.527409
0.526389
0.524822
0.522545
0.519391
0.514949
0.509033
0.501779
0.493131
0.483031
0.471471
0.45845
0.443951
0.427953
0.410415
0.391415
0.370875
0.34866
0.324789
0.299406
0.272509
0.244093
0.214142
0.182634
0.149543
0.114811
0.0785114
0.0407029
0.00162757
-0.0383908
-0.0790055
-0.119905
-0.160821
-0.201524
-0.241849
-0.281626
-0.320708
-0.358963
-0.396403
-0.432913
-0.468443
-0.502948
-0.536432
-0.56881
-0.600031
-0.630053
-0.658852
-0.686488
-0.713003
-0.738394
-0.762726
-0.786061
-0.808442
-0.829734
-0.849865
-0.86881
-0.886683
-0.903639
-0.919398
-0.933942
-0.947326
-0.959549
-0.970506
-0.980241
-0.988808
-0.99635
-1.00264
-1.00794
-1.01183
-1.01439
-1.01566
-1.01561
-1.01431
-1.01171
-1.00778
-1.00247
-0.995751
-0.987676
-0.9783
-0.967714
-0.955961
-0.943191
-0.929805
-0.916254
-0.902291
-0.888393
-0.87452
-0.860406
-0.845933
-0.831068
-0.815954
-0.800755
-0.785701
-0.77105
-0.757233
-0.744583
-0.733198
-0.723205
-0.71456
-0.707215
-0.701293
-0.696964
-0.694172
-0.693011
-0.693423
-0.695251
-0.698381
-0.702656
-0.707937
-0.714254
-0.721602
-0.729963
-0.739295
-0.7495
-0.760482
-0.772187
-0.784546
-0.797305
-0.81039
-0.823696
-0.837204
-0.850847
-0.865076
-0.879852
-0.895417
-0.9121
-0.929824
-0.948403
-0.967681
-0.987497
-1.00765
-1.02796
-1.048
-1.06745
-1.08615
-1.10399
-1.12093
-1.13676
-1.15096
-1.16316
-1.17309
-1.1803
-1.18425
-1.18422
-1.17758
-1.15374
-1.06815
-0.725562
19.5917
19.653
19.7057
19.7493
19.7846
19.8091
19.8233
19.8263
19.8193
19.8018
19.7732
19.7334
19.6825
19.6205
19.5477
19.4642
19.3704
19.2664
19.1525
19.0288
18.8955
18.7529
18.6011
18.4404
18.2713
18.0939
17.9087
17.7159
17.5158
17.3086
17.0947
16.8743
16.6475
16.4145
16.1755
15.9306
15.6798
15.4232
15.1609
14.8933
14.6214
14.3465
14.0694
13.7913
13.5122
13.2332
12.955
12.6766
12.3991
12.1231
11.8487
11.5764
11.3065
11.0387
10.7723
10.5085
10.2471
9.98855
9.733
9.48089
9.23271
8.98894
8.75003
8.51608
8.28643
8.06166
7.84121
7.62541
7.41362
7.20543
7.00145
6.80198
6.60712
6.41707
6.23199
6.05195
5.87724
5.70766
5.54325
5.38375
5.22884
5.07688
4.92843
4.78346
4.64285
4.50656
4.37455
4.24706
4.12426
4.00624
3.89306
3.78474
3.68137
3.58276
3.48896
3.39981
3.31533
3.23525
3.15935
3.08742
3.01925
2.95463
2.89338
2.83529
2.78018
2.72787
2.67819
2.63095
2.58593
2.5429
2.50164
2.46183
2.42329
2.38592
2.3496
2.31417
2.27953
2.24557
2.21222
2.17943
2.14731
2.11573
2.08488
2.05478
2.02556
1.99677
1.96845
1.94064
1.91325
1.88617
1.85929
1.83249
1.80567
1.77875
1.75166
1.72436
1.69684
1.66899
1.64081
1.61235
1.58367
1.55474
1.52558
1.49618
1.46657
1.43672
1.40664
1.37634
1.34587
1.31521
1.28433
1.253
1.2211
1.18842
1.15475
1.11989
1.08356
1.04529
1.00525
0.963607
0.920357
0.875543
0.829211
0.781406
0.732177
0.681589
0.629626
0.576354
0.522041
0.466868
0.410991
0.354579
0.297785
0.240738
0.18355
0.126309
0.0692287
0.0127362
-0.0428157
-0.0971626
-0.150119
-0.201437
-0.250885
-0.298365
-0.34383
-0.387219
-0.428574
-0.468037
-0.505703
-0.541644
-0.57596
-0.608824
-0.640348
-0.670615
-0.699728
-0.727783
-0.754903
-0.781185
-0.806627
-0.831298
-0.855329
-0.878578
-0.901148
-0.923029
-0.944314
-0.965099
-0.985415
-1.00545
-1.02475
-1.04329
-1.06097
-1.07797
-1.09417
-1.10954
-1.12497
-1.13888
-1.15218
-1.16505
-1.17697
-1.18748
-1.19648
-1.20385
-1.20857
-1.21098
-1.21156
-1.21075
-1.20878
-1.20526
-1.19986
-1.19239
-1.1828
-1.17123
-1.15807
-1.14374
-1.12892
-1.11393
-1.09926
-1.08503
-1.07034
-1.05524
-1.03986
-1.02387
-1.00717
-0.989998
-0.972575
-0.955267
-0.938337
-0.922491
-0.907827
-0.894339
-0.881881
-0.870318
-0.859729
-0.850463
-0.842667
-0.836417
-0.83151
-0.82791
-0.825496
-0.824088
-0.823535
-0.823774
-0.824803
-0.826652
-0.829334
-0.832843
-0.83715
-0.842257
-0.848176
-0.854852
-0.862369
-0.870585
-0.879506
-0.88933
-0.900209
-0.911919
-0.924303
-0.937393
-0.951412
-0.966408
-0.982397
-0.999148
-1.01637
-1.03375
-1.05105
-1.06757
-1.08317
-1.09771
-1.11095
-1.12281
-1.13316
-1.14143
-1.14762
-1.15155
-1.15288
-1.15104
-1.14435
-1.12489
-1.0541
-0.742901
21.0042
20.8303
20.6488
20.4598
20.2635
20.06
19.8499
19.6333
19.4107
19.1828
18.9492
18.7111
18.4689
18.2229
17.9739
17.7225
17.469
17.2142
16.9585
16.7029
16.4471
16.1921
15.9381
15.6857
15.435
15.1864
14.9405
14.6974
14.4573
14.2208
13.987
13.7565
13.5292
13.305
13.0839
12.8658
12.6507
12.4386
12.2295
12.0233
11.82
11.6199
11.4229
11.2292
11.0387
10.8518
10.6677
10.4869
10.3093
10.1349
9.96352
9.79518
9.62984
9.46748
9.30802
9.15117
8.99713
8.84589
8.69698
8.55042
8.40599
8.26393
8.12421
7.98659
7.85101
7.71747
7.58583
7.45603
7.32799
7.20165
7.07697
6.95394
6.83274
6.71296
6.59474
6.47798
6.36294
6.24953
6.13771
6.02748
5.91901
5.81155
5.70564
5.60146
5.49898
5.39832
5.29955
5.20273
5.10792
5.01513
4.92439
4.83586
4.74925
4.66463
4.58201
4.50152
4.42304
4.34652
4.27191
4.19913
4.12809
4.05871
3.99094
3.92468
3.85989
3.79658
3.7346
3.67384
3.61413
3.55537
3.49748
3.44032
3.38374
3.32766
3.27199
3.21665
3.16156
3.10671
3.0521
2.9974
2.94286
2.88848
2.83418
2.78007
2.72616
2.67243
2.61892
2.5655
2.51218
2.45884
2.40554
2.35217
2.29865
2.24491
2.19092
2.13664
2.08203
2.02695
1.97156
1.91591
1.85998
1.80375
1.74727
1.69049
1.63347
1.57621
1.51868
1.46081
1.4027
1.34437
1.28578
1.22693
1.16782
1.10851
1.04894
0.989059
0.928859
0.868412
0.80778
0.746962
0.686001
0.62496
0.563922
0.502992
0.442295
0.381992
0.322208
0.263061
0.204695
0.147206
0.0907041
0.03534
-0.0187315
-0.0713577
-0.122294
-0.171182
-0.217806
-0.262188
-0.304449
-0.34469
-0.38299
-0.419444
-0.454155
-0.487189
-0.518702
-0.548862
-0.577852
-0.605802
-0.632863
-0.659179
-0.684835
-0.709951
-0.734638
-0.758974
-0.783014
-0.80684
-0.830331
-0.853518
-0.876368
-0.898983
-0.921381
-0.943603
-0.965387
-0.986977
-1.0085
-1.03047
-1.05194
-1.07284
-1.09346
-1.11398
-1.13409
-1.15369
-1.17283
-1.19194
-1.20953
-1.22607
-1.24174
-1.25619
-1.2691
-1.28127
-1.29231
-1.30184
-1.30982
-1.31593
-1.31998
-1.32191
-1.32183
-1.31973
-1.31559
-1.3099
-1.30184
-1.29178
-1.2807
-1.26836
-1.25486
-1.24122
-1.22738
-1.21304
-1.1985
-1.18381
-1.1689
-1.15355
-1.13778
-1.12179
-1.10565
-1.08985
-1.07448
-1.05971
-1.0457
-1.03232
-1.01957
-1.00732
-0.995895
-0.985592
-0.976564
-0.968688
-0.961952
-0.956244
-0.951627
-0.948086
-0.945455
-0.943649
-0.942645
-0.942476
-0.943175
-0.944781
-0.947336
-0.950839
-0.955266
-0.96061
-0.966563
-0.973221
-0.980565
-0.988751
-0.997784
-1.00755
-1.01806
-1.02862
-1.03958
-1.05082
-1.06182
-1.07218
-1.08152
-1.08951
-1.09597
-1.10069
-1.10326
-1.10366
-1.10182
-1.09782
-1.0916
-1.08345
-1.07362
-1.06221
-1.04928
-1.03482
-1.01732
-0.989982
-0.919853
-0.644634
18.1336
17.747
17.3615
16.9784
16.5979
16.2196
15.8447
15.4733
15.105
14.7409
14.3808
14.0251
13.6736
13.3272
12.9858
12.6493
12.3185
11.9937
11.6744
11.3616
11.0555
10.7557
10.4631
10.1775
9.89939
9.62834
9.3652
9.10984
8.86226
8.62294
8.39133
8.16832
7.95353
7.74702
7.54883
7.35833
7.17596
7.0012
6.83386
6.67363
6.52025
6.37357
6.23341
6.09963
5.97236
5.85149
5.73643
5.6275
5.52431
5.42691
5.3348
5.24811
5.16669
5.09009
5.01818
4.95053
4.88729
4.82744
4.77111
4.71807
4.66756
4.61949
4.57369
4.52947
4.4869
4.44566
4.40557
4.36624
4.32743
4.28904
4.25106
4.21336
4.17595
4.13882
4.10199
4.0653
4.02874
3.99225
3.95577
3.91927
3.88265
3.84563
3.80828
3.77067
3.73287
3.69482
3.65645
3.61769
3.57859
3.53934
3.49994
3.4603
3.42044
3.38045
3.3402
3.29974
3.2588
3.21753
3.17602
3.13427
3.09229
3.05021
3.00778
2.96488
2.92158
2.87793
2.83394
2.7896
2.74483
2.69965
2.65412
2.60824
2.56206
2.51562
2.46897
2.42212
2.37509
2.32789
2.28054
2.23268
2.18439
2.13572
2.08687
2.03786
1.98851
1.93864
1.8883
1.83754
1.78639
1.73477
1.68271
1.63025
1.57747
1.52444
1.47124
1.41795
1.36466
1.31126
1.25782
1.2045
1.15134
1.09835
1.04552
0.992832
0.940261
0.887855
0.835548
0.783295
0.731222
0.679491
0.628224
0.577536
0.527539
0.478329
0.429989
0.382668
0.336178
0.290345
0.245233
0.200858
0.157202
0.114247
0.0719992
0.0304699
-0.010307
-0.0502707
-0.0893348
-0.127277
-0.163927
-0.199221
-0.233152
-0.265621
-0.296538
-0.325913
-0.35386
-0.380517
-0.406014
-0.430448
-0.453976
-0.476735
-0.498852
-0.520453
-0.541631
-0.562493
-0.583182
-0.6038
-0.624441
-0.645193
-0.666122
-0.68728
-0.708712
-0.730426
-0.752354
-0.774428
-0.796591
-0.818735
-0.840828
-0.862632
-0.884148
-0.905255
-0.926142
-0.946921
-0.967563
-0.988347
-1.00926
-1.02961
-1.04954
-1.06896
-1.08845
-1.10805
-1.1272
-1.1458
-1.16414
-1.18168
-1.19778
-1.21349
-1.22744
-1.23966
-1.25073
-1.26025
-1.26828
-1.2753
-1.28129
-1.28624
-1.29005
-1.29242
-1.29371
-1.29412
-1.29373
-1.29203
-1.28915
-1.28525
-1.2801
-1.27351
-1.26584
-1.25737
-1.24843
-1.23928
-1.2291
-1.21854
-1.20766
-1.19629
-1.185
-1.17379
-1.16268
-1.15164
-1.14076
-1.12983
-1.11926
-1.10904
-1.0993
-1.0903
-1.08207
-1.07467
-1.06806
-1.06223
-1.05714
-1.0527
-1.04925
-1.04666
-1.0448
-1.04378
-1.04349
-1.04385
-1.04514
-1.04713
-1.04989
-1.05338
-1.05755
-1.06218
-1.06683
-1.07126
-1.07556
-1.07962
-1.08317
-1.08598
-1.08786
-1.08818
-1.08693
-1.08298
-1.0759
-1.06557
-1.05232
-1.03683
-1.01978
-1.00149
-0.982316
-0.96157
-0.939133
-0.91501
-0.8895
-0.863278
-0.83724
-0.812007
-0.788024
-0.76452
-0.739489
-0.706849
-0.641668
-0.43196
21.6858
21.1052
20.5334
19.9704
19.4161
18.8705
18.3336
17.8052
17.2854
16.7742
16.2717
15.7777
15.2924
14.8158
14.3481
13.8892
13.4394
12.9986
12.567
12.1447
11.7317
11.328
10.9338
10.5489
10.1735
9.8076
9.45114
9.10415
8.76662
8.4385
8.11976
7.81033
7.51017
7.21921
6.93741
6.6647
6.401
6.14624
5.90034
5.66322
5.4348
5.21501
5.00377
4.80098
4.60656
4.42038
4.24233
4.07227
3.91004
3.75549
3.60844
3.46871
3.33611
3.21047
3.09159
2.97929
2.87337
2.77366
2.67999
2.5922
2.51008
2.43345
2.36198
2.29554
2.23373
2.17631
2.12274
2.07288
2.02632
1.98281
1.94205
1.90384
1.86802
1.83444
1.80299
1.77346
1.74574
1.71974
1.69528
1.6723
1.65067
1.6303
1.61095
1.5925
1.57479
1.55773
1.54123
1.52521
1.50956
1.49422
1.47917
1.46435
1.44965
1.43499
1.42036
1.40542
1.38995
1.37395
1.35751
1.34073
1.32354
1.30582
1.28763
1.26921
1.2501
1.2304
1.21005
1.18903
1.16734
1.14492
1.12163
1.09769
1.07322
1.04831
1.02305
0.997603
0.972038
0.94606
0.919812
0.893315
0.866653
0.839457
0.811763
0.783604
0.754993
0.726238
0.697319
0.668177
0.63879
0.609133
0.579223
0.549119
0.518899
0.488652
0.458501
0.428481
0.398486
0.368595
0.338921
0.309403
0.28002
0.250787
0.221725
0.192864
0.164229
0.135863
0.107832
0.0801513
0.0529391
0.0262238
4.87169e-05
-0.0255096
-0.0503796
-0.0745028
-0.0978486
-0.120397
-0.142167
-0.162978
-0.18298
-0.202293
-0.22102
-0.239227
-0.256962
-0.274242
-0.291126
-0.307545
-0.323476
-0.338927
-0.353916
-0.368522
-0.382815
-0.396847
-0.410683
-0.424384
-0.438005
-0.451594
-0.465215
-0.478932
-0.492807
-0.506888
-0.52123
-0.535892
-0.55092
-0.56634
-0.582205
-0.59854
-0.615364
-0.632671
-0.650443
-0.668658
-0.687266
-0.70622
-0.725327
-0.744539
-0.763772
-0.782867
-0.801758
-0.820406
-0.838861
-0.85715
-0.875634
-0.894094
-0.912698
-0.931228
-0.949996
-0.968856
-0.987569
-1.00633
-1.02511
-1.0429
-1.06025
-1.07626
-1.09139
-1.10534
-1.11784
-1.12872
-1.1378
-1.14503
-1.15066
-1.15481
-1.15769
-1.16025
-1.16334
-1.16673
-1.16986
-1.17228
-1.17408
-1.17593
-1.17774
-1.17889
-1.17954
-1.1797
-1.17973
-1.17967
-1.17867
-1.17679
-1.17498
-1.17212
-1.16902
-1.16519
-1.1603
-1.15451
-1.1486
-1.14246
-1.13615
-1.12974
-1.12322
-1.11673
-1.11035
-1.10414
-1.0981
-1.09227
-1.08671
-1.08143
-1.07642
-1.07161
-1.067
-1.06264
-1.05848
-1.0545
-1.05076
-1.04711
-1.04305
-1.03871
-1.03387
-1.02805
-1.02127
-1.01324
-1.00353
-0.99176
-0.979321
-0.967357
-0.956681
-0.945994
-0.933224
-0.917611
-0.898716
-0.877344
-0.854242
-0.82926
-0.802489
-0.774531
-0.746169
-0.717853
-0.689843
-0.662393
-0.635558
-0.609153
-0.583011
-0.55718
-0.531863
-0.507323
-0.483806
-0.461446
-0.440119
-0.419224
-0.397158
-0.369335
-0.320401
-0.196202
28.9946
28.1408
27.3089
26.4977
25.7064
24.9341
24.18
23.4434
22.7237
22.0203
21.3327
20.6605
20.0031
19.3603
18.7315
18.1165
17.5151
16.9268
16.3516
15.7891
15.2392
14.7016
14.1763
13.6632
13.162
12.6726
12.1951
11.7293
11.2752
10.8326
10.4017
9.98219
9.5742
9.17766
8.79253
8.41877
8.05635
7.70522
7.36532
7.03658
6.71893
6.41226
6.11647
5.83142
5.55696
5.29292
5.03912
4.79535
4.5614
4.33705
4.12207
3.91623
3.71928
3.53097
3.35108
3.17936
3.01556
2.85945
2.71077
2.56927
2.4347
2.30681
2.18535
2.07008
1.96076
1.85714
1.759
1.6661
1.57821
1.49512
1.41659
1.34241
1.27238
1.20628
1.14392
1.08511
1.02965
0.977379
0.928107
0.881675
0.837923
0.796697
0.757848
0.721231
0.686707
0.654142
0.623411
0.594393
0.566975
0.541053
0.516527
0.493309
0.471313
0.450463
0.430689
0.411928
0.394128
0.377217
0.361069
0.345623
0.330791
0.316548
0.302723
0.289181
0.275832
0.262641
0.24954
0.236467
0.223431
0.210436
0.197572
0.184739
0.171927
0.159134
0.146404
0.133796
0.12135
0.109189
0.0971484
0.0851413
0.073084
0.0609184
0.0486303
0.0362431
0.023765
0.0112641
-0.0011787
-0.0136059
-0.0260379
-0.0384775
-0.0508998
-0.0632648
-0.0755292
-0.0876453
-0.0995655
-0.111245
-0.122642
-0.133806
-0.144772
-0.155559
-0.166168
-0.176589
-0.186822
-0.196876
-0.206759
-0.216478
-0.22604
-0.235449
-0.244708
-0.253819
-0.262788
-0.27162
-0.280322
-0.288904
-0.297372
-0.305737
-0.314011
-0.322207
-0.330338
-0.338421
-0.346474
-0.354512
-0.362555
-0.370618
-0.378721
-0.386876
-0.395105
-0.403426
-0.41186
-0.420425
-0.42914
-0.438025
-0.447098
-0.456381
-0.465892
-0.475649
-0.485667
-0.495959
-0.506541
-0.517422
-0.528611
-0.540115
-0.551932
-0.564062
-0.576494
-0.589217
-0.602217
-0.615476
-0.628974
-0.642691
-0.656613
-0.670728
-0.685033
-0.699534
-0.714256
-0.729244
-0.744549
-0.760223
-0.776324
-0.7929
-0.809975
-0.827515
-0.845422
-0.863571
-0.881659
-0.899426
-0.916594
-0.932993
-0.94828
-0.962174
-0.974416
-0.984785
-0.993332
-0.99997
-1.00494
-1.00846
-1.01076
-1.0119
-1.01208
-1.01161
-1.01084
-1.00982
-1.00822
-1.00662
-1.00506
-1.00358
-1.00202
-1.00034
-0.998498
-0.99671
-0.995048
-0.993205
-0.99119
-0.989029
-0.986901
-0.984803
-0.982565
-0.980433
-0.978417
-0.976502
-0.973885
-0.969811
-0.964148
-0.956964
-0.948553
-0.939406
-0.929922
-0.920161
-0.909771
-0.898693
-0.887057
-0.875203
-0.863287
-0.851547
-0.839656
-0.827086
-0.813455
-0.798912
-0.783831
-0.768669
-0.753694
-0.738663
-0.72312
-0.707426
-0.68944
-0.668694
-0.645841
-0.622279
-0.599494
-0.578976
-0.560226
-0.542508
-0.525439
-0.508809
-0.492443
-0.476197
-0.460008
-0.44389
-0.42791
-0.412155
-0.396702
-0.381621
-0.366978
-0.352827
-0.339197
-0.326088
-0.31349
-0.301375
-0.289706
-0.278436
-0.267506
-0.256836
-0.246287
-0.235613
-0.224345
-0.211577
-0.195502
-0.172439
-0.134736
-0.0662729
)
;

boundaryField
{
    Inlet
    {
        type            zeroGradient;
    }
    BotOutlet1
    {
        type            zeroGradient;
    }
    BotOutlet2
    {
        type            zeroGradient;
    }
    TopInlet
    {
        type            zeroGradient;
    }
    FreeStream
    {
        type            zeroGradient;
    }
    FrontNBack
    {
        type            empty;
    }
    LeftSide
    {
        type            zeroGradient;
    }
    procBoundary3to2
    {
        type            processor;
        value           nonuniform List<scalar> 
400
(
-11827.6
-11030.9
-10255.5
-9510.71
-8802.19
-8132.92
-7503.56
-6913.2
-6360.09
-5841.91
-5356.32
-4900.73
-4472.27
-4067.49
-3683
-3316.71
-2965.96
-2628.05
-2298.86
-1974.69
-1651.21
-1324.11
-991.675
-659.987
-347.173
-83.0076
-2.81655
-105.733
-182.223
-233.125
-264.182
-279.916
-282.343
-271.495
-266.826
-267.992
-262.772
-265.125
-266.515
-255.972
-237.391
-221.313
-211.896
-207.117
-204.309
-202.447
-203.6
-200.698
-199.491
-196.298
-191.066
-187.106
-183.363
-178.935
-173.695
-167.725
-161.09
-153.844
-146.055
-137.818
-129.271
-120.488
-111.615
-102.696
-93.8393
-85.1157
-76.6061
-68.3963
-60.5656
-53.181
-46.2953
-39.9485
-34.1705
-29.0357
-24.5575
-20.6899
-17.3868
-14.5983
-12.2712
-10.3509
-8.78337
-7.51687
-6.50302
-5.6977
-5.06129
-4.5587
-4.15932
-3.83724
-3.57102
-3.34389
-3.14337
-2.96094
-2.79098
-2.62992
-2.47568
-2.32713
-2.18373
-2.04532
-1.91203
-1.78413
-1.68473
-1.61759
-1.55249
-1.48943
-1.42842
-1.36944
-1.31247
-1.25746
-1.20434
-1.15302
-1.1034
-1.0554
-1.00897
-0.964042
-0.92058
-0.878561
-0.837971
-0.798809
-0.761067
-0.724733
-0.689785
-0.656196
-0.623938
-0.592986
-0.563313
-0.534897
-0.507715
-0.481744
-0.456959
-0.433332
-0.410832
-0.389424
-0.369067
-0.349719
-0.33133
-0.31385
-0.297219
-0.281379
-0.266269
-0.251831
-0.238009
-0.224749
-0.211999
-0.199703
-0.18781
-0.176273
-0.165032
-0.154024
-0.143189
-0.132481
-0.121879
-0.111396
-0.101089
-0.0910467
-0.081376
-0.0721829
-0.0635609
-0.0555819
-0.0482918
-0.0417093
-0.0358283
-0.0306207
-0.0260423
-0.0220407
-0.0185619
-0.0155531
-0.0129643
-0.010749
-0.00886399
-0.00726973
-0.00592994
-0.0048115
-0.00388436
-0.00312136
-0.00249813
-0.00199296
-0.00158671
-0.00126264
-0.00100624
-0.000805091
-0.00064867
-0.000528133
-0.000436141
-0.000366665
-0.000314798
-0.00027659
-0.000248893
-0.000229221
-0.000215629
-0.000206614
-0.000201019
-0.000197967
-0.000196797
-0.000197014
-0.000198252
-0.000200243
-0.000202791
-0.000205755
-0.000209034
-0.000212557
-0.000216274
-0.000220148
-0.000224156
-0.000228281
-0.000232511
-0.00023684
-0.000241262
-0.000245774
-0.000250374
-0.000255061
-0.000259833
-0.000264691
-0.000269633
-0.000274661
-0.000279773
-0.000284969
-0.00029025
-0.000295615
-0.000301064
-0.000306596
-0.000312211
-0.000317909
-0.00032369
-0.000329551
-0.000335493
-0.000341515
-0.000347616
-0.000353793
-0.000360048
-0.000366377
-0.000372779
-0.000379253
-0.000385796
-0.000392407
-0.000399084
-0.000405824
-0.000412624
-0.000419482
-0.000426395
-0.000433359
-0.000440371
-0.000447429
-0.000454527
-0.000461662
-0.00046883
-0.000476025
-0.000483245
-0.000490482
-0.000497733
-0.000504991
-0.000512251
-0.000519508
-0.000526754
-0.000533983
-0.000541189
-0.000548365
-0.000555504
-0.000562598
-0.000569639
-0.00057662
-0.000583533
-0.00059037
-0.000597122
-0.000603781
-0.000610339
-0.000616786
-0.000623115
-0.000629315
-0.000635378
-0.000641296
-0.000647059
-0.000652659
-0.000658086
-0.000663332
-0.000668388
-0.000673246
-0.000677897
-0.000682333
-0.000686545
-0.000690526
-0.000694269
-0.000697765
-0.000701008
-0.000703991
-0.000706707
-0.00070915
-0.000711313
-0.000713192
-0.000714782
-0.000716076
-0.00071707
-0.00071776
-0.000718141
-0.000718211
-0.000717964
-0.000717398
-0.00071651
-0.000715295
-0.000713752
-0.000711877
-0.000709667
-0.000707119
-0.000704232
-0.000701001
-0.000697424
-0.000693498
-0.000689222
-0.000684592
-0.000679606
-0.000674262
-0.000668559
-0.000662496
-0.00065607
-0.000649282
-0.000642132
-0.00063462
-0.000626748
-0.000618518
-0.000609932
-0.000600996
-0.000591712
-0.000582088
-0.000572129
-0.000561845
-0.000551244
-0.000540337
-0.000529135
-0.000517652
-0.000505903
-0.000493902
-0.000481667
-0.000469216
-0.000456569
-0.000443747
-0.000430771
-0.000417663
-0.000404449
-0.00039115
-0.000377792
-0.000364397
-0.000350991
-0.000337596
-0.000324234
-0.00031093
-0.000297704
-0.000284577
-0.000271572
-0.000258707
-0.000246003
-0.000233478
-0.00022115
-0.000209039
-0.000197161
-0.000185533
-0.000174174
-0.0001631
-0.000152327
-0.000141873
-0.000131752
-0.000121982
-0.000112577
-0.000103551
-9.49184e-05
-8.66906e-05
-7.88782e-05
-7.149e-05
-6.45324e-05
-5.80094e-05
-5.19223e-05
-4.62694e-05
-4.10458e-05
-3.62435e-05
-3.18513e-05
-2.7855e-05
-2.42379e-05
-2.09805e-05
-1.80616e-05
-1.54613e-05
-1.31551e-05
-1.11129e-05
-9.30743e-06
-7.71778e-06
-6.32917e-06
-5.12814e-06
-4.10091e-06
-3.23303e-06
-2.50956e-06
-1.91516e-06
-1.43453e-06
-1.0526e-06
-7.54871e-07
-5.27684e-07
-3.58356e-07
-2.35488e-07
-1.48945e-07
-9.00791e-08
-5.15853e-08
-2.75738e-08
-1.34312e-08
-5.67512e-09
)
;
    }
}


// ************************************************************************* //
