/*--------------------------------*- C++ -*----------------------------------*\
| =========                 |                                                 |
| \\      /  F ield         | OpenFOAM: The Open Source CFD Toolbox           |
|  \\    /   O peration     | Version:  2.4.0                                 |
|   \\  /    A nd           | Web:      www.OpenFOAM.org                      |
|    \\/     M anipulation  |                                                 |
\*---------------------------------------------------------------------------*/
FoamFile
{
    version     2.0;
    format      ascii;
    class       volScalarField;
    location    "2.9";
    object      T;
}
// * * * * * * * * * * * * * * * * * * * * * * * * * * * * * * * * * * * * * //

dimensions      [0 0 0 1 0 0 0];

internalField   nonuniform List<scalar> 
8000
(
293.254
293.766
294.287
294.821
295.368
295.925
296.486
297.05
297.626
297.991
297.991
297.992
297.993
297.993
297.994
297.994
297.995
297.995
297.995
297.996
297.996
297.996
297.997
297.997
297.997
297.998
297.998
297.998
297.998
297.998
297.999
297.999
297.999
297.999
297.999
297.999
297.999
297.999
298
298
298
298
298
298
298
298
298
298
298
298
293.289
293.871
294.463
295.068
295.694
296.348
297.062
297.931
297.994
297.992
297.991
297.991
297.992
297.992
297.993
297.993
297.994
297.994
297.995
297.995
297.996
297.996
297.997
297.997
297.997
297.998
297.998
297.998
297.998
297.999
297.999
297.999
297.999
297.999
297.999
297.999
297.999
298
298
298
298
298
298
298
298
298
298
298
298
298
293.282
293.845
294.407
294.968
295.529
296.09
296.649
297.204
297.98
297.998
297.998
297.998
297.998
297.997
297.997
297.997
297.997
297.997
297.998
297.998
297.998
297.998
297.998
297.998
297.999
297.999
297.999
297.999
297.999
297.999
297.999
297.999
297.999
298
298
298
298
298
298
298
298
298
298
298
298
298
298
298
298
298
293.241
293.725
294.209
294.694
295.182
295.672
296.166
296.666
297.175
297.604
297.995
297.999
297.998
297.998
297.998
297.998
297.998
297.998
297.998
297.999
297.999
297.999
297.999
297.999
297.999
297.999
297.999
297.999
297.999
297.999
297.999
297.999
298
298
298
298
298
298
298
298
298
298
298
298
298
298
298
298
298
298
293.187
293.559
293.928
294.294
294.656
295.016
295.372
295.724
296.071
296.415
296.761
297.124
297.504
297.994
298
298
297.999
297.998
298
298
298
298
297.999
297.999
297.999
297.999
297.999
297.999
297.999
297.999
297.999
297.999
297.999
297.999
297.999
297.999
297.999
297.999
297.999
298
298
298
298
298
298
298
298
298
298
298
293.131
293.391
293.646
293.892
294.132
294.364
294.59
294.811
295.029
295.246
295.464
295.684
295.91
296.145
296.39
296.653
296.944
297.278
297.652
297.85
297.998
298
298
298
298
298
298
298
298
298
298
298
298
298
298
298
298
298
298
298
298
298
298
298
298
298
298
298
298
298
293.095
293.283
293.468
293.65
293.829
294.003
294.175
294.343
294.51
294.675
294.839
295.005
295.171
295.34
295.513
295.691
295.876
296.069
296.273
296.491
296.729
296.993
297.285
297.596
297.886
297.999
298
298
298
298
298
298
298
298
298
298
298
298
298
298
298
298
298
298
298
298
298
298
298
298
293.084
293.253
293.422
293.591
293.76
293.928
294.095
294.262
294.426
294.59
294.751
294.91
295.068
295.224
295.378
295.532
295.685
295.838
295.993
296.15
296.311
296.476
296.647
296.825
297.01
297.203
297.401
297.604
297.81
297.983
298
298
298
298
298
298
298
298
298
298
298
298
298
298
298
298
298
298
298
298
293.089
293.268
293.448
293.629
293.811
293.993
294.174
294.355
294.534
294.71
294.883
295.052
295.216
295.375
295.529
295.677
295.821
295.959
296.092
296.222
296.348
296.471
296.592
296.712
296.831
296.95
297.07
297.192
297.316
297.444
297.574
297.705
297.835
297.949
297.999
298
298
298
298
298
298
298
298
298
298
298
298
298
298
298
293.099
293.297
293.496
293.695
293.895
294.095
294.293
294.491
294.685
294.875
295.061
295.242
295.415
295.582
295.742
295.893
296.037
296.173
296.301
296.422
296.537
296.644
296.747
296.844
296.936
297.026
297.112
297.195
297.276
297.356
297.434
297.511
297.589
297.666
297.743
297.819
297.894
297.961
298
298
298
298
298
298
298
298
298
298
298
298
293.107
293.322
293.537
293.752
293.967
294.181
294.394
294.604
294.81
295.012
295.208
295.397
295.579
295.753
295.918
296.075
296.222
296.36
296.489
296.609
296.72
296.824
296.92
297.008
297.091
297.168
297.24
297.307
297.37
297.43
297.486
297.541
297.593
297.643
297.691
297.738
297.784
297.828
297.871
297.913
297.956
298
298
298
298
298
298
298
298
298
293.114
293.341
293.569
293.796
294.022
294.247
294.47
294.689
294.903
295.112
295.315
295.51
295.697
295.875
296.044
296.203
296.353
296.493
296.623
296.743
296.855
296.957
297.052
297.138
297.218
297.29
297.357
297.418
297.474
297.526
297.574
297.618
297.659
297.697
297.733
297.766
297.798
297.828
297.856
297.883
297.909
297.932
297.955
297.976
297.996
298
298
298
298
298
293.117
293.351
293.585
293.817
294.048
294.276
294.502
294.723
294.938
295.148
295.35
295.545
295.732
295.909
296.077
296.236
296.385
296.525
296.654
296.775
296.887
296.99
297.085
297.172
297.252
297.325
297.391
297.453
297.508
297.559
297.605
297.648
297.686
297.721
297.753
297.783
297.81
297.834
297.857
297.878
297.897
297.915
297.932
297.947
297.961
297.974
297.987
298
298
298
293.115
293.346
293.575
293.803
294.029
294.251
294.469
294.683
294.891
295.093
295.288
295.475
295.655
295.827
295.99
296.144
296.29
296.427
296.556
296.677
296.789
296.894
296.992
297.082
297.166
297.243
297.314
297.38
297.44
297.495
297.546
297.593
297.636
297.675
297.71
297.743
297.773
297.8
297.825
297.847
297.868
297.888
297.905
297.922
297.937
297.952
297.965
297.977
297.988
298
293.11
293.328
293.546
293.761
293.974
294.183
294.389
294.589
294.784
294.973
295.157
295.333
295.503
295.666
295.822
295.97
296.112
296.246
296.374
296.494
296.609
296.716
296.818
296.913
297.002
297.086
297.165
297.238
297.307
297.37
297.429
297.484
297.535
297.582
297.625
297.665
297.702
297.736
297.767
297.795
297.821
297.845
297.867
297.887
297.906
297.923
297.939
297.955
297.969
297.983
293.101
293.304
293.505
293.704
293.9
294.093
294.282
294.467
294.647
294.823
294.993
295.157
295.316
295.47
295.618
295.761
295.898
296.029
296.156
296.277
296.393
296.503
296.609
296.71
296.806
296.898
296.984
297.067
297.144
297.218
297.287
297.352
297.412
297.469
297.522
297.571
297.617
297.659
297.698
297.733
297.766
297.797
297.824
297.85
297.873
297.895
297.915
297.933
297.951
297.968
293.094
293.282
293.469
293.654
293.836
294.015
294.191
294.364
294.532
294.696
294.856
295.011
295.162
295.308
295.45
295.587
295.721
295.85
295.975
296.096
296.213
296.326
296.435
296.54
296.642
296.739
296.833
296.922
297.008
297.089
297.167
297.24
297.31
297.375
297.436
297.494
297.547
297.597
297.643
297.685
297.725
297.761
297.794
297.825
297.853
297.879
297.903
297.926
297.948
297.97
293.092
293.275
293.457
293.637
293.814
293.988
294.159
294.325
294.487
294.645
294.799
294.948
295.093
295.234
295.371
295.504
295.634
295.76
295.883
296.002
296.118
296.231
296.341
296.448
296.551
296.652
296.748
296.842
296.931
297.017
297.1
297.178
297.252
297.323
297.389
297.451
297.51
297.564
297.614
297.661
297.704
297.744
297.781
297.815
297.846
297.875
297.903
297.929
297.953
297.978
293.104
293.312
293.516
293.715
293.908
294.094
294.273
294.444
294.609
294.766
294.918
295.064
295.205
295.341
295.473
295.6
295.725
295.846
295.963
296.078
296.19
296.298
296.404
296.507
296.607
296.704
296.798
296.889
296.976
297.06
297.14
297.217
297.289
297.358
297.422
297.483
297.54
297.592
297.641
297.687
297.728
297.767
297.802
297.835
297.866
297.894
297.922
297.948
297.974
298
293.187
293.499
293.769
294.006
294.22
294.415
294.595
294.763
294.921
295.071
295.214
295.351
295.482
295.609
295.732
295.851
295.967
296.08
296.189
296.296
296.4
296.501
296.599
296.694
296.787
296.876
296.962
297.045
297.124
297.2
297.273
297.341
297.406
297.467
297.524
297.577
297.626
297.671
297.713
297.752
297.787
297.819
297.848
297.875
297.899
297.922
297.943
297.962
297.981
298
298
298
298
298
298
298
298
298
298
298
298
298
298
298
298
298
298
298
298
298
298
298
298
298
298
298
298
298
298
298
298
298
298
298
298
298
298
298
298
298
298
298
298
298
298
298
298
298
298
298
298
298
298
298
298
298
298
298
298
298
298
298
298
298
298
298
298
298
298
298
298
298
298
298
298
298
298
298
298
298
298
298
298
298
298
298
298
298
298
298
298
298
298
298
298
298
298
298
298
298
298
298
298
298
298
298
298
298
298
298
298
298
298
298
298
298
298
298
298
298
298
298
298
298
298
298
298
298
298
298
298
298
298
298
298
298
298
298
298
298
298
298
298
298
298
298
298
298
298
298
298
298
298
298
298
298
298
298
298
298
298
298
298
298
298
298
298
298
298
298
298
298
298
298
298
298
298
298
298
298
298
298
298
298
298
298
298
298
298
298
298
298
298
298
298
298
298
298
298
298
298
298
298
298
298
298
298
298
298
298
298
298
298
298
298
298
298
298
298
298
298
298
298
298
298
298
298
298
298
298
298
298
298
298
298
298
298
298
298
298
298
298
298
298
298
298
298
298
298
298
298
298
298
298
298
298
298
298
298
298
298
298
298
298
298
298
298
298
298
298
298
298
298
298
298
298
298
298
298
298
298
298
298
298
298
298
298
298
298
298
298
298
298
298
298
298
298
298
298
298
298
298
298
298
298
298
298
298
298
298
298
298
298
298
298
298
298
298
298
298
298
298
298
298
298
298
298
298
298
298
298
298
298
298
298
298
298
298
298
298
298
298
298
298
298
298
298
298
298
298
298
298
298
298
298
298
298
298
298
298
298
298
298
298
298
298
298
298
298
298
298
298
298
298
298
298
298
298
298
298
298
298
298
298
298
298
298
298
298
298
298
298
298
298
298
298
298
298
298
298
298
298
298
298
298
298
298
298
298
298
298
298
298
298
298
298
298
298
298
298
298
298
298
298
298
298
298
298
298
298
298
298
298
298
298
298
298
298
298
298
298
298
298
298
298
298
298
298
298
298
298
298
298
298
298
298
298
298
298
298
298
298
298
298
298
298
298
298
298
298
298
298
298
298
298
298
298
298
298
298
298
298
298
298
298
298
298
298
298
298
298
298
298
298
298
298
298
298
298
298
298
298
298
298
298
298
298
298
298
298
298
298
298
298
298
298
298
298
298
298
298
298
298
298
298
298
298
298
298
298
298
298
298
298
298
298
298
298
298
298
298
298
298
298
298
298
298
298
298
298
298
298
298
298
298
298
298
298
298
298
298
298
298
298
298
298
298
298
298
298
298
298
298
298
298
298
298
298
298
298
298
298
298
298
298
298
298
298
298
298
298
298
298
298
298
298
298
298
298
298
298
298
298
298
298
298
298
298
298
298
298
298
298
298
298
298
298
298
298
298
298
298
298
298
298
298
298
298
298
298
298
298
298
298
298
298
298
298
298
298
298
298
298
298
298
298
298
298
298
298
298
298
298
298
298
298
298
298
298
298
298
298
298
298
298
298
298
298
298
298
298
298
298
298
298
298
298
298
298
298
298
298
298
298
298
298
298
298
298
298
298
298
298
298
298
298
298
298
298
298
297.994
298
298
298
298
298
298
298
298
298
298
298
298
298
298
298
298
298
298
298
298
298
298
298
298
298
298
298
298
298
298
298
298
298
298
298
298
298
298
298
298
298
298
298
298
298
298
298
298
298
297.984
298
298
298
298
298
298
298
298
298
298
298
298
298
298
298
298
298
298
298
298
298
298
298
298
298
298
298
298
298
298
298
298
298
298
298
298
298
298
298
298
298
298.001
298.001
298.001
298.001
298.001
298.001
298.001
298.001
297.991
298
298
298
298
298
298
298
298
298
298
298
298
298
298
298
298
298
298
298
298
298
298
298
298
298
298
298
298
298
298.001
298.001
298.001
298.001
298.001
298.001
298.001
298.001
298.001
298.001
298.001
298.001
298.001
298.001
298.001
298.001
298.001
298.001
298.001
298.001
298
298
298
298
298
298
298
298
298
298
298
298
298
298
298
298
298
298
298
298
298
298
298
298.001
298.001
298.001
298.001
298.001
298.001
298.001
298.001
298.001
298.001
298.001
298.001
298.001
298.001
298.001
298.001
298.001
298.001
298.001
298.001
298.001
298.001
298.001
298.001
298.001
298.001
298.001
298
298
298
298
298
298
298
298
298
298
298
298
298
298
298
298
298
298
298
298
298.001
298.001
298.001
298.001
298.001
298.001
298.001
298.001
298.001
298.001
298.001
298.001
298.001
298.001
298.001
298.001
298.001
298.001
298.001
298.001
298.001
298.001
298.001
298.001
298.001
298.001
298.001
298.001
298.001
298.001
298
298
298
298
298
298
298
298
298
298
298
298
298
298
298
298
298
298
298
298.001
298.001
298.001
298.001
298.001
298.001
298.001
298.001
298.001
298.001
298.001
298.001
298.001
298.001
298.001
298.001
298.001
298.001
298.001
298.001
298.001
298.001
298.001
298.001
298.001
298.001
298.001
298.001
298.001
298.001
298.001
298
298
298
298
298
298
298
298
298
298
298
298
298
298
298
298
298
298
298
298
298
298
298
298
298
298
298
298
298
298
298
298
298
298
298
298
298
298
298
298
298
298
298
298
298
298
298
298
298
298
298
298
298
298
298
298
298
298
298
298
298
298
298
298
298
298
298
298
298
298
298
298
298
298
298
298
298
298
298
298
298
298
298
298
298
298
298
298
298
298
298
298
298
298
298
298
298
298
298
298
298
298
298
298
298
298
298
298
298
298
298
298
298
298
298
298
298
298
298
298
298
298
298
298
298
298
298
298
298
298
298
298
298
298
298
298
298
298
298
298
298
298
298
298
298
298
298
298
298
298
298
298
298
298
298
298
298
298
298
298
298
298
298
298
298
298
298
298
298
298
298
298
298
298
298
298
298
298
298
298
298
298
298
298
298
298
298
298
298
298
298
298
298
298
298
298
298
298
298
298
298
298
298
298
298
298
298
298
298
298
298
298
298
298
298
298
298
298
298
298
298
298
298
298
298
298
298
298
298
298
298
298
298
298
298
298
298
298
298
298
298
298
298
298
298
298
298
298
298
298
298
298
298
298
298
298
298
298
298
298
298
298
298
298
298
298
298
298
298
298
298
298
298
298
298
298
298
298
298
298
298
298
298
298
298
298
298
298
298
298
298
298
298
298
298
298
298
298
298
298
298
298
298
298
298
298
298
298
298
298
298
298
298
298
298
298
298
298
298
298
298
298
298
298
298
298
298
298
298
298
298
298
298
298
298
298
298
298
298
298
298
298
298
298
298
298
298
298
298
298
298
298
298
298
298
298
298
298
298
298
298
298
298
298
298
298
298
298
298
298
298
298
298
298
298
298
298
298
298
298
298
298
298
298
298
298
298
298
298
298
298
298
298
298
298
298
298
298
298
298
298
298
298
298
298
298
298
298
298
298
298
298
298
298
298
298
298
298
298
298
298
298
298
298
298
298
298
298
298
298
298
298
298
298
298
298
298
298
298
298
298
298
298
298
298
298
298
298
298
298
298
298
298
298
298
298
298
298
298
298
298
298
298
298
298
298
298
298
298
298
298
298
298
298
298
298
298
298
298
298
298
298
298
298
298
298
298
298
298
298
298
298
298
298
298
298
298
298
298
298
298
298
298
298
298
298
298
298
298
298
298
298
298
298
298
298
298
298
298
298
298
298
298
298
298
298
298
298
298
298
298
298
298
298
298
298
298
298
298
298
298
298
298
298
298
298
298
298
298
298
298
298
298
298
298
298
298
298
298
298
298
298
298
298
298
298
298
298
298
298
298
298
298
298
298
298
298
298
298
298
298
298
298
298
298
298
298
298
298
298
298
298
298
298
298
298
298
298
298
298
298
298
298
298
298
298
298
298
298
298
298
298
298
298
298
298
298
298
298
298
298
298
298
298
298
298
298
298
298
298
298
298
298
298
298
298
298
298
298
298
298
298
298
298
298
298
298
298
298
298
298
298
298
298
298
298
298
298
298
298
298
298
298
298
298
298
298
298
298
298
298
298
298
298
298
298
298
298
298
298
298
298
298
298
298
298
298
298
298
298
298
298
298
298
298
298
298
298
298
298
298
298
298
298
298
298
298
298
298
298
298
298
298
298
298
298
298
298
298
298
298
298
298
298
298
298
298
298
298
298
298
298
298
298
298
298
298
298
298
298
298
298
298
298
298
298
298
298
298
298
298
298
298
298
298
298
298
298
298
298
298
298
298
298
298
298
298
298
298
298
298
298
298
298
298
298
298
298
298
298
298
298
298
298
298
298
298
298
298
298
298
298
298
298
298
298
298
298
298
298
298
298
298
298
298
298
298
298
298
298
298
298
298
298
298
298
298
298
298
298
298
298
298
298
298
298
298
298
298
298
298
298
298
298
298
298
298
298
298
298
298
298
298
298
298
298
298
298
298
298
298
298
298
298
298
298
298
298
298
298
298
298
298
298
298
298
298
298
298
298
298
298
298
298
298
298
298
298
298
298
298
298
298
298
298
298
298
298
298
298
298
298
298
298
298
298
298
298
298
298
298
298
298
298
298
298
298
298
298
298
298
298
298
298
298
298
298
298
298
298
298
298
298
298
298
298
298
298
298
298
298
298
298
298
298
298
298
298
298
298
298
298
298
298
298
298
298
298
298
298
298
298
298
298
298
298
298
298
298
298
298
298
298
298
298
298
298
298
298
298
298
298
298
298
298
298
298
298
298
298
298
298
298
298
298
298
298
298
298
298
298
298
298
298
298
298
298
298
298
298
298
298
298
298
298
298
298
298
298
298
298
298
298
298
298
298
298
298
298
298
298
298
298
298
298
298
298
298
298
298
298
298
298
298
298
298
298
298
298
298
298
298
298
298
298
298
298
298
298
298
298
298
298
298
298
298
298
298
298
298
298
298
298
298
298
298
298
298
298
298
298
298
298
298
298
298
298
298
298
298
298
298
298
298
298
298
298
298
298
298
298
298
298
298
298
298
298
298
298
298
298
298
298
298
298
298
298
298
298
298
298
298
298
298
298
298
298
298
298
298
298
298
298
298
298
298
298
298
298
298
298
298
298
298
298
298
298
298
298
298
298
298
298
298
298
298
298
298
298
298
298
298
298
298
298
298
298
298
298
298
298
298
298
298
298
298
298
298
298
298
298
298
298
298
298
298
298
298
298
298
298
298
298
298
298
298
298
298
298
298
298
298
298
298
298
298
298
298
298
298
298
298
298
298
298
298
298
298
298
298
298
298
298
298
298
298
298
298
298
298
298
298
298
298
298
298
298
298
298
298
298
298
298
298
298
298
298
298
298
298
298
298
298
298
298
298
298
298
298
298
298
298
298
298
298
298
298
298
298
298
298
298
298
298
298
298
298
298
298
298
298
298
298
298
298
298
298
298
298
298
298
298
298
298
298
298
298
298
298
298
298
298
298
298
298
298
298
298
298
298
298
298
298
298
298
298
298
298
298
298
298
298
298
298
298
298
298
298
298
298
298
298
298
298
298
298
298
298
298
298
298
298
298
298
298
298
298
298
298
298
298
298
298
298
298
298
298
298
298
298
298
298
298
298
298
298
298
298
298
298
298
298
298
298
298
298
298
298
298
298
298
298
298
298
298
298
298
298
298
298
298
298
298
298
298
298
298
298
298
298
298
298
298
298
298
298
298
298
298
298
298
298
298
298
298
298
298
298
298
298
298
298
298
298
298
298
298
298
298
298
298
298
298
298
298
298
298
298
298
298
298
298
298
298
298
298
298
298
298
298
298
298
298
298
298
298
298
298
298
298
298
298
298
298
298
298
298
298
298
298
298
298
298
298
298
298
298
298
298
298
298
298
298
298
298
298
298
298
298
298
298
298
298
298
298
298
298
298
298
298
298
298
298
298
298
298
298
298
298
298
298
298
298
298
298
298
298
298
298
298
298
298
298
298
298
298
298
298
298
298
298
298
298
298
298
298
298
298
298
298
298
298
298
298
298
298
298
298
298
298
298
298
298
298
298
298
298
298
298
298
298
298
298
298
298
298
298
298
298
298
298
298
298
298
298
298
298
298
298
298
298
298
298
298
298
298
298
298
298
298
298
298
298
298
298
298
298
298
298
298
298
298
298
298
298
298
298
298
298
298
298
298
298
298
298
298
298
298
298
298
298
298
298
298
298
298
298
298
298
298
298
298
298
298
298
298
298
298
298
298
298
298
298
298
298
298
298
298
298
298
298
298
298
298
298
298
298
298
298
298
298
298
298
298
298
298
298
298
298
298
298
298
298
298
298
298
298
298
298
298
298
298
298
298
298
298
298
298
298
298
298
298
298
298
298
298
298
298
298
298
298
298
298
298
298
298
298
298
298
298
298
298
298
298
298
298
298
298
298
298
298
298
298
298
298
298
298
298
298
298
298
298
298
298
298
298
298
298
298
298
298
298
298
298
298
298
298
298
298
298
298
298
298
298
298
298
298
298
298
298
298
298
298
298
298
298
298
298
298
298
298
298
298
298
298
298
298
298
298
298
298
298
298
298
298
298
298
298
298
298
298
298
298
298
298
298
298
298
298
298
298
298
298
298
298
298
298
298
298
298
298
298
298
298
298
298
298
298
298
298
298
298
298
298
298
298
298
298
298
298
298
298
298
298
298
298
298
298
298
298
298
298
298
298
298
298
298
298
298
298
298
298
298
298
298
298
298
298
298
298
298
298
298
298
298
298
298
298
298
298
298
298
298
298
298
298
298
298
298
298
298
298
298
298
298
298
298
298
298
298
298
298
298
298
298
298
298
298
298
298
298
298
298
298
298
298
298
298
298
298
298
298
298
298
298
298
298
298
298
298
298
298
298
298
298
298
298
298
298
298
298
298
298
298
298
298
298
298
298
298
298
298
298
298
298
298
298
298
298
298
298
298
298
298
298
298
298
298
298
298
298
298
298
298
298
298
298
298
298
298
298
298
298
298
298
298
298
298
298
298
298
298
298
298
298
298
298
298
298
298
298
298
298
298
298
298
298
298
298
298
298
298
298
298
298
298
298
298
298
298
298
298
298
298
298
298
298
298
298
298
298
298
298
298
298
298
298
298
298
298
298
298
298
298
298
298
298
298
298
298
298
298
298
298
298
298
298
298
298
298
298
298
298
298
298
298
298
298
298
298
298
298
298
298
298
298
298
298
298
298
298
298
298
298
298
298
298
298
298
298
298
298
298
298
298
298
298
298
298
298
298
298
298
298
298
298
298
298
298
298
298
298
298
298
298
298
298
298
298
298
298
298
298
298
298
298
298
298
298
298
298
298
298
298
298
298
298
298
298
298
298
298
298
298
298
298
298
298
298
298
298
298
298
298
298
298
298
298
298
298
298
298
298
298
298
298
298
298
298
298
298
298
298
298
298
298
298
298
298
298
298
298
298
298
298
298
298
298
298
298
298
298
298
298
298
298
298
298
298
298
298
298
298
298
298
298
298
298
298
298
298
298
298
298
298
298
298
298
298
298
298
298
298
298
298
298
298
298
298
298
298
298
298
298
298
298
298
298
298
298
298
298
298
298
298
298
298
298
298
298
298
298
298
298
298
298
298
298
298
298
298
298
298
298
298
298
298
298
298
298
298
298
298
298
298
298
298
298
298
298
298
298
298
298
298
298
298
298
298
298
298
298
298
298
298
298
298
298
298
298
298
298
298
298
298
298
298
298
298
298
298
298
298
298
298
298
298
298
298
298
298
298
298
298
298
298
298
298
298
298
298
298
298
298
298
298
298
298
298
298
298
298
298
298
298
298
298
298
298
298
298
298
298
298
298
298
298
298
298
298
298
298
298
298
298
298
298
298
298
298
298
298
298
298
298
298
298
298
298
298
298
298
298
298
298
298
298
298
298
298
298
298
298
298
298
298
298
298
298
298
298
298
298
298
298
298
298
298
298
298
298
298
298
298
298
298
298
298
298
298
298
298
298
298
298
298
298
298
298
298
298
298
298
298
298
298
298
298
298
298
298
298
298
298
298
298
298
298
298
298
298
298
298
298
298
298
298
298
298
298
298
298
298
298
298
298
298
298
298
298
298
298
298
298
298
298
298
298
298
298
298
298
298
298
298
298
298
298
298
298
298
298
298
298
298
298
298
298
298
298
298
298
298
298
298
298
298
298
298
298
298
298
298
298
298
298
298
298
298
298
298
298
298
298
298
298
298
298
298
298
298
298
298
298
298
298
298
298
298
298
298
298
298
298
298
298
298
298
298
298
298
298
298
298
298
298
298
298
298
298
298
298
298
298
298
298
298
298
298
298
298
298
298
298
298
298
298
298
298
298
298
298
298
298
298
298
298
298
298
298
298
298
298
298
298
298
298
298
298
298
298
298
298
298
298
298
298
298
298
298
298
298
298
298
298
298
298
298
298
298
298
298
298
298
298
298
298
298
298
298
298
298
298
298
298
298
298
298
298
298
298
298
298
298
298
298
298
298
298
298
298
298
298
298
298
298
298
298
298
298
298
298
298
298
298
298
298
298
298
298
298
298
298
298
298
298
298
298
298
298
298
298
298
298
298
298
298
298
298
298
298
298
298
298
298
298
298
298
298
298
298
298
298
298
298
298
298
298
298
298
298
298
298
298
298
298
298
298
298
298
298
298
298
298
298
298
298
298
298
298
298
298
298
298
298
298
298
298
298
298
298
298
298
298
298
298
298
298
298
298
298
298
298
298
298
298
298
298
298
298
298
298
298
298
298
298
298
298
298
298
298
298
298
298
298
298
298
298
298
298
298
298
298
298
298
298
298
298
298
298
298
298
298
298
298
298
298
298
298
298
298
298
298
298
298
298
298
298
298
298
298
298
298
298
298
298
298
298
298
298
298
298
298
298
298
298
298
298
298
298
298
298
298
298
298
298
298
298
298
298
298
298
298
298
298
298
298
298
298
298
298
298
298
298
298
298
298
298
298
298
298
298
298
298
298
298
298
298
298
298
298
298
298
298
298
298
298
298
298
298
298
298
298
298
298
298
298
298
298
298
298
298
298
298
298
298
298
298
298
298
298
298
298
298
298
298
298
298
298
298
298
298
298
298
298
298
298
298
298
298
298
298
298
298
298
298
298
298
298
298
298
298
298
298
298
298
298
298
298
298
298
298
298
298
298
298
298
298
298
298
298
298
298
298
298
298
298
298
298
298
298
298
298
298
298
298
298
298
298
298
298
298
298
298
298
298
298
298
298
298
298
298
298
298
298
298
298
298
298
298
298
298
298
298
298
298
298
298
298
298
298
298
298
298
298
298
298
298
298
298
298
298
298
298
298
298
298
298
298
298
298
298
298
298
298
298
298
298
298
298
298
298
298
298
298
298
298
298
298
298
298
298
298
298
298
298
298
298
298
298
298
298
298
298
298
298
298
298
298
298
298
298
298
298
298
298
298
298
298
298
298
298
298
298
298
298
298
298
298
298
298
298
298
298
298
298
298
298
298
298
298
298
298
298
298
298
298
298
298
298
298
298
298
298
298
298
298
298
298
298
298
298
298
298
298
298
298
298
298
298
298
298
298
298
298
298
298
298
298
298
298
298
298
298
298
298
298
298
298
298
298
298
298
298
298
298
298
298
298
298
298
298
298
298
298
298
298
298
298
298
298
298
298
298
298
298
298
298
298
298
298
298
298
298
298
298
298
298
298
298
298
298
298
298
298
298
298
298
298
298
298
298
298
298
298
298
298
298
298
298
298
298
298
298
298
298
298
298
298
298
298
298
298
298
298
298
298
298
298
298
298
298
298
298
298
298
298
298
298
298
298
298
298
298
298
298
298
298
298
298
298
298
298
298
298
298
298
298
298
298
298
298
298
298
298
298
298
298
298
298
298
298
298
298
298
298
298
298
298
298
298
298
298
298
298
298
298
298
298
298
298
298
298
298
298
298
298
298
298
298
298
298
298
298
298
298
298
298
298
298
298
298
298
298
298
298
298
298
298
298
298
298
298
298
298
298
298
298
298
298
298
298
298
298
298
298
298
298
298
298
298
298
298
298
298
298
298
298
298
298
298
298
298
298
298
298
298
298
298
298
298
298
298
298
298
298
298
298
298
298
298
298
298
298
298
298
298
298
298
298
298
298
298
298
298
298
298
298
298
298
298
298
298
298
298
298
298
298
298
298
298
298
298
298
298
298
298
298
298
298
298
298
298
298
298
298
298
298
298
298
298
298
298
298
298
298
298
298
298
298
298
298
298
298
298
298
298
298
298
298
298
298
298
298
298
298
298
298
298
298
298
298
298
298
298
298
298
298
298
298
298
298
298
298
298
298
298
298
298
298
298
298
298
298
298
298
298
298
298
298
298
298
298
298
298
298
298
298
298
298
298
298
298
298
298
298
298
298
298
298
298
298
298
298
298
298
298
298
298
298
298
298
298
298
298
298
298
298
298
298
298
298
298
298
298
298
298
298
298
298
298
298
298
298
298
298
298
298
298
298
298
298
298
298
298
298
298
298
298
298
298
298
298
298
298
298
298
298
298
298
298
298
298
298
298
298
298
298
298
298
298
298
298
298
298
298
298
298
298
298
298
298
298
298
298
298
298
298
298
298
298
298
298
298
298
298
298
298
298
298
298
298
298
298
298
298
298
298
298
298
298
298
298
298
298
298
298
298
298
298
298
298
298
298
298
298
298
298
298
298
298
298
298
298
298
298
298
298
298
298
298
298
298
298
298
298
298
298
298
298
298
298
298
298
298
298
298
298
298
298
298
298
298
298
298
298
298
298
298
298
298
298
298
298
298
298
298
298
298
298
298
298
298
298
298
298
298
298
298
298
298
298
298
298
298
298
298
298
298
298
298
298
298
298
298
298
298
298
298
298
298
298
298
298
298
298
298
298
298
298
298
298
298
298
298
298
298
298
298
298
298
298
298
298
298
298
298
298
298
298
298
298
298
298
298
298
298
298
298
298
298
298
298
298
298
298
298
298
298
298
298
298
298
298
298
298
298
298
298
298
298
298
298
298
298
298
298
298
298
298
298
298
298
298
298
298
298
298
298
298
298
298
298
298
298
298
298
298
298
298
298
298
298
298
298
298
298
298
298
298
298
298
298
298
298
298
298
298
298
298
298
298
298
298
298
298
298
298
298
298
298
298
298
298
298
298
298
298
298
298
298
298
298
298
298
298
298
298
298
298
298
298
298
298
298
298
298
298
298
298
298
298
298
298
298
298
298
298
298
298
298
298
298
298
298
298
298
298
298
298
298
298
298
298
298
298
298
298
298
298
298
298
298
298
298
298
298
298
298
298
298
298
298
298
298
298
298
298
298
298
298
298
298
298
298
298
298
298
298
298
298
298
298
298
298
298
298
298
298
298
298
298
298
298
298
298
298
298
298
298
298
298
298
298
298
298
298
298
298
298
298
298
298
298
298
298
298
298
298
298
298
298
298
298
298
298
298
298
298
298
298
298
298
298
298
298
298
298
298
298
298
298
298
298
298
298
298
298
298
298
298
298
298
298
298
298
298
298
298
298
298
298
298
298
298
298
298
298
298
298
298
298
298
298
298
298
298
298
298
298
298
298
298
298
298
298
298
298
298
298
298
298
298
298
298
298
298
298
298
298
298
298
298
298
298
298
298
298
298
298
298
298
298
298
298
298
298
298
298
298
298
298
298
298
298
298
298
298
298
298
298
298
298
298
298
298
298
298
298
298
298
298
298
298
298
298
298
298
298
298
298
298
298
298
298
298
298
298
298
298
298
298
298
298
298
298
298
298
298
298
298
298
298
298
298
298
298
298
298
298
298
298
298
298
298
298
298
298
298
298
298
298
298
298
298
298
298
298
298
298
298
298
298
298
298
298
298
298
298
298
298
298
298
298
298
298
298
298
298
298
298
298
298
298
298
298
298
298
298
298
298
298
298
298
298
298
298
298
298
298
298
298
298
298
298
298
298
298
298
298
298
298
298
298
298
298
298
298
298
298
298
298
298
298
298
298
298
298
298
298
298
298
298
298
298
298
298
298
298
298
298
298
298
298
298
298
298
298
298
298
298
298
298
298
298
298
298
298
298
298
298
298
298
298
298
298
298
298
298
298
298
298
298
298
298
298
298
298
298
298
298
298
298
298
298
298
298
298
298
298
298
298
298
298
298
298
298
298
298
298
298
298
298
298.001
298.001
298.001
298.001
298.001
298.001
298.001
298.001
298.001
298.001
298.001
298.001
298.001
298.001
298.001
298.001
298.001
298.001
298.001
298.001
298.001
298.001
298.001
298.001
298.001
298.001
298.001
298.001
298.001
298.001
298.001
298.001
298.001
298.001
298.001
298.001
298.001
298.001
298.001
298.001
298.001
298.001
298.001
298.001
298.001
298.001
298.001
298.001
298.001
298.001
298.001
298.001
298.001
298.001
298.001
298.001
298.001
298.001
298.001
298.001
298.001
298.001
298.001
298.001
298.001
298.001
298.001
298.001
298.001
298.001
298.001
298.001
298.001
298.001
298.001
298.001
298.001
298.001
298.001
298.001
298.001
298.001
298.001
298.001
298.001
298.001
298.001
298.001
298.001
298.001
298.001
298.001
298.001
298.001
298.001
298.001
298.001
298.001
298.001
298.001
298.001
298.001
298.001
298.001
298.001
298.001
298.001
298.001
298.001
298.001
298.001
298.001
298.001
298.001
298.001
298.001
298.001
298.001
298.001
298.001
298.001
298.001
298.001
298.001
298.001
298.001
298.001
298.001
298.001
298.001
298.001
298.001
298.001
298.001
298.001
298.001
298.001
298.001
298.001
298.001
298
298
298
298
298
298
298
298
298
298
298
298
298
298
298
298
298
298
298
298
298
298
298
298
298
298
298
298
298
298
298
298
298
298
298
298
298
298
298
298
298
298
298
298
298
298
298
298
298
298
298
298
298
298
298
298
298
298
298
298
298
298
298
298
298
298
298
298
298
298
298
298
298
298
298
298
298
298
298
298
298
298
298
298
298
298
298
298
298
298
298
298
298
298
298
298
298
298
298
298
298
298
298
298
298
298
298
298.001
298.001
298.001
298.001
298.001
298.001
298.001
298.001
298.001
298.001
298.001
298.001
298.001
298.001
298.001
298.001
298.001
298.001
298.001
298.001
298.001
298.001
298.001
298.001
298.001
298.001
298.001
298.001
298.001
298.001
298.001
298.001
298.001
298.001
298.001
298.001
298.001
298.001
298.001
298.001
298.001
298.001
298.001
298.001
298.001
298.001
298.001
298.001
298.001
298.001
298.001
298.001
298.001
298.001
298.001
298.001
298.001
298.001
298.001
298.001
298.001
298.001
298.001
298.001
298.001
298.001
298.001
298.001
298.001
298.001
298.001
298.001
298.001
298.001
298.001
298.001
298.001
298.001
298.001
298.001
298.001
298.001
298.001
298.001
298.001
298.001
298.001
298.001
298.001
298.001
298.001
298.001
298.001
298.001
298.001
298.001
298.001
298.001
298.001
298.001
298.001
298.001
298.001
298.001
298.001
298.001
298.001
298.001
298.001
298.001
298.001
298.001
298.001
298.001
298.001
298.001
298.001
298.001
298.001
298.001
298.001
298.001
298.001
298.001
298.001
298.001
298.001
298.001
298.001
298.001
298.001
298.001
298.001
298.001
298.001
298.001
298.001
298.001
298.001
298.001
298.001
298.001
298.001
298.001
298.001
298.001
298.001
298.001
298.001
298.001
298.001
298.001
298.001
298.001
298.001
298.001
298.001
298.001
298.001
298.001
298.001
298.001
298.001
298.001
298.001
298.001
298.001
298.001
298.001
298.001
298.001
298.001
298.001
298.001
298.001
298.001
298.001
298.001
298.001
298.001
298.001
298.001
298.001
298.001
298.001
298.001
298.001
298.001
298.001
298.001
298.001
298.001
298.001
298.001
298.001
298.001
298.001
298.001
298.001
298.001
298.001
298.001
298.001
298.001
298.001
298.001
298.001
298.001
298
298
298
298
298
298
298
298
298
298
298
298
298
298
298
298
298
298
298
298
298
298
298
298
298
298
298
298
298
298
298
298
298
298
298
298
298
298
298
298
298
298
298
298
298
298
298
298
298
298
298
298
298
298
298
298
298
298
298
298
298
298
298
298
298
298
298
298
298
298
298
298
298
298
298
298
298
298
298
298
298
298
298
298
298
298
298
298
298
298
298
298
298.001
298.001
298.001
298.001
298.001
298.001
298.001
298.001
298.001
298.001
298.001
298.001
298.001
298.001
298.001
298.001
298.001
298.001
298.001
298.001
298.001
298.001
298.001
298.001
298.001
298.001
298.001
298.001
298.001
298.001
298.001
298.001
298.001
298.001
298.001
298.001
298.001
298.001
298.001
298.001
298.001
298.001
298.001
298.001
298.001
298.001
298.001
298.001
298.001
298.001
298.001
298.001
298.001
298.001
298.001
298.001
298.001
298.001
298.001
298.001
298.001
298.001
298.001
298.001
298.001
298.001
298.001
298.001
298.001
298.001
298.001
298.001
298.001
298.001
298.001
298.001
298.001
298.001
298.001
298.001
298.001
298.001
298.001
298.001
298.001
298.001
298.001
298.001
298.001
298.001
298.001
298.001
298.001
298.001
298.001
298.001
298.001
298.001
298.001
298.001
298.001
298.001
298.001
298.001
298.001
298.001
298.001
298.001
298.001
298.001
298.001
298.001
298.001
298.001
298.001
298.001
298.001
298.001
298.001
298.001
298.001
298.001
298.001
298.001
298.001
298.001
298.001
298.001
298.001
298.001
298.001
298.001
298.001
298.001
298.001
298.001
298.001
298.001
298.001
298.001
298.001
298.001
298.001
298.001
298.001
298.001
298.001
298.001
298.001
298.001
298.001
298.001
298.001
298.001
298.001
298.001
298.001
298.001
298.001
298.001
298.001
298.001
298.001
298.001
298.001
298.001
298.001
298.001
298.001
298.001
298.001
298.001
298.001
298.001
298.001
298.001
298.001
298.001
298.001
298.001
298.001
298.001
298.001
298.001
298.001
298.001
298.001
298.001
298.001
298.001
298.001
298.001
298.001
298.001
298.001
298.001
298.001
298.001
298.001
298.001
298.001
298.001
298.001
298.001
298.001
298.001
298.001
298.001
298.001
298.001
298.001
298.001
298
298
298
298
298
298
298
298
298
298
298
298
298
298
298
298
298
298
298
298
298
298
298
298
298
298
298
298
298
298
298
298
298
298
298
298
298
298
298
298
298
298
298
298
298
298
298
298
298
298
298
298
298
298
298
298
298
298
298
298
298
298
298
298
298
298
298
298
298
298
298
298
298
298
298
298
298
298
298
298
298
298
298
298
298
298
298
298
298.001
298.001
298.001
298.001
298.001
298.001
298.001
298.001
298.001
298.001
298.001
298.001
298.001
298.001
298.001
298.001
298.001
298.001
298.001
298.001
298.001
298.001
298.001
298.001
298.001
298.001
298.001
298.001
298.001
298.001
298.001
298.001
298.001
298.001
298.001
298.001
298.001
298.001
298.001
298.001
298.001
298.001
298.001
298.001
298.001
298.001
298.001
298.001
298.001
298.001
298.001
298.001
298.001
298.001
298.001
298.001
298.001
298.001
298.001
298.001
298.001
298.001
298.001
298.001
298.001
298.001
298.001
298.001
298.001
298.001
298.001
298.001
298.001
298.001
298.001
298.001
298.001
298.001
298.001
298.001
298.001
298.001
298.001
298.001
298.001
298.001
298.001
298.001
298.001
298.001
298.001
298.001
298.001
298.001
298.001
298.001
298.001
298.001
298.001
298.001
298.001
298.001
298.001
298.001
298.001
298.001
298.001
298.001
298.001
298.001
298.001
298.001
298.001
298.001
298.001
298.001
298.001
298.001
298.001
298.001
298.001
298.001
298.001
298.001
298.001
298.001
298.001
298.001
298.001
298.001
298.001
298.001
298.001
298.001
298.001
298.001
298.001
298.001
298.001
298.001
298.001
298.001
298.001
298.001
298.001
298.001
298.001
298.001
298.001
298.001
298.001
298.001
298.001
298.001
298.001
298.001
298.001
298.001
298.001
298.001
298.001
298.001
298.001
298.001
298.001
298.001
298.001
298.001
298.001
298.001
298.001
298.001
298.001
298.001
298.001
298.001
298.001
298.001
298.001
298.001
298.001
298.001
298.001
298.001
298.001
298.001
298.001
298.001
298.001
298.001
298.001
298.001
298.001
298.001
298.001
298.001
298.001
298.001
298.001
298.001
298.001
298.001
298.001
298.001
298.001
298.001
298.001
298.001
298
298
298
298
298
298
298
298
298
298
298
298
298
298
298
298
298
298
298
298
298
298
298
298
298
298
298
298
298
298
298
298
298
298
298
298
298
298
298
298
298
298
298
298
298
298
298
298
298
298
298
298
298
298
298
298
298
298
298
298
298
298
298
298
298
298
298
298
298
298
298
298
298
298
298
298
298
298
298
298
298
298
298
298
298
298
298
298
298
298
298
298
298.001
298.001
298.001
298.001
298.001
298.001
298.001
298.001
298.001
298.001
298.001
298.001
298.001
298.001
298.001
298.001
298.001
298.001
298.001
298.001
298.001
298.001
298.001
298.001
298.001
298.001
298.001
298.001
298.001
298.001
298.001
298.001
298.001
298.001
298.001
298.001
298.001
298.001
298.001
298.001
298.001
298.001
298.001
298.002
298.002
298.002
298.002
298.002
298.002
298.002
298.002
298.002
298.002
298.002
298.002
298.002
298.002
298.002
298.002
298.002
298.002
298.002
298.002
298.002
298.002
298.002
298.002
298.002
298.002
298.002
298.002
298.002
298.002
298.002
298.002
298.002
298.002
298.002
298.002
298.002
298.002
298.002
298.002
298.002
298.002
298.002
298.002
298.002
298.002
298.002
298.002
298.002
298.002
298.002
298.002
298.002
298.002
298.002
298.002
298.002
298.002
298.002
298.002
298.002
298.002
298.002
298.002
298.002
298.002
298.002
298.002
298.002
298.002
298.002
298.002
298.002
298.002
298.002
298.002
298.002
298.002
298.002
298.002
298.002
298.002
298.002
298.002
298.002
298.002
298.002
298.001
298.001
298.001
298.001
298.001
298.001
298.001
298.001
298.001
298.001
298.001
298.001
298.001
298.001
298.001
298.001
298.001
298.001
298.001
298.001
298.001
298.001
298.001
298.001
298.001
298.001
298.001
298.001
298.001
298.001
298.001
298.001
298.001
298.001
298.001
298.001
298.001
298.001
298.001
298.001
298.001
298.001
298.001
298.001
298.001
298.001
298.001
298.001
298.001
298.001
298.001
298.001
298.001
298.001
298.001
298.001
298.001
298.001
298.001
298.001
298.001
298.001
298.001
298.001
298.001
298.001
298.001
298.001
298.001
298
298
298
298
298
298
298
298
298
298
298
298
298
298
298
298
298
298
298
298
298
298
298
298
298
298
298
298
298
298
298
298
298
298
298
298
298
298
298
298
298
298
298
298
298
298
298
298
298
298
298
298
298
298
298
298
298
298
298
298
298
298
298
298
298
298
298
298
298
298
298
298
298
298
298
298
298
298
298
298
298
298
298
298
298
298
298
298
298
298
298
298
298
298
298
298
298
298
298
298
298
298.001
298.001
298.001
298.001
298.001
298.001
298.001
298.001
298.001
298.001
298.001
298.001
298.001
298.001
298.001
298.001
298.001
298.001
298.001
298.001
298.001
298.001
298.001
298.002
298.002
298.002
298.002
298.002
298.002
298.002
298.002
298.002
298.002
298.002
298.002
298.002
298.002
298.002
298.002
298.002
298.002
298.002
298.002
298.002
298.002
298.002
298.002
298.002
298.002
298.002
298.002
298.002
298.002
298.002
298.002
298.002
298.002
298.002
298.002
298.002
298.002
298.002
298.002
298.002
298.002
298.002
298.002
298.002
298.002
298.002
298.002
298.002
298.002
298.002
298.002
298.002
298.002
298.002
298.002
298.002
298.002
298.002
298.002
298.002
298.002
298.002
298.002
298.002
298.002
298.002
298.002
298.002
298.002
298.002
298.002
298.002
298.002
298.002
298.002
298.002
298.002
298.002
298.002
298.002
298.002
298.002
298.002
298.002
298.002
298.002
298.002
298.002
298.002
298.002
298.002
298.002
298.002
298.002
298.002
298.002
298.002
298.002
298.002
298.002
298.002
298.001
298.001
298.001
298.001
298.001
298.001
298.001
298.001
298.001
298.001
298.001
298.001
298.001
298.001
298.001
298.001
298.001
298.001
298.001
298.001
298.001
298.001
298.001
298.001
298.001
298.001
298.001
298.001
298.001
298.001
298.001
298.001
298.001
298.001
298.001
298.001
298.001
298.001
298.001
298.001
298.001
298.001
298.001
298.001
298.001
298.001
298.001
298.001
298.001
298.001
298.001
298.001
298.001
298.001
298.001
298.001
298.001
298.001
298.001
298.001
298.001
298.001
298.001
298.001
298
298
298
298
298
298
298
298
298
298
298
298
298
298
298
298
298
298
298
298
298
298
298
298
298
298
298
298
298
298
298
298
298
298
298
298
298
298
298
298
298
298
298
298
298
298
298
298
298
298
298
298
298
298
298
298
298
298
298
298
298
298
298
298
298
298
298
298
298
298
298
298
298
298
298
298
298
298
298
298
298
298
298
298
298
298
298
298
298
298
298
298
298
298
298
298
298
298
298
298
298
298
298
298
298
298
298
298
298
298
298
)
;

boundaryField
{
    Inlet
    {
        type            fixedValue;
        value           uniform 298;
    }
    BotOutlet1
    {
        type            zeroGradient;
    }
    BotOutlet2
    {
        type            zeroGradient;
    }
    TopInlet
    {
        type            zeroGradient;
    }
    FreeStream
    {
        type            fixedValue;
        value           uniform 298;
    }
    FrontNBack
    {
        type            empty;
    }
    LeftSide
    {
        type            fixedValue;
        value           uniform 293;
    }
    procBoundary3to2
    {
        type            processor;
        value           nonuniform List<scalar> 
400
(
293.217
293.654
294.098
294.554
295.024
295.509
296.01
296.524
297.039
297.541
297.994
297.999
297.998
297.998
297.998
297.998
297.998
297.997
297.997
297.997
297.997
297.997
297.998
297.998
297.998
297.998
297.998
297.998
297.998
297.999
297.999
297.999
297.999
297.999
297.999
297.999
297.999
297.999
298
298
298
298
298
298
298
298
298
298
298
298
298
298
298
298
298
298
298
298
298
298
298
298
298
298
298
298
298
298
298
298
298
298
298
298
298
298
298
298
298
298
298
298
298
298
298
298
298
298
298
298
298
298
298
298
298
298
298
298
298
298
298
298
298
298
298
298
298
298
298
298
298
298
298
298
298
298
298
298
298
298
298
298
298
298
298
298
298
298
298
298
298
298
298
298
298
298
298
298
298
298
298
298
298
298
298
298
298
298
298
298
298
298
298
298
298
298
298
298
298
298
298
298
298
298
298
298
298
298
298
298
298
298
298
298
298
298
298
298
298
298
298
298
298
298
298
298
298
298
298
298
298
298
298
298
298
298
298
298
298
298
298
298
298
298
298
298
298
298
298
298
298
298
298
298
298
298
298
298
298
298
298
298
298
298
298
298
298
298
298
298
298
298
298
298
298
298
298
298
298
298
298
298
298
298
298
298
298
298
298
298
298
298
298
298
298
298
298
298
298
298
298
298
298
298
298
298
298
298
298
298
298
298
298
298
298
298
298
298
298
298
298
298
298
298
298
298
298
298
298
298
298
298
298
298
298
298
298
298
298
298
298
298
298
298
298
298
298
298
298
298
298
298
298
298
298
298
298
298
298
298
298
298
298
298
298
298
298
298
298
298
298
298
298
298
298
298
298
298
298
298
298
298
298
298
298
298
298
298
298
298
298
298
298
298
298
298
298
298
298
298
298
298
298
298
298
298
298
298
298
298
298
298
298
298
298
298
298
298
298
298
298
298
298
298
298
298
298
298
298
298
298
298
298
298
298
298
298
298
298
298
)
;
    }
}


// ************************************************************************* //
