/*--------------------------------*- C++ -*----------------------------------*\
| =========                 |                                                 |
| \\      /  F ield         | OpenFOAM: The Open Source CFD Toolbox           |
|  \\    /   O peration     | Version:  2.4.0                                 |
|   \\  /    A nd           | Web:      www.OpenFOAM.org                      |
|    \\/     M anipulation  |                                                 |
\*---------------------------------------------------------------------------*/
FoamFile
{
    version     2.0;
    format      ascii;
    class       volScalarField;
    location    "1.8";
    object      T;
}
// * * * * * * * * * * * * * * * * * * * * * * * * * * * * * * * * * * * * * //

dimensions      [0 0 0 1 0 0 0];

internalField   nonuniform List<scalar> 
8000
(
293.101
293.302
293.504
293.706
293.907
294.109
294.31
294.511
294.712
294.913
295.113
295.313
295.513
295.712
295.91
296.108
296.304
296.501
296.696
296.891
297.086
297.28
297.475
297.67
297.868
297.993
297.994
297.994
297.995
297.995
297.995
297.996
297.996
297.996
297.996
297.996
297.997
297.997
297.997
297.997
297.997
297.997
297.997
297.997
297.997
297.998
297.998
297.998
297.998
297.998
293.101
293.304
293.506
293.709
293.911
294.114
294.316
294.519
294.721
294.923
295.125
295.326
295.527
295.728
295.929
296.129
296.329
296.529
296.73
296.932
297.137
297.345
297.559
297.777
297.998
297.998
297.998
297.998
297.998
297.997
297.997
297.997
297.997
297.997
297.997
297.997
297.997
297.997
297.997
297.997
297.997
297.997
297.998
297.998
297.998
297.998
297.998
297.998
297.998
297.998
293.102
293.305
293.509
293.712
293.916
294.119
294.323
294.527
294.73
294.934
295.137
295.341
295.544
295.747
295.95
296.153
296.357
296.56
296.764
296.969
297.174
297.379
297.583
297.784
297.998
297.998
297.998
297.998
297.998
297.998
297.998
297.998
297.998
297.998
297.998
297.998
297.998
297.998
297.998
297.998
297.998
297.998
297.998
297.998
297.998
297.998
297.998
297.998
297.998
297.998
293.102
293.306
293.511
293.715
293.92
294.124
294.329
294.534
294.738
294.943
295.148
295.352
295.557
295.762
295.966
296.17
296.375
296.578
296.782
296.984
297.186
297.386
297.584
297.779
297.997
297.997
297.997
297.997
297.997
297.997
297.997
297.997
297.998
297.998
297.998
297.998
297.998
297.998
297.998
297.998
297.998
297.998
297.998
297.998
297.998
297.998
297.998
297.998
297.998
297.998
293.103
293.308
293.513
293.718
293.923
294.129
294.334
294.54
294.746
294.951
295.157
295.362
295.568
295.773
295.978
296.182
296.386
296.589
296.791
296.991
297.19
297.387
297.581
297.773
297.997
297.997
297.997
297.997
297.997
297.997
297.997
297.997
297.997
297.997
297.997
297.997
297.997
297.997
297.998
297.998
297.998
297.998
297.998
297.998
297.998
297.998
297.998
297.998
297.998
297.998
293.103
293.309
293.515
293.721
293.927
294.134
294.34
294.546
294.753
294.959
295.166
295.372
295.578
295.783
295.988
296.192
296.395
296.596
296.797
296.995
297.192
297.387
297.579
297.768
297.996
297.996
297.996
297.996
297.996
297.996
297.996
297.996
297.997
297.997
297.997
297.997
297.997
297.997
297.997
297.997
297.997
297.997
297.997
297.997
297.998
297.998
297.998
297.998
297.998
297.998
293.103
293.31
293.517
293.724
293.931
294.138
294.345
294.552
294.759
294.966
295.173
295.379
295.585
295.79
295.995
296.198
296.4
296.601
296.8
296.997
297.191
297.384
297.573
297.761
297.994
297.994
297.995
297.995
297.995
297.995
297.995
297.995
297.995
297.996
297.996
297.996
297.996
297.996
297.996
297.996
297.997
297.997
297.997
297.997
297.997
297.997
297.997
297.997
297.997
297.998
293.104
293.311
293.519
293.726
293.934
294.142
294.349
294.557
294.764
294.971
295.178
295.385
295.59
295.796
296
296.202
296.404
296.603
296.801
296.996
297.188
297.378
297.564
297.747
297.991
297.992
297.992
297.992
297.992
297.993
297.993
297.993
297.993
297.994
297.994
297.994
297.994
297.995
297.995
297.995
297.995
297.996
297.996
297.996
297.996
297.996
297.996
297.997
297.997
297.997
293.104
293.312
293.52
293.728
293.936
294.144
294.352
294.56
294.768
294.975
295.182
295.389
295.595
295.8
296.004
296.207
296.407
296.606
296.801
296.994
297.182
297.366
297.546
297.72
297.987
297.987
297.988
297.988
297.989
297.989
297.99
297.99
297.991
297.991
297.991
297.992
297.992
297.993
297.993
297.993
297.994
297.994
297.994
297.995
297.995
297.995
297.995
297.996
297.996
297.996
293.104
293.313
293.521
293.73
293.938
294.147
294.355
294.564
294.772
294.979
295.187
295.394
295.6
295.806
296.01
296.213
296.413
296.61
296.803
296.993
297.178
297.358
297.535
297.71
297.986
297.986
297.986
297.986
297.987
297.987
297.988
297.988
297.988
297.989
297.989
297.99
297.99
297.991
297.991
297.991
297.992
297.992
297.993
297.993
297.993
297.994
297.994
297.995
297.995
297.995
293.105
293.314
293.523
293.732
293.941
294.15
294.359
294.568
294.776
294.984
295.192
295.4
295.606
295.812
296.016
296.218
296.418
296.615
296.807
296.995
297.179
297.359
297.537
297.716
297.99
297.99
297.99
297.989
297.989
297.989
297.989
297.989
297.989
297.99
297.99
297.99
297.99
297.991
297.991
297.991
297.992
297.992
297.992
297.993
297.993
297.993
297.994
297.994
297.994
297.995
293.105
293.315
293.525
293.734
293.944
294.153
294.362
294.571
294.779
294.987
295.194
295.401
295.607
295.812
296.015
296.217
296.416
296.612
296.805
296.993
297.178
297.361
297.544
297.729
297.994
297.994
297.994
297.993
297.993
297.993
297.993
297.992
297.992
297.992
297.992
297.992
297.993
297.993
297.993
297.993
297.993
297.993
297.994
297.994
297.994
297.994
297.995
297.995
297.995
297.995
293.105
293.315
293.526
293.735
293.945
294.154
294.362
294.57
294.778
294.984
295.19
295.395
295.6
295.802
296.004
296.204
296.401
296.596
296.789
296.979
297.168
297.356
297.547
297.743
297.996
297.996
297.996
297.996
297.995
297.995
297.995
297.995
297.995
297.995
297.995
297.995
297.995
297.995
297.995
297.995
297.995
297.995
297.995
297.995
297.995
297.996
297.996
297.996
297.996
297.996
293.105
293.315
293.525
293.735
293.944
294.152
294.359
294.566
294.772
294.977
295.18
295.383
295.584
295.784
295.983
296.18
296.375
296.568
296.761
296.953
297.145
297.34
297.541
297.751
297.997
297.997
297.997
297.996
297.996
297.996
297.996
297.996
297.996
297.996
297.996
297.996
297.996
297.996
297.996
297.996
297.996
297.996
297.996
297.996
297.996
297.997
297.997
297.997
297.997
297.997
293.105
293.315
293.524
293.732
293.94
294.147
294.353
294.557
294.761
294.963
295.164
295.363
295.561
295.758
295.953
296.146
296.339
296.53
296.721
296.913
297.105
297.297
297.486
297.662
297.812
297.994
297.994
297.995
297.995
297.995
297.995
297.996
297.996
297.996
297.996
297.996
297.996
297.996
297.997
297.997
297.997
297.997
297.997
297.997
297.997
297.997
297.997
297.997
297.997
297.997
293.105
293.313
293.522
293.729
293.936
294.141
294.345
294.548
294.75
294.949
295.148
295.344
295.539
295.733
295.925
296.116
296.306
296.494
296.681
296.867
297.051
297.233
297.412
297.59
297.771
297.997
297.997
297.997
297.997
297.997
297.997
297.996
297.996
297.997
297.997
297.997
297.997
297.997
297.997
297.997
297.997
297.997
297.997
297.997
297.997
297.997
297.997
297.997
297.997
297.997
293.104
293.312
293.52
293.726
293.932
294.137
294.34
294.541
294.741
294.939
295.136
295.33
295.524
295.715
295.905
296.093
296.28
296.466
296.65
296.833
297.015
297.197
297.381
297.569
297.769
297.997
297.997
297.997
297.997
297.997
297.997
297.997
297.997
297.997
297.997
297.997
297.997
297.997
297.997
297.997
297.997
297.997
297.997
297.997
297.997
297.997
297.997
297.997
297.997
297.998
293.104
293.311
293.518
293.724
293.928
294.131
294.333
294.533
294.732
294.929
295.124
295.317
295.508
295.698
295.886
296.073
296.257
296.441
296.623
296.803
296.983
297.16
297.334
297.5
297.657
297.803
297.996
297.996
297.996
297.996
297.996
297.996
297.996
297.996
297.996
297.996
297.997
297.997
297.997
297.997
297.997
297.997
297.997
297.997
297.997
297.997
297.997
297.997
297.997
297.998
293.103
293.31
293.516
293.721
293.925
294.128
294.329
294.529
294.727
294.923
295.118
295.31
295.502
295.691
295.879
296.065
296.249
296.431
296.612
296.79
296.965
297.137
297.305
297.468
297.629
297.791
297.997
297.997
297.997
297.997
297.997
297.997
297.997
297.997
297.997
297.997
297.997
297.997
297.997
297.997
297.997
297.997
297.997
297.997
297.997
297.997
297.997
297.997
297.998
297.998
293.103
293.31
293.516
293.721
293.925
294.128
294.33
294.53
294.729
294.926
295.122
295.317
295.51
295.701
295.891
296.079
296.265
296.45
296.631
296.81
296.985
297.156
297.323
297.485
297.644
297.802
297.997
297.997
297.997
297.997
297.997
297.997
297.997
297.997
297.997
297.997
297.997
297.997
297.997
297.997
297.997
297.997
297.997
297.997
297.997
297.997
297.997
297.998
297.998
297.998
297.998
297.998
297.998
297.998
297.998
297.998
297.998
297.998
297.998
297.998
297.998
297.999
297.999
297.999
297.999
297.999
297.999
297.999
297.999
297.999
297.999
297.999
297.999
297.999
297.999
297.999
297.999
297.999
297.999
297.999
297.999
297.999
297.999
297.999
297.999
297.999
297.999
297.999
297.999
297.999
297.999
297.999
297.999
297.999
298
298
298
298
298
298
297.998
297.998
297.998
297.998
297.998
297.998
297.998
297.998
297.998
297.998
297.998
297.999
297.999
297.999
297.999
297.999
297.999
297.999
297.999
297.999
297.999
297.999
297.999
297.999
297.999
297.999
297.999
297.999
297.999
297.999
297.999
297.999
297.999
297.999
297.999
297.999
297.999
297.999
297.999
297.999
297.999
297.999
297.999
297.999
297.999
298
298
298
298
298
297.998
297.998
297.998
297.998
297.998
297.998
297.998
297.998
297.998
297.998
297.998
297.999
297.999
297.999
297.999
297.999
297.999
297.999
297.999
297.999
297.999
297.999
297.999
297.999
297.999
297.999
297.999
297.999
297.999
297.999
297.999
297.999
297.999
297.999
297.999
297.999
297.999
297.999
297.999
297.999
297.999
297.999
297.999
297.999
297.999
298
298
298
298
298
297.998
297.998
297.998
297.998
297.998
297.998
297.998
297.998
297.998
297.998
297.999
297.999
297.999
297.999
297.999
297.999
297.999
297.999
297.999
297.999
297.999
297.999
297.999
297.999
297.999
297.999
297.999
297.999
297.999
297.999
297.999
297.999
297.999
297.999
297.999
297.999
297.999
297.999
297.999
297.999
297.999
297.999
297.999
297.999
297.999
298
298
298
298
298
297.998
297.998
297.998
297.998
297.998
297.998
297.998
297.998
297.998
297.998
297.999
297.999
297.999
297.999
297.999
297.999
297.999
297.999
297.999
297.999
297.999
297.999
297.999
297.999
297.999
297.999
297.999
297.999
297.999
297.999
297.999
297.999
297.999
297.999
297.999
297.999
297.999
297.999
297.999
297.999
297.999
297.999
297.999
297.999
297.999
297.999
298
298
298
298
297.998
297.998
297.998
297.998
297.998
297.998
297.998
297.998
297.998
297.998
297.998
297.999
297.999
297.999
297.999
297.999
297.999
297.999
297.999
297.999
297.999
297.999
297.999
297.999
297.999
297.999
297.999
297.999
297.999
297.999
297.999
297.999
297.999
297.999
297.999
297.999
297.999
297.999
297.999
297.999
297.999
297.999
297.999
297.999
297.999
297.999
298
298
298
298
297.998
297.998
297.998
297.998
297.998
297.998
297.998
297.998
297.998
297.998
297.998
297.998
297.998
297.999
297.999
297.999
297.999
297.999
297.999
297.999
297.999
297.999
297.999
297.999
297.999
297.999
297.999
297.999
297.999
297.999
297.999
297.999
297.999
297.999
297.999
297.999
297.999
297.999
297.999
297.999
297.999
297.999
297.999
297.999
297.999
297.999
298
298
298
298
297.997
297.997
297.997
297.997
297.998
297.998
297.998
297.998
297.998
297.998
297.998
297.998
297.998
297.998
297.998
297.998
297.999
297.999
297.999
297.999
297.999
297.999
297.999
297.999
297.999
297.999
297.999
297.999
297.999
297.999
297.999
297.999
297.999
297.999
297.999
297.999
297.999
297.999
297.999
297.999
297.999
297.999
297.999
297.999
297.999
297.999
298
298
298
298
297.996
297.997
297.997
297.997
297.997
297.997
297.997
297.997
297.998
297.998
297.998
297.998
297.998
297.998
297.998
297.998
297.998
297.998
297.999
297.999
297.999
297.999
297.999
297.999
297.999
297.999
297.999
297.999
297.999
297.999
297.999
297.999
297.999
297.999
297.999
297.999
297.999
297.999
297.999
297.999
297.999
297.999
297.999
297.999
297.999
297.999
298
298
298
298
297.995
297.996
297.996
297.996
297.996
297.997
297.997
297.997
297.997
297.997
297.998
297.998
297.998
297.998
297.998
297.998
297.998
297.998
297.998
297.999
297.999
297.999
297.999
297.999
297.999
297.999
297.999
297.999
297.999
297.999
297.999
297.999
297.999
297.999
297.999
297.999
297.999
297.999
297.999
297.999
297.999
297.999
297.999
297.999
297.999
297.999
298
298
298
298
297.995
297.995
297.996
297.996
297.996
297.996
297.997
297.997
297.997
297.997
297.997
297.998
297.998
297.998
297.998
297.998
297.998
297.998
297.998
297.998
297.999
297.999
297.999
297.999
297.999
297.999
297.999
297.999
297.999
297.999
297.999
297.999
297.999
297.999
297.999
297.999
297.999
297.999
297.999
297.999
297.999
297.999
297.999
297.999
297.999
297.999
298
298
298
298
297.996
297.996
297.996
297.996
297.996
297.997
297.997
297.997
297.997
297.997
297.998
297.998
297.998
297.998
297.998
297.998
297.998
297.998
297.998
297.998
297.999
297.999
297.999
297.999
297.999
297.999
297.999
297.999
297.999
297.999
297.999
297.999
297.999
297.999
297.999
297.999
297.999
297.999
297.999
297.999
297.999
297.999
297.999
297.999
297.999
297.999
298
298
298
298
297.996
297.997
297.997
297.997
297.997
297.997
297.997
297.997
297.998
297.998
297.998
297.998
297.998
297.998
297.998
297.998
297.998
297.998
297.999
297.999
297.999
297.999
297.999
297.999
297.999
297.999
297.999
297.999
297.999
297.999
297.999
297.999
297.999
297.999
297.999
297.999
297.999
297.999
297.999
297.999
297.999
297.999
297.999
297.999
297.999
298
298
298
298
298
297.997
297.997
297.997
297.997
297.997
297.998
297.998
297.998
297.998
297.998
297.998
297.998
297.998
297.998
297.998
297.998
297.998
297.999
297.999
297.999
297.999
297.999
297.999
297.999
297.999
297.999
297.999
297.999
297.999
297.999
297.999
297.999
297.999
297.999
297.999
297.999
297.999
297.999
297.999
297.999
297.999
297.999
297.999
297.999
297.999
298
298
298
298
298
297.997
297.997
297.998
297.998
297.998
297.998
297.998
297.998
297.998
297.998
297.998
297.998
297.998
297.998
297.998
297.998
297.999
297.999
297.999
297.999
297.999
297.999
297.999
297.999
297.999
297.999
297.999
297.999
297.999
297.999
297.999
297.999
297.999
297.999
297.999
297.999
297.999
297.999
297.999
297.999
297.999
297.999
297.999
297.999
298
298
298
298
298
298
297.998
297.998
297.998
297.998
297.998
297.998
297.998
297.998
297.998
297.998
297.998
297.998
297.998
297.998
297.998
297.998
297.999
297.999
297.999
297.999
297.999
297.999
297.999
297.999
297.999
297.999
297.999
297.999
297.999
297.999
297.999
297.999
297.999
297.999
297.999
297.999
297.999
297.999
297.999
297.999
297.999
297.999
297.999
297.999
298
298
298
298
298
298
297.998
297.998
297.998
297.998
297.998
297.998
297.998
297.998
297.998
297.998
297.998
297.998
297.998
297.998
297.998
297.999
297.999
297.999
297.999
297.999
297.999
297.999
297.999
297.999
297.999
297.999
297.999
297.999
297.999
297.999
297.999
297.999
297.999
297.999
297.999
297.999
297.999
297.999
297.999
297.999
297.999
297.999
297.999
298
298
298
298
298
298
298
297.998
297.998
297.998
297.998
297.998
297.998
297.998
297.998
297.998
297.998
297.998
297.998
297.998
297.998
297.998
297.999
297.999
297.999
297.999
297.999
297.999
297.999
297.999
297.999
297.999
297.999
297.999
297.999
297.999
297.999
297.999
297.999
297.999
297.999
297.999
297.999
297.999
297.999
297.999
297.999
297.999
297.999
298
298
298
298
298
298
298
298
297.998
297.998
297.998
297.998
297.998
297.998
297.998
297.998
297.998
297.998
297.998
297.998
297.998
297.998
297.998
297.999
297.999
297.999
297.999
297.999
297.999
297.999
297.999
297.999
297.999
297.999
297.999
297.999
297.999
297.999
297.999
297.999
297.999
297.999
297.999
297.999
297.999
297.999
297.999
297.999
297.999
298
298
298
298
298
298
298
298
298
297.998
297.998
297.998
297.998
297.998
297.998
297.998
297.998
297.998
297.998
297.998
297.998
297.998
297.999
297.999
297.999
297.999
297.999
297.999
297.999
297.999
297.999
297.999
297.999
297.999
297.999
297.999
297.999
297.999
297.999
297.999
297.999
297.999
297.999
297.999
297.999
297.999
297.999
297.999
297.999
298
298
298
298
298
298
298
298
298
298
298
298
298
298
298
298
298
298
298
298
298
298
298
298
298
298
298
298
298
298
298
298
298
298
298
298
298
298
298
298
298
298
298
298
298
298
298
298
298
298
298
298
298
298
298
298
298
298
298
298
298
298
298
298
298
298
298
298
298
298
298
298
298
298
298
298
298
298
298
298
298
298
298
298
298
298
298
298
298
298
298
298
298
298
298
298
298
298
298
298
298
298
298
298
298
298
298
298
298
298
298
298
298
298
298
298
298
298
298
298
298
298
298
298
298
298
298
298
298
298
298
298
298
298
298
298
298
298
298
298
298
298
298
298
298
298
298
298
298
298
298
298
298
298
298
298
298
298
298
298
298
298
298
298
298
298
298
298
298
298
298
298
298
298
298
298
298
298
298
298
298
298
298
298
298
298
298
298
298
298
298
298
298
298
298
298
298
298
298
298
298
298
298
298
298
298
298
298
298
298
298
298
298
298
298
298
298
298
298
298
298
298
298
298
298
298
298
298
298
298
298
298
298
298
298
298
298
298
298
298
298
298
298
298
298
298
298
298
298
298
298
298
298
298
298
298
298
298
298
298
298
298
298
298
298
298
298
298
298
298
298
298
298
298
298
298
298
298
298
298
298
298
298
298
298
298
298
298
298
298
298
298
298
298
298
298
298
298
298
298
298
298
298
298
298
298
298
298
298
298
298
298
298
298
298
298
298
298
298
298
298
298
298
298
298
298
298
298
298
298
298
298
298
298
298
298
298
298
298
298
298
298
298
298
298
298
298
298
298
298
298
298
298
298
298
298
298
298
298
298
298
298
298
298
298
298
298
298
298
298
298
298
298
298
298
298
298
298
298
298
298
298
298
298
298
298
298
298
298
298
298
298
298
298
298
298
298
298
298
298
298
298
298
298
298
298
298
298
298
298
298
298
298
298
298
298
298
298
298
298
298
298
298
298
298
298
298
298
298
298
298
298
298
298
298
298
298
298
298
298
298
298
298
298
298
298
298
298
298
298
298
298
298
298
298
298
298
298
298
298
298
298
298
298
298
298
298
298
298
298
298
298
298
298
298
298
298
298
298
298
298
298
298
298
298
298
298
298
298
298
298
298
298
298
298
298
298
298
298
298
298
298
298
298
298
298
298
298
298
298
298
298
298
298
298
298
298
298
298
298
298
298
298
298
298
298
298
298
298
298
298
298
298
298
298
298
298
298
298
298
298
298
298
298
298
298
298
298
298
298
298
298
298
298
298
298
298
298
298
298
298
298
298
298
298
298
298
298
298
298
298
298
298
298
298
298
298
298
298
298
298
298
298
298
298
298
298
298
298
298
298
298
298
298
298
298
298
298
298
298
298
298
298
298
298
298
298
298
298
298
298
298
298
298
298
298
298
298
298
298
298
298
298
298
298
298
298
298
298
298
298
298
298
298
298
298
298
298
298
298
298
298
298
298
298
298
298
298
298
298
298
298
298
298
298
298
298
298
298
298
298
298
298
298
298
298
298
298
298
298
298
298
298
298
298
298
298
298
298
298
298
298
298
298
298
298
298
298
298
298
298
298
298
298
298
298
298
298
298
298
298
298
298
298
298
298
298
298
298
298
298
298
298
298
298
298
298
298
298
298
298
298
298
298
298
298
298
298
298
298
298
298
298
298
298
298
298
298
298
298
298
298
298
298
298
298
298
298
298
298
298
298
298
298
298
298
298
298
298
298
298
298
298
298
298
298
298
298
298
298
298
298
298
298
298
298
298
298
298
298
298
298
298
298
298
298
298
298
298
298
298
298
298
298
298
298
298
298
298
298
298
298
298
298
298
298
298
298
298
298
298
298
298
298
298
298
298
298
298
298
298
298
298
298
298
298
298
298
298
298
298
298
298
298
298
298
298
298
298
298
298
298
298
298
298
298
298
298
298
298
298
298
298
298
298
298
298
298
298
298
298
298
298
298
298
298
298
298
298
298
298
298
298
298
298
298
298
298
298
298
298
298
298
298
298
298
298
298
298
298
298
298
298
298
298
298
298
298
298
298
298
298
298
298
298
298
298
298
298
298
298
298
298
298
298
298
298
298
298
298
298
298
298
298
298
298
298
298
298
298
298
298
298
298
298
298
298
298
298
298
298
298
298
298
298
298
298
298
298
298
298
298
298
298
298
298
298
298
298
298
298
298
298
298
298
298
298
298
298
298
298
298
298
298
298
298
298
298
298
298
298
298
298
298
298
298
298
298
298
298
298
298
298
298
298
298
298
298
298
298
298
298
298
298
298
298
298
298
298
298
298
298
298
298
298
298
298
298
298
298
298
298
298
298
298
298
298
298
298
298
298
298
298
298
298
298
298
298
298
298
298
298
298
298
298
298
298
298
298
298
298
298
298
298
298
298
298
298
298
298
298
298
298
298
298
298
298
298
298
298
298
298
298
298
298
298
298
298
298
298
298
298
298
298
298
298
298
298
298
298
298
298
298
298
298
298
298
298
298
298
298
298
298
298
298
298
298
298
298
298
298
298
298
298
298
298
298
298
298
298
298
298
298
298
298
298
298
298
298
298
298
298
298
298
298
298
298
298
298
298
298
298
298
298
298
298
298
298
298
298
298
298
298
298
298
298
298
298
298
298
298
298
298
298
298
298
298
298
298
298
298
298
298
298
298
298
298
298
298
298
298
298
298
298
298
298
298
298
298
298
298
298
298
298
298
298
298
298
298
298
298
298
298
298
298
298
298
298
298
298
298
298
298
298
298
298
298
298
298
298
298
298
298
298
298
298
298
298
298
298
298
298
298
298
298
298
298
298
298
298
298
298
298
298
298
298
298
298
298
298
298
298
298
298
298
298
298
298
298
298
298
298
298
298
298
298
298
298
298
298
298
298
298
298
298
298
298
298
298
298
298
298
298
298
298
298
298
298
298
298
298
298
298
298
298
298
298
298
298
298
298
298
298
298
298
298
298
298
298
298
298
298
298
298
298
298
298
298
298
298
298
298
298
298
298
298
298
298
298
298
298
298
298
298
298
298
298
298
298
298
298
298
298
298
298
298
298
298
298
298
298
298
298
298
298
298
298
298
298
298
298
298
298
298
298
298
298
298
298
298
298
298
298
298
298
298
298
298
298
298
298
298
298
298
298
298
298
298
298
298
298
298
298
298
298
298
298
298
298
298
298
298
298
298
298
298
298
298
298
298
298
298
298
298
298
298
298
298
298
298
298
298
298
298
298
298
298
298
298
298
298
298
298
298
298
298
298
298
298
298
298
298
298
298
298
298
298
298
298
298
298
298
298
298
298
298
298
298
298
298
298
298
298
298
298
298
298
298
298
298
298
298
298
298
298
298
298
298
298
298
298
298
298
298
298
298
298
298
298
298
298
298
298
298
298
298
298
298
298
298
298
298
298
298
298
298
298
298
298
298
298
298
298
298
298
298
298
298
298
298
298
298
298
298
298
298
298
298
298
298
298
298
298
298
298
298
298
298
298
298
298
298
298
298
298
298
298
298
298
298
298
298
298
298
298
298
298
298
298
298
298
298
298
298
298
298
298
298
298
298
298
298
298
298
298
298
298
298
298
298
298
298
298
298
298
298
298
298
298
298
298
298
298
298
298
298
298
298
298
298
298
298
298
298
298
298
298
298
298
298
298
298
298
298
298
298
298
298
298
298
298
298
298
298
298
298
298
298
298
298
298
298
298
298
298
298
298
298
298
298
298
298
298
298
298
298
298
298
298
298
298
298
298
298
298
298
298
298
298
298
298
298
298
298
298
298
298
298
298
298
298
298
298
298
298
298
298
298
298
298
298
298
298
298
298
298
298
298
298
298
298
298
298
298
298
298
298
298
298
298
298
298
298
298
298
298
298
298
298
298
298
298
298
298
298
298
298
298
298
298
298
298
298
298
298
298
298
298
298
298
298
298
298
298
298
298
298
298
298
298
298
298
298
298
298
298
298
298
298
298
298
298
298
298
298
298
298
298
298
298
298
298
298
298
298
298
298
298
298
298
298
298
298
298
298
298
298
298
298
298
298
298
298
298
298
298
298
298
298
298
298
298
298
298
298
298
298
298
298
298
298
298
298
298
298
298
298
298
298
298
298
298
298
298
298
298
298
298
298
298
298
298
298
298
298
298
298
298
298
298
298
298
298
298
298
298
298
298
298
298
298
298
298
298
298
298
298
298
298
298
298
298
298
298
298
298
298
298
298
298
298
298
298
298
298
298
298
298
298
298
298
298
298
298
298
298
298
298
298
298
298
298
298
298
298
298
298
298
298
298
298
298
298
298
298
298
298
298
298
298
298
298
298
298
298
298
298
298
298
298
298
298
298
298
298
298
298
298
298
298
298
298
298
298
298
298
298
298
298
298
298
298
298
298
298
298
298
298
298
298
298
298
298
298
298
298
298
298
298
298
298
298
298
298
298
298
298
298
298
298
298
298
298
298
298
298
298
298
298
298
298
298
298
298
298
298
298
298
298
298
298
298
298
298
298
298
298
298
298
298
298
298
298
298
298
298
298
298
298
298
298
298
298
298
298
298
298
298
298
298
298
298
298
298
298
298
298
298
298
298
298
298
298
298
298
298
298
298
298
298
298
298
298
298
298
298
298
298
298
298
298
298
298
298
298
298
298
298
298
298
298
298
298
298
298
298
298
298
298
298
298
298
298
298
298
298
298
298
298
298
298
298
298
298
298
298
298
298
298
298
298
298
298
298
298
298
298
298
298
298
298
298
298
298
298
298
298
298
298
298
298
298
298
298
298
298
298
298
298
298
298
298
298
298
298
298
298
298
298
298
298
298
298
298
298
298
298
298
298
298
298
298
298
298
298
298
298
298
298
298
298
298
298
298
298
298
298
298
298
298
298
298
298
298
298
298
298
298
298
298
298
298
298
298
298
298
298
298
298
298
298
298
298
298
298
298
298
298
298
298
298
298
298
298
298
298
298
298
298
298
298
298
298
298
298
298
298
298
298
298
298
298
298
298
298
298
298
298
298
298
298
298
298
298
298
298
298
298
298
298
298
298
298
298
298
298
298
298
298
298
298
298
298
298
298
298
298
298
298
298
298
298
298
298
298
298
298
298
298
298
298
298
298
298
298
298
298
298
298
298
298
298
298
298
298
298
298
298
298
298
298
298
298
298
298
298
298
298
298
298
298
298
298
298
298
298
298
298
298
298
298
298
298
298
298
298
298
298
298
298
298
298
298
298
298
298
298
298
298
298
298
298
298
298
298
298
298
298
298
298
298
298
298
298
298
298
298
298
298
298
298
298
298
298
298
298
298
298
298
298
298
298
298
298
298
298
298
298
298
298
298
298
298
298
298
298
298
298
298
298
298
298
298
298
298
298
298
298
298
298
298
298
298
298
298
298
298
298
298
298
298
298
298
298
298
298
298
298
298
298
298
298
298
298
298
298
298
298
298
298
298
298
298
298
298
298
298
298
298
298
298
298
298
298
298
298
298
298
298
298
298
298
298
298
298
298
298
298
298
298
298
298
298
298
298
298
298
298
298
298
298
298
298
298
298
298
298
298
298
298
298
298
298
298
298
298
298
298
298
298
298
298
298
298
298
298
298
298
298
298
298
298
298
298
298
298
298
298
298
298
298
298
298
298
298
298
298
298
298
298
298
298
298
298
298
298
298
298
298
298
298
298
298
298
298
298
298
298
298
298
298
298
298
298
298
298
298
298
298
298
298
298
298
298
298
298
298
298
298
298
298
298
298
298
298
298
298
298
298
298
298
298
298
298
298
298
298
298
298
298
298
298
298
298
298
298
298
298
298
298
298
298
298
298
298
298
298
298
298
298
298
298
298
298
298
298
298
298
298
298
298
298
298
298
298
298
298
298
298
298
298
298
298
298
298
298
298
298
298
298
298
298
298
298
298
298
298
298
298
298
298
298
298
298
298
298
298
298
298
298
298
298
298
298
298
298
298
298
298
298
298
298
298
298
298
298
298
298
298
298
298
298
298
298
298
298
298
298
298
298
298
298
298
298
298
298
298
298
298
298
298
298
298
298
298
298
298
298
298
298
298
298
298
298
298
298
298
298
298
298
298
298
298
298
298
298
298
298
298
298
298
298
298
298
298
298
298
298
298
298
298
298
298
298
298
298
298
298
298
298
298
298
298
298
298
298
298
298
298
298
298
298
298
298
298
298
298
298
298
298
298
298
298
298
298
298
298
298
298
298
298
298
298
298
298
298
298
298
298
298
298
298
298
298
298
298
298
298
298
298
298
298
298
298
298
298
298
298
298
298
298
298
298
298
298
298
298
298
298
298
298
298
298
298
298
298
298
298
298
298
298
298
298
298
298
298
298
298
298
298
298
298
298
298
298
298
298
298
298
298
298
298
298
298
298
298
298
298
298
298
298
298
298
298
298
298
298
298
298
298
298
298
298
298
298
298
298
298
298
298
298
298
298
298
298
298
298
298
298
298
298
298
298
298
298
298
298
298
298
298
298
298
298
298
298
298
298
298
298
298
298
298
298
298
298
298
298
298
298
298
298
298
298
298
298
298
298
298
298
298
298
298
298
298
298
298
298
298
298
298
298
298
298
298
298
298
298
298
298
298
298
298
298
298
298
298
298
298
298
298
298
298
298
298
298
298
298
298
298
298
298
298
298
298
298
298
298
298
298
298
298
298
298
298
298
298
298
298
298
298
298
298
298
298
298
298
298
298
298
298
298
298
298
298
298
298
298
298
298
298
298
298
298
298
298
298
298
298
298
298
298
298
298
298
298
298
298
298
298
298
298
298
298
298
298
298
298
298
298
298
298
298
298
298
298
298
298
298
298
298
298
298
298
298
298
298
298
298
298
298
298
298
298
298
298
298
298
298
298
298
298
298
298
298
298
298
298
298
298
298
298
298
298
298
298
298
298
298
298
298
298
298
298
298
298
298
298
298
298
298
298
298
298
298
298
298
298
298
298
298
298
298
298
298
298
298
298
298
298
298
298
298
298
298
298
298
298
298
298
298
298
298
298
298
298
298
298
298
298
298
298
298
298
298
298
298
298
298
298
298
298
298
298
298
298
298
298
298
298
298
298
298
298
298
298
298
298
298
298
298
298
298
298
298
298
298
298
298
298
298
298
298
298
298
298
298
298
298
298
298
298
298
298
298
298
298
298
298
298
298
298
298
298
298
298
298
298
298
298
298
298
298
298
298
298
298
298
298
298
298
298
298
298
298
298
298
298
298
298
298
298
298
298
298
298
298
298
298
298
298
298
298
298
298
298
298
298
298
298
298
298
298
298
298
298
298
298
298
298
298
298
298
298
298
298
298
298
298
298
298
298
298
298
298
298
298
298
298
298
298
298
298
298
298
298
298
298
298
298
298
298
298
298
298
298
298
298
298
298
298
298
298
298
298
298
298
298
298
298
298
298
298
298
298
298
298
298
298
298
298
298
298
298
298
298
298
298
298
298
298
298
298
298
298
298
298
298
298
298
298
298
298
298
298
298
298
298
298
298
298
298
298
298
298
298
298
298
298
298
298
298
298
298
298
298
298
298
298
298
298
298
298
298
298
298
298
298
298
298
298
298
298
298
298
298
298
298
298
298
298
298
298
298
298
298
298
298
298
298
298
298
298
298
298
298
298
298
298
298
298
298
298
298
298
298
298
298
298
298
298
298
298
298
298
298
298
298
298
298
298
298
298
298
298
298
298
298
298
298
298
298
298
298
298
298
298
298
298
298
298
298
298
298
298
298
298
298
298
298
298
298
298
298
298
298
298
298
298
298
298
298
298
298
298
298
298
298
298
298
298
298
298
298
298
298
298
298
298
298
298
298
298
298
298
298
298
298
298
298
298
298
298
298
298
298
298
298
298
298
298
298
298
298
298
298
298
298
298
298
298
298
298
298
298
298
298
298
298
298
298
298
298
298
298
298
298
298
298
298
298
298
298
298
298
298
298
298
298
298
298
298
298
298
298
298
298
298
298
298
298
298
298
298
298
298
298
298
298
298
298
298
298
298
298
298
298
298
298
298
298
298
298
298
298
298
298
298
298
298
298
298
298
298
298
298
298
298
298
298
298
298
298
298
298
298
298
298
298
298
298
298
298
298
298
298
298
298
298
298
298
298
298
298
298
298
298
298
298
298
298
298
298
298
298
298
298
298
298
298
298
298
298
298
298
298
298
298
298
298
298
298
298
298
298
298
298
298
298
298
298
298
298
298
298
298
298
298
298
298
298
298
298
298
298
298
298
298
298
298
298
298
298
298
298
298
298
298
298
298
298
298
298
298
298
298
298
298
298
298
298
298
298
298
298
298
298
298
298
298
298
298
298
298
298
298
298
298
298
298
298
298
298
298
298
298
298
298
298
298
298
298
298
298
298
298
298
298
298
298
298
298
298
298
298
298
298
298
298
298
298
298
298
298
298
298
298
298
298
298
298
298
298
298
298
298
298
298
298
298
298
298
298
298
298
298
298
298
298
298
298
298
298
298
298
298
298
298
298
298
298
298
298
298
298
298
298
298
298
298
298
298
298
298
298
298
298
298
298
298
298
298
298
298
298
298
298
298
298
298
298
298
298
298
298
298
298
298
298
298
298
298
298
298
298
298
298
298
298
298
298
298
298
298
298
298
298
298
298
298
298
298
298
298
298
298
298
298
298
298
298
298
298
298
298
298
298
298
298
298
298
298
298
298
298
298
298
298
298
298
298
298
298
298
298
298
298
298
298
298
298
298
298
298
298
298
298
298
298
298
298
298
298
298
298
298
298
298
298
298
298
298
298
298
298
298
298
298
298
298
298
298
298
298
298
298
298
298
298
298
298
298
298
298
298
298
298
298
298
298
298
298
298
298
298
298
298
298
298
298
298
298
298
298
298
298
298
298
298
298
298
298
298
298
298
298
298
298
298
298
298
298
298
298
298
298
298
298
298
298
298
298
298
298
298
298
298
298
298
298
298
298
298
298
298
298
298
298
298
298
298
298
298
298
298
298
298
298
298
298
298
298
298
298
298
298
298
298
298
298
298
298
298
298
298
298
298
298
298
298
298
298
298
298
298
298
298
298
298
298
298
298
298
298
298
298
298
298
298
298
298
298
298
298
298
298
298
298
298
298
298
298
298
298
298
298
298
298
298
298
298
298
298
298
298
298
298
298
298
298
298
298
298
298
298
298
298
298
298
298
298
298
298
298
298
298
298
298
298
298
298
298
298
298
298
298
298
298
298
298
298
298
298
298
298
298
298
298
298
298
298
298
298
298
298
298
298
298
298
298
298
298
298
298
298
298
298
298
298
298
298
298
298
298
298
298
298
298
298
298
298
298
298
298
298
298
298
298
298
298
298
298
298
298
298
298
298
298
298
298
298
298
298
298
298
298
298
298
298
298
298
298
298
298
298
298
298
298
298
298
298
298
298
298
298
298
298
298
298
298
298
298
298
298
298
298
298
298
298
298
298
298
298
298
298
298
298
298
298
298
298
298
298
298
298
298
298
298
298
298
298
298
298
298
298
298
298
298
298
298
298
298
298
298
298
298
298
298
298
298
298
298
298
298
298
298
298
298
298
298
298
298
298
298
298
298
298
298
298
298
298
298
298
298
298
298
298
298
298
298
298
298
298
298
298
298
298
298
298
298
298
298
298
298
298
298
298
298
298
298
298
298
298
298
298
298
298
298
298
298
298
298
298
298
298
298
298
298
298
298
298
298
298
298
298
298
298
298
298
298
298
298
298
298
298
298
298
298
298
298
298
298
298
298
298
298
298
298
298
298
298
298
298
298
298
298
298
298
298
298
298
298
298
298
298
298
298
298
298
298
298
298
298
298
298
298
298
298
298
298
298
298
298
298
298
298
298
298
298
298
298
298
298
298
298
298
298
298
298
298
298
298
298
298
298
298
298
298
298
298
298
298
298
298
298
298
298
298
298
298
298
298
298
298
298
298
298
298
298
298
298
298
298
298
298
298
298
298
298
298
298
298
298
298
298
298
298
298
298
298
298
298
298
298
298
298
298
298
298
298
298
298
298
298
298
298
298
298
298
298
298
298
298
298
298
298
298
298
298
298
298
298
298
298
298
298
298
298
298
298
298
298
298
298
298
298
298
298
298
298
298
298
298
298
298
298
298
298
298
298
298
298
298
298
298
298
298
298
298
298
298
298
298
298
298
298
298
298
298
298
298
298
298
298
298
298
298
298
298
298
298
298
298
298
298
298
298
298
298
298
298
298
298
298
298
298
298
298
298
298
298
298
298
298
298
298
298
298
298
298
298
298
298
298
298
298
298
298
298
298
298
298
298
298
298
298
298
298
298
298
298
298
298
298
298
298
298
298
298
298
298
298
298
298
298
298
298
298
298
298
298
298
298
298
298
298
298
298
298
298
298
298
298
298
298
298
298
298
298
298
298
298
298
298
298
298
298
298
298
298
298
298
298
298
298
298
298
298
298
298
298
298
298
298
298
298
298
298
298
298
298
298
298
298
298
298
298
298
298
298
298
298
298
298
298
298
298
298
298
298
298
298
298
298
298
298
298
298
298
298
298
298
298
298
298
298
298
298
298
298
298
298
298
298
298
298
298
298
298
298
298
298
298
298
298
298
298
298
298
298
298
298
298
298
298
298
298
298
298
298
298
298
298
298
298
298
298
298
298
298
298
298
298
298
298
298
298
298
298
298
298
298
298
298
298
298
298
298
298
298
298
298
298
298
298
298
298
298
298
298
298
298
298
298
298
298
298
298
298
298
298
298
298
298
298
298
298
298
298
298
298
298
298
298
298
298
298
298
298
298
298
298
298
298
298
298
298
298
298
298
298
298
298
298
298
298
298
298
298
298
298
298
298
298
298
298
298
298
298
298
298
298
298
298
298
298
298
298
298
298
298
298
298
298
298
298
298
298
298
298
298
298
298
298
298
298
298
298
298
298
298
298
298
298
298
298
298
298
298
298
298
298
298
298
298
298
298
298
298
298
298
298
298
298
298
298
298
298
298
298
298
298
298
298
298
298
298
298
298
298
298
298
298
298
298
298
298
298
298
298
298
298
298
298
298
298
298
298
298
298
298
298
298
298
298
298
298
298
298
298
298
298
298
298
298
298
298
298
298
298
298
298
298
298
298
298
298
298
298
298
298
298
298
298
298
298
298
298
298
298
298
298
298
298
298
298
298
298
298
298
298
298
298
298
298
298
298
298
298
298
298
298
298
298
298
298
298
298
298
298
298
298
298
298
298
298
298
298
298
298
298
298
298
298
298
298
298
298
298
298
298
298
298
298
298
298
298
298
298
298
298
298
298
298
298
298
298
298
298
298
298
298
298
298
298
298
298
298
298
298
298
298
298
298
298
298
298
298
298
298
298
298
298
298
298
298
298
298
298
298
298
298
298
298
298
298
298
298
298
298
298
298
298
298
298
298
298
298
298
298
298
298
298
298
298
298
298
298
298
298
298
298
298
298
298
298
298
298
298
298
298
298
298
298
298
298
298
298
298
298
298
298
298
298
298
298
298
298
298
298
298
298
298
298
298
298
298
298
298
298
298
298
298
298
298
298
298
298
298
298
298
298
298
298
298
298
298
298
298
298
298
298
298
298
298
298
298
298
298
298
298
298
298
298
298
298
298
298
298
298
298
298
298
298
298
298
298
298
298
298
298
298
298
298
298
298
298
298
298
298
298
298
298
298
298
298
298
298
298
298
298
298
298
298
298
298
298
298
298
298
298
298
298
298
298
298
298
298
298
298
298
298
298
298
298
298
298
298
298
298
298
298
298
298
298
298
298
298
298
298
298
298
298
298
298
298
298
298
298
298
298
298
298
298
298
298
298
298
298
298
298
298
298
298
298
298
298
298
298
298
298
298
298
298
298
298
298
298
298
298
298
298
298
298
298
298
298
298
298
298
298
298
298
298
298
298
298
298
298
298
298
298
298
298
298
298
298
298
298
298
298
298
298
298
298
298
298
298
298
298
298
298
298
298
298
298
298
298
298
298
298
298
298
298
298
298
298
298
298
298
298
298
298
298
298
298
298
298
298
298
298
298
298
298
298
298
298
298
298
298
298
298
298
298
298
298
298
298
298
298
298
298
298
298
298
298
298
298
298
298
298
298
298
298
298
298
298
298
298
298
298
298
298
298
298
298
298
298
298
298
298
298
298
298
298
298
298
298
298
298
298
298
298
298
298
298
298
298
298
298
298
298
298
298
298
298
298
298
298
298
298
298
298
298
298
298
298
298
298
298
298
298
298
298
298
298
298
298
298
298
298
298
298
298
298
298
298
298
298
298
298
298
298
298
298
298
298
298
298
298
298
298
298
298
298
298
298
298
298
298
298
298
298
298
298
298
298
298
298
298
298
298
298
298
298
298
298
298
298
298
298
298
298
298
298
298
298
298
298
298
298
298
298
298
298
298
298
298
298
298
298
298
298
298
298
298
298
298
298
298
298
298
298
298
298
298
298
298
298
298
298
298
298
298
298
298
298
298
298
298
298
298
298
298
298
298
298
298
298
298
298
298
298
298
298
298
298
298
298
298
298
298
298
298
298
298
298
298
298
298
298
298
298
298
298
298
298
298
298
298
298
298
298
298
298
298
298
298
298
298
298
298
298
298
298
298
298
298
298
298
298
298
298
298
298
298
298
298
298
298
298
298
298
298
298
298
298
298
298
298
298
298
298
298
298
298
298
298
298
298
298
298
298
298
298
298
298
298
298
298
298
298
298
298
298
298
298
298
298
298
298
298
298
298
298
298
298
298
298
298
298
298
298
298
298
298
298
298
298
298
298
298
298
298
298
298
298
298
298
298
298
298
298
298
298
298
298
298
298
298
298
298
298
298
298
298
298
298
298
298
298
298
298
298
298
298
298
298
298
298
298
298
298
298
298
298
298
298
298
298
298
298
298
298
298
298
298
298
298
298
298
298
298
298
298
298
298
298
298
298
298
298
298
298
298
298
298
298
298
298
298
298
298
298
298
298
298
298
298
298
298
298
298
298
298
298
298
298
298
298
298
298
298
298
298
298
298
298
298
298
298
298
298
298
298
298
298
298
298
298
298
298
298
298
298
298
298
298
298
298
298
298
298
298
298
298
298
298
298
298
298
298
298
298
298
298
298
298
298
298
298
298
298
298
298
298
298
298
298
298
298
298
298
298
298
298
298
298
298
298
298
298
298
298
298
298
298
298
298
298
298
298
298
298
298
298
298
298
298
298
298
298
298
298
298
298
298
298
298
298
298
298
298
298
298
298
298
298
298
298
298
298
298
298
298
298
298
298
298
298
298
298
298
298
298
298
298
298
298
298
298
298
298
298
298
298
298
298
298
298
298
298
298
298
298
298
298
298
298
298
298
298
298
298
298
298
298
298
298
298
298
298
298
298
298
298
298
298
298
298
298
298
298
298
298
298
298
298
298
298
298
298
298
298
298
298
298
298
298
298
298
298
298
298
298
298
298
298
298
298
298
298
298
298
298
298
298
298
298
298
298
298
298
298
298
298
298
298
298
298
298
298
298
298
298
298
298
298
298
298
298
298
298
298
298
298
298
298
298
298
298
298
298
298
298
298
298
298
298
298
298
298
298
298
298
298
298
298
298
298
298
298
298
298
298
298
298
298
298
298
298
)
;

boundaryField
{
    Inlet
    {
        type            fixedValue;
        value           nonuniform 0();
    }
    BotOutlet1
    {
        type            zeroGradient;
    }
    BotOutlet2
    {
        type            zeroGradient;
    }
    TopInlet
    {
        type            zeroGradient;
    }
    FreeStream
    {
        type            fixedValue;
        value           uniform 298;
    }
    FrontNBack
    {
        type            empty;
    }
    LeftSide
    {
        type            fixedValue;
        value           uniform 293;
    }
    procBoundary1to0
    {
        type            processor;
        value           nonuniform List<scalar> 
400
(
293.101
293.302
293.503
293.704
293.904
294.105
294.306
294.507
294.707
294.907
295.107
295.306
295.504
295.702
295.9
296.096
296.292
296.486
296.679
296.871
297.061
297.25
297.436
297.62
297.8
297.995
297.995
297.995
297.995
297.996
297.996
297.996
297.996
297.996
297.996
297.997
297.997
297.997
297.997
297.997
297.997
297.997
297.997
297.997
297.998
297.998
297.998
297.998
297.998
297.998
297.998
297.998
297.998
297.998
297.998
297.998
297.998
297.998
297.998
297.998
297.999
297.999
297.999
297.999
297.999
297.999
297.999
297.999
297.999
297.999
297.999
297.999
297.999
297.999
297.999
297.999
297.999
297.999
297.999
297.999
297.999
297.999
297.999
297.999
297.999
297.999
297.999
297.999
297.999
297.999
297.999
297.999
297.999
297.999
298
298
298
298
298
298
298
298
298
298
298
298
298
298
298
298
298
298
298
298
298
298
298
298
298
298
298
298
298
298
298
298
298
298
298
298
298
298
298
298
298
298
298
298
298
298
298
298
298
298
298
298
298
298
298
298
298
298
298
298
298
298
298
298
298
298
298
298
298
298
298
298
298
298
298
298
298
298
298
298
298
298
298
298
298
298
298
298
298
298
298
298
298
298
298
298
298
298
298
298
298
298
298
298
298
298
298
298
298
298
298
298
298
298
298
298
298
298
298
298
298
298
298
298
298
298
298
298
298
298
298
298
298
298
298
298
298
298
298
298
298
298
298
298
298
298
298
298
298
298
298
298
298
298
298
298
298
298
298
298
298
298
298
298
298
298
298
298
298
298
298
298
298
298
298
298
298
298
298
298
298
298
298
298
298
298
298
298
298
298
298
298
298
298
298
298
298
298
298
298
298
298
298
298
298
298
298
298
298
298
298
298
298
298
298
298
298
298
298
298
298
298
298
298
298
298
298
298
298
298
298
298
298
298
298
298
298
298
298
298
298
298
298
298
298
298
298
298
298
298
298
298
298
298
298
298
298
298
298
298
298
298
298
298
298
298
298
298
298
298
298
298
298
298
298
298
298
298
298
298
298
298
298
298
298
298
298
298
298
298
298
298
298
298
298
298
298
298
298
298
298
298
298
298
298
298
)
;
    }
    procBoundary1to2
    {
        type            processor;
        value           nonuniform List<scalar> 
400
(
293.104
293.311
293.517
293.724
293.929
294.134
294.338
294.541
294.744
294.945
295.146
295.345
295.544
295.741
295.936
296.13
296.322
296.511
296.697
296.88
297.059
297.233
297.401
297.562
297.715
297.861
297.997
297.997
297.997
297.997
297.997
297.997
297.997
297.997
297.997
297.997
297.997
297.997
297.997
297.997
297.997
297.997
297.998
297.998
297.998
297.998
297.998
297.998
297.998
297.998
297.998
297.998
297.998
297.998
297.998
297.998
297.998
297.998
297.998
297.998
297.998
297.999
297.999
297.999
297.999
297.999
297.999
297.999
297.999
297.999
297.999
297.999
297.999
297.999
297.999
297.999
297.999
297.999
297.999
297.999
297.999
297.999
297.999
297.999
297.999
297.999
297.999
297.999
298
298
298
298
298
298
298
298
298
298
298
298
298
298
298
298
298
298
298
298
298
298
298
298
298
298
298
298
298
298
298
298
298
298
298
298
298
298
298
298
298
298
298
298
298
298
298
298
298
298
298
298
298
298
298
298
298
298
298
298
298
298
298
298
298
298
298
298
298
298
298
298
298
298
298
298
298
298
298
298
298
298
298
298
298
298
298
298
298
298
298
298
298
298
298
298
298
298
298
298
298
298
298
298
298
298
298
298
298
298
298
298
298
298
298
298
298
298
298
298
298
298
298
298
298
298
298
298
298
298
298
298
298
298
298
298
298
298
298
298
298
298
298
298
298
298
298
298
298
298
298
298
298
298
298
298
298
298
298
298
298
298
298
298
298
298
298
298
298
298
298
298
298
298
298
298
298
298
298
298
298
298
298
298
298
298
298
298
298
298
298
298
298
298
298
298
298
298
298
298
298
298
298
298
298
298
298
298
298
298
298
298
298
298
298
298
298
298
298
298
298
298
298
298
298
298
298
298
298
298
298
298
298
298
298
298
298
298
298
298
298
298
298
298
298
298
298
298
298
298
298
298
298
298
298
298
298
298
298
298
298
298
298
298
298
298
298
298
298
298
298
298
298
298
298
298
298
298
298
298
298
298
298
298
298
298
298
298
298
298
298
298
298
298
298
298
298
298
298
298
298
298
298
298
298
298
298
298
298
298
298
298
)
;
    }
}


// ************************************************************************* //
