/*--------------------------------*- C++ -*----------------------------------*\
| =========                 |                                                 |
| \\      /  F ield         | OpenFOAM: The Open Source CFD Toolbox           |
|  \\    /   O peration     | Version:  2.4.0                                 |
|   \\  /    A nd           | Web:      www.OpenFOAM.org                      |
|    \\/     M anipulation  |                                                 |
\*---------------------------------------------------------------------------*/
FoamFile
{
    version     2.0;
    format      ascii;
    class       volScalarField;
    location    "0.3";
    object      alpha1;
}
// * * * * * * * * * * * * * * * * * * * * * * * * * * * * * * * * * * * * * //

dimensions      [0 0 0 0 0 0 0];

internalField   nonuniform List<scalar> 
8000
(
1
1
1
1
1
1
1
1
1
1
1
1
1
1
1
1
1
1
1
1
1
1
1
1
1
1
1
1
0.999999
0.999999
0.999999
0.999998
0.999419
0.940715
0.561499
0.0969266
0.00870461
0.000902291
9.2916e-05
9.87705e-06
3.61618e-06
2.09434e-06
1.12935e-06
5.52499e-07
2.38201e-07
8.745e-08
2.61974e-08
6.04084e-09
9.87096e-10
1.09585e-10
1
1
1
1
1
1
1
1
1
1
1
1
1
1
1
1
1
1
1
1
1
1
1
1
1
1
1
1
0.999999
0.999999
0.999998
0.999983
0.954145
0.603205
0.110789
0.00951022
0.000945802
9.46427e-05
9.87125e-06
3.64662e-06
2.11355e-06
1.15698e-06
5.85303e-07
2.67102e-07
1.07018e-07
3.65067e-08
1.02386e-08
2.29408e-09
4.36257e-10
1.11007e-10
1
1
1
1
1
1
1
1
1
1
1
1
1
1
1
1
1
1
1
1
1
1
1
1
1
1
1
0.999999
0.999999
0.999998
0.999992
0.968347
0.656828
0.132554
0.0108024
0.00101556
9.77134e-05
9.89986e-06
3.67767e-06
2.12032e-06
1.168e-06
6.03471e-07
2.86661e-07
1.22614e-07
4.62621e-08
1.51702e-08
4.39108e-09
1.27371e-09
4.996e-10
2.91031e-10
1
1
1
1
1
1
1
1
1
1
1
1
1
1
1
1
1
1
1
1
1
1
1
1
1
1
0.999999
0.999999
0.999998
0.999997
0.98206
0.724497
0.169288
0.0130861
0.00113911
0.000104066
1.01058e-05
3.73234e-06
2.13254e-06
1.17681e-06
6.1671e-07
3.02423e-07
1.36892e-07
5.6784e-08
2.18332e-08
8.26461e-09
3.53944e-09
1.94454e-09
1.3036e-09
9.41774e-10
1
1
1
1
1
1
1
1
1
1
1
1
1
1
1
1
1
1
1
1
1
1
1
1
1
0.999999
0.999999
0.999998
0.999988
0.993417
0.804076
0.236272
0.0176517
0.00137531
0.000117274
1.07e-05
3.84819e-06
2.17903e-06
1.20554e-06
6.42455e-07
3.26937e-07
1.58507e-07
7.40823e-08
3.47156e-08
1.75856e-08
1.03228e-08
7.02309e-09
5.21186e-09
3.99225e-09
3.07356e-09
1
1
1
1
1
1
1
1
1
1
1
1
1
1
1
1
1
1
1
1
1
1
1
1
1
0.999999
0.999998
0.999997
0.999888
0.888022
0.356486
0.0286411
0.0018978
0.000147233
1.21979e-05
4.07249e-06
2.30669e-06
1.29252e-06
7.1242e-07
3.86072e-07
2.08115e-07
1.1466e-07
6.71554e-08
4.32133e-08
3.08504e-08
2.36273e-08
1.87552e-08
1.50872e-08
1.21643e-08
9.78443e-09
1
1
1
1
1
1
1
1
1
1
1
1
1
1
1
1
1
1
1
1
1
1
1
1
0.999999
0.999998
0.999997
0.999994
0.959028
0.558728
0.0627717
0.00333416
0.000225139
1.60416e-05
4.41476e-06
2.56548e-06
1.49136e-06
8.75476e-07
5.2434e-07
3.25513e-07
2.138e-07
1.50735e-07
1.13518e-07
8.91333e-08
7.29351e-08
6.06978e-08
5.08352e-08
4.26311e-08
3.57073e-08
2.98272e-08
1
1
1
1
1
1
1
1
1
1
1
1
1
1
1
1
1
1
1
1
1
1
1
1
0.999999
0.999998
0.999995
0.996927
0.80001
0.198595
0.00952203
0.000517135
3.03938e-05
5.04076e-06
3.01886e-06
1.86015e-06
1.19069e-06
7.99014e-07
5.6756e-07
4.26764e-07
3.38334e-07
2.80709e-07
2.39975e-07
2.02943e-07
1.74779e-07
1.51311e-07
1.31233e-07
1.13732e-07
9.84023e-08
8.49017e-08
1
1
1
1
1
1
1
1
1
1
1
1
1
1
1
1
1
1
1
1
1
1
1
0.999999
0.999999
0.999997
0.999996
0.964534
0.562176
0.0543738
0.00213053
0.000107834
7.50911e-06
3.77786e-06
2.42308e-06
1.6737e-06
1.23097e-06
9.59251e-07
7.87095e-07
6.70515e-07
5.85879e-07
5.22855e-07
4.82849e-07
4.31038e-07
3.84226e-07
3.40954e-07
3.04945e-07
2.71256e-07
2.4174e-07
2.14206e-07
1
1
1
1
1
1
1
1
1
1
1
1
1
1
1
1
1
1
1
1
1
1
1
0.999999
0.999999
0.999997
0.999989
0.930425
0.427893
0.0257761
0.000903263
3.96745e-05
6.34702e-06
3.51277e-06
2.33776e-06
1.76229e-06
1.42644e-06
1.21152e-06
1.06497e-06
9.68893e-07
8.84228e-07
7.78123e-07
7.50033e-07
7.34161e-07
6.99933e-07
6.08446e-07
5.75086e-07
5.08337e-07
4.76451e-07
4.23693e-07
1
1
1
1
1
1
1
1
1
1
1
1
1
1
1
1
1
1
1
1
1
1
1
0.999999
0.999999
0.999997
0.999987
0.925068
0.40952
0.0222782
0.000694612
2.81761e-05
5.55678e-06
3.48392e-06
2.39488e-06
1.76612e-06
1.48357e-06
1.31544e-06
1.1512e-06
1.10736e-06
1.0305e-06
7.64635e-07
1.53647e-06
7.99229e-07
1.17986e-06
6.40073e-07
9.94528e-07
5.41317e-07
8.47429e-07
4.65756e-07
1
1
1
1
1
1
1
1
1
1
1
1
1
1
1
1
1
1
1
1
1
1
1
1
0.999999
0.999998
0.999998
0.981686
0.660708
0.0961045
0.00389889
0.000111202
4.04194e-06
3.84682e-06
2.47985e-06
1.49795e-06
1.34046e-06
1.27628e-06
1.0426e-06
1.10317e-06
9.72032e-07
7.61544e-07
8.72966e-07
8.11689e-07
7.03631e-07
6.72486e-07
5.93815e-07
5.72181e-07
5.11243e-07
4.98561e-07
1
1
1
1
1
1
1
1
1
1
1
1
1
1
1
1
1
1
1
1
1
1
1
1
0.999999
0.999999
0.999996
0.999986
0.928836
0.513987
0.0899122
0.00657705
0.000328491
4.82736e-06
2.95548e-06
1.35551e-06
1.34778e-06
1.40418e-06
9.29277e-07
1.20779e-06
7.92686e-07
4.24056e-07
9.48307e-07
4.97313e-07
4.66778e-07
4.17071e-07
3.7005e-07
3.18627e-07
2.77275e-07
2.46357e-07
1
1
1
1
1
1
1
1
1
1
1
1
1
1
1
1
1
1
1
1
1
1
1
1
1
1
0.999999
0.999999
0.999999
0.977367
0.695403
0.17721
0.0300676
0.00158464
0.000329051
4.79065e-05
1.62811e-05
1.67286e-06
9.27344e-07
9.19076e-07
9.13113e-07
4.18167e-07
3.90944e-07
4.88597e-07
3.86324e-07
2.8125e-07
2.14624e-07
1.27638e-07
8.30737e-08
5.63928e-08
1
1
1
1
1
1
1
1
1
1
1
1
1
1
1
1
1
1
1
1
1
1
1
1
1
1
1
1
1
1
0.999999
0.933463
0.48758
0.104088
0.0223853
0.00303723
0.00186609
0.000178109
9.04228e-05
3.90878e-06
1.22877e-06
4.25809e-07
4.43904e-07
6.78688e-07
4.72502e-07
2.56896e-07
1.59045e-07
7.94316e-08
4.31609e-08
1.92114e-08
1
1
1
1
1
1
1
1
1
1
1
1
1
1
1
1
1
1
1
1
1
1
1
1
1
1
1
1
1
1
1
1
1
0.959803
0.522384
0.102016
0.0759918
0.00936439
0.00887055
0.000944357
0.000641837
3.89911e-05
2.3013e-05
1.32913e-06
9.25631e-07
2.73016e-07
1.72615e-07
1.59447e-07
1.25315e-07
9.44181e-08
1
1
1
1
1
1
1
1
1
1
1
1
1
1
1
1
1
1
1
1
1
1
1
1
1
1
1
1
1
1
1
1
1
1
1
0.986528
0.859414
0.341025
0.226128
0.0730405
0.0540052
0.00905498
0.00623843
0.000660497
0.00045571
9.85989e-06
6.3294e-06
2.39681e-07
3.32611e-07
5.99148e-07
1
1
1
1
1
1
1
1
1
1
1
1
1
1
1
1
1
1
1
1
1
1
1
1
1
1
1
1
1
1
1
1
1
0.999999
0.999999
1
0.999999
0.992265
0.964371
0.948761
0.700668
0.436699
0.254363
0.0743797
0.0505683
0.00243236
0.00243325
3.75125e-05
4.26021e-05
2.35093e-06
1
1
1
1
1
1
1
1
1
1
1
1
1
1
1
1
1
1
1
1
1
1
1
1
1
1
1
1
1
1
1
1
1
1
1
1
0.999999
0.999999
1
1
0.999557
0.992984
0.964973
0.9587
0.827007
0.410331
0.129139
0.0376655
0.0107657
7.31336e-06
1
1
1
1
1
1
1
1
1
1
1
1
1
1
1
1
1
1
1
1
1
1
1
1
1
1
1
1
1
1
1
1
1
1
1
0.999999
0.999999
0.999998
0.999997
0.999998
0.999969
0.999613
0.998089
0.994913
0.991772
0.981633
0.918371
0.969336
0.739836
0.00174027
1.82328e-11
1.00856e-11
6.16286e-12
3.71291e-12
2.19823e-12
1.27643e-12
7.25581e-13
4.03024e-13
2.18328e-13
1.15127e-13
5.89732e-14
2.92838e-14
1.40648e-14
6.51876e-15
2.90848e-15
1.24607e-15
5.11287e-16
2.00389e-16
7.4811e-17
2.65268e-17
8.90628e-18
2.822e-18
8.40818e-19
2.34664e-19
6.10945e-20
1.47743e-20
3.30418e-21
6.80399e-22
1.28439e-22
2.21284e-23
3.46408e-24
4.90457e-25
6.25017e-26
7.1317e-27
7.24479e-28
6.51058e-29
5.13854e-30
3.53251e-31
2.09485e-32
1.05945e-33
4.50722e-35
1.58623e-36
4.52381e-38
1.01931e-39
1.75997e-41
2.24486e-43
2.02276e-45
1.19386e-47
4.13413e-50
7.26166e-53
5.71153e-11
3.6969e-11
2.3898e-11
1.52278e-11
9.54588e-12
5.87665e-12
3.54657e-12
2.09445e-12
1.20811e-12
6.79341e-13
3.71658e-13
1.97407e-13
1.01574e-13
5.0511e-14
2.42163e-14
1.11641e-14
4.93583e-15
2.08688e-15
8.41301e-16
3.22381e-16
1.17034e-16
4.01091e-17
1.29273e-17
3.90265e-18
1.0989e-18
2.87354e-19
6.94729e-20
1.54606e-20
3.15303e-21
5.86664e-22
9.91429e-23
1.51468e-23
2.08192e-24
2.56108e-25
2.80377e-26
2.71453e-27
2.30784e-28
1.70912e-29
1.09224e-30
5.95733e-32
2.73675e-33
1.04211e-34
3.22501e-36
7.9166e-38
1.49676e-39
2.10444e-41
2.11275e-43
1.41728e-45
5.78305e-48
1.26091e-50
1.97678e-10
1.36241e-10
9.29115e-11
6.25238e-11
4.14471e-11
2.70199e-11
1.7293e-11
1.08465e-11
6.65509e-12
3.98691e-12
2.32741e-12
1.32115e-12
7.27615e-13
3.87881e-13
1.99642e-13
9.89473e-14
4.7091e-14
2.14568e-14
9.33096e-15
3.85994e-15
1.51355e-15
5.60468e-16
1.95216e-16
6.36905e-17
1.93798e-17
5.47533e-18
1.42992e-18
3.43642e-19
7.56554e-20
1.51904e-20
2.76903e-21
4.56109e-22
6.75605e-23
8.9523e-24
1.05529e-24
1.09984e-25
1.0065e-26
8.02492e-28
5.52419e-29
3.24861e-30
1.61152e-31
6.64146e-33
2.23195e-34
5.97735e-36
1.24037e-37
1.92839e-39
2.16182e-41
1.64672e-43
7.85393e-46
2.09154e-48
6.87744e-10
4.98952e-10
3.58284e-10
2.54209e-10
1.77931e-10
1.22661e-10
8.31451e-11
5.53216e-11
3.60661e-11
2.29949e-11
1.43095e-11
8.67275e-12
5.10802e-12
2.91651e-12
1.61018e-12
8.57215e-13
4.38775e-13
2.15269e-13
1.00896e-13
4.50197e-14
1.90525e-14
7.61753e-15
2.86546e-15
1.00976e-15
3.31858e-16
1.01258e-16
2.85539e-17
7.40759e-18
1.75989e-18
3.81168e-19
7.49186e-20
1.32994e-20
2.12199e-21
3.02741e-22
3.84087e-23
4.30732e-24
4.24145e-25
3.64009e-26
2.69906e-27
1.71174e-28
9.17362e-30
4.09507e-31
1.49616e-32
4.37862e-34
9.99651e-36
1.72416e-37
2.16495e-39
1.87417e-41
1.03902e-43
3.32974e-46
2.35645e-09
1.79356e-09
1.35293e-09
1.00991e-09
7.44868e-10
5.41994e-10
3.88446e-10
2.7375e-10
1.89362e-10
1.28329e-10
8.50306e-11
5.49685e-11
3.45892e-11
2.11342e-11
1.25054e-11
7.14567e-12
3.93101e-12
2.07525e-12
1.04771e-12
5.03991e-13
2.30106e-13
9.93052e-14
4.03359e-14
1.53514e-14
5.44949e-15
1.79596e-15
5.46942e-16
1.53203e-16
3.92874e-17
9.18119e-18
1.94623e-18
3.72427e-19
6.40229e-20
9.83635e-21
1.34336e-21
1.62132e-22
1.71824e-23
1.58777e-24
1.26872e-25
8.68411e-27
5.03356e-28
2.43724e-29
9.69703e-31
3.10731e-32
7.82382e-34
1.50164e-35
2.1191e-37
2.08951e-39
1.34337e-41
5.12073e-44
7.83384e-09
6.23373e-09
4.92344e-09
3.85436e-09
2.98676e-09
2.28762e-09
1.72918e-09
1.28782e-09
9.43332e-10
6.78332e-10
4.77862e-10
3.29073e-10
2.20996e-10
1.44369e-10
9.14891e-11
5.60783e-11
3.31419e-11
1.88213e-11
1.0234e-11
5.30758e-12
2.61485e-12
1.21854e-12
5.34733e-13
2.19957e-13
8.4409e-14
3.00759e-14
9.90245e-15
2.99839e-15
8.30976e-16
2.09798e-16
4.8027e-17
9.92001e-18
1.83977e-18
3.04791e-19
4.48656e-20
5.8346e-21
6.66231e-22
6.63596e-23
5.7206e-24
4.23186e-25
2.65771e-26
1.39894e-27
6.07592e-29
2.13715e-30
5.95008e-32
1.27444e-33
2.02785e-35
2.28424e-37
1.70427e-39
7.67903e-42
2.48186e-08
2.05488e-08
1.69112e-08
1.38188e-08
1.11989e-08
8.9897e-09
7.13815e-09
5.598e-09
4.32862e-09
3.29394e-09
2.4617e-09
1.8027e-09
1.29038e-09
9.00461e-10
6.10827e-10
4.01553e-10
2.54978e-10
1.55834e-10
9.13251e-11
5.11146e-11
2.72076e-11
1.37118e-11
6.51249e-12
2.90113e-12
1.20624e-12
4.65807e-13
1.6624e-13
5.45622e-14
1.63889e-14
4.48353e-15
1.11177e-15
2.4864e-16
4.99056e-17
8.94348e-18
1.42342e-18
2.00064e-19
2.46838e-20
2.65684e-21
2.47642e-22
1.98397e-23
1.35324e-24
7.76764e-26
3.69569e-27
1.43176e-28
4.42175e-30
1.06004e-31
1.9077e-33
2.46244e-35
2.13801e-37
1.13841e-39
7.3e-08
6.25005e-08
5.32457e-08
4.51055e-08
3.79661e-08
3.1727e-08
2.62955e-08
2.15882e-08
1.75308e-08
1.40563e-08
1.11057e-08
8.62626e-09
6.57041e-09
4.89361e-09
3.55308e-09
2.50665e-09
1.71224e-09
1.12822e-09
7.14249e-10
4.32624e-10
2.49601e-10
1.36534e-10
7.04674e-11
3.41451e-11
1.54544e-11
6.50033e-12
2.52786e-12
9.0427e-13
2.96059e-13
8.82746e-14
2.38519e-14
5.81102e-15
1.27009e-15
2.47752e-16
4.29006e-17
6.55714e-18
8.79356e-19
1.02834e-19
1.0412e-20
9.06558e-22
6.73501e-23
4.23018e-24
2.21598e-25
9.50107e-27
3.26909e-28
8.80408e-30
1.79804e-31
2.6679e-33
2.70534e-35
1.71044e-37
1.89524e-07
1.66731e-07
1.46077e-07
1.27315e-07
1.10422e-07
9.52684e-08
8.17289e-08
6.96462e-08
5.89233e-08
4.94327e-08
4.10543e-08
3.36819e-08
2.72278e-08
2.16229e-08
1.68132e-08
1.2754e-08
9.40187e-09
6.70761e-09
4.61139e-09
3.0412e-09
1.91493e-09
1.14557e-09
6.47787e-10
3.44436e-10
1.71291e-10
7.92443e-11
3.39217e-11
1.33644e-11
4.82048e-12
1.58361e-12
4.71407e-13
1.26502e-13
3.04445e-14
6.53658e-15
1.24526e-15
2.09291e-16
3.08452e-17
3.96073e-18
4.39936e-19
4.19628e-20
3.4119e-21
2.3509e-22
1.36455e-23
6.51459e-25
2.51337e-26
7.64463e-28
1.77955e-29
3.04601e-31
3.62014e-33
2.73419e-35
3.92148e-07
3.4905e-07
3.18045e-07
2.82606e-07
2.53221e-07
2.24268e-07
1.99296e-07
1.74905e-07
1.52574e-07
1.32462e-07
1.14419e-07
9.82251e-08
8.36416e-08
7.04537e-08
5.84986e-08
4.76832e-08
3.79837e-08
2.94275e-08
2.20634e-08
1.59272e-08
1.10127e-08
7.25474e-09
4.52864e-09
2.66398e-09
1.46853e-09
7.54376e-10
3.59101e-10
1.57534e-10
6.33442e-11
2.32225e-11
7.72199e-12
2.31713e-12
6.24272e-13
1.50243e-13
3.21334e-14
6.07475e-15
1.00934e-15
1.46497e-16
1.84492e-17
2.00091e-18
1.85294e-19
1.45074e-20
9.49185e-22
5.11771e-23
2.23529e-24
7.7414e-26
2.06786e-27
4.10499e-29
5.74437e-31
5.22155e-33
7.18122e-07
4.03614e-07
5.9683e-07
3.49774e-07
4.80963e-07
3.03322e-07
3.28002e-07
3.0415e-07
2.72998e-07
2.43129e-07
2.15788e-07
1.91115e-07
1.68943e-07
1.48902e-07
1.30512e-07
1.13303e-07
9.69195e-08
8.12087e-08
6.6239e-08
5.22667e-08
3.965e-08
2.87423e-08
1.97904e-08
1.28662e-08
7.8511e-09
4.47023e-09
2.36105e-09
1.15011e-09
5.13767e-10
2.0931e-10
7.7356e-11
2.58005e-11
7.7266e-12
2.06724e-12
4.91639e-13
1.03399e-13
1.91279e-14
3.09475e-15
4.35225e-16
5.28417e-17
5.49656e-18
4.85575e-19
3.60615e-20
2.22436e-21
1.12304e-22
4.55808e-24
1.45361e-25
3.53524e-27
6.29435e-29
7.73101e-31
4.55931e-07
4.47434e-07
4.17775e-07
4.06462e-07
3.82881e-07
3.65142e-07
3.42891e-07
3.19131e-07
2.9474e-07
2.70397e-07
2.46852e-07
2.24803e-07
2.04723e-07
1.86723e-07
1.70517e-07
1.5549e-07
1.40874e-07
1.25959e-07
1.10306e-07
9.38777e-08
7.70551e-08
6.05656e-08
4.52853e-08
3.20067e-08
2.12508e-08
1.31726e-08
7.57561e-09
4.01455e-09
1.94743e-09
8.59482e-10
3.43054e-10
1.23099e-10
3.94743e-11
1.12435e-11
2.82668e-12
6.23081e-13
1.19556e-13
1.98095e-14
2.80865e-15
3.37158e-16
3.38353e-17
2.79477e-18
1.86299e-19
9.76728e-21
3.88835e-22
1.11731e-23
2.14161e-25
2.38469e-27
1.14142e-29
9.02205e-33
2.24219e-07
2.08829e-07
1.97778e-07
1.89288e-07
1.82182e-07
1.75637e-07
1.69075e-07
1.62168e-07
1.5486e-07
1.47347e-07
1.39998e-07
1.3321e-07
1.27237e-07
1.22042e-07
1.17233e-07
1.12113e-07
1.05851e-07
9.77134e-08
8.73115e-08
7.47229e-08
6.02549e-08
4.53112e-08
3.15614e-08
2.01947e-08
1.1754e-08
6.1547e-09
2.86467e-09
1.17266e-09
4.17739e-10
1.27903e-10
3.3323e-11
7.36586e-12
1.40358e-12
2.43117e-13
4.16005e-14
7.35978e-15
1.31399e-15
2.07398e-16
2.79208e-17
3.15906e-18
2.96603e-19
2.27483e-20
1.39637e-21
6.67487e-23
2.3918e-24
6.0739e-26
9.99409e-28
9.05855e-30
3.15055e-32
1.28074e-35
4.12936e-08
3.44235e-08
3.02592e-08
2.77493e-08
2.71385e-08
2.85114e-08
3.1567e-08
3.56914e-08
4.00969e-08
4.38769e-08
4.61027e-08
4.60316e-08
4.3301e-08
3.8045e-08
3.08875e-08
2.28196e-08
1.50195e-08
8.63631e-09
4.47678e-09
2.41207e-09
1.79773e-09
1.49645e-09
1.16573e-09
8.09588e-10
4.95246e-10
2.65769e-10
1.24569e-10
5.06789e-11
1.77527e-11
5.29609e-12
1.32988e-12
2.78296e-13
4.85157e-14
7.24944e-15
1.00904e-15
1.4801e-16
2.37085e-17
3.48811e-18
4.40433e-19
4.66139e-20
4.07624e-21
2.89724e-22
1.6381e-23
7.1554e-25
2.31689e-26
5.22578e-28
7.41286e-30
5.45887e-32
1.37171e-34
3.56797e-38
3.93887e-09
2.55901e-09
1.60026e-09
9.69192e-10
5.65093e-10
3.19618e-10
1.85457e-10
1.26686e-10
1.16884e-10
1.3675e-10
1.71809e-10
2.10433e-10
2.42952e-10
2.62109e-10
2.64238e-10
2.49927e-10
2.23553e-10
1.92852e-10
1.48269e-10
1.04522e-10
7.86793e-11
6.10931e-11
4.53286e-11
3.05436e-11
1.82558e-11
9.58297e-12
4.39055e-12
1.74393e-12
5.95523e-13
1.72931e-13
4.21636e-14
8.51853e-15
1.41325e-15
1.94258e-16
2.34546e-17
2.87597e-18
4.0315e-19
5.49634e-20
6.53374e-21
6.50656e-22
5.3338e-23
3.53794e-24
1.8564e-25
7.46977e-27
2.20422e-28
4.45323e-30
5.48032e-32
3.26468e-34
5.84889e-37
1.01795e-40
5.75666e-09
3.81786e-09
2.28065e-09
1.30982e-09
7.12707e-10
3.59676e-10
1.67076e-10
7.0705e-11
2.75753e-11
1.07077e-11
5.01385e-12
3.25041e-12
2.78174e-12
2.71555e-12
2.81551e-12
3.06492e-12
3.54715e-12
3.88081e-12
3.5156e-12
2.81459e-12
2.19933e-12
1.69031e-12
1.22854e-12
8.11403e-13
4.7565e-13
2.44679e-13
1.09704e-13
4.25865e-14
1.4196e-14
4.02053e-15
9.55015e-16
1.87505e-16
3.00157e-17
3.9031e-18
4.26179e-19
4.44952e-20
5.34644e-21
6.67663e-22
7.47064e-23
7.01717e-24
5.40749e-25
3.35734e-26
1.64018e-27
6.10128e-29
1.64716e-30
2.99237e-32
3.2006e-34
1.52525e-36
1.91972e-39
2.32565e-43
1.23268e-08
1.01673e-08
6.78098e-09
4.4616e-09
2.82684e-09
1.67356e-09
9.1831e-10
4.58741e-10
2.07085e-10
8.56969e-11
3.52221e-11
1.44575e-11
6.10925e-12
2.51061e-12
1.00188e-12
3.74893e-13
1.42162e-13
7.07476e-14
5.06749e-14
4.1742e-14
3.45392e-14
2.7386e-14
2.01113e-14
1.32701e-14
7.71616e-15
3.91517e-15
1.72359e-15
6.5461e-16
2.129e-16
5.8709e-17
1.35558e-17
2.582e-18
3.99274e-19
4.95693e-20
5.01001e-21
4.55822e-22
4.63752e-23
5.20515e-24
5.43575e-25
4.79018e-26
3.45193e-27
1.99536e-28
9.02672e-30
3.08719e-31
7.58335e-33
1.23193e-34
1.13708e-36
4.24412e-39
3.67956e-42
3.12819e-46
2.07631e-08
2.2674e-08
1.72185e-08
1.35308e-08
1.04854e-08
7.69625e-09
5.30733e-09
3.35602e-09
1.93421e-09
9.81686e-10
5.07257e-10
2.54987e-10
1.37305e-10
7.17922e-11
3.72999e-11
1.79392e-11
7.70389e-12
2.98995e-12
1.05523e-12
3.30445e-13
9.03645e-14
2.18721e-14
4.39492e-15
7.98843e-16
1.5209e-16
3.91355e-17
1.34051e-17
4.71327e-18
1.47092e-18
3.8968e-19
8.60841e-20
1.56139e-20
2.28615e-21
2.66141e-22
2.46871e-23
1.96651e-24
1.67582e-25
1.63103e-26
1.52855e-27
1.21243e-28
7.80576e-30
3.99326e-31
1.58346e-32
4.65951e-34
9.64936e-36
1.28477e-37
9.24268e-40
2.39645e-42
1.24983e-45
6.09508e-50
4.92122e-08
5.90512e-08
4.61963e-08
4.1667e-08
3.98375e-08
3.7007e-08
3.37273e-08
2.76706e-08
2.23866e-08
1.20643e-08
7.41367e-09
3.66769e-09
2.20876e-09
1.23803e-09
7.46624e-10
4.3066e-10
2.15819e-10
9.57355e-11
3.87187e-11
1.38191e-11
4.20384e-12
1.14205e-12
2.45271e-13
4.37444e-14
6.28636e-15
6.96874e-16
5.58675e-17
2.93513e-18
9.21813e-20
1.72266e-21
2.16858e-23
4.75968e-25
8.29019e-27
1.05312e-28
9.19316e-31
5.13452e-33
1.61085e-35
2.27457e-38
7.99401e-42
1.76336e-47
7.69964e-61
3.19926e-63
1.2987e-65
5.18217e-68
2.02917e-70
7.72378e-73
2.82761e-75
9.89358e-78
3.30296e-80
1.03324e-82
8.62761e-06
2.16076e-06
4.1067e-07
1.00651e-07
6.72538e-08
5.17417e-08
1.31689e-07
1.0101e-07
2.71079e-07
1.09986e-07
9.55596e-08
3.65469e-08
2.39059e-08
1.19175e-08
7.52747e-09
5.12527e-09
2.87371e-09
1.36373e-09
5.94878e-10
2.2966e-10
7.28927e-11
2.12944e-11
4.76815e-12
8.81755e-13
1.3071e-13
1.48712e-14
1.21704e-15
6.46893e-17
2.03318e-18
3.76561e-20
4.62769e-22
1.00472e-23
1.7297e-25
2.16831e-27
1.86494e-29
1.02489e-31
3.15967e-34
4.3791e-37
1.50888e-40
3.26093e-46
1.38876e-59
5.65125e-62
2.24624e-64
8.77515e-67
3.36378e-69
1.25339e-71
4.49161e-74
1.5383e-76
5.02681e-79
1.54452e-81
8.51885e-56
9.67684e-59
6.00167e-62
1.42559e-65
1.17396e-69
4.4859e-74
4.64442e-79
1.17937e-84
1.79915e-130
1.04986e-132
6.03315e-135
3.39037e-137
1.84971e-139
9.73781e-142
4.92713e-144
2.39341e-146
1.11879e-148
5.06451e-151
2.24359e-153
9.86311e-156
4.36724e-158
1.9705e-160
9.10123e-163
4.28854e-165
2.04401e-167
9.75792e-170
4.62693e-172
2.16604e-174
9.97164e-177
4.50321e-179
1.99186e-181
8.62015e-184
3.64685e-186
1.507e-188
6.07761e-191
2.38978e-193
9.15229e-196
3.41e-198
1.23459e-200
4.33839e-203
1.47808e-205
4.87769e-208
1.55783e-210
4.81233e-213
1.43733e-215
4.15026e-218
1.15872e-220
3.12944e-223
8.18226e-226
2.07326e-228
5.09781e-231
1.21821e-233
2.83383e-236
6.42739e-239
1.42338e-241
3.0811e-244
6.52336e-247
1.35108e-249
2.73649e-252
5.41615e-255
1.04651e-257
1.97185e-260
3.62023e-263
6.47074e-266
1.12452e-268
1.89874e-271
3.11312e-274
4.95405e-277
7.64894e-280
1.14548e-282
1.66342e-285
2.34176e-288
3.19524e-291
4.22466e-294
5.41137e-297
6.71364e-300
8.06594e-303
9.38239e-306
1.05647e-308
1.15173e-311
1.19847e-314
0
0
0
0
0
0
0
0
0
0
0
0
0
0
0
0
0
0
0
0
0
0
0
0
0
0
0
0
0
0
0
0
0
0
0
0
0
0
0
0
0
0
0
0
0
0
0
0
0
0
0
0
0
0
0
0
0
0
0
0
0
0
0
0
0
0
0
0
0
0
0
0
0
0
0
0
0
0
0
0
0
0
0
0
0
0
0
0
0
0
0
0
0
0
0
0
0
0
0
0
0
0
0
0
0
0
0
0
0
0
0
0
0
0
0
0
0
0
0
0
0
0
0
0
0
0
0
0
0
0
0
0
0
0
0
0
0
0
0
0
0
0
0
0
0
0
0
0
0
0
0
0
0
0
0
0
0
0
0
0
0
0
0
0
0
0
0
0
0
0
0
0
0
0
0
0
0
0
0
0
0
0
0
0
0
0
0
0
0
0
0
0
0
0
0
0
0
0
0
0
0
0
0
0
0
0
0
0
0
0
0
0
0
0
0
0
0
0
0
1.96262e-53
2.82553e-56
2.23491e-59
6.92669e-63
6.91817e-67
3.00955e-71
4.44182e-76
1.70778e-81
4.71289e-129
2.75171e-131
1.58274e-133
8.90392e-136
4.86324e-138
2.563e-140
1.29807e-142
6.31058e-145
2.95166e-147
1.33668e-149
5.92252e-152
2.60346e-154
1.15245e-156
5.19737e-159
2.39897e-161
1.12951e-163
5.37846e-166
2.5649e-168
1.21475e-170
5.67911e-173
2.61062e-175
1.17708e-177
5.19754e-180
2.24521e-182
9.48012e-185
3.90949e-187
1.57329e-189
6.17251e-192
2.35845e-194
8.76625e-197
3.16601e-199
1.10974e-201
3.77114e-204
1.24121e-206
3.95357e-209
1.21799e-211
3.62785e-214
1.04462e-216
2.9083e-219
7.83244e-222
2.04204e-224
5.15939e-227
1.26496e-229
3.01412e-232
6.99127e-235
1.58111e-237
3.49135e-240
7.53575e-243
1.59091e-245
3.28562e-248
6.63585e-251
1.3097e-253
2.52356e-256
4.74178e-259
8.68186e-262
1.54758e-264
2.68226e-267
4.51694e-270
7.38641e-273
1.17238e-275
1.80548e-278
2.69697e-281
3.90661e-284
5.48608e-287
7.46722e-290
9.84905e-293
1.25855e-295
1.55773e-298
1.86713e-301
2.16685e-304
2.43434e-307
2.64702e-310
2.73892e-313
0
0
0
0
0
0
0
0
0
0
0
0
0
0
0
0
0
0
0
0
0
0
0
0
0
0
0
0
0
0
0
0
0
0
0
0
0
0
0
0
0
0
0
0
0
0
0
0
0
0
0
0
0
0
0
0
0
0
0
0
0
0
0
0
0
0
0
0
0
0
0
0
0
0
0
0
0
0
0
0
0
0
0
0
0
0
0
0
0
0
0
0
0
0
0
0
0
0
0
0
0
0
0
0
0
0
0
0
0
0
0
0
0
0
0
0
0
0
0
0
0
0
0
0
0
0
0
0
0
0
0
0
0
0
0
0
0
0
0
0
0
0
0
0
0
0
0
0
0
0
0
0
0
0
0
0
0
0
0
0
0
0
0
0
0
0
0
0
0
0
0
0
0
0
0
0
0
0
0
0
0
0
0
0
0
0
0
0
0
0
0
0
0
0
0
0
0
0
0
0
0
0
0
0
0
0
0
0
0
0
0
0
0
0
0
0
0
0
0
4.27813e-51
7.75357e-54
7.78723e-57
3.15999e-60
3.94555e-64
1.94512e-68
4.1152e-73
2.12913e-78
1.15171e-127
6.71825e-130
3.86217e-132
2.17207e-134
1.18614e-136
6.25006e-139
3.16469e-141
1.53799e-143
7.19027e-146
3.25408e-148
1.44064e-150
6.32662e-153
2.7973e-155
1.25989e-157
5.80701e-160
2.72994e-162
1.29783e-164
6.17859e-167
2.92095e-169
1.36301e-171
6.25323e-174
2.81366e-176
1.23974e-178
5.34343e-181
2.25102e-183
9.26101e-186
3.71785e-188
1.45502e-190
5.54545e-193
2.05592e-195
7.4058e-198
2.58902e-200
8.77459e-203
2.88025e-205
9.1495e-208
2.81105e-210
8.35001e-213
2.39775e-215
6.65722e-218
1.78796e-220
4.64872e-223
1.17133e-225
2.86399e-228
6.80572e-231
1.57433e-233
3.55086e-236
7.81999e-239
1.68341e-241
3.54465e-244
7.30164e-247
1.47092e-249
2.8958e-252
5.56581e-255
1.04326e-257
1.90552e-260
3.3886e-263
5.85938e-266
9.84452e-269
1.60619e-271
2.54369e-274
3.90873e-277
5.82612e-280
8.42135e-283
1.18015e-285
1.60303e-288
2.11008e-291
2.69098e-294
3.32418e-297
3.97677e-300
4.60642e-303
5.16541e-306
5.60641e-309
5.88455e-312
0
0
0
0
0
0
0
0
0
0
0
0
0
0
0
0
0
0
0
0
0
0
0
0
0
0
0
0
0
0
0
0
0
0
0
0
0
0
0
0
0
0
0
0
0
0
0
0
0
0
0
0
0
0
0
0
0
0
0
0
0
0
0
0
0
0
0
0
0
0
0
0
0
0
0
0
0
0
0
0
0
0
0
0
0
0
0
0
0
0
0
0
0
0
0
0
0
0
0
0
0
0
0
0
0
0
0
0
0
0
0
0
0
0
0
0
0
0
0
0
0
0
0
0
0
0
0
0
0
0
0
0
0
0
0
0
0
0
0
0
0
0
0
0
0
0
0
0
0
0
0
0
0
0
0
0
0
0
0
0
0
0
0
0
0
0
0
0
0
0
0
0
0
0
0
0
0
0
0
0
0
0
0
0
0
0
0
0
0
0
0
0
0
0
0
0
0
0
0
0
0
0
0
0
0
0
0
0
0
0
0
0
0
0
0
0
0
0
0
8.82975e-49
1.99813e-51
2.53755e-54
1.3505e-57
2.17183e-61
1.22282e-65
3.60142e-70
2.26503e-75
2.60436e-126
1.51564e-128
8.69653e-131
4.88309e-133
2.6628e-135
1.40119e-137
7.08526e-140
3.43851e-142
1.60515e-144
7.25282e-147
3.20547e-149
1.4051e-151
6.20048e-154
2.78693e-156
1.28181e-158
6.01281e-161
2.8522e-163
1.35478e-165
6.39005e-168
2.97481e-170
1.36152e-172
6.11125e-175
2.68602e-177
1.1548e-179
4.85241e-182
1.99121e-184
7.97297e-187
3.11214e-189
1.183e-191
4.37427e-194
1.57153e-196
5.47945e-199
1.85217e-201
6.06373e-204
1.92118e-206
5.88715e-209
1.7442e-211
4.99568e-214
1.38349e-216
3.7063e-219
9.61232e-222
2.41601e-224
5.89289e-227
1.39696e-229
3.22381e-232
7.25418e-235
1.59389e-237
3.42341e-240
7.19243e-243
1.47834e-245
2.97178e-248
5.83833e-251
1.11986e-253
2.09488e-256
3.81888e-259
6.77825e-262
1.16989e-264
1.96202e-267
3.19552e-270
5.05198e-273
7.75006e-276
1.15329e-278
1.66437e-281
2.32879e-284
3.15848e-287
4.1514e-290
5.28667e-293
6.52148e-296
7.79107e-299
9.01255e-302
1.0093e-304
1.09407e-307
1.14784e-310
1.15036e-313
0
0
0
0
0
0
0
0
0
0
0
0
0
0
0
0
0
0
0
0
0
0
0
0
0
0
0
0
0
0
0
0
0
0
0
0
0
0
0
0
0
0
0
0
0
0
0
0
0
0
0
0
0
0
0
0
0
0
0
0
0
0
0
0
0
0
0
0
0
0
0
0
0
0
0
0
0
0
0
0
0
0
0
0
0
0
0
0
0
0
0
0
0
0
0
0
0
0
0
0
0
0
0
0
0
0
0
0
0
0
0
0
0
0
0
0
0
0
0
0
0
0
0
0
0
0
0
0
0
0
0
0
0
0
0
0
0
0
0
0
0
0
0
0
0
0
0
0
0
0
0
0
0
0
0
0
0
0
0
0
0
0
0
0
0
0
0
0
0
0
0
0
0
0
0
0
0
0
0
0
0
0
0
0
0
0
0
0
0
0
0
0
0
0
0
0
0
0
0
0
0
0
0
0
0
0
0
0
0
0
0
0
0
0
0
0
0
0
1.73033e-46
4.83969e-49
7.73886e-52
5.40193e-55
1.15044e-58
7.44364e-63
2.86257e-67
2.03381e-72
5.38678e-125
3.12312e-127
1.78619e-129
1.00005e-131
5.43894e-134
2.85482e-136
1.44002e-138
6.97136e-141
3.24629e-143
1.46312e-145
6.44969e-148
2.81967e-150
1.24088e-152
5.56194e-155
2.551e-157
1.19331e-159
5.64477e-162
2.67381e-164
1.25765e-166
5.83865e-169
2.66485e-171
1.19283e-173
5.22826e-176
2.2416e-178
9.39325e-181
3.84405e-183
1.53502e-185
5.97566e-188
2.26545e-190
8.35473e-193
2.99378e-195
1.04117e-197
3.51051e-200
1.14644e-202
3.62343e-205
1.10769e-207
3.2741e-210
9.35607e-213
2.58523e-215
6.91057e-218
1.78844e-220
4.4858e-223
1.09192e-225
2.58339e-228
5.95039e-231
1.33647e-233
2.93125e-236
6.28493e-239
1.31823e-241
2.70516e-244
5.42956e-247
1.06511e-249
2.0401e-252
3.81118e-255
6.93864e-258
1.23004e-260
2.12049e-263
3.5523e-266
5.77944e-269
9.12781e-272
1.39892e-274
2.07985e-277
2.99895e-280
4.1927e-283
5.68206e-286
7.46284e-289
9.49709e-292
1.17077e-294
1.39782e-297
1.61602e-300
1.80874e-303
1.95962e-306
2.05478e-309
2.08504e-312
0
0
0
0
0
0
0
0
0
0
0
0
0
0
0
0
0
0
0
0
0
0
0
0
0
0
0
0
0
0
0
0
0
0
0
0
0
0
0
0
0
0
0
0
0
0
0
0
0
0
0
0
0
0
0
0
0
0
0
0
0
0
0
0
0
0
0
0
0
0
0
0
0
0
0
0
0
0
0
0
0
0
0
0
0
0
0
0
0
0
0
0
0
0
0
0
0
0
0
0
0
0
0
0
0
0
0
0
0
0
0
0
0
0
0
0
0
0
0
0
0
0
0
0
0
0
0
0
0
0
0
0
0
0
0
0
0
0
0
0
0
0
0
0
0
0
0
0
0
0
0
0
0
0
0
0
0
0
0
0
0
0
0
0
0
0
0
0
0
0
0
0
0
0
0
0
0
0
0
0
0
0
0
0
0
0
0
0
0
0
0
0
0
0
0
0
0
0
0
0
0
0
0
0
0
0
0
0
0
0
0
0
0
0
0
0
0
0
3.24819e-44
1.10899e-46
2.22066e-49
2.02977e-52
5.86404e-56
4.27976e-60
1.99005e-64
1.52514e-69
1.00601e-123
5.80329e-126
3.30425e-128
1.84253e-130
9.98351e-133
5.22165e-135
2.62489e-137
1.26649e-139
5.87795e-142
2.64046e-144
1.16009e-146
5.05475e-149
2.21706e-151
9.90429e-154
4.52765e-156
2.11107e-158
9.95432e-161
4.70041e-163
2.2041e-165
1.02017e-167
4.64239e-170
2.07194e-172
9.05549e-175
3.8716e-177
1.61791e-179
6.60324e-182
2.62992e-184
1.02118e-186
3.86178e-189
1.42075e-191
5.07911e-194
1.7624e-196
5.9293e-199
1.93228e-201
6.09482e-204
1.85959e-206
5.48636e-209
1.56501e-211
4.3171e-214
1.15216e-216
2.97725e-219
7.45694e-222
1.81271e-224
4.28333e-227
9.8544e-230
2.21092e-232
4.8443e-235
1.03772e-237
2.17476e-240
4.45953e-243
8.94482e-246
1.75367e-248
3.35728e-251
6.26919e-254
1.14097e-256
2.0221e-259
3.48523e-262
5.83773e-265
9.49707e-268
1.49991e-270
2.29887e-273
3.4182e-276
4.92947e-279
6.89309e-282
9.34401e-285
1.2276e-287
1.56274e-290
1.92719e-293
2.30186e-296
2.66231e-299
2.98117e-302
3.23137e-305
3.38995e-308
3.44108e-311
3.68619e-314
0
0
0
0
0
0
0
0
0
0
0
0
0
0
0
0
0
0
0
0
0
0
0
0
0
0
0
0
0
0
0
0
0
0
0
0
0
0
0
0
0
0
0
0
0
0
0
0
0
0
0
0
0
0
0
0
0
0
0
0
0
0
0
0
0
0
0
0
0
0
0
0
0
0
0
0
0
0
0
0
0
0
0
0
0
0
0
0
0
0
0
0
0
0
0
0
0
0
0
0
0
0
0
0
0
0
0
0
0
0
0
0
0
0
0
0
0
0
0
0
0
0
0
0
0
0
0
0
0
0
0
0
0
0
0
0
0
0
0
0
0
0
0
0
0
0
0
0
0
0
0
0
0
0
0
0
0
0
0
0
0
0
0
0
0
0
0
0
0
0
0
0
0
0
0
0
0
0
0
0
0
0
0
0
0
0
0
0
0
0
0
0
0
0
0
0
0
0
0
0
0
0
0
0
0
0
0
0
0
0
0
0
0
0
0
0
0
5.93732e-42
2.43818e-44
6.05664e-47
7.22739e-50
2.88074e-53
2.23662e-57
1.17271e-61
9.44061e-67
1.66107e-122
9.52179e-125
5.3908e-127
2.99053e-129
1.6126e-131
8.39608e-134
4.20225e-136
2.01898e-138
9.33163e-141
4.17485e-143
1.82686e-145
7.92841e-148
3.46385e-150
1.54146e-152
7.02019e-155
3.26133e-157
1.53239e-159
7.21129e-162
3.37036e-164
1.555e-166
7.05445e-169
3.13913e-171
1.36805e-173
5.83291e-176
2.4311e-178
9.8972e-181
3.93238e-183
1.52344e-185
5.74878e-188
2.11069e-190
7.53129e-193
2.60866e-195
8.76201e-198
2.85111e-200
8.98061e-203
2.73666e-205
8.06499e-208
2.29832e-210
6.33454e-213
1.68936e-215
4.36281e-218
1.09222e-220
2.65419e-223
6.27039e-226
1.44246e-228
3.2364e-231
7.09229e-234
1.51969e-236
3.18606e-239
6.53655e-242
1.31189e-244
2.57387e-247
4.93156e-250
9.21742e-253
1.67925e-255
2.97938e-258
5.14132e-261
8.62271e-264
1.40468e-266
2.22165e-269
3.41013e-272
5.07844e-275
7.33555e-278
1.02747e-280
1.39518e-283
1.83617e-286
2.34162e-289
2.89295e-292
3.46172e-295
4.01124e-298
4.50006e-301
4.88692e-304
5.13643e-307
5.22443e-310
5.16957e-313
0
0
0
0
0
0
0
0
0
0
0
0
0
0
0
0
0
0
0
0
0
0
0
0
0
0
0
0
0
0
0
0
0
0
0
0
0
0
0
0
0
0
0
0
0
0
0
0
0
0
0
0
0
0
0
0
0
0
0
0
0
0
0
0
0
0
0
0
0
0
0
0
0
0
0
0
0
0
0
0
0
0
0
0
0
0
0
0
0
0
0
0
0
0
0
0
0
0
0
0
0
0
0
0
0
0
0
0
0
0
0
0
0
0
0
0
0
0
0
0
0
0
0
0
0
0
0
0
0
0
0
0
0
0
0
0
0
0
0
0
0
0
0
0
0
0
0
0
0
0
0
0
0
0
0
0
0
0
0
0
0
0
0
0
0
0
0
0
0
0
0
0
0
0
0
0
0
0
0
0
0
0
0
0
0
0
0
0
0
0
0
0
0
0
0
0
0
0
0
0
0
0
0
0
0
0
0
0
0
0
0
0
0
0
0
0
0
1.09155e-39
5.30726e-42
1.60927e-44
2.49894e-47
1.38037e-50
1.03952e-54
5.77243e-59
4.82066e-64
2.37028e-121
1.34881e-123
7.58608e-126
4.18306e-128
2.24309e-130
1.16176e-132
5.78559e-135
2.76638e-137
1.27268e-139
5.6682e-142
2.46947e-144
1.06715e-146
4.64296e-149
2.05789e-151
9.33608e-154
4.32127e-156
2.02333e-158
9.49006e-161
4.42148e-163
2.03393e-165
9.20145e-168
4.08382e-170
1.77541e-172
7.55265e-175
3.14132e-177
1.27642e-179
5.0628e-182
1.95837e-184
7.38009e-187
2.7065e-189
9.64792e-192
3.33922e-194
1.12093e-196
3.64602e-199
1.14822e-201
3.49893e-204
1.03133e-206
2.94012e-209
8.10795e-212
2.16392e-214
5.59356e-217
1.40189e-219
3.41109e-222
8.07025e-225
1.85953e-227
4.17965e-230
9.17725e-233
1.9706e-235
4.14075e-238
8.51572e-241
1.71348e-243
3.37082e-246
6.47673e-249
1.21411e-251
2.21865e-254
3.94885e-257
6.83651e-260
1.15042e-262
1.88053e-265
2.98468e-268
4.59772e-271
6.87188e-274
9.9626e-277
1.40062e-279
1.909e-282
2.52189e-285
3.22828e-288
4.00352e-291
4.80882e-294
5.59329e-297
6.29858e-300
6.8657e-303
7.24309e-306
7.39436e-309
7.29637e-312
1.15711e-314
0
0
0
0
0
0
0
0
0
0
0
0
0
0
0
0
0
0
0
0
0
0
0
0
0
0
0
0
0
0
0
0
0
0
0
0
0
0
0
0
0
0
0
0
0
0
0
0
0
0
0
0
0
0
0
0
0
0
0
0
0
0
0
0
0
0
0
0
0
0
0
0
0
0
0
0
0
0
0
0
0
0
0
0
0
0
0
0
0
0
0
0
0
0
0
0
0
0
0
0
0
0
0
0
0
0
0
0
0
0
0
0
0
0
0
0
0
0
0
0
0
0
0
0
0
0
0
0
0
0
0
0
0
0
0
0
0
0
0
0
0
0
0
0
0
0
0
0
0
0
0
0
0
0
0
0
0
0
0
0
0
0
0
0
0
0
0
0
0
0
0
0
0
0
0
0
0
0
0
0
0
0
0
0
0
0
0
0
0
0
0
0
0
0
0
0
0
0
0
0
0
0
0
0
0
0
0
0
0
0
0
0
0
0
0
0
2.12978e-37
1.21171e-39
4.4145e-42
8.89725e-45
6.71831e-48
4.77702e-52
2.68192e-56
2.45722e-61
2.79077e-120
1.57477e-122
8.78998e-125
4.81355e-127
2.56482e-129
1.32052e-131
6.53957e-134
3.11032e-136
1.42368e-138
6.31003e-141
2.73636e-143
1.17724e-145
5.10026e-148
2.25152e-150
1.0176e-152
4.69353e-155
2.19051e-157
1.02436e-159
4.75963e-162
2.18412e-164
9.85935e-167
4.36742e-169
1.89556e-171
8.05266e-174
3.34557e-176
1.35828e-178
5.38447e-181
2.08222e-183
7.84683e-186
2.8785e-188
1.02669e-190
3.55652e-193
1.19524e-195
3.8933e-198
1.2282e-200
3.75015e-203
1.10791e-205
3.16654e-208
8.75723e-211
2.3445e-213
6.08092e-216
1.52961e-218
3.73643e-221
8.87683e-224
2.05441e-226
4.63916e-229
1.02359e-231
2.20913e-234
4.66662e-237
9.65007e-240
1.95279e-242
3.86414e-245
7.46942e-248
1.40885e-250
2.59079e-253
4.6409e-256
8.08721e-259
1.36992e-261
2.25436e-264
3.60225e-267
5.58691e-270
8.40758e-273
1.22728e-275
1.73726e-278
2.3841e-281
3.17106e-284
4.08693e-287
5.10261e-290
6.17005e-293
7.22413e-296
8.18828e-299
8.98312e-302
9.53704e-305
9.79692e-308
9.73707e-311
1.02145e-313
0
0
0
0
0
0
0
0
0
0
0
0
0
0
0
0
0
0
0
0
0
0
0
0
0
0
0
0
0
0
0
0
0
0
0
0
0
0
0
0
0
0
0
0
0
0
0
0
0
0
0
0
0
0
0
0
0
0
0
0
0
0
0
0
0
0
0
0
0
0
0
0
0
0
0
0
0
0
0
0
0
0
0
0
0
0
0
0
0
0
0
0
0
0
0
0
0
0
0
0
0
0
0
0
0
0
0
0
0
0
0
0
0
0
0
0
0
0
0
0
0
0
0
0
0
0
0
0
0
0
0
0
0
0
0
0
0
0
0
0
0
0
0
0
0
0
0
0
0
0
0
0
0
0
0
0
0
0
0
0
0
0
0
0
0
0
0
0
0
0
0
0
0
0
0
0
0
0
0
0
0
0
0
0
0
0
0
0
0
0
0
0
0
0
0
0
0
0
0
0
0
0
0
0
0
0
0
0
0
0
0
0
0
0
0
0
5.00689e-35
3.36767e-37
1.47995e-39
3.77519e-42
3.78879e-45
4.55276e-49
3.11935e-53
4.02763e-58
2.57952e-119
1.44297e-121
7.99275e-124
4.34727e-126
2.30226e-128
1.17878e-130
5.80795e-133
2.7494e-135
1.25302e-137
5.53133e-140
2.38979e-142
1.02464e-144
4.4254e-147
1.94819e-149
8.78374e-152
4.04297e-154
1.88367e-156
8.79692e-159
4.08346e-161
1.8727e-163
8.45156e-166
3.74431e-168
1.62595e-170
6.91342e-173
2.87589e-175
1.16952e-177
4.64563e-180
1.80087e-182
6.80571e-185
2.50461e-187
8.96568e-190
3.11825e-192
1.05259e-194
3.44519e-197
1.09252e-199
3.35469e-202
9.97063e-205
2.86809e-207
7.98608e-210
2.1535e-212
5.62804e-215
1.427e-217
3.5149e-220
8.42323e-223
1.96706e-225
4.48352e-228
9.98819e-231
2.17713e-233
4.64605e-236
9.70808e-239
1.98552e-241
3.97166e-244
7.76208e-247
1.48044e-249
2.75321e-252
4.98804e-255
8.7917e-258
1.50636e-260
2.50738e-263
4.05249e-266
6.35699e-269
9.67502e-272
1.42818e-274
2.04416e-277
2.8361e-280
3.81314e-283
4.96682e-286
6.26604e-289
7.65451e-292
9.05202e-295
1.03605e-297
1.14746e-300
1.22951e-303
1.27439e-306
1.27759e-309
1.23629e-312
0
0
0
0
0
0
0
0
0
0
0
0
0
0
0
0
0
0
0
0
0
0
0
0
0
0
0
0
0
0
0
0
0
0
0
0
0
0
0
0
0
0
0
0
0
0
0
0
0
0
0
0
0
0
0
0
0
0
0
0
0
0
0
0
0
0
0
0
0
0
0
0
0
0
0
0
0
0
0
0
0
0
0
0
0
0
0
0
0
0
0
0
0
0
0
0
0
0
0
0
0
0
0
0
0
0
0
0
0
0
0
0
0
0
0
0
0
0
0
0
0
0
0
0
0
0
0
0
0
0
0
0
0
0
0
0
0
0
0
0
0
0
0
0
0
0
0
0
0
0
0
0
0
0
0
0
0
0
0
0
0
0
0
0
0
0
0
0
0
0
0
0
0
0
0
0
0
0
0
0
0
0
0
0
0
0
0
0
0
0
0
0
0
0
0
0
0
0
0
0
0
0
0
0
0
0
0
0
0
0
0
0
0
0
0
0
1.10488e-32
1.0734e-34
6.57149e-37
2.2258e-39
3.23934e-42
1.25289e-45
9.21203e-50
1.40484e-54
1.56871e-118
8.69838e-121
4.78339e-123
2.58638e-125
1.36313e-127
6.95188e-130
3.41428e-132
1.61212e-134
7.3325e-137
3.23218e-139
1.39516e-141
5.97946e-144
2.58281e-146
1.13775e-148
5.13574e-151
2.36791e-153
1.10573e-155
5.17833e-158
2.41182e-160
1.11042e-162
5.03388e-165
2.24146e-167
9.78834e-170
4.18779e-172
1.75389e-174
7.18493e-177
2.8767e-179
1.12466e-181
4.28905e-184
1.5938e-186
5.7643e-189
2.02679e-191
6.92084e-194
2.29291e-196
7.36466e-199
2.2919e-201
6.90814e-204
2.01651e-206
5.7014e-209
1.56207e-211
4.15034e-214
1.07046e-216
2.68363e-219
6.54904e-222
1.55817e-224
3.61998e-227
8.22304e-230
1.82825e-232
3.98071e-235
8.48852e-238
1.77199e-240
3.6182e-243
7.21844e-246
1.40536e-248
2.66765e-251
4.93226e-254
8.87004e-257
1.55026e-259
2.6314e-262
4.33537e-265
6.92983e-268
1.07424e-270
1.61441e-273
2.35134e-276
3.31794e-279
4.53467e-282
6.00096e-285
7.68731e-288
9.52996e-291
1.14305e-293
1.32616e-296
1.48799e-299
1.61434e-302
1.69324e-305
1.71678e-308
1.68269e-311
2.21801e-314
0
0
0
0
0
0
0
0
0
0
0
0
0
0
0
0
0
0
0
0
0
0
0
0
0
0
0
0
0
0
0
0
0
0
0
0
0
0
0
0
0
0
0
0
0
0
0
0
0
0
0
0
0
0
0
0
0
0
0
0
0
0
0
0
0
0
0
0
0
0
0
0
0
0
0
0
0
0
0
0
0
0
0
0
0
0
0
0
0
0
0
0
0
0
0
0
0
0
0
0
0
0
0
0
0
0
0
0
0
0
0
0
0
0
0
0
0
0
0
0
0
0
0
0
0
0
0
0
0
0
0
0
0
0
0
0
0
0
0
0
0
0
0
0
0
0
0
0
0
0
0
0
0
0
0
0
0
0
0
0
0
0
0
0
0
0
0
0
0
0
0
0
0
0
0
0
0
0
0
0
0
0
0
0
0
0
0
0
0
0
0
0
0
0
0
0
0
0
0
0
0
0
0
0
0
0
0
0
0
0
0
0
0
0
0
1.36344e-36
1.85828e-42
1.78771e-104
1.01369e-106
5.69288e-109
3.18268e-111
1.77042e-113
9.82651e-116
5.45514e-118
3.02692e-120
1.67037e-122
9.0828e-125
4.82154e-127
2.47928e-129
1.22859e-131
5.85613e-134
2.68993e-136
1.19785e-138
5.22494e-141
2.26356e-143
9.88604e-146
4.40458e-148
2.0115e-150
9.38606e-153
4.4373e-155
2.10469e-157
9.93256e-160
4.63587e-162
2.13162e-164
9.63268e-167
4.27156e-169
1.85683e-171
7.90587e-174
3.29445e-176
1.34256e-178
5.34598e-181
2.078e-183
7.87656e-186
2.90832e-188
1.04497e-190
3.6501e-193
1.23833e-195
4.07724e-198
1.30212e-200
4.03224e-203
1.21065e-205
3.52487e-208
9.95652e-211
2.73035e-213
7.27585e-216
1.88631e-218
4.76414e-221
1.17384e-223
2.8254e-226
6.65117e-229
1.53257e-231
3.45786e-234
7.63849e-237
1.65104e-239
3.48845e-242
7.196e-245
1.44728e-247
2.83517e-250
5.40394e-253
1.00071e-255
1.79881e-258
3.1364e-261
5.30143e-264
8.68295e-267
1.37747e-269
2.11587e-272
3.14598e-275
4.52644e-278
6.30052e-281
8.48209e-284
1.10416e-286
1.38953e-289
1.69013e-292
1.98659e-295
2.25611e-298
2.47524e-301
2.6232e-304
2.68514e-307
2.65462e-310
2.543e-313
0
0
0
0
0
0
0
0
0
0
0
0
0
0
0
0
0
0
0
0
0
0
0
0
0
0
0
0
0
0
0
0
0
0
0
0
0
0
0
0
0
0
0
0
0
0
0
0
0
0
0
0
0
0
0
0
0
0
0
0
0
0
0
0
0
0
0
0
0
0
0
0
0
0
0
0
0
0
0
0
0
0
0
0
0
0
0
0
0
0
0
0
0
0
0
0
0
0
0
0
0
0
0
0
0
0
0
0
0
0
0
0
0
0
0
0
0
0
0
0
0
0
0
0
0
0
0
0
0
0
0
0
0
0
0
0
0
0
0
0
0
0
0
0
0
0
0
0
0
0
0
0
0
0
0
0
0
0
0
0
0
0
0
0
0
0
0
0
0
0
0
0
0
0
0
0
0
0
0
0
0
0
0
0
0
0
0
0
0
0
0
0
0
0
0
0
0
0
0
0
0
0
0
0
0
0
0
0
0
0
0
0
0
0
0
9.642e-40
5.49542e-45
5.86577e-105
3.4794e-107
2.0472e-109
1.201e-111
7.03137e-114
4.12451e-116
2.4343e-118
1.44754e-120
8.62951e-123
5.09291e-125
2.93899e-127
1.64174e-129
8.82048e-132
4.54674e-134
2.25246e-136
1.07893e-138
5.04963e-141
2.3418e-143
1.09249e-145
5.18853e-148
2.52086e-150
1.24911e-152
6.26033e-155
3.14337e-157
1.56839e-159
7.73125e-162
3.75112e-164
1.78733e-166
8.35191e-169
3.82398e-171
1.71432e-173
7.52051e-176
3.22651e-178
1.35291e-180
5.5402e-183
2.21386e-185
8.6266e-188
3.27643e-190
1.21293e-192
4.37641e-195
1.53821e-197
5.26243e-200
1.75132e-202
5.66814e-205
1.78401e-207
5.46254e-210
1.62767e-212
4.72045e-215
1.33206e-217
3.65609e-220
9.76325e-223
2.53828e-225
6.42788e-228
1.58609e-230
3.81435e-233
8.93882e-236
2.04024e-238
4.53168e-241
9.78509e-244
2.0517e-246
4.17426e-249
8.23401e-252
1.57282e-254
2.9074e-257
5.19853e-260
8.9878e-263
1.50214e-265
2.42641e-268
3.78746e-271
5.71216e-274
8.32272e-277
1.17135e-279
1.59225e-282
2.09019e-285
2.64946e-288
3.24251e-291
3.83103e-294
4.36943e-297
4.81037e-300
5.11164e-303
5.24275e-306
5.19019e-309
4.95481e-312
8.94723e-315
0
0
0
0
0
0
0
0
0
0
0
0
0
0
0
0
0
0
0
0
0
0
0
0
0
0
0
0
0
0
0
0
0
0
0
0
0
0
0
0
0
0
0
0
0
0
0
0
0
0
0
0
0
0
0
0
0
0
0
0
0
0
0
0
0
0
0
0
0
0
0
0
0
0
0
0
0
0
0
0
0
0
0
0
0
0
0
0
0
0
0
0
0
0
0
0
0
0
0
0
0
0
0
0
0
0
0
0
0
0
0
0
0
0
0
0
0
0
0
0
0
0
0
0
0
0
0
0
0
0
0
0
0
0
0
0
0
0
0
0
0
0
0
0
0
0
0
0
0
0
0
0
0
0
0
0
0
0
0
0
0
0
0
0
0
0
0
0
0
0
0
0
0
0
0
0
0
0
0
0
0
0
0
0
0
0
0
0
0
0
0
0
0
0
0
0
0
0
0
0
0
0
0
0
0
0
0
0
0
0
0
0
0
0
2.08106e-42
1.40195e-47
4.77767e-106
3.03463e-108
1.92274e-110
1.22265e-112
7.8285e-115
5.08537e-117
3.39002e-119
2.35065e-121
1.69383e-123
1.23033e-125
8.74692e-128
5.9559e-130
3.842e-132
2.34166e-134
1.35241e-136
7.45954e-139
3.97784e-141
2.08274e-143
1.08829e-145
5.7489e-148
3.08766e-150
1.68215e-152
9.22539e-155
5.04802e-157
2.73526e-159
1.46e-161
7.65307e-164
3.93273e-166
1.97935e-168
9.75146e-171
4.70023e-173
2.21619e-175
1.02301e-177
4.62659e-180
2.0508e-182
8.90905e-185
3.7948e-187
1.58555e-189
6.50188e-192
2.64087e-194
1.11167e-196
4.67749e-199
1.89317e-201
7.31758e-204
2.69734e-206
9.49234e-209
3.19921e-211
1.03203e-213
3.19562e-216
9.45598e-219
2.67927e-221
7.29371e-224
1.91305e-226
4.84513e-229
1.18716e-231
2.81778e-234
6.48303e-237
1.44597e-239
3.12549e-242
6.54382e-245
1.32671e-247
2.60356e-250
4.94099e-253
9.0646e-256
1.60713e-258
2.75323e-261
4.55689e-264
7.2861e-267
1.12537e-269
1.67896e-272
2.41936e-275
3.36703e-278
4.52526e-281
5.87289e-284
7.35928e-287
8.90342e-290
1.03988e-292
1.17244e-295
1.276e-298
1.34046e-301
1.35923e-304
1.33039e-307
1.25703e-310
1.18946e-313
0
0
0
0
0
0
0
0
0
0
0
0
0
0
0
0
0
0
0
0
0
0
0
0
0
0
0
0
0
0
0
0
0
0
0
0
0
0
0
0
0
0
0
0
0
0
0
0
0
0
0
0
0
0
0
0
0
0
0
0
0
0
0
0
0
0
0
0
0
0
0
0
0
0
0
0
0
0
0
0
0
0
0
0
0
0
0
0
0
0
0
0
0
0
0
0
0
0
0
0
0
0
0
0
0
0
0
0
0
0
0
0
0
0
0
0
0
0
0
0
0
0
0
0
0
0
0
0
0
0
0
0
0
0
0
0
0
0
0
0
0
0
0
0
0
0
0
0
0
0
0
0
0
0
0
0
0
0
0
0
0
0
0
0
0
0
0
0
0
0
0
0
0
0
0
0
0
0
0
0
0
0
0
0
0
0
0
0
0
0
0
0
0
0
0
0
0
0
0
0
0
0
0
0
0
0
0
0
0
0
0
0
0
0
4.42119e-45
2.5384e-50
1.95394e-107
1.30115e-109
8.69197e-112
5.87285e-114
4.06575e-116
3.0263e-118
2.72916e-120
3.3574e-122
4.3495e-124
4.68266e-126
4.30811e-128
3.49968e-130
2.58027e-132
1.75676e-134
1.11883e-136
6.75912e-139
3.93327e-141
2.24306e-143
1.27546e-145
7.3298e-148
4.28327e-150
2.54042e-152
1.51866e-154
9.07771e-157
5.39185e-159
3.1782e-161
2.16266e-163
1.44478e-165
1.0099e-167
7.01135e-170
4.52427e-172
2.86013e-174
1.80032e-176
1.55366e-178
1.34229e-180
8.82026e-183
5.01279e-185
2.58902e-187
1.23791e-189
5.5531e-192
2.34728e-194
9.39661e-197
3.5749e-199
1.27928e-201
4.33041e-204
1.39203e-206
4.26407e-209
1.24824e-211
3.50345e-214
9.45812e-217
2.46313e-219
6.20415e-222
1.51483e-224
3.59178e-227
8.28045e-230
1.85726e-232
4.05325e-235
8.6038e-238
1.77515e-240
3.55695e-243
6.91792e-246
1.30512e-248
2.38569e-251
4.2231e-254
7.23624e-257
1.19983e-259
1.92466e-262
2.98626e-265
4.48101e-268
6.50182e-271
9.12101e-274
1.23691e-276
1.62128e-279
2.05372e-282
2.51379e-285
2.97278e-288
3.39619e-291
3.74776e-294
3.99452e-297
4.11188e-300
4.08772e-303
3.92451e-306
3.63887e-309
3.25504e-312
7.63412e-315
0
0
0
0
0
0
0
0
0
0
0
0
0
0
0
0
0
0
0
0
0
0
0
0
0
0
0
0
0
0
0
0
0
0
0
0
0
0
0
0
0
0
0
0
0
0
0
0
0
0
0
0
0
0
0
0
0
0
0
0
0
0
0
0
0
0
0
0
0
0
0
0
0
0
0
0
0
0
0
0
0
0
0
0
0
0
0
0
0
0
0
0
0
0
0
0
0
0
0
0
0
0
0
0
0
0
0
0
0
0
0
0
0
0
0
0
0
0
0
0
0
0
0
0
0
0
0
0
0
0
0
0
0
0
0
0
0
0
0
0
0
0
0
0
0
0
0
0
0
0
0
0
0
0
0
0
0
0
0
0
0
0
0
0
0
0
0
0
0
0
0
0
0
0
0
0
0
0
0
0
0
0
0
0
0
0
0
0
0
0
0
0
0
0
0
0
0
0
0
0
0
0
0
0
0
0
0
0
0
0
0
0
0
6.34069e-48
2.81323e-53
4.96031e-105
3.92408e-107
3.06768e-109
2.38102e-111
2.24897e-113
1.58586e-114
4.59888e-116
4.99168e-118
4.42815e-120
4.5144e-122
3.97182e-124
3.07059e-126
2.14653e-128
1.38371e-130
8.75775e-133
5.39902e-135
4.2068e-137
3.42608e-139
2.64652e-141
1.86876e-143
1.26756e-145
8.37512e-148
5.43146e-150
3.42227e-152
2.10147e-154
1.25163e-156
7.21984e-159
4.04114e-161
2.20014e-163
1.1488e-165
5.75843e-168
2.7759e-170
1.28932e-172
5.77135e-175
2.48974e-177
1.03533e-179
4.14985e-182
1.60289e-184
5.96397e-187
2.13677e-189
7.36946e-192
2.44614e-194
7.81417e-197
2.40296e-199
7.11643e-202
2.03109e-204
5.59202e-207
1.48704e-209
3.82503e-212
9.53307e-215
2.30612e-217
5.42418e-220
1.2424e-222
2.77451e-225
6.04563e-228
1.28569e-230
2.66786e-233
5.39816e-236
1.06411e-238
2.04139e-241
3.80849e-244
6.90424e-247
1.21471e-249
2.07264e-252
3.42802e-255
5.49346e-258
8.52692e-261
1.28164e-263
1.86495e-266
2.62666e-269
3.58007e-272
4.7211e-275
6.02249e-278
7.43033e-281
8.86464e-284
1.0225e-286
1.14011e-289
1.22871e-292
1.27974e-295
1.28803e-298
1.25265e-301
1.17711e-304
1.06879e-307
9.37774e-311
8.31901e-314
0
0
0
0
0
0
0
0
0
0
0
0
0
0
0
0
0
0
0
0
0
0
0
0
0
0
0
0
0
0
0
0
0
0
0
0
0
0
0
0
0
0
0
0
0
0
0
0
0
0
0
0
0
0
0
0
0
0
0
0
0
0
0
0
0
0
0
0
0
0
0
0
0
0
0
0
0
0
0
0
0
0
0
0
0
0
0
0
0
0
0
0
0
0
0
0
0
0
0
0
0
0
0
0
0
0
0
0
0
0
0
0
0
0
0
0
0
0
0
0
0
0
0
0
0
0
0
0
0
0
0
0
0
0
0
0
0
0
0
0
0
0
0
0
0
0
0
0
0
0
0
0
0
0
0
0
0
0
0
0
0
0
0
0
0
0
0
0
0
0
0
0
0
0
0
0
0
0
0
0
0
0
0
0
0
0
0
0
0
0
0
0
0
0
0
0
0
0
0
0
0
0
0
0
0
0
0
0
0
0
0
0
0
4.73245e-51
1.45907e-56
3.23586e-97
2.07471e-99
1.33145e-101
8.47045e-104
5.35091e-106
3.3536e-108
2.08482e-110
1.28312e-112
7.78272e-115
4.61882e-117
2.66328e-119
1.48293e-121
7.9396e-124
4.08131e-126
2.01814e-128
9.65623e-131
4.51596e-133
2.09266e-135
9.75162e-138
4.62384e-140
2.24163e-142
1.10755e-144
5.52932e-147
2.76154e-149
1.36795e-151
6.67915e-154
3.20136e-156
1.50243e-158
6.89287e-161
3.0881e-163
1.34989e-165
5.75268e-168
2.38803e-170
9.64711e-173
3.78876e-175
1.44495e-177
5.34518e-180
1.91572e-182
6.64506e-185
2.22868e-187
7.22167e-190
2.25951e-192
6.82377e-195
1.98897e-197
5.59635e-200
1.52077e-202
3.99436e-205
1.01514e-207
2.49965e-210
5.97289e-213
1.38727e-215
3.13703e-218
6.91658e-221
1.48858e-223
3.12937e-226
6.42736e-229
1.28934e-231
2.52441e-234
4.81939e-237
8.96164e-240
1.62186e-242
2.85433e-245
4.87865e-248
8.09268e-251
1.30207e-253
2.03113e-256
3.07074e-259
4.49807e-262
6.38234e-265
8.77006e-268
1.1668e-270
1.5027e-273
1.87298e-276
2.25888e-279
2.63553e-282
2.97424e-285
3.24598e-288
3.42539e-291
3.49472e-294
3.44672e-297
3.28591e-300
3.02791e-303
2.69691e-306
2.32193e-309
1.93069e-312
8.07042e-315
0
0
0
0
0
0
0
0
0
0
0
0
0
0
0
0
0
0
0
0
0
0
0
0
0
0
0
0
0
0
0
0
0
0
0
0
0
0
0
0
0
0
0
0
0
0
0
0
0
0
0
0
0
0
0
0
0
0
0
0
0
0
0
0
0
0
0
0
0
0
0
0
0
0
0
0
0
0
0
0
0
0
0
0
0
0
0
0
0
0
0
0
0
0
0
0
0
0
0
0
0
0
0
0
0
0
0
0
0
0
0
0
0
0
0
0
0
0
0
0
0
0
0
0
0
0
0
0
0
0
0
0
0
0
0
0
0
0
0
0
0
0
0
0
0
0
0
0
0
0
0
0
0
0
0
0
0
0
0
0
0
0
0
0
0
0
0
0
0
0
0
0
0
0
0
0
0
0
0
0
0
0
0
0
0
0
0
0
0
0
0
0
0
0
0
0
0
0
0
0
0
0
0
0
0
0
0
0
0
0
0
0
4.15082e-55
6.57316e-61
1.48504e-94
8.43254e-97
4.80252e-99
2.74204e-101
1.56647e-103
8.94251e-106
5.09457e-108
2.88805e-110
1.62061e-112
8.93861e-115
4.80943e-117
2.50756e-119
1.26099e-121
6.10483e-124
2.84992e-126
1.29014e-128
5.71978e-131
2.51718e-133
1.11585e-135
5.04114e-138
2.33208e-140
1.10109e-142
5.26016e-145
2.5171e-147
1.19607e-149
5.60826e-152
2.58412e-154
1.16701e-156
5.15695e-159
2.22725e-161
9.39314e-164
3.86498e-166
1.55023e-168
6.05521e-171
2.30084e-173
8.49511e-176
3.04412e-178
1.05745e-180
3.55704e-183
1.15751e-185
3.64099e-188
1.10638e-190
3.24658e-193
9.19881e-196
2.51707e-198
6.65456e-201
1.70114e-203
4.20943e-206
1.00959e-208
2.35058e-211
5.32146e-214
1.17332e-216
2.52328e-219
5.29862e-222
1.0872e-224
2.18012e-227
4.27117e-230
8.16968e-233
1.52416e-235
2.77044e-238
4.90253e-241
8.4388e-244
1.41113e-246
2.29069e-249
3.60772e-252
5.51023e-255
8.15876e-258
1.17076e-260
1.62775e-263
2.19221e-266
2.85927e-269
3.61087e-272
4.41424e-275
5.22277e-278
5.9794e-281
6.62287e-284
7.09563e-287
7.35235e-290
7.36702e-293
7.13741e-296
6.68554e-299
6.05423e-302
5.30038e-305
4.48642e-308
3.67207e-311
3.07631e-314
0
0
0
0
0
0
0
0
0
0
0
0
0
0
0
0
0
0
0
0
0
0
0
0
0
0
0
0
0
0
0
0
0
0
0
0
0
0
0
0
0
0
0
0
0
0
0
0
0
0
0
0
0
0
0
0
0
0
0
0
0
0
0
0
0
0
0
0
0
0
0
0
0
0
0
0
0
0
0
0
0
0
0
0
0
0
0
0
0
0
0
0
0
0
0
0
0
0
0
0
0
0
0
0
0
0
0
0
0
0
0
0
0
0
0
0
0
0
0
0
0
0
0
0
0
0
0
0
0
0
0
0
0
0
0
0
0
0
0
0
0
0
0
0
0
0
0
0
0
0
0
0
0
0
0
0
0
0
0
0
0
0
0
0
0
0
0
0
0
0
0
0
0
0
0
0
0
0
0
0
0
0
0
0
0
0
0
0
0
0
0
0
0
0
0
0
0
0
0
0
0
0
0
0
0
0
0
0
0
0
0
0
3.18262e-88
1.78016e-90
9.86248e-93
5.45623e-95
3.02937e-97
1.68699e-99
9.40345e-102
5.23949e-104
2.9142e-106
1.61326e-108
8.84219e-111
4.76448e-113
2.50481e-115
1.27622e-117
6.27233e-120
2.96803e-122
1.35437e-124
5.99336e-127
2.59752e-129
1.11752e-131
4.84312e-134
2.13927e-136
9.67715e-139
4.46846e-141
2.08803e-143
9.77473e-146
4.54454e-148
2.0852e-150
9.4031e-153
4.15645e-155
1.79796e-157
7.60229e-160
3.13922e-162
1.26486e-164
4.96845e-167
1.90079e-169
7.07486e-172
2.55901e-174
8.98429e-177
3.05806e-179
1.00805e-181
3.21494e-184
9.912e-187
2.95248e-189
8.49354e-192
2.35948e-194
6.33058e-197
1.64125e-199
4.11473e-202
9.98641e-205
2.34941e-207
5.36609e-210
1.19185e-212
2.57845e-215
5.44126e-218
1.12133e-220
2.25818e-223
4.44482e-226
8.54849e-229
1.60532e-231
2.94068e-234
5.24893e-237
9.1221e-240
1.54225e-242
2.5333e-245
4.03997e-248
6.25151e-251
9.38231e-254
1.36521e-256
1.92542e-259
2.63135e-262
3.48382e-265
4.46745e-268
5.54748e-271
6.66915e-274
7.76061e-277
8.73945e-280
9.52258e-283
1.00377e-285
1.02342e-288
1.00915e-291
9.6226e-295
8.87215e-298
7.90942e-301
6.81769e-304
5.68235e-307
4.57995e-310
3.587e-313
1.20406e-314
0
0
0
0
0
0
0
0
0
0
0
0
0
0
0
0
0
0
0
0
0
0
0
0
0
0
0
0
0
0
0
0
0
0
0
0
0
0
0
0
0
0
0
0
0
0
0
0
0
0
0
0
0
0
0
0
0
0
0
0
0
0
0
0
0
0
0
0
0
0
0
0
0
0
0
0
0
0
0
0
0
0
0
0
0
0
0
0
0
0
0
0
0
0
0
0
0
0
0
0
0
0
0
0
0
0
0
0
0
0
0
0
0
0
0
0
0
0
0
0
0
0
0
0
0
0
0
0
0
0
0
0
0
0
0
0
0
0
0
0
0
0
0
0
0
0
0
0
0
0
0
0
0
0
0
0
0
0
0
0
0
0
0
0
0
0
0
0
0
0
0
0
0
0
0
0
0
0
0
0
0
0
0
0
0
0
0
0
0
0
0
0
0
0
0
0
0
0
0
0
0
0
0
0
0
0
0
0
0
0
0
8.82064e-87
4.84997e-89
2.6408e-91
1.43589e-93
7.83571e-96
4.28895e-98
2.34987e-100
1.28696e-102
7.03589e-105
3.82854e-107
2.06265e-109
1.09251e-111
5.64585e-114
2.82764e-116
1.36603e-118
6.35355e-121
2.84955e-123
1.23929e-125
5.27824e-128
2.23139e-130
9.50189e-133
4.12379e-135
1.83285e-137
8.31567e-140
3.81816e-142
1.75637e-144
8.02426e-147
3.61804e-149
1.60329e-151
6.96439e-154
2.96046e-156
1.23012e-158
4.99168e-161
1.97648e-163
7.6296e-166
2.86845e-168
1.04922e-170
3.72959e-173
1.28682e-175
4.30455e-178
1.3945e-180
4.37082e-183
1.32438e-185
3.87708e-188
1.09617e-190
2.99281e-193
7.89198e-196
2.01095e-198
4.95516e-201
1.18201e-203
2.73321e-206
6.13593e-209
1.33955e-211
2.84853e-214
5.90873e-217
1.19694e-219
2.36947e-222
4.58474e-225
8.66824e-228
1.60029e-230
2.882e-233
5.05759e-236
8.64191e-239
1.43657e-241
2.32026e-244
3.63852e-247
5.53662e-250
8.17152e-253
1.16936e-255
1.62199e-258
2.18021e-261
2.83919e-264
3.5813e-267
4.37466e-270
5.17384e-273
5.9232e-276
6.56281e-279
7.03612e-282
7.29816e-285
7.32257e-288
7.10601e-291
6.6689e-294
6.0522e-297
5.31108e-300
4.50675e-303
3.69807e-306
2.93471e-309
2.25139e-312
3.78482e-314
1.28774e-316
0
0
0
0
0
0
0
0
0
0
0
0
0
0
0
0
0
0
0
0
0
0
0
0
0
0
0
0
0
0
0
0
0
0
0
0
0
0
0
0
0
0
0
0
0
0
0
0
0
0
0
0
0
0
0
0
0
0
0
0
0
0
0
0
0
0
0
0
0
0
0
0
0
0
0
0
0
0
0
0
0
0
0
0
0
0
0
0
0
0
0
0
0
0
0
0
0
0
0
0
0
0
0
0
0
0
0
0
0
0
0
0
0
0
0
0
0
0
0
0
0
0
0
0
0
0
0
0
0
0
0
0
0
0
0
0
0
0
0
0
0
0
0
0
0
0
0
0
0
0
0
0
0
0
0
0
0
0
0
0
0
0
0
0
0
0
0
0
0
0
0
0
0
0
0
0
0
0
0
0
0
0
0
0
0
0
0
0
0
0
0
0
0
0
0
0
0
0
0
0
0
0
0
0
0
0
0
0
0
0
)
;

boundaryField
{
    Inlet
    {
        type            fixedValue;
        value           uniform 1;
    }
    BotOutlet1
    {
        type            inletOutlet;
        inletValue      nonuniform 0();
        value           nonuniform 0();
    }
    BotOutlet2
    {
        type            inletOutlet;
        inletValue      nonuniform 0();
        value           nonuniform 0();
    }
    TopInlet
    {
        type            inletOutlet;
        inletValue      uniform 0;
        value           uniform 0;
    }
    FreeStream
    {
        type            inletOutlet;
        inletValue      uniform 0;
        value           uniform 0;
    }
    FrontNBack
    {
        type            empty;
    }
    LeftSide
    {
        type            fixedValue;
        value           uniform 1;
    }
    procBoundary3to2
    {
        type            processor;
        value           nonuniform List<scalar> 
400
(
1
1
1
1
1
1
1
1
1
1
1
1
1
1
1
1
1
1
1
1
1
1
1
1
1
1
1
1
1
0.999999
0.999999
0.999999
0.999997
0.998533
0.928437
0.528292
0.0873136
0.00814123
0.00086978
9.12771e-05
9.80335e-06
3.57733e-06
2.04801e-06
1.0738e-06
4.99064e-07
1.98331e-07
6.44575e-08
1.60805e-08
2.77528e-09
2.69659e-10
1.05136e-11
2.81878e-12
1.60868e-12
9.14341e-13
5.10661e-13
2.79378e-13
1.49431e-13
7.79902e-14
3.9641e-14
1.95836e-14
9.38421e-15
4.35248e-15
1.9496e-15
8.41419e-16
3.49054e-16
1.38838e-16
5.28164e-17
1.91677e-17
6.619e-18
2.16911e-18
6.72691e-19
1.96818e-19
5.41454e-20
1.39539e-20
3.35527e-21
7.49581e-22
1.54913e-22
2.94872e-23
5.14703e-24
8.20261e-25
1.18821e-25
1.55735e-26
1.83799e-27
1.94311e-28
1.82962e-29
1.5245e-30
1.11588e-31
7.11442e-33
3.91194e-34
1.83338e-35
7.22031e-37
2.34838e-38
6.17466e-40
1.27854e-41
2.02025e-43
2.34364e-45
1.89709e-47
9.82616e-50
2.86061e-52
3.98358e-55
3.50368e-58
3.12307e-61
1.51194e-64
2.7668e-68
1.93172e-72
6.38199e-77
4.71725e-82
7.0723e-88
6.45417e-132
3.75834e-134
2.15471e-136
1.20789e-138
6.57389e-141
3.45275e-143
1.74324e-145
8.45149e-148
3.94388e-150
1.78272e-152
7.88828e-155
3.46471e-157
1.53318e-159
6.91512e-162
3.19342e-164
1.50481e-166
7.1738e-169
3.42605e-171
1.62546e-173
7.61507e-176
3.50892e-178
1.58636e-180
7.02555e-183
3.04471e-185
1.2901e-187
5.34015e-190
2.15756e-192
8.50026e-195
3.2621e-197
1.21804e-199
4.41988e-202
1.55682e-204
5.31701e-207
1.75903e-209
5.63254e-212
1.74458e-214
5.22479e-217
1.51282e-219
4.23556e-222
1.1472e-224
3.00818e-227
7.64463e-230
1.88526e-232
4.51861e-235
1.05429e-237
2.39846e-240
5.32765e-243
1.15675e-245
2.45654e-248
5.10333e-251
1.03677e-253
2.05821e-256
3.98886e-259
7.53837e-262
1.38813e-264
2.48847e-267
4.33731e-270
7.34487e-273
1.20773e-275
1.92745e-278
2.98443e-281
4.48202e-284
6.52688e-287
9.21408e-290
1.2607e-292
1.67141e-295
2.14671e-298
2.67047e-301
3.2169e-304
3.75179e-307
4.23557e-310
4.60823e-313
0
0
0
0
0
0
0
0
0
0
0
0
0
0
0
0
0
0
0
0
0
0
0
0
0
0
0
0
0
0
0
0
0
0
0
0
0
0
0
0
0
0
0
0
0
0
0
0
0
0
0
0
0
0
0
0
0
0
0
0
0
0
0
0
0
0
0
0
0
0
0
0
0
0
0
0
0
0
0
0
0
0
0
0
0
0
0
0
0
0
0
0
0
0
0
0
0
0
0
0
0
0
0
0
0
0
0
0
0
0
0
0
0
0
0
0
0
0
0
0
0
0
0
0
0
0
0
0
0
0
0
0
0
0
0
0
0
0
0
0
0
0
0
0
0
0
0
0
0
0
0
0
0
0
0
0
0
0
0
0
0
0
0
0
0
0
0
0
0
0
0
0
0
0
0
0
0
0
0
0
0
0
0
0
0
0
0
0
0
0
0
0
0
0
0
0
0
0
0
0
0
0
0
0
0
0
0
0
0
0
0
0
0
0
0
0
0
0
0
0
)
;
    }
}


// ************************************************************************* //
