/*--------------------------------*- C++ -*----------------------------------*\
| =========                 |                                                 |
| \\      /  F ield         | OpenFOAM: The Open Source CFD Toolbox           |
|  \\    /   O peration     | Version:  2.4.0                                 |
|   \\  /    A nd           | Web:      www.OpenFOAM.org                      |
|    \\/     M anipulation  |                                                 |
\*---------------------------------------------------------------------------*/
FoamFile
{
    version     2.0;
    format      ascii;
    class       volScalarField;
    location    "0.8";
    object      p;
}
// * * * * * * * * * * * * * * * * * * * * * * * * * * * * * * * * * * * * * //

dimensions      [1 -1 -2 0 0 0 0];

internalField   nonuniform List<scalar> 
8000
(
-1.37171
-1.37711
-1.38307
-1.3887
-1.39404
-1.39921
-1.40424
-1.40913
-1.41388
-1.41849
-1.42295
-1.42727
-1.43145
-1.43549
-1.43938
-1.44314
-1.44693
-1.45095
-1.45469
-1.4546
-1.44509
-1.44014
-1.52956
-1.85264
-2.07549
-1.37051
-1.35388
-1.35357
-1.35364
-1.35367
-1.35367
-1.35367
-1.35367
-1.35366
-1.35366
-1.35366
-1.35366
-1.35366
-1.35366
-1.35366
-1.35366
-1.35366
-1.35364
-1.35364
-1.35359
-1.35366
-1.35366
-1.35366
-1.35366
-1.35364
-1.45349
-1.45972
-1.46664
-1.47323
-1.47951
-1.48562
-1.4916
-1.49744
-1.50314
-1.5087
-1.51412
-1.5194
-1.52454
-1.52954
-1.53439
-1.53916
-1.54403
-1.54915
-1.55329
-1.55162
-1.54087
-1.55294
-1.70986
-2.08952
-1.95134
-1.38465
-1.37621
-1.37594
-1.376
-1.37603
-1.37603
-1.37603
-1.37603
-1.37602
-1.37602
-1.37602
-1.37602
-1.37602
-1.37602
-1.37602
-1.37602
-1.37602
-1.37599
-1.37597
-1.37585
-1.37602
-1.37602
-1.37602
-1.37602
-1.37601
-1.54533
-1.55316
-1.56178
-1.56988
-1.5775
-1.5848
-1.59185
-1.59863
-1.60513
-1.61135
-1.6173
-1.62297
-1.62835
-1.63344
-1.63822
-1.64281
-1.64756
-1.6525
-1.65473
-1.64543
-1.624
-1.66465
-1.99004
-2.60422
-1.84887
-1.40222
-1.3985
-1.39831
-1.39835
-1.39837
-1.39838
-1.39837
-1.39837
-1.39836
-1.39836
-1.39836
-1.39836
-1.39835
-1.39835
-1.39835
-1.39835
-1.39835
-1.39834
-1.39834
-1.39834
-1.39834
-1.39834
-1.39834
-1.39834
-1.39834
-1.66508
-1.67538
-1.68655
-1.69686
-1.70634
-1.71525
-1.72363
-1.73152
-1.73887
-1.74571
-1.752
-1.75779
-1.76302
-1.76771
-1.77181
-1.77558
-1.77951
-1.78353
-1.78246
-1.76243
-1.72695
-1.80661
-2.35379
-3.25635
-1.71132
-1.42213
-1.42078
-1.42071
-1.42073
-1.42074
-1.42074
-1.42074
-1.42073
-1.42073
-1.42073
-1.42072
-1.42072
-1.42071
-1.42071
-1.42071
-1.42071
-1.4207
-1.4207
-1.4207
-1.4207
-1.4207
-1.42069
-1.42069
-1.42069
-1.42069
-1.88018
-1.89216
-1.90519
-1.91723
-1.92836
-1.93887
-1.94883
-1.95824
-1.9671
-1.9754
-1.98316
-1.99036
-1.99701
-2.00309
-2.00859
-2.0137
-2.01878
-2.02361
-2.02406
-2.01034
-1.98892
-2.06355
-2.48145
-3.05569
-1.63553
-1.4441
-1.44308
-1.44301
-1.44303
-1.44303
-1.44302
-1.44302
-1.44301
-1.443
-1.443
-1.44292
-1.44297
-1.44275
-1.44291
-1.44292
-1.44292
-1.44292
-1.44292
-1.44292
-1.44292
-1.44293
-1.44293
-1.44293
-1.44293
-1.44294
-2.21089
-2.22412
-2.23858
-2.25197
-2.26432
-2.27595
-2.28697
-2.29737
-2.30715
-2.31631
-2.32487
-2.33282
-2.34016
-2.34689
-2.35301
-2.35869
-2.36422
-2.36931
-2.37005
-2.35823
-2.343
-2.42234
-2.80303
-3.22004
-1.65125
-1.46714
-1.46594
-1.46583
-1.46583
-1.46582
-1.4658
-1.46579
-1.46577
-1.46571
-1.4655
-1.4655
-1.46552
-1.46466
-1.46515
-1.46506
-1.46504
-1.4653
-1.46531
-1.46532
-1.46533
-1.46534
-1.4652
-1.4653
-1.46528
-1.46529
-2.58205
-2.59431
-2.60754
-2.61979
-2.63121
-2.64211
-2.6526
-2.6627
-2.67239
-2.68171
-2.69064
-2.69922
-2.70743
-2.71525
-2.7227
-2.72994
-2.73735
-2.74469
-2.74766
-2.73602
-2.71659
-2.79779
-3.23725
-3.83455
-1.93387
-1.49153
-1.48693
-1.48678
-1.48669
-1.48662
-1.48664
-1.48669
-1.48675
-1.48681
-1.48686
-1.48691
-1.48694
-1.48703
-1.48709
-1.48714
-1.48719
-1.48704
-1.48721
-1.48728
-1.48723
-1.48729
-1.48747
-1.48751
-1.48755
-1.48759
-3.19573
-3.20427
-3.2139
-3.22305
-3.23174
-3.2402
-3.24854
-3.25679
-3.26495
-3.27305
-3.28107
-3.289
-3.29681
-3.30445
-3.31185
-3.31915
-3.32672
-3.33451
-3.33808
-3.3251
-3.29643
-3.36152
-3.83166
-4.66276
-2.78739
-1.598
-1.50958
-1.50708
-1.50841
-1.50949
-1.50951
-1.50946
-1.50953
-1.50965
-1.50978
-1.5099
-1.50985
-1.50996
-1.51024
-1.51033
-1.51041
-1.51049
-1.51055
-1.51062
-1.51062
-1.51075
-1.51068
-1.51087
-1.5109
-1.51093
-3.64184
-3.633
-3.62357
-3.61606
-3.61071
-3.60732
-3.60581
-3.60616
-3.6084
-3.61251
-3.61852
-3.62638
-3.63612
-3.64768
-3.66106
-3.67621
-3.69327
-3.71253
-3.73384
-3.75367
-3.76303
-3.76519
-3.84745
-4.23924
-4.8491
-2.98943
-1.62173
-1.54574
-1.51673
-1.52775
-1.53153
-1.53267
-1.53246
-1.53242
-1.53263
-1.53287
-1.53306
-1.53321
-1.53334
-1.53345
-1.53355
-1.53363
-1.5337
-1.53376
-1.53381
-1.53383
-1.53388
-1.5339
-1.53391
-1.53394
-4.4805
-4.4341
-4.38795
-4.35126
-4.32354
-4.30347
-4.29062
-4.28497
-4.28655
-4.29541
-4.31158
-4.33513
-4.36616
-4.40483
-4.45124
-4.50563
-4.56817
-4.63921
-4.71911
-4.80836
-4.90623
-5.00962
-5.1167
-5.25221
-5.50619
-5.93436
-7.06211
-3.05096
-1.73574
-1.63824
-1.56231
-1.55656
-1.55594
-1.55565
-1.55579
-1.55584
-1.55586
-1.5559
-1.55593
-1.55596
-1.55599
-1.55601
-1.55602
-1.55603
-1.55604
-1.55605
-1.55605
-1.55605
-1.55605
-1.55605
-3.56414
-3.517
-3.46966
-3.43103
-3.40051
-3.37676
-3.35937
-3.34828
-3.34354
-3.34513
-3.35309
-3.36746
-3.38832
-3.41576
-3.44993
-3.49096
-3.53906
-3.59439
-3.65722
-3.72784
-3.80696
-3.89554
-3.99275
-4.08962
-4.16951
-4.26313
-4.6062
-5.73034
-9.66923
-4.78947
-5.13288
-1.69752
-1.61345
-1.58242
-1.58101
-1.58181
-1.58218
-1.58189
-1.5815
-1.58113
-1.58083
-1.58058
-1.58036
-1.58017
-1.57999
-1.57984
-1.5797
-1.57958
-1.57947
-1.57937
-0.834064
-0.835632
-0.835002
-0.831591
-0.825594
-0.817156
-0.806288
-0.792959
-0.777122
-0.758714
-0.737658
-0.713851
-0.687185
-0.65751
-0.624685
-0.588507
-0.548807
-0.505316
-0.457833
-0.405988
-0.349551
-0.288229
-0.222313
-0.151573
-0.072154
0.0304496
0.167033
0.248287
-0.243171
-2.16396
-2.93214
-8.71397
-7.38808
-3.05435
-1.6623
-1.61431
-1.59553
-1.59535
-1.59793
-1.60012
-1.59992
-1.59972
-1.59974
-1.59982
-1.59991
-1.59998
-1.60004
-1.60009
-1.60013
-1.60017
0.956424
0.931061
0.907219
0.890006
0.878999
0.873421
0.873028
0.877822
0.887837
0.903117
0.923712
0.949703
0.981187
1.0183
1.06117
1.11
1.16497
1.22632
1.2943
1.36919
1.45132
1.54102
1.63861
1.74437
1.85879
1.98356
2.1223
2.27382
2.41127
2.46981
2.52334
2.13672
-0.545843
-5.72309
-7.53308
-3.55426
-1.82123
-1.61736
-1.59172
-1.6245
-1.62318
-1.62347
-1.62363
-1.62355
-1.62356
-1.62358
-1.6236
-1.62362
-1.62363
-1.62364
1.1793
1.16788
1.15501
1.14354
1.13367
1.12514
1.11782
1.11167
1.10667
1.1028
1.10001
1.09827
1.09751
1.09769
1.09875
1.10062
1.10323
1.1065
1.11034
1.11467
1.11939
1.12439
1.12955
1.13475
1.13984
1.14464
1.149
1.15314
1.1576
1.16233
1.16308
1.15279
1.13735
1.1011
0.764819
-3.60216
-7.84865
-4.90659
-3.17177
-1.73881
-1.69524
-1.64867
-1.64522
-1.64554
-1.64595
-1.64584
-1.64576
-1.64566
-1.64562
-1.64559
1.97546
1.95548
1.93479
1.91724
1.90273
1.89075
1.88112
1.87384
1.8689
1.86627
1.86593
1.86785
1.87199
1.87831
1.88678
1.89733
1.90993
1.92449
1.94098
1.9593
1.97938
2.00111
2.02442
2.04914
2.0752
2.1024
2.1306
2.15955
2.18907
2.21896
2.24963
2.28216
2.31505
2.33659
2.33132
2.33647
2.2613
0.176549
-4.83592
-7.04925
-4.83118
-2.33426
-1.85851
-1.68538
-1.66059
-1.66713
-1.66754
-1.66755
-1.66753
-1.6675
2.3497
2.3273
2.30502
2.28657
2.27152
2.25925
2.24956
2.24247
2.23798
2.23608
2.23678
2.24008
2.24601
2.25458
2.26581
2.27974
2.29642
2.31587
2.33816
2.36334
2.39148
2.42264
2.45692
2.49437
2.53514
2.57926
2.62694
2.6782
2.7333
2.79227
2.8554
2.92276
2.99495
3.07228
3.15492
3.23811
3.31484
3.40445
3.55193
3.56515
-0.631681
-4.68228
-3.96231
-2.60097
-2.08699
-1.75495
-1.67561
-1.69029
-1.68995
-1.68994
1.49195
1.4822
1.47079
1.46082
1.45269
1.44617
1.44112
1.43748
1.43527
1.43448
1.43511
1.43719
1.44071
1.44569
1.45216
1.46013
1.46963
1.48068
1.49332
1.50757
1.52348
1.54106
1.56038
1.58144
1.60433
1.62904
1.65568
1.68423
1.71483
1.74746
1.78226
1.8192
1.85847
1.90001
1.94399
1.9909
2.04175
2.09443
2.13843
2.166
2.22044
2.21575
-0.0331784
-2.72402
-3.06356
-2.27974
-1.92551
-1.75826
-1.70927
-1.71182
1.72886
1.73703
1.74705
1.75439
1.75857
1.76032
1.76033
1.75903
1.7568
1.75394
1.75075
1.74749
1.74439
1.74165
1.73945
1.73795
1.73729
1.73758
1.73895
1.74146
1.74519
1.7502
1.75654
1.76422
1.77329
1.78372
1.79552
1.80867
1.82313
1.83884
1.85577
1.87381
1.8929
1.913
1.93376
1.95518
1.97719
1.99959
2.02237
2.04485
2.06358
2.07364
2.08372
2.04155
0.874736
-0.829444
-1.68675
-1.67691
-1.77801
-1.74844
-0.149611
-0.0960984
-0.0488023
-0.0145703
0.0100487
0.0279412
0.0404861
0.0485129
0.0527416
0.0538324
0.0523671
0.0488431
0.0436867
0.0372598
0.0298719
0.0217833
0.0132141
0.00434439
-0.00467675
-0.0137337
-0.0227355
-0.0316208
-0.0403483
-0.0489038
-0.0572903
-0.0655379
-0.0736919
-0.0818258
-0.0900274
-0.0984166
-0.107127
-0.116329
-0.126207
-0.13699
-0.148985
-0.162489
-0.177811
-0.195358
-0.215528
-0.23883
-0.265962
-0.298265
-0.336492
-0.371701
-0.41676
-0.485354
-1.5684
-2.67237
-2.4117
-1.69273
4.19263
3.78303
3.37257
3.01995
2.7133
2.43815
2.18841
1.96143
1.75514
1.56753
1.39682
1.24149
1.10024
0.971999
0.85583
0.750945
0.656668
0.572426
0.49773
0.432166
0.375387
0.327108
0.287094
0.255166
0.231189
0.215087
0.206817
0.206407
0.213921
0.229509
0.253363
0.285743
0.326975
0.37758
0.438085
0.509222
0.59182
0.686974
0.795879
0.920159
1.0617
1.22308
1.40671
1.61352
1.83534
2.038
2.46011
2.81962
2.53312
0.292598
-1.35354
-1.35365
-1.35363
-1.35364
-1.35364
-1.35364
-1.35364
-1.35359
-1.35358
-1.35365
-1.35368
-1.35365
-1.35355
-1.35363
-1.35363
-1.35363
-1.35363
-1.35363
-1.35363
-1.35363
-1.35363
-1.35362
-1.3536
-1.35361
-1.35362
-1.35362
-1.35362
-1.35362
-1.35362
-1.35362
-1.35363
-1.35363
-1.35363
-1.35363
-1.35363
-1.35363
-1.35364
-1.35364
-1.35364
-1.35364
-1.35364
-1.35364
-1.35364
-1.35365
-1.35365
-1.35365
-1.35365
-1.35365
-1.35365
-1.35365
-1.376
-1.37601
-1.37601
-1.37602
-1.37602
-1.37602
-1.37602
-1.37602
-1.37602
-1.37602
-1.37602
-1.37601
-1.37601
-1.37602
-1.37602
-1.37602
-1.37602
-1.37602
-1.37601
-1.37602
-1.37601
-1.37599
-1.37592
-1.37597
-1.37595
-1.37598
-1.37599
-1.37599
-1.37599
-1.37599
-1.376
-1.376
-1.37601
-1.37601
-1.37601
-1.37601
-1.37601
-1.37601
-1.37602
-1.37602
-1.37602
-1.37602
-1.37602
-1.37602
-1.37602
-1.37603
-1.37603
-1.37603
-1.37603
-1.37603
-1.39834
-1.39834
-1.39834
-1.39834
-1.39834
-1.39834
-1.39835
-1.39835
-1.39835
-1.39835
-1.39835
-1.39836
-1.39836
-1.39836
-1.39837
-1.39837
-1.39837
-1.39836
-1.3983
-1.39836
-1.39836
-1.39836
-1.39835
-1.39831
-1.39835
-1.39835
-1.39836
-1.39836
-1.39836
-1.39829
-1.39835
-1.39835
-1.39836
-1.39836
-1.39836
-1.39837
-1.39837
-1.39837
-1.39838
-1.39838
-1.39838
-1.39838
-1.39839
-1.39839
-1.39839
-1.3984
-1.3984
-1.3984
-1.39841
-1.39841
-1.4207
-1.4207
-1.4207
-1.4207
-1.4207
-1.4207
-1.4207
-1.4207
-1.42071
-1.42071
-1.42071
-1.42071
-1.42071
-1.42072
-1.42072
-1.42072
-1.42072
-1.42072
-1.42073
-1.42073
-1.42073
-1.42073
-1.42074
-1.42074
-1.42074
-1.42075
-1.42075
-1.42075
-1.42076
-1.42076
-1.42076
-1.42076
-1.42077
-1.42077
-1.42077
-1.42078
-1.42078
-1.42078
-1.42079
-1.42079
-1.4207
-1.42078
-1.42077
-1.42077
-1.42072
-1.42077
-1.42077
-1.42078
-1.42081
-1.42081
-1.44294
-1.44293
-1.44297
-1.44298
-1.44298
-1.44299
-1.443
-1.443
-1.44301
-1.44301
-1.44302
-1.44303
-1.44303
-1.44304
-1.44305
-1.44305
-1.44306
-1.44307
-1.44307
-1.44308
-1.44309
-1.44309
-1.4431
-1.44311
-1.44311
-1.44312
-1.44312
-1.44313
-1.44314
-1.44314
-1.44315
-1.44315
-1.44316
-1.44316
-1.44317
-1.44318
-1.44318
-1.44319
-1.44319
-1.4432
-1.4432
-1.44314
-1.44319
-1.4432
-1.4432
-1.4432
-1.44316
-1.4432
-1.44321
-1.44321
-1.46534
-1.46535
-1.46481
-1.4654
-1.46541
-1.46542
-1.46542
-1.46543
-1.46544
-1.46545
-1.46545
-1.46546
-1.46547
-1.46548
-1.46549
-1.4655
-1.4655
-1.46551
-1.46552
-1.46553
-1.46553
-1.46554
-1.46555
-1.46555
-1.46556
-1.46556
-1.46557
-1.46558
-1.46558
-1.46559
-1.46559
-1.4656
-1.4656
-1.46561
-1.46561
-1.46562
-1.46562
-1.46559
-1.46562
-1.46563
-1.46563
-1.46563
-1.46564
-1.46564
-1.46564
-1.46558
-1.46563
-1.46563
-1.46564
-1.46564
-1.48763
-1.48766
-1.48769
-1.48759
-1.48785
-1.48788
-1.48791
-1.48794
-1.48796
-1.48798
-1.48799
-1.48801
-1.48803
-1.48804
-1.48805
-1.48806
-1.48807
-1.48808
-1.48809
-1.4881
-1.4881
-1.48811
-1.48812
-1.48812
-1.48812
-1.48813
-1.48813
-1.48813
-1.48814
-1.48814
-1.48814
-1.48814
-1.48814
-1.48815
-1.48815
-1.48815
-1.48815
-1.48815
-1.48815
-1.48815
-1.48815
-1.48816
-1.48815
-1.48812
-1.48814
-1.48814
-1.48815
-1.48815
-1.48815
-1.48815
-1.51092
-1.511
-1.51017
-1.51083
-1.51079
-1.51068
-1.51037
-1.51074
-1.51075
-1.51076
-1.51075
-1.51076
-1.51076
-1.51076
-1.51076
-1.51076
-1.51075
-1.51075
-1.51074
-1.51074
-1.51074
-1.51073
-1.51073
-1.51072
-1.51071
-1.51071
-1.5107
-1.5107
-1.51069
-1.51069
-1.51068
-1.51068
-1.51067
-1.51067
-1.51066
-1.51066
-1.51065
-1.51065
-1.51065
-1.51064
-1.51064
-1.51063
-1.51063
-1.51063
-1.51062
-1.51062
-1.51062
-1.51061
-1.51061
-1.51061
-1.53393
-1.53388
-1.53365
-1.53378
-1.53367
-1.53386
-1.53385
-1.5336
-1.53386
-1.53384
-1.53381
-1.53379
-1.53377
-1.53375
-1.53373
-1.5337
-1.53368
-1.53366
-1.53364
-1.53362
-1.5336
-1.53358
-1.53356
-1.53354
-1.53352
-1.5335
-1.53348
-1.53346
-1.53344
-1.53342
-1.53341
-1.53339
-1.53338
-1.53336
-1.53335
-1.53333
-1.53332
-1.53331
-1.53329
-1.53328
-1.53327
-1.53326
-1.53325
-1.53324
-1.53323
-1.53322
-1.53321
-1.5332
-1.53319
-1.53318
-1.55604
-1.55604
-1.55603
-1.55602
-1.55601
-1.556
-1.55599
-1.55598
-1.55597
-1.55595
-1.55594
-1.55593
-1.55592
-1.5559
-1.55589
-1.55588
-1.55587
-1.55585
-1.55584
-1.55583
-1.55581
-1.5558
-1.55579
-1.55578
-1.55576
-1.55575
-1.55574
-1.55573
-1.55572
-1.55571
-1.55569
-1.55568
-1.55567
-1.55566
-1.55565
-1.55564
-1.55563
-1.55562
-1.55561
-1.55561
-1.5556
-1.55559
-1.55558
-1.55557
-1.55556
-1.55556
-1.55555
-1.55554
-1.55553
-1.55553
-1.57929
-1.57921
-1.57914
-1.57908
-1.57902
-1.57897
-1.57893
-1.57888
-1.57884
-1.57881
-1.57877
-1.57874
-1.57871
-1.57868
-1.57865
-1.57862
-1.5786
-1.57858
-1.57855
-1.57853
-1.57851
-1.57849
-1.57847
-1.57845
-1.57843
-1.57841
-1.57839
-1.57837
-1.57835
-1.57834
-1.57832
-1.57831
-1.57829
-1.57827
-1.57826
-1.57824
-1.57823
-1.57821
-1.5782
-1.57819
-1.57817
-1.57816
-1.57815
-1.57813
-1.57812
-1.57811
-1.5781
-1.57809
-1.57808
-1.57807
-1.6002
-1.60023
-1.60026
-1.60028
-1.6003
-1.60032
-1.60034
-1.60035
-1.60036
-1.60038
-1.60039
-1.60039
-1.6004
-1.60041
-1.60041
-1.60042
-1.60042
-1.60042
-1.60042
-1.60043
-1.60043
-1.60043
-1.60042
-1.60042
-1.60042
-1.60042
-1.60042
-1.60041
-1.60041
-1.60041
-1.6004
-1.6004
-1.60039
-1.60039
-1.60038
-1.60038
-1.60037
-1.60036
-1.60036
-1.60035
-1.60035
-1.60034
-1.60034
-1.60033
-1.60033
-1.60032
-1.60032
-1.60031
-1.6003
-1.6003
-1.62363
-1.62363
-1.62361
-1.6236
-1.62358
-1.62356
-1.62354
-1.62352
-1.62349
-1.62347
-1.62345
-1.62342
-1.6234
-1.62338
-1.62335
-1.62333
-1.62331
-1.62328
-1.62326
-1.62324
-1.62322
-1.6232
-1.62318
-1.62316
-1.62314
-1.62312
-1.62311
-1.62309
-1.62307
-1.62305
-1.62304
-1.62302
-1.62301
-1.62299
-1.62298
-1.62296
-1.62295
-1.62294
-1.62292
-1.62291
-1.6229
-1.62289
-1.62288
-1.62286
-1.62285
-1.62284
-1.62283
-1.62282
-1.62281
-1.6228
-1.64556
-1.64553
-1.64551
-1.64548
-1.64546
-1.64544
-1.64542
-1.6454
-1.64538
-1.64537
-1.64535
-1.64533
-1.64532
-1.64531
-1.64529
-1.64528
-1.64527
-1.64526
-1.64525
-1.64524
-1.64523
-1.64522
-1.64521
-1.6452
-1.64519
-1.64518
-1.64517
-1.64516
-1.64516
-1.64515
-1.64514
-1.64513
-1.64513
-1.64512
-1.64511
-1.64511
-1.6451
-1.64509
-1.64509
-1.64508
-1.64507
-1.64507
-1.64506
-1.64506
-1.64505
-1.64504
-1.64504
-1.64503
-1.64503
-1.64502
-1.66749
-1.66749
-1.66749
-1.66749
-1.66749
-1.66749
-1.66749
-1.66749
-1.6675
-1.6675
-1.6675
-1.6675
-1.6675
-1.6675
-1.6675
-1.6675
-1.6675
-1.6675
-1.6675
-1.6675
-1.6675
-1.6675
-1.6675
-1.66749
-1.66749
-1.66749
-1.66749
-1.66749
-1.66748
-1.66748
-1.66748
-1.66748
-1.66747
-1.66747
-1.66747
-1.66746
-1.66746
-1.66746
-1.66745
-1.66745
-1.66744
-1.66744
-1.66744
-1.66743
-1.66743
-1.66743
-1.66742
-1.66742
-1.66741
-1.66741
-1.68996
-1.68995
-1.68994
-1.68992
-1.6899
-1.68988
-1.68987
-1.68986
-1.68985
-1.68984
-1.68983
-1.68982
-1.68981
-1.6898
-1.6898
-1.68979
-1.68979
-1.68978
-1.68978
-1.68977
-1.68977
-1.68977
-1.68976
-1.68976
-1.68976
-1.68975
-1.68975
-1.68975
-1.68975
-1.68974
-1.68974
-1.68974
-1.68974
-1.68973
-1.68973
-1.68973
-1.68973
-1.68972
-1.68972
-1.68972
-1.68972
-1.68971
-1.68971
-1.68971
-1.68971
-1.6897
-1.6897
-1.6897
-1.6897
-1.68969
-1.71192
-1.71191
-1.71208
-1.71209
-1.71209
-1.71208
-1.71208
-1.71208
-1.71208
-1.71208
-1.71208
-1.71209
-1.71209
-1.71209
-1.71209
-1.71209
-1.71209
-1.71209
-1.71209
-1.71209
-1.71209
-1.71209
-1.71209
-1.71209
-1.71209
-1.71209
-1.71209
-1.71209
-1.71209
-1.71209
-1.71209
-1.71209
-1.71209
-1.71209
-1.71209
-1.71209
-1.71209
-1.71209
-1.71209
-1.71209
-1.71208
-1.71208
-1.71208
-1.71208
-1.71208
-1.71208
-1.71208
-1.71207
-1.71207
-1.71207
-1.73367
-1.73356
-1.73396
-1.7342
-1.7342
-1.7342
-1.73421
-1.73422
-1.73423
-1.73424
-1.73425
-1.73426
-1.73426
-1.73427
-1.73428
-1.73429
-1.7343
-1.7343
-1.73431
-1.73431
-1.73432
-1.73433
-1.73433
-1.73434
-1.73434
-1.73434
-1.73435
-1.73435
-1.73435
-1.73436
-1.73436
-1.73436
-1.73436
-1.73437
-1.73437
-1.73437
-1.73437
-1.73437
-1.73437
-1.73438
-1.73438
-1.73438
-1.73438
-1.73438
-1.73438
-1.73438
-1.73438
-1.73438
-1.73438
-1.73438
-1.74214
-1.75708
-1.75733
-1.757
-1.75704
-1.75707
-1.75705
-1.75703
-1.75702
-1.75702
-1.75701
-1.757
-1.75699
-1.75698
-1.75697
-1.75696
-1.75695
-1.75694
-1.75693
-1.75692
-1.75691
-1.75691
-1.7569
-1.75689
-1.75689
-1.75688
-1.75688
-1.75687
-1.75687
-1.75686
-1.75686
-1.75685
-1.75685
-1.75684
-1.75684
-1.75684
-1.75683
-1.75683
-1.75683
-1.75682
-1.75682
-1.75682
-1.75681
-1.75681
-1.75681
-1.7568
-1.7568
-1.7568
-1.7568
-1.75679
-1.53467
-1.76442
-1.77689
-1.77857
-1.77887
-1.77894
-1.77895
-1.77898
-1.77903
-1.77906
-1.77908
-1.77909
-1.77911
-1.77911
-1.77912
-1.77913
-1.77913
-1.77914
-1.77914
-1.77914
-1.77914
-1.77914
-1.77915
-1.77915
-1.77915
-1.77915
-1.77915
-1.77915
-1.77915
-1.77915
-1.77915
-1.77915
-1.77915
-1.77915
-1.77915
-1.77915
-1.77914
-1.77914
-1.77914
-1.77914
-1.77914
-1.77914
-1.77914
-1.77914
-1.77914
-1.77913
-1.77913
-1.77913
-1.77913
-1.77913
-1.35365
-1.35366
-1.35366
-1.35366
-1.35366
-1.35366
-1.35366
-1.35366
-1.35366
-1.35366
-1.35366
-1.35366
-1.35367
-1.35367
-1.35367
-1.35367
-1.35367
-1.35367
-1.35367
-1.35367
-1.35367
-1.35367
-1.35367
-1.35367
-1.35368
-1.35368
-1.35368
-1.35368
-1.35368
-1.35368
-1.35368
-1.35368
-1.35368
-1.35368
-1.35368
-1.35368
-1.35369
-1.35369
-1.35369
-1.35369
-1.35369
-1.35369
-1.35369
-1.35369
-1.35369
-1.35369
-1.35369
-1.35369
-1.3537
-1.3537
-1.3537
-1.3537
-1.3537
-1.3537
-1.3537
-1.3537
-1.3537
-1.3537
-1.3537
-1.3537
-1.3537
-1.35371
-1.35371
-1.35371
-1.35371
-1.35371
-1.35371
-1.35371
-1.35371
-1.35371
-1.35371
-1.35371
-1.35371
-1.35371
-1.35371
-1.35372
-1.35372
-1.35372
-1.35372
-1.35372
-1.35372
-1.35372
-1.35372
-1.35372
-1.35372
-1.35372
-1.35372
-1.35372
-1.35372
-1.35372
-1.35372
-1.35372
-1.35372
-1.35373
-1.35373
-1.35373
-1.35373
-1.35373
-1.35373
-1.35373
-1.35373
-1.35373
-1.35373
-1.35373
-1.35373
-1.35373
-1.35373
-1.35373
-1.35373
-1.35373
-1.35373
-1.35373
-1.35373
-1.35373
-1.35373
-1.35373
-1.35373
-1.35374
-1.35374
-1.35374
-1.35374
-1.35374
-1.35374
-1.35374
-1.35374
-1.35374
-1.35374
-1.35374
-1.35374
-1.35374
-1.35374
-1.35374
-1.35374
-1.35374
-1.35374
-1.35374
-1.35374
-1.35374
-1.35374
-1.35374
-1.35374
-1.35374
-1.35374
-1.35374
-1.35374
-1.35374
-1.35374
-1.35374
-1.35374
-1.35374
-1.35374
-1.35374
-1.35374
-1.35374
-1.35374
-1.35374
-1.35374
-1.35374
-1.35374
-1.35374
-1.35374
-1.35374
-1.35374
-1.35374
-1.35374
-1.35374
-1.35374
-1.35374
-1.35374
-1.35374
-1.35374
-1.35374
-1.35374
-1.35374
-1.35374
-1.35374
-1.35374
-1.35374
-1.35374
-1.35374
-1.35374
-1.35374
-1.35374
-1.35374
-1.35374
-1.35374
-1.35374
-1.35374
-1.35374
-1.35374
-1.35374
-1.35374
-1.35374
-1.35374
-1.35374
-1.35374
-1.35374
-1.35374
-1.35374
-1.35374
-1.35374
-1.35374
-1.35374
-1.35374
-1.35374
-1.35374
-1.35374
-1.35374
-1.35374
-1.35374
-1.35374
-1.35374
-1.35374
-1.35374
-1.35374
-1.35374
-1.35374
-1.35374
-1.35374
-1.35374
-1.35374
-1.35374
-1.35374
-1.35374
-1.35374
-1.35374
-1.35374
-1.35374
-1.35374
-1.35374
-1.35374
-1.35374
-1.35374
-1.35374
-1.35374
-1.35374
-1.35374
-1.35374
-1.35374
-1.35374
-1.35374
-1.35374
-1.35374
-1.35374
-1.35374
-1.35374
-1.35374
-1.35374
-1.35374
-1.35374
-1.35374
-1.35374
-1.35374
-1.35374
-1.35374
-1.35374
-1.35374
-1.35374
-1.35374
-1.35374
-1.35374
-1.35374
-1.35374
-1.35374
-1.35374
-1.35374
-1.35374
-1.35374
-1.35374
-1.35374
-1.35374
-1.35374
-1.35374
-1.35374
-1.35374
-1.35374
-1.35374
-1.35374
-1.35374
-1.35374
-1.35374
-1.35374
-1.35374
-1.35374
-1.35374
-1.35374
-1.35374
-1.35374
-1.35374
-1.35374
-1.35374
-1.35374
-1.35374
-1.35374
-1.35374
-1.35374
-1.35374
-1.35374
-1.35374
-1.35374
-1.37603
-1.37604
-1.37604
-1.37604
-1.37604
-1.37604
-1.37604
-1.37604
-1.37604
-1.37604
-1.37604
-1.37605
-1.37605
-1.37605
-1.37605
-1.37605
-1.37605
-1.37605
-1.37605
-1.37605
-1.37605
-1.37605
-1.37606
-1.37606
-1.37606
-1.37606
-1.37606
-1.37606
-1.37606
-1.37606
-1.37606
-1.37606
-1.37606
-1.37607
-1.37607
-1.37607
-1.37607
-1.37607
-1.37607
-1.37607
-1.37607
-1.37607
-1.37607
-1.37607
-1.37608
-1.37608
-1.37608
-1.37608
-1.37608
-1.37608
-1.37608
-1.37608
-1.37608
-1.37608
-1.37608
-1.37608
-1.37609
-1.37609
-1.37609
-1.37609
-1.37609
-1.37609
-1.37609
-1.37609
-1.37609
-1.37609
-1.37609
-1.37609
-1.37609
-1.37609
-1.3761
-1.3761
-1.3761
-1.3761
-1.3761
-1.3761
-1.3761
-1.3761
-1.3761
-1.3761
-1.3761
-1.3761
-1.3761
-1.3761
-1.3761
-1.3761
-1.3761
-1.37611
-1.37611
-1.37611
-1.37611
-1.37611
-1.37611
-1.37611
-1.37611
-1.37611
-1.37611
-1.37611
-1.37611
-1.37611
-1.37611
-1.37611
-1.37611
-1.37611
-1.37611
-1.37611
-1.37611
-1.37611
-1.37611
-1.37612
-1.37612
-1.37612
-1.37612
-1.37612
-1.37612
-1.37612
-1.37612
-1.37612
-1.37612
-1.37612
-1.37612
-1.37612
-1.37612
-1.37612
-1.37612
-1.37612
-1.37612
-1.37612
-1.37612
-1.37612
-1.37612
-1.37612
-1.37612
-1.37612
-1.37612
-1.37612
-1.37612
-1.37612
-1.37612
-1.37612
-1.37612
-1.37612
-1.37612
-1.37612
-1.37612
-1.37612
-1.37612
-1.37612
-1.37612
-1.37612
-1.37612
-1.37612
-1.37612
-1.37612
-1.37612
-1.37612
-1.37612
-1.37612
-1.37612
-1.37612
-1.37612
-1.37612
-1.37612
-1.37612
-1.37612
-1.37612
-1.37612
-1.37612
-1.37612
-1.37612
-1.37612
-1.37612
-1.37612
-1.37612
-1.37612
-1.37612
-1.37612
-1.37612
-1.37612
-1.37612
-1.37612
-1.37612
-1.37612
-1.37612
-1.37612
-1.37612
-1.37612
-1.37612
-1.37612
-1.37612
-1.37612
-1.37612
-1.37612
-1.37612
-1.37612
-1.37612
-1.37612
-1.37612
-1.37612
-1.37612
-1.37612
-1.37612
-1.37612
-1.37612
-1.37612
-1.37612
-1.37612
-1.37612
-1.37612
-1.37612
-1.37612
-1.37612
-1.37612
-1.37612
-1.37612
-1.37612
-1.37612
-1.37612
-1.37612
-1.37612
-1.37612
-1.37612
-1.37612
-1.37612
-1.37612
-1.37612
-1.37612
-1.37612
-1.37612
-1.37612
-1.37612
-1.37611
-1.37611
-1.37611
-1.37611
-1.37611
-1.37611
-1.37611
-1.37611
-1.37611
-1.37611
-1.37611
-1.37611
-1.37611
-1.37611
-1.37611
-1.37611
-1.37611
-1.37611
-1.37611
-1.37611
-1.37611
-1.37611
-1.37611
-1.37611
-1.37611
-1.37611
-1.37611
-1.37611
-1.37611
-1.37611
-1.37611
-1.37611
-1.37611
-1.37611
-1.37611
-1.37611
-1.37611
-1.37611
-1.37611
-1.37611
-1.37611
-1.37611
-1.37611
-1.37611
-1.37611
-1.37611
-1.37611
-1.37611
-1.37611
-1.37611
-1.37611
-1.37611
-1.37611
-1.37611
-1.37611
-1.37611
-1.37611
-1.37611
-1.37611
-1.37611
-1.37611
-1.37611
-1.37611
-1.37611
-1.37611
-1.37611
-1.37611
-1.37611
-1.37611
-1.39841
-1.39841
-1.39841
-1.39842
-1.39842
-1.39842
-1.39842
-1.39842
-1.39842
-1.39842
-1.39843
-1.39843
-1.39843
-1.39843
-1.39843
-1.39843
-1.39843
-1.39844
-1.39844
-1.39844
-1.39844
-1.39844
-1.39844
-1.39844
-1.39844
-1.39845
-1.39845
-1.39845
-1.39845
-1.39845
-1.39845
-1.39845
-1.39845
-1.39846
-1.39846
-1.39846
-1.39846
-1.39846
-1.39846
-1.39846
-1.39846
-1.39846
-1.39846
-1.39847
-1.39847
-1.39847
-1.39847
-1.39847
-1.39847
-1.39847
-1.39847
-1.39847
-1.39847
-1.39848
-1.39848
-1.39848
-1.39848
-1.39848
-1.39848
-1.39848
-1.39848
-1.39848
-1.39848
-1.39848
-1.39848
-1.39848
-1.39849
-1.39849
-1.39849
-1.39849
-1.39849
-1.39849
-1.39849
-1.39849
-1.39849
-1.39849
-1.39849
-1.39849
-1.39849
-1.39849
-1.39849
-1.39849
-1.3985
-1.3985
-1.3985
-1.3985
-1.3985
-1.3985
-1.3985
-1.3985
-1.3985
-1.3985
-1.3985
-1.3985
-1.3985
-1.3985
-1.3985
-1.3985
-1.3985
-1.3985
-1.3985
-1.3985
-1.3985
-1.3985
-1.3985
-1.3985
-1.3985
-1.3985
-1.3985
-1.3985
-1.3985
-1.3985
-1.3985
-1.39851
-1.39851
-1.39851
-1.39851
-1.39851
-1.39851
-1.39851
-1.39851
-1.39851
-1.39851
-1.39851
-1.39851
-1.39851
-1.39851
-1.39851
-1.39851
-1.39851
-1.39851
-1.39851
-1.39851
-1.39851
-1.39851
-1.39851
-1.39851
-1.39851
-1.39851
-1.39851
-1.39851
-1.39851
-1.39851
-1.39851
-1.39851
-1.39851
-1.39851
-1.39851
-1.39851
-1.39851
-1.39851
-1.39851
-1.39851
-1.39851
-1.39851
-1.39851
-1.39851
-1.39851
-1.39851
-1.39851
-1.39851
-1.39851
-1.39851
-1.39851
-1.39851
-1.3985
-1.3985
-1.3985
-1.3985
-1.3985
-1.3985
-1.3985
-1.3985
-1.3985
-1.3985
-1.3985
-1.3985
-1.3985
-1.3985
-1.3985
-1.3985
-1.3985
-1.3985
-1.3985
-1.3985
-1.3985
-1.3985
-1.3985
-1.3985
-1.3985
-1.3985
-1.3985
-1.3985
-1.3985
-1.3985
-1.3985
-1.3985
-1.3985
-1.3985
-1.3985
-1.3985
-1.3985
-1.3985
-1.3985
-1.3985
-1.3985
-1.3985
-1.3985
-1.3985
-1.3985
-1.3985
-1.3985
-1.3985
-1.39849
-1.39849
-1.39849
-1.39849
-1.39849
-1.39849
-1.39849
-1.39849
-1.39849
-1.39849
-1.39849
-1.39849
-1.39849
-1.39849
-1.39849
-1.39849
-1.39849
-1.39849
-1.39849
-1.39849
-1.39849
-1.39849
-1.39849
-1.39849
-1.39849
-1.39849
-1.39849
-1.39849
-1.39849
-1.39849
-1.39849
-1.39849
-1.39849
-1.39849
-1.39849
-1.39849
-1.39849
-1.39849
-1.39849
-1.39849
-1.39849
-1.39849
-1.39849
-1.39849
-1.39849
-1.39849
-1.39849
-1.39849
-1.39849
-1.39848
-1.39848
-1.39848
-1.39848
-1.39848
-1.39848
-1.39848
-1.39848
-1.39848
-1.39848
-1.39848
-1.39848
-1.39848
-1.39848
-1.39848
-1.39848
-1.39848
-1.39848
-1.39848
-1.39848
-1.39848
-1.39848
-1.39848
-1.39848
-1.39848
-1.39848
-1.39848
-1.39848
-1.39848
-1.39848
-1.39848
-1.39848
-1.39848
-1.39849
-1.39849
-1.39849
-1.39849
-1.39849
-1.42082
-1.4208
-1.42081
-1.42082
-1.42082
-1.42082
-1.42082
-1.42082
-1.42082
-1.42082
-1.42082
-1.42083
-1.42083
-1.42083
-1.42083
-1.42083
-1.42083
-1.42083
-1.42083
-1.42084
-1.42084
-1.42084
-1.42084
-1.42084
-1.42084
-1.42084
-1.42084
-1.42084
-1.42085
-1.42085
-1.42085
-1.42085
-1.42085
-1.42085
-1.42085
-1.42085
-1.42085
-1.42085
-1.42086
-1.42086
-1.42086
-1.42086
-1.42086
-1.42086
-1.42086
-1.42086
-1.42086
-1.42086
-1.42086
-1.42086
-1.42087
-1.42087
-1.42087
-1.42087
-1.42087
-1.42087
-1.42087
-1.42087
-1.42087
-1.42087
-1.42087
-1.42087
-1.42087
-1.42087
-1.42087
-1.42088
-1.42088
-1.42088
-1.42088
-1.42088
-1.42088
-1.42088
-1.42088
-1.42088
-1.42088
-1.42088
-1.42088
-1.42088
-1.42088
-1.42088
-1.42088
-1.42088
-1.42088
-1.42088
-1.42088
-1.42088
-1.42088
-1.42089
-1.42089
-1.42089
-1.42089
-1.42089
-1.42089
-1.42089
-1.42089
-1.42089
-1.42089
-1.42089
-1.42089
-1.42089
-1.42089
-1.42089
-1.42089
-1.42089
-1.42089
-1.42089
-1.42089
-1.42089
-1.42089
-1.42089
-1.42089
-1.42089
-1.42089
-1.42089
-1.42089
-1.42089
-1.42089
-1.42089
-1.42089
-1.42089
-1.42089
-1.42089
-1.42089
-1.42089
-1.42089
-1.42089
-1.42089
-1.42089
-1.42089
-1.42089
-1.42089
-1.42089
-1.42089
-1.42089
-1.42089
-1.42089
-1.42089
-1.42089
-1.42089
-1.42089
-1.42089
-1.42089
-1.42089
-1.42089
-1.42089
-1.42089
-1.42089
-1.42089
-1.42089
-1.42089
-1.42089
-1.42089
-1.42089
-1.42089
-1.42089
-1.42089
-1.42089
-1.42089
-1.42089
-1.42089
-1.42089
-1.42089
-1.42089
-1.42089
-1.42089
-1.42089
-1.42089
-1.42089
-1.42089
-1.42088
-1.42088
-1.42088
-1.42088
-1.42088
-1.42088
-1.42088
-1.42088
-1.42088
-1.42088
-1.42088
-1.42088
-1.42088
-1.42088
-1.42088
-1.42088
-1.42088
-1.42088
-1.42088
-1.42088
-1.42088
-1.42088
-1.42088
-1.42088
-1.42088
-1.42088
-1.42088
-1.42088
-1.42088
-1.42088
-1.42088
-1.42088
-1.42088
-1.42088
-1.42087
-1.42087
-1.42087
-1.42087
-1.42087
-1.42087
-1.42087
-1.42087
-1.42087
-1.42087
-1.42087
-1.42087
-1.42087
-1.42087
-1.42087
-1.42087
-1.42087
-1.42087
-1.42087
-1.42087
-1.42087
-1.42087
-1.42087
-1.42087
-1.42087
-1.42087
-1.42087
-1.42087
-1.42087
-1.42087
-1.42087
-1.42087
-1.42087
-1.42086
-1.42086
-1.42086
-1.42086
-1.42086
-1.42086
-1.42086
-1.42086
-1.42086
-1.42086
-1.42086
-1.42086
-1.42086
-1.42086
-1.42086
-1.42086
-1.42086
-1.42086
-1.42086
-1.42086
-1.42086
-1.42086
-1.42086
-1.42086
-1.42086
-1.42086
-1.42086
-1.42086
-1.42086
-1.42086
-1.42086
-1.42086
-1.42086
-1.42086
-1.42086
-1.42086
-1.42086
-1.42086
-1.42086
-1.42086
-1.42086
-1.42086
-1.42086
-1.42086
-1.42086
-1.42086
-1.42086
-1.42086
-1.42086
-1.42086
-1.42086
-1.42086
-1.42086
-1.42086
-1.42086
-1.42086
-1.42086
-1.42086
-1.42086
-1.42086
-1.42086
-1.42086
-1.42086
-1.42086
-1.44321
-1.44322
-1.44322
-1.44322
-1.44322
-1.44322
-1.44323
-1.44323
-1.44323
-1.44323
-1.44323
-1.44324
-1.44324
-1.44324
-1.44324
-1.44324
-1.44324
-1.44325
-1.44325
-1.44325
-1.44325
-1.44325
-1.44325
-1.44325
-1.44325
-1.44326
-1.44326
-1.44326
-1.44326
-1.44326
-1.44326
-1.44326
-1.44326
-1.44327
-1.44327
-1.44327
-1.44327
-1.44327
-1.44327
-1.44327
-1.44327
-1.44327
-1.44327
-1.44327
-1.44327
-1.44328
-1.44328
-1.44328
-1.44328
-1.44328
-1.44328
-1.44328
-1.44328
-1.44328
-1.44328
-1.44328
-1.44328
-1.44328
-1.44328
-1.44328
-1.44328
-1.44328
-1.44328
-1.44328
-1.44329
-1.44329
-1.44329
-1.44329
-1.44329
-1.44329
-1.44329
-1.44329
-1.44329
-1.44329
-1.44329
-1.44329
-1.44329
-1.44329
-1.44329
-1.44329
-1.44329
-1.44329
-1.44329
-1.44329
-1.44329
-1.44329
-1.44329
-1.44329
-1.44329
-1.44329
-1.44329
-1.44329
-1.44329
-1.44329
-1.44329
-1.44329
-1.44329
-1.44329
-1.44329
-1.44329
-1.44329
-1.44329
-1.44329
-1.44329
-1.44329
-1.44329
-1.44329
-1.44329
-1.44329
-1.44329
-1.44329
-1.44329
-1.44329
-1.44329
-1.44328
-1.44328
-1.44328
-1.44328
-1.44328
-1.44328
-1.44328
-1.44328
-1.44328
-1.44328
-1.44328
-1.44328
-1.44328
-1.44328
-1.44328
-1.44328
-1.44328
-1.44328
-1.44328
-1.44328
-1.44328
-1.44328
-1.44328
-1.44328
-1.44328
-1.44328
-1.44328
-1.44328
-1.44328
-1.44328
-1.44328
-1.44328
-1.44328
-1.44328
-1.44327
-1.44327
-1.44327
-1.44327
-1.44327
-1.44327
-1.44327
-1.44327
-1.44327
-1.44327
-1.44327
-1.44327
-1.44327
-1.44327
-1.44327
-1.44327
-1.44327
-1.44327
-1.44327
-1.44327
-1.44327
-1.44327
-1.44327
-1.44327
-1.44327
-1.44327
-1.44326
-1.44326
-1.44326
-1.44326
-1.44326
-1.44326
-1.44326
-1.44326
-1.44326
-1.44326
-1.44326
-1.44326
-1.44326
-1.44326
-1.44326
-1.44326
-1.44326
-1.44326
-1.44326
-1.44326
-1.44326
-1.44326
-1.44326
-1.44326
-1.44325
-1.44325
-1.44325
-1.44325
-1.44325
-1.44325
-1.44325
-1.44325
-1.44325
-1.44325
-1.44325
-1.44325
-1.44325
-1.44325
-1.44325
-1.44325
-1.44325
-1.44325
-1.44325
-1.44325
-1.44325
-1.44325
-1.44325
-1.44325
-1.44325
-1.44324
-1.44324
-1.44324
-1.44324
-1.44324
-1.44324
-1.44324
-1.44324
-1.44324
-1.44324
-1.44324
-1.44324
-1.44324
-1.44324
-1.44324
-1.44324
-1.44324
-1.44324
-1.44324
-1.44324
-1.44324
-1.44324
-1.44324
-1.44324
-1.44324
-1.44324
-1.44324
-1.44324
-1.44324
-1.44323
-1.44323
-1.44323
-1.44323
-1.44323
-1.44323
-1.44323
-1.44323
-1.44323
-1.44323
-1.44323
-1.44323
-1.44323
-1.44323
-1.44323
-1.44323
-1.44323
-1.44323
-1.44323
-1.44323
-1.44323
-1.44323
-1.44323
-1.44323
-1.44323
-1.44323
-1.44323
-1.44323
-1.44323
-1.44323
-1.44323
-1.44323
-1.44323
-1.44323
-1.44323
-1.44323
-1.44323
-1.44323
-1.44323
-1.44323
-1.44323
-1.44323
-1.44323
-1.44323
-1.44323
-1.44323
-1.44323
-1.44323
-1.46564
-1.46564
-1.46565
-1.46565
-1.46565
-1.46565
-1.46565
-1.46565
-1.46565
-1.46565
-1.46566
-1.46566
-1.46566
-1.46566
-1.46566
-1.46566
-1.46566
-1.46566
-1.46566
-1.46567
-1.46567
-1.46567
-1.46567
-1.46567
-1.46567
-1.46567
-1.46567
-1.46567
-1.46567
-1.46567
-1.46567
-1.46567
-1.46567
-1.46567
-1.46568
-1.46568
-1.46568
-1.46568
-1.46568
-1.46568
-1.46568
-1.46568
-1.46568
-1.46568
-1.46568
-1.46568
-1.46568
-1.46568
-1.46568
-1.46568
-1.46568
-1.46568
-1.46568
-1.46568
-1.46568
-1.46568
-1.46568
-1.46568
-1.46568
-1.46568
-1.46568
-1.46568
-1.46568
-1.46568
-1.46568
-1.46568
-1.46568
-1.46568
-1.46568
-1.46568
-1.46568
-1.46568
-1.46568
-1.46568
-1.46568
-1.46568
-1.46568
-1.46568
-1.46568
-1.46568
-1.46568
-1.46568
-1.46568
-1.46568
-1.46568
-1.46568
-1.46568
-1.46568
-1.46568
-1.46568
-1.46568
-1.46568
-1.46568
-1.46568
-1.46568
-1.46568
-1.46568
-1.46568
-1.46568
-1.46568
-1.46568
-1.46568
-1.46567
-1.46567
-1.46567
-1.46567
-1.46567
-1.46567
-1.46567
-1.46567
-1.46567
-1.46567
-1.46567
-1.46567
-1.46567
-1.46567
-1.46567
-1.46567
-1.46567
-1.46567
-1.46567
-1.46567
-1.46567
-1.46567
-1.46567
-1.46567
-1.46567
-1.46567
-1.46567
-1.46567
-1.46567
-1.46566
-1.46566
-1.46566
-1.46566
-1.46566
-1.46566
-1.46566
-1.46566
-1.46566
-1.46566
-1.46566
-1.46566
-1.46566
-1.46566
-1.46566
-1.46566
-1.46566
-1.46566
-1.46566
-1.46566
-1.46566
-1.46566
-1.46566
-1.46565
-1.46565
-1.46565
-1.46565
-1.46565
-1.46565
-1.46565
-1.46565
-1.46565
-1.46565
-1.46565
-1.46565
-1.46565
-1.46565
-1.46565
-1.46565
-1.46565
-1.46565
-1.46565
-1.46565
-1.46564
-1.46564
-1.46564
-1.46564
-1.46564
-1.46564
-1.46564
-1.46564
-1.46564
-1.46564
-1.46564
-1.46564
-1.46564
-1.46564
-1.46564
-1.46564
-1.46564
-1.46564
-1.46564
-1.46564
-1.46563
-1.46563
-1.46563
-1.46563
-1.46563
-1.46563
-1.46563
-1.46563
-1.46563
-1.46563
-1.46563
-1.46563
-1.46563
-1.46563
-1.46563
-1.46563
-1.46563
-1.46563
-1.46563
-1.46563
-1.46562
-1.46562
-1.46562
-1.46562
-1.46562
-1.46562
-1.46562
-1.46562
-1.46562
-1.46562
-1.46562
-1.46562
-1.46562
-1.46562
-1.46562
-1.46562
-1.46562
-1.46562
-1.46562
-1.46562
-1.46562
-1.46562
-1.46561
-1.46561
-1.46561
-1.46561
-1.46561
-1.46561
-1.46561
-1.46561
-1.46561
-1.46561
-1.46561
-1.46561
-1.46561
-1.46561
-1.46561
-1.46561
-1.46561
-1.46561
-1.46561
-1.46561
-1.46561
-1.46561
-1.46561
-1.46561
-1.46561
-1.46561
-1.46561
-1.46561
-1.46561
-1.4656
-1.4656
-1.4656
-1.4656
-1.4656
-1.4656
-1.4656
-1.4656
-1.4656
-1.4656
-1.4656
-1.4656
-1.4656
-1.4656
-1.4656
-1.4656
-1.4656
-1.4656
-1.4656
-1.4656
-1.4656
-1.4656
-1.4656
-1.4656
-1.4656
-1.4656
-1.4656
-1.4656
-1.4656
-1.4656
-1.4656
-1.4656
-1.4656
-1.4656
-1.4656
-1.48815
-1.48815
-1.48815
-1.48815
-1.48815
-1.48815
-1.48815
-1.48815
-1.48815
-1.48815
-1.48815
-1.48815
-1.48815
-1.48815
-1.48815
-1.48815
-1.48815
-1.48814
-1.48814
-1.48814
-1.48814
-1.48814
-1.48814
-1.48814
-1.48814
-1.48814
-1.48814
-1.48814
-1.48814
-1.48814
-1.48814
-1.48814
-1.48814
-1.48814
-1.48814
-1.48814
-1.48814
-1.48814
-1.48813
-1.48813
-1.48813
-1.48813
-1.48813
-1.48813
-1.48813
-1.48813
-1.48813
-1.48813
-1.48813
-1.48813
-1.48813
-1.48813
-1.48812
-1.48812
-1.48812
-1.48812
-1.48812
-1.48812
-1.48812
-1.48812
-1.48812
-1.48812
-1.48812
-1.48812
-1.48811
-1.48811
-1.48811
-1.48811
-1.48811
-1.48811
-1.48811
-1.48811
-1.48811
-1.48811
-1.48811
-1.4881
-1.4881
-1.4881
-1.4881
-1.4881
-1.4881
-1.4881
-1.4881
-1.4881
-1.4881
-1.4881
-1.48809
-1.48809
-1.48809
-1.48809
-1.48809
-1.48809
-1.48809
-1.48809
-1.48809
-1.48809
-1.48809
-1.48809
-1.48808
-1.48808
-1.48808
-1.48808
-1.48808
-1.48808
-1.48808
-1.48808
-1.48808
-1.48808
-1.48808
-1.48807
-1.48807
-1.48807
-1.48807
-1.48807
-1.48807
-1.48807
-1.48807
-1.48807
-1.48807
-1.48807
-1.48807
-1.48807
-1.48806
-1.48806
-1.48806
-1.48806
-1.48806
-1.48806
-1.48806
-1.48806
-1.48806
-1.48806
-1.48806
-1.48806
-1.48805
-1.48805
-1.48805
-1.48805
-1.48805
-1.48805
-1.48805
-1.48805
-1.48805
-1.48805
-1.48805
-1.48805
-1.48805
-1.48805
-1.48804
-1.48804
-1.48804
-1.48804
-1.48804
-1.48804
-1.48804
-1.48804
-1.48804
-1.48804
-1.48804
-1.48804
-1.48804
-1.48804
-1.48803
-1.48803
-1.48803
-1.48803
-1.48803
-1.48803
-1.48803
-1.48803
-1.48803
-1.48803
-1.48803
-1.48803
-1.48803
-1.48803
-1.48802
-1.48802
-1.48802
-1.48802
-1.48802
-1.48802
-1.48802
-1.48802
-1.48802
-1.48802
-1.48802
-1.48802
-1.48802
-1.48802
-1.48802
-1.48802
-1.48801
-1.48801
-1.48801
-1.48801
-1.48801
-1.48801
-1.48801
-1.48801
-1.48801
-1.48801
-1.48801
-1.48801
-1.48801
-1.48801
-1.48801
-1.48801
-1.488
-1.488
-1.488
-1.488
-1.488
-1.488
-1.488
-1.488
-1.488
-1.488
-1.488
-1.488
-1.488
-1.488
-1.488
-1.488
-1.488
-1.48799
-1.48799
-1.48799
-1.48799
-1.48799
-1.48799
-1.48799
-1.48799
-1.48799
-1.48799
-1.48799
-1.48799
-1.48799
-1.48799
-1.48799
-1.48799
-1.48799
-1.48799
-1.48799
-1.48799
-1.48799
-1.48798
-1.48798
-1.48798
-1.48798
-1.48798
-1.48798
-1.48798
-1.48798
-1.48798
-1.48798
-1.48798
-1.48798
-1.48798
-1.48798
-1.48798
-1.48798
-1.48798
-1.48798
-1.48798
-1.48798
-1.48798
-1.48798
-1.48798
-1.48798
-1.48798
-1.48798
-1.48798
-1.48798
-1.48798
-1.48798
-1.48797
-1.48797
-1.48797
-1.48797
-1.48797
-1.48797
-1.48797
-1.48797
-1.48797
-1.48797
-1.48797
-1.48797
-1.48797
-1.48797
-1.48797
-1.48797
-1.48797
-1.48797
-1.48797
-1.48797
-1.48797
-1.48797
-1.48797
-1.48797
-1.5106
-1.5106
-1.5106
-1.5106
-1.5106
-1.51059
-1.51059
-1.51059
-1.51059
-1.51059
-1.51059
-1.51058
-1.51058
-1.51058
-1.51058
-1.51058
-1.51058
-1.51057
-1.51057
-1.51057
-1.51057
-1.51057
-1.51057
-1.51056
-1.51056
-1.51056
-1.51056
-1.51056
-1.51056
-1.51056
-1.51055
-1.51055
-1.51055
-1.51055
-1.51055
-1.51055
-1.51055
-1.51054
-1.51054
-1.51054
-1.51054
-1.51054
-1.51054
-1.51054
-1.51053
-1.51053
-1.51053
-1.51053
-1.51053
-1.51053
-1.51053
-1.51052
-1.51052
-1.51052
-1.51052
-1.51052
-1.51052
-1.51052
-1.51052
-1.51051
-1.51051
-1.51051
-1.51051
-1.51051
-1.51051
-1.51051
-1.51051
-1.5105
-1.5105
-1.5105
-1.5105
-1.5105
-1.5105
-1.5105
-1.5105
-1.5105
-1.51049
-1.51049
-1.51049
-1.51049
-1.51049
-1.51049
-1.51049
-1.51049
-1.51048
-1.51048
-1.51048
-1.51048
-1.51048
-1.51048
-1.51048
-1.51048
-1.51048
-1.51048
-1.51047
-1.51047
-1.51047
-1.51047
-1.51047
-1.51047
-1.51047
-1.51047
-1.51047
-1.51047
-1.51046
-1.51046
-1.51046
-1.51046
-1.51046
-1.51046
-1.51046
-1.51046
-1.51046
-1.51046
-1.51046
-1.51045
-1.51045
-1.51045
-1.51045
-1.51045
-1.51045
-1.51045
-1.51045
-1.51045
-1.51045
-1.51045
-1.51044
-1.51044
-1.51044
-1.51044
-1.51044
-1.51044
-1.51044
-1.51044
-1.51044
-1.51044
-1.51044
-1.51044
-1.51043
-1.51043
-1.51043
-1.51043
-1.51043
-1.51043
-1.51043
-1.51043
-1.51043
-1.51043
-1.51043
-1.51043
-1.51042
-1.51042
-1.51042
-1.51042
-1.51042
-1.51042
-1.51042
-1.51042
-1.51042
-1.51042
-1.51042
-1.51042
-1.51042
-1.51041
-1.51041
-1.51041
-1.51041
-1.51041
-1.51041
-1.51041
-1.51041
-1.51041
-1.51041
-1.51041
-1.51041
-1.51041
-1.5104
-1.5104
-1.5104
-1.5104
-1.5104
-1.5104
-1.5104
-1.5104
-1.5104
-1.5104
-1.5104
-1.5104
-1.5104
-1.51039
-1.51039
-1.51039
-1.51039
-1.51039
-1.51039
-1.51039
-1.51039
-1.51039
-1.51039
-1.51039
-1.51039
-1.51039
-1.51039
-1.51038
-1.51038
-1.51038
-1.51038
-1.51038
-1.51038
-1.51038
-1.51038
-1.51038
-1.51038
-1.51038
-1.51038
-1.51038
-1.51038
-1.51038
-1.51037
-1.51037
-1.51037
-1.51037
-1.51037
-1.51037
-1.51037
-1.51037
-1.51037
-1.51037
-1.51037
-1.51037
-1.51037
-1.51037
-1.51037
-1.51037
-1.51036
-1.51036
-1.51036
-1.51036
-1.51036
-1.51036
-1.51036
-1.51036
-1.51036
-1.51036
-1.51036
-1.51036
-1.51036
-1.51036
-1.51036
-1.51036
-1.51036
-1.51036
-1.51036
-1.51035
-1.51035
-1.51035
-1.51035
-1.51035
-1.51035
-1.51035
-1.51035
-1.51035
-1.51035
-1.51035
-1.51035
-1.51035
-1.51035
-1.51035
-1.51035
-1.51035
-1.51035
-1.51035
-1.51035
-1.51035
-1.51035
-1.51035
-1.51035
-1.51035
-1.51035
-1.51035
-1.51035
-1.51035
-1.51035
-1.51035
-1.51035
-1.51034
-1.51034
-1.51034
-1.51034
-1.51034
-1.51034
-1.51034
-1.51034
-1.51034
-1.51034
-1.51034
-1.51034
-1.51034
-1.51034
-1.51034
-1.53318
-1.53317
-1.53317
-1.53316
-1.53316
-1.53315
-1.53315
-1.53314
-1.53314
-1.53313
-1.53313
-1.53312
-1.53312
-1.53312
-1.53311
-1.53311
-1.5331
-1.5331
-1.5331
-1.53309
-1.53309
-1.53308
-1.53308
-1.53308
-1.53307
-1.53307
-1.53307
-1.53306
-1.53306
-1.53306
-1.53305
-1.53305
-1.53304
-1.53304
-1.53304
-1.53303
-1.53303
-1.53303
-1.53302
-1.53302
-1.53302
-1.53302
-1.53301
-1.53301
-1.53301
-1.533
-1.533
-1.533
-1.53299
-1.53299
-1.53299
-1.53299
-1.53298
-1.53298
-1.53298
-1.53297
-1.53297
-1.53297
-1.53297
-1.53296
-1.53296
-1.53296
-1.53296
-1.53295
-1.53295
-1.53295
-1.53295
-1.53294
-1.53294
-1.53294
-1.53294
-1.53294
-1.53293
-1.53293
-1.53293
-1.53293
-1.53292
-1.53292
-1.53292
-1.53292
-1.53292
-1.53291
-1.53291
-1.53291
-1.53291
-1.53291
-1.5329
-1.5329
-1.5329
-1.5329
-1.5329
-1.53289
-1.53289
-1.53289
-1.53289
-1.53289
-1.53289
-1.53288
-1.53288
-1.53288
-1.53288
-1.53288
-1.53288
-1.53287
-1.53287
-1.53287
-1.53287
-1.53287
-1.53287
-1.53286
-1.53286
-1.53286
-1.53286
-1.53286
-1.53286
-1.53286
-1.53285
-1.53285
-1.53285
-1.53285
-1.53285
-1.53285
-1.53285
-1.53284
-1.53284
-1.53284
-1.53284
-1.53284
-1.53284
-1.53284
-1.53283
-1.53283
-1.53283
-1.53283
-1.53283
-1.53283
-1.53283
-1.53283
-1.53282
-1.53282
-1.53282
-1.53282
-1.53282
-1.53282
-1.53282
-1.53282
-1.53282
-1.53281
-1.53281
-1.53281
-1.53281
-1.53281
-1.53281
-1.53281
-1.53281
-1.53281
-1.5328
-1.5328
-1.5328
-1.5328
-1.5328
-1.5328
-1.5328
-1.5328
-1.5328
-1.5328
-1.53279
-1.53279
-1.53279
-1.53279
-1.53279
-1.53279
-1.53279
-1.53279
-1.53279
-1.53279
-1.53278
-1.53278
-1.53278
-1.53278
-1.53278
-1.53278
-1.53278
-1.53278
-1.53278
-1.53278
-1.53278
-1.53277
-1.53277
-1.53277
-1.53277
-1.53277
-1.53277
-1.53277
-1.53277
-1.53277
-1.53277
-1.53277
-1.53277
-1.53276
-1.53276
-1.53276
-1.53276
-1.53276
-1.53276
-1.53276
-1.53276
-1.53276
-1.53276
-1.53276
-1.53276
-1.53275
-1.53275
-1.53275
-1.53275
-1.53275
-1.53275
-1.53275
-1.53275
-1.53275
-1.53275
-1.53275
-1.53275
-1.53275
-1.53275
-1.53274
-1.53274
-1.53274
-1.53274
-1.53274
-1.53274
-1.53274
-1.53274
-1.53274
-1.53274
-1.53274
-1.53274
-1.53274
-1.53274
-1.53274
-1.53274
-1.53273
-1.53273
-1.53273
-1.53273
-1.53273
-1.53273
-1.53273
-1.53273
-1.53273
-1.53273
-1.53273
-1.53273
-1.53273
-1.53273
-1.53273
-1.53273
-1.53273
-1.53273
-1.53272
-1.53272
-1.53272
-1.53272
-1.53272
-1.53272
-1.53272
-1.53272
-1.53272
-1.53272
-1.53272
-1.53272
-1.53272
-1.53272
-1.53272
-1.53272
-1.53272
-1.53272
-1.53272
-1.53272
-1.53272
-1.53272
-1.53272
-1.53272
-1.53272
-1.53272
-1.53272
-1.53272
-1.53272
-1.53272
-1.53272
-1.53272
-1.53272
-1.53272
-1.53272
-1.53271
-1.53271
-1.53271
-1.53271
-1.53271
-1.53271
-1.55552
-1.55552
-1.55551
-1.55551
-1.5555
-1.5555
-1.5555
-1.55549
-1.55549
-1.55548
-1.55548
-1.55548
-1.55547
-1.55547
-1.55547
-1.55546
-1.55546
-1.55546
-1.55545
-1.55545
-1.55545
-1.55544
-1.55544
-1.55544
-1.55543
-1.55543
-1.55543
-1.55542
-1.55542
-1.55542
-1.55541
-1.55541
-1.55541
-1.5554
-1.5554
-1.5554
-1.5554
-1.55539
-1.55539
-1.55539
-1.55538
-1.55538
-1.55538
-1.55538
-1.55537
-1.55537
-1.55537
-1.55537
-1.55536
-1.55536
-1.55536
-1.55535
-1.55535
-1.55535
-1.55535
-1.55534
-1.55534
-1.55534
-1.55534
-1.55534
-1.55533
-1.55533
-1.55533
-1.55533
-1.55532
-1.55532
-1.55532
-1.55532
-1.55532
-1.55531
-1.55531
-1.55531
-1.55531
-1.55531
-1.5553
-1.5553
-1.5553
-1.5553
-1.5553
-1.55529
-1.55529
-1.55529
-1.55529
-1.55529
-1.55528
-1.55528
-1.55528
-1.55528
-1.55528
-1.55527
-1.55527
-1.55527
-1.55527
-1.55527
-1.55527
-1.55526
-1.55526
-1.55526
-1.55526
-1.55526
-1.55526
-1.55526
-1.55525
-1.55525
-1.55525
-1.55525
-1.55525
-1.55525
-1.55524
-1.55524
-1.55524
-1.55524
-1.55524
-1.55524
-1.55524
-1.55523
-1.55523
-1.55523
-1.55523
-1.55523
-1.55523
-1.55523
-1.55522
-1.55522
-1.55522
-1.55522
-1.55522
-1.55522
-1.55522
-1.55522
-1.55521
-1.55521
-1.55521
-1.55521
-1.55521
-1.55521
-1.55521
-1.55521
-1.5552
-1.5552
-1.5552
-1.5552
-1.5552
-1.5552
-1.5552
-1.5552
-1.5552
-1.55519
-1.55519
-1.55519
-1.55519
-1.55519
-1.55519
-1.55519
-1.55519
-1.55518
-1.55518
-1.55518
-1.55518
-1.55518
-1.55518
-1.55518
-1.55518
-1.55518
-1.55518
-1.55517
-1.55517
-1.55517
-1.55517
-1.55517
-1.55517
-1.55517
-1.55517
-1.55517
-1.55516
-1.55516
-1.55516
-1.55516
-1.55516
-1.55516
-1.55516
-1.55516
-1.55516
-1.55516
-1.55515
-1.55515
-1.55515
-1.55515
-1.55515
-1.55515
-1.55515
-1.55515
-1.55515
-1.55515
-1.55515
-1.55514
-1.55514
-1.55514
-1.55514
-1.55514
-1.55514
-1.55514
-1.55514
-1.55514
-1.55514
-1.55514
-1.55513
-1.55513
-1.55513
-1.55513
-1.55513
-1.55513
-1.55513
-1.55513
-1.55513
-1.55513
-1.55513
-1.55513
-1.55512
-1.55512
-1.55512
-1.55512
-1.55512
-1.55512
-1.55512
-1.55512
-1.55512
-1.55512
-1.55512
-1.55512
-1.55512
-1.55511
-1.55511
-1.55511
-1.55511
-1.55511
-1.55511
-1.55511
-1.55511
-1.55511
-1.55511
-1.55511
-1.55511
-1.55511
-1.55511
-1.55511
-1.5551
-1.5551
-1.5551
-1.5551
-1.5551
-1.5551
-1.5551
-1.5551
-1.5551
-1.5551
-1.5551
-1.5551
-1.5551
-1.5551
-1.5551
-1.5551
-1.5551
-1.5551
-1.55509
-1.55509
-1.55509
-1.55509
-1.55509
-1.55509
-1.55509
-1.55509
-1.55509
-1.55509
-1.55509
-1.55509
-1.55509
-1.55509
-1.55509
-1.55509
-1.55509
-1.55509
-1.55509
-1.55509
-1.55509
-1.55509
-1.55509
-1.55509
-1.55509
-1.55509
-1.55509
-1.55509
-1.55509
-1.55509
-1.55509
-1.55509
-1.55509
-1.55509
-1.55509
-1.55509
-1.57806
-1.57805
-1.57805
-1.57804
-1.57803
-1.57803
-1.57802
-1.57802
-1.57801
-1.578
-1.578
-1.57799
-1.57799
-1.57798
-1.57798
-1.57797
-1.57797
-1.57796
-1.57796
-1.57795
-1.57794
-1.57794
-1.57793
-1.57793
-1.57792
-1.57792
-1.57791
-1.57791
-1.57791
-1.5779
-1.5779
-1.57789
-1.57789
-1.57788
-1.57788
-1.57787
-1.57787
-1.57786
-1.57786
-1.57786
-1.57785
-1.57785
-1.57784
-1.57784
-1.57783
-1.57783
-1.57783
-1.57782
-1.57782
-1.57781
-1.57781
-1.57781
-1.5778
-1.5778
-1.5778
-1.57779
-1.57779
-1.57778
-1.57778
-1.57778
-1.57777
-1.57777
-1.57777
-1.57776
-1.57776
-1.57776
-1.57775
-1.57775
-1.57775
-1.57774
-1.57774
-1.57774
-1.57774
-1.57773
-1.57773
-1.57773
-1.57772
-1.57772
-1.57772
-1.57772
-1.57771
-1.57771
-1.57771
-1.5777
-1.5777
-1.5777
-1.5777
-1.57769
-1.57769
-1.57769
-1.57769
-1.57768
-1.57768
-1.57768
-1.57768
-1.57767
-1.57767
-1.57767
-1.57767
-1.57767
-1.57766
-1.57766
-1.57766
-1.57766
-1.57765
-1.57765
-1.57765
-1.57765
-1.57765
-1.57764
-1.57764
-1.57764
-1.57764
-1.57764
-1.57763
-1.57763
-1.57763
-1.57763
-1.57763
-1.57762
-1.57762
-1.57762
-1.57762
-1.57762
-1.57762
-1.57761
-1.57761
-1.57761
-1.57761
-1.57761
-1.57761
-1.5776
-1.5776
-1.5776
-1.5776
-1.5776
-1.5776
-1.57759
-1.57759
-1.57759
-1.57759
-1.57759
-1.57759
-1.57759
-1.57758
-1.57758
-1.57758
-1.57758
-1.57758
-1.57758
-1.57758
-1.57757
-1.57757
-1.57757
-1.57757
-1.57757
-1.57757
-1.57757
-1.57756
-1.57756
-1.57756
-1.57756
-1.57756
-1.57756
-1.57756
-1.57756
-1.57755
-1.57755
-1.57755
-1.57755
-1.57755
-1.57755
-1.57755
-1.57755
-1.57754
-1.57754
-1.57754
-1.57754
-1.57754
-1.57754
-1.57754
-1.57754
-1.57753
-1.57753
-1.57753
-1.57753
-1.57753
-1.57753
-1.57753
-1.57753
-1.57753
-1.57752
-1.57752
-1.57752
-1.57752
-1.57752
-1.57752
-1.57752
-1.57752
-1.57752
-1.57752
-1.57751
-1.57751
-1.57751
-1.57751
-1.57751
-1.57751
-1.57751
-1.57751
-1.57751
-1.57751
-1.5775
-1.5775
-1.5775
-1.5775
-1.5775
-1.5775
-1.5775
-1.5775
-1.5775
-1.5775
-1.5775
-1.5775
-1.57749
-1.57749
-1.57749
-1.57749
-1.57749
-1.57749
-1.57749
-1.57749
-1.57749
-1.57749
-1.57749
-1.57749
-1.57748
-1.57748
-1.57748
-1.57748
-1.57748
-1.57748
-1.57748
-1.57748
-1.57748
-1.57748
-1.57748
-1.57748
-1.57748
-1.57748
-1.57747
-1.57747
-1.57747
-1.57747
-1.57747
-1.57747
-1.57747
-1.57747
-1.57747
-1.57747
-1.57747
-1.57747
-1.57747
-1.57747
-1.57747
-1.57747
-1.57747
-1.57747
-1.57746
-1.57746
-1.57746
-1.57746
-1.57746
-1.57746
-1.57746
-1.57746
-1.57746
-1.57746
-1.57746
-1.57746
-1.57746
-1.57746
-1.57746
-1.57746
-1.57746
-1.57746
-1.57746
-1.57746
-1.57746
-1.57746
-1.57746
-1.57746
-1.57746
-1.57746
-1.57746
-1.57746
-1.57746
-1.57746
-1.57746
-1.57746
-1.57746
-1.60029
-1.60029
-1.60029
-1.60028
-1.60028
-1.60028
-1.60027
-1.60027
-1.60027
-1.60026
-1.60026
-1.60026
-1.60025
-1.60025
-1.60025
-1.60025
-1.60024
-1.60024
-1.60024
-1.60023
-1.60023
-1.60023
-1.60022
-1.60022
-1.60022
-1.60021
-1.60021
-1.60021
-1.60021
-1.6002
-1.6002
-1.6002
-1.60019
-1.60019
-1.60019
-1.60018
-1.60018
-1.60018
-1.60018
-1.60017
-1.60017
-1.60017
-1.60016
-1.60016
-1.60016
-1.60016
-1.60015
-1.60015
-1.60015
-1.60015
-1.60014
-1.60014
-1.60014
-1.60014
-1.60013
-1.60013
-1.60013
-1.60012
-1.60012
-1.60012
-1.60012
-1.60011
-1.60011
-1.60011
-1.60011
-1.6001
-1.6001
-1.6001
-1.6001
-1.6001
-1.60009
-1.60009
-1.60009
-1.60009
-1.60008
-1.60008
-1.60008
-1.60008
-1.60008
-1.60007
-1.60007
-1.60007
-1.60007
-1.60006
-1.60006
-1.60006
-1.60006
-1.60006
-1.60005
-1.60005
-1.60005
-1.60005
-1.60005
-1.60004
-1.60004
-1.60004
-1.60004
-1.60004
-1.60003
-1.60003
-1.60003
-1.60003
-1.60003
-1.60003
-1.60002
-1.60002
-1.60002
-1.60002
-1.60002
-1.60001
-1.60001
-1.60001
-1.60001
-1.60001
-1.60001
-1.6
-1.6
-1.6
-1.6
-1.6
-1.6
-1.59999
-1.59999
-1.59999
-1.59999
-1.59999
-1.59999
-1.59998
-1.59998
-1.59998
-1.59998
-1.59998
-1.59998
-1.59998
-1.59997
-1.59997
-1.59997
-1.59997
-1.59997
-1.59997
-1.59997
-1.59996
-1.59996
-1.59996
-1.59996
-1.59996
-1.59996
-1.59996
-1.59995
-1.59995
-1.59995
-1.59995
-1.59995
-1.59995
-1.59995
-1.59994
-1.59994
-1.59994
-1.59994
-1.59994
-1.59994
-1.59994
-1.59994
-1.59993
-1.59993
-1.59993
-1.59993
-1.59993
-1.59993
-1.59993
-1.59992
-1.59992
-1.59992
-1.59992
-1.59992
-1.59992
-1.59992
-1.59992
-1.59991
-1.59991
-1.59991
-1.59991
-1.59991
-1.59991
-1.59991
-1.59991
-1.59991
-1.5999
-1.5999
-1.5999
-1.5999
-1.5999
-1.5999
-1.5999
-1.5999
-1.5999
-1.59989
-1.59989
-1.59989
-1.59989
-1.59989
-1.59989
-1.59989
-1.59989
-1.59989
-1.59988
-1.59988
-1.59988
-1.59988
-1.59988
-1.59988
-1.59988
-1.59988
-1.59988
-1.59988
-1.59987
-1.59987
-1.59987
-1.59987
-1.59987
-1.59987
-1.59987
-1.59987
-1.59987
-1.59987
-1.59987
-1.59986
-1.59986
-1.59986
-1.59986
-1.59986
-1.59986
-1.59986
-1.59986
-1.59986
-1.59986
-1.59986
-1.59986
-1.59985
-1.59985
-1.59985
-1.59985
-1.59985
-1.59985
-1.59985
-1.59985
-1.59985
-1.59985
-1.59985
-1.59985
-1.59985
-1.59985
-1.59984
-1.59984
-1.59984
-1.59984
-1.59984
-1.59984
-1.59984
-1.59984
-1.59984
-1.59984
-1.59984
-1.59984
-1.59984
-1.59984
-1.59984
-1.59984
-1.59984
-1.59983
-1.59983
-1.59983
-1.59983
-1.59983
-1.59983
-1.59983
-1.59983
-1.59983
-1.59983
-1.59983
-1.59983
-1.59983
-1.59983
-1.59983
-1.59983
-1.59983
-1.59983
-1.59983
-1.59983
-1.59983
-1.59983
-1.59983
-1.59983
-1.59983
-1.59983
-1.59983
-1.59983
-1.59983
-1.59983
-1.59983
-1.62279
-1.62279
-1.62278
-1.62278
-1.62277
-1.62277
-1.62276
-1.62276
-1.62275
-1.62275
-1.62274
-1.62274
-1.62273
-1.62273
-1.62272
-1.62272
-1.62271
-1.62271
-1.6227
-1.6227
-1.6227
-1.62269
-1.62269
-1.62268
-1.62268
-1.62267
-1.62267
-1.62266
-1.62266
-1.62266
-1.62265
-1.62265
-1.62264
-1.62264
-1.62263
-1.62263
-1.62263
-1.62262
-1.62262
-1.62261
-1.62261
-1.62261
-1.6226
-1.6226
-1.62259
-1.62259
-1.62259
-1.62258
-1.62258
-1.62258
-1.62257
-1.62257
-1.62257
-1.62256
-1.62256
-1.62256
-1.62255
-1.62255
-1.62255
-1.62254
-1.62254
-1.62254
-1.62253
-1.62253
-1.62253
-1.62252
-1.62252
-1.62252
-1.62251
-1.62251
-1.62251
-1.6225
-1.6225
-1.6225
-1.6225
-1.62249
-1.62249
-1.62249
-1.62248
-1.62248
-1.62248
-1.62248
-1.62247
-1.62247
-1.62247
-1.62247
-1.62246
-1.62246
-1.62246
-1.62245
-1.62245
-1.62245
-1.62245
-1.62244
-1.62244
-1.62244
-1.62244
-1.62244
-1.62243
-1.62243
-1.62243
-1.62243
-1.62242
-1.62242
-1.62242
-1.62242
-1.62241
-1.62241
-1.62241
-1.62241
-1.62241
-1.6224
-1.6224
-1.6224
-1.6224
-1.6224
-1.62239
-1.62239
-1.62239
-1.62239
-1.62239
-1.62238
-1.62238
-1.62238
-1.62238
-1.62238
-1.62237
-1.62237
-1.62237
-1.62237
-1.62237
-1.62236
-1.62236
-1.62236
-1.62236
-1.62236
-1.62236
-1.62235
-1.62235
-1.62235
-1.62235
-1.62235
-1.62235
-1.62234
-1.62234
-1.62234
-1.62234
-1.62234
-1.62234
-1.62233
-1.62233
-1.62233
-1.62233
-1.62233
-1.62233
-1.62232
-1.62232
-1.62232
-1.62232
-1.62232
-1.62232
-1.62232
-1.62231
-1.62231
-1.62231
-1.62231
-1.62231
-1.62231
-1.62231
-1.6223
-1.6223
-1.6223
-1.6223
-1.6223
-1.6223
-1.6223
-1.62229
-1.62229
-1.62229
-1.62229
-1.62229
-1.62229
-1.62229
-1.62229
-1.62228
-1.62228
-1.62228
-1.62228
-1.62228
-1.62228
-1.62228
-1.62227
-1.62227
-1.62227
-1.62227
-1.62227
-1.62227
-1.62227
-1.62227
-1.62227
-1.62226
-1.62226
-1.62226
-1.62226
-1.62226
-1.62226
-1.62226
-1.62226
-1.62226
-1.62225
-1.62225
-1.62225
-1.62225
-1.62225
-1.62225
-1.62225
-1.62225
-1.62225
-1.62224
-1.62224
-1.62224
-1.62224
-1.62224
-1.62224
-1.62224
-1.62224
-1.62224
-1.62224
-1.62224
-1.62223
-1.62223
-1.62223
-1.62223
-1.62223
-1.62223
-1.62223
-1.62223
-1.62223
-1.62223
-1.62223
-1.62222
-1.62222
-1.62222
-1.62222
-1.62222
-1.62222
-1.62222
-1.62222
-1.62222
-1.62222
-1.62222
-1.62222
-1.62222
-1.62221
-1.62221
-1.62221
-1.62221
-1.62221
-1.62221
-1.62221
-1.62221
-1.62221
-1.62221
-1.62221
-1.62221
-1.62221
-1.62221
-1.62221
-1.62221
-1.62221
-1.6222
-1.6222
-1.6222
-1.6222
-1.6222
-1.6222
-1.6222
-1.6222
-1.6222
-1.6222
-1.6222
-1.6222
-1.6222
-1.6222
-1.6222
-1.6222
-1.6222
-1.6222
-1.6222
-1.6222
-1.6222
-1.6222
-1.6222
-1.6222
-1.6222
-1.6222
-1.6222
-1.62219
-1.62219
-1.62219
-1.64502
-1.64502
-1.64501
-1.64501
-1.64501
-1.645
-1.645
-1.645
-1.645
-1.64499
-1.64499
-1.64499
-1.64499
-1.64498
-1.64498
-1.64498
-1.64498
-1.64497
-1.64497
-1.64497
-1.64496
-1.64496
-1.64496
-1.64496
-1.64495
-1.64495
-1.64495
-1.64495
-1.64494
-1.64494
-1.64494
-1.64494
-1.64493
-1.64493
-1.64493
-1.64493
-1.64493
-1.64492
-1.64492
-1.64492
-1.64492
-1.64491
-1.64491
-1.64491
-1.64491
-1.6449
-1.6449
-1.6449
-1.6449
-1.64489
-1.64489
-1.64489
-1.64489
-1.64489
-1.64488
-1.64488
-1.64488
-1.64488
-1.64487
-1.64487
-1.64487
-1.64487
-1.64487
-1.64486
-1.64486
-1.64486
-1.64486
-1.64485
-1.64485
-1.64485
-1.64485
-1.64485
-1.64484
-1.64484
-1.64484
-1.64484
-1.64484
-1.64483
-1.64483
-1.64483
-1.64483
-1.64483
-1.64482
-1.64482
-1.64482
-1.64482
-1.64482
-1.64481
-1.64481
-1.64481
-1.64481
-1.64481
-1.6448
-1.6448
-1.6448
-1.6448
-1.6448
-1.64479
-1.64479
-1.64479
-1.64479
-1.64479
-1.64479
-1.64478
-1.64478
-1.64478
-1.64478
-1.64478
-1.64477
-1.64477
-1.64477
-1.64477
-1.64477
-1.64477
-1.64476
-1.64476
-1.64476
-1.64476
-1.64476
-1.64475
-1.64475
-1.64475
-1.64475
-1.64475
-1.64475
-1.64474
-1.64474
-1.64474
-1.64474
-1.64474
-1.64474
-1.64473
-1.64473
-1.64473
-1.64473
-1.64473
-1.64473
-1.64473
-1.64472
-1.64472
-1.64472
-1.64472
-1.64472
-1.64472
-1.64471
-1.64471
-1.64471
-1.64471
-1.64471
-1.64471
-1.6447
-1.6447
-1.6447
-1.6447
-1.6447
-1.6447
-1.6447
-1.64469
-1.64469
-1.64469
-1.64469
-1.64469
-1.64469
-1.64469
-1.64468
-1.64468
-1.64468
-1.64468
-1.64468
-1.64468
-1.64468
-1.64467
-1.64467
-1.64467
-1.64467
-1.64467
-1.64467
-1.64467
-1.64466
-1.64466
-1.64466
-1.64466
-1.64466
-1.64466
-1.64466
-1.64466
-1.64465
-1.64465
-1.64465
-1.64465
-1.64465
-1.64465
-1.64465
-1.64465
-1.64464
-1.64464
-1.64464
-1.64464
-1.64464
-1.64464
-1.64464
-1.64464
-1.64463
-1.64463
-1.64463
-1.64463
-1.64463
-1.64463
-1.64463
-1.64463
-1.64463
-1.64462
-1.64462
-1.64462
-1.64462
-1.64462
-1.64462
-1.64462
-1.64462
-1.64462
-1.64461
-1.64461
-1.64461
-1.64461
-1.64461
-1.64461
-1.64461
-1.64461
-1.64461
-1.64461
-1.6446
-1.6446
-1.6446
-1.6446
-1.6446
-1.6446
-1.6446
-1.6446
-1.6446
-1.6446
-1.6446
-1.64459
-1.64459
-1.64459
-1.64459
-1.64459
-1.64459
-1.64459
-1.64459
-1.64459
-1.64459
-1.64459
-1.64459
-1.64459
-1.64458
-1.64458
-1.64458
-1.64458
-1.64458
-1.64458
-1.64458
-1.64458
-1.64458
-1.64458
-1.64458
-1.64458
-1.64458
-1.64458
-1.64458
-1.64458
-1.64457
-1.64457
-1.64457
-1.64457
-1.64457
-1.64457
-1.64457
-1.64457
-1.64457
-1.64457
-1.64457
-1.64457
-1.64457
-1.64457
-1.64457
-1.64457
-1.64457
-1.64457
-1.64457
-1.64457
-1.64457
-1.64457
-1.64457
-1.64457
-1.64456
-1.64456
-1.64456
-1.64456
-1.64456
-1.64456
-1.66741
-1.6674
-1.6674
-1.6674
-1.6674
-1.6674
-1.66739
-1.66739
-1.66739
-1.66739
-1.66739
-1.66738
-1.66738
-1.66738
-1.66738
-1.66737
-1.66737
-1.66737
-1.66737
-1.66737
-1.66736
-1.66736
-1.66736
-1.66736
-1.66735
-1.66735
-1.66735
-1.66735
-1.66734
-1.66734
-1.66734
-1.66734
-1.66733
-1.66733
-1.66733
-1.66733
-1.66732
-1.66732
-1.66732
-1.66732
-1.66732
-1.66731
-1.66731
-1.66731
-1.66731
-1.6673
-1.6673
-1.6673
-1.6673
-1.66729
-1.66729
-1.66729
-1.66729
-1.66728
-1.66728
-1.66728
-1.66728
-1.66727
-1.66727
-1.66727
-1.66727
-1.66726
-1.66726
-1.66726
-1.66726
-1.66725
-1.66725
-1.66725
-1.66725
-1.66725
-1.66724
-1.66724
-1.66724
-1.66724
-1.66723
-1.66723
-1.66723
-1.66723
-1.66722
-1.66722
-1.66722
-1.66722
-1.66722
-1.66721
-1.66721
-1.66721
-1.66721
-1.6672
-1.6672
-1.6672
-1.6672
-1.6672
-1.66719
-1.66719
-1.66719
-1.66719
-1.66718
-1.66718
-1.66718
-1.66718
-1.66718
-1.66717
-1.66717
-1.66717
-1.66717
-1.66717
-1.66716
-1.66716
-1.66716
-1.66716
-1.66716
-1.66715
-1.66715
-1.66715
-1.66715
-1.66715
-1.66714
-1.66714
-1.66714
-1.66714
-1.66714
-1.66713
-1.66713
-1.66713
-1.66713
-1.66713
-1.66712
-1.66712
-1.66712
-1.66712
-1.66712
-1.66712
-1.66711
-1.66711
-1.66711
-1.66711
-1.66711
-1.6671
-1.6671
-1.6671
-1.6671
-1.6671
-1.6671
-1.66709
-1.66709
-1.66709
-1.66709
-1.66709
-1.66709
-1.66708
-1.66708
-1.66708
-1.66708
-1.66708
-1.66708
-1.66707
-1.66707
-1.66707
-1.66707
-1.66707
-1.66707
-1.66706
-1.66706
-1.66706
-1.66706
-1.66706
-1.66706
-1.66706
-1.66705
-1.66705
-1.66705
-1.66705
-1.66705
-1.66705
-1.66704
-1.66704
-1.66704
-1.66704
-1.66704
-1.66704
-1.66704
-1.66703
-1.66703
-1.66703
-1.66703
-1.66703
-1.66703
-1.66703
-1.66702
-1.66702
-1.66702
-1.66702
-1.66702
-1.66702
-1.66702
-1.66702
-1.66701
-1.66701
-1.66701
-1.66701
-1.66701
-1.66701
-1.66701
-1.66701
-1.667
-1.667
-1.667
-1.667
-1.667
-1.667
-1.667
-1.667
-1.66699
-1.66699
-1.66699
-1.66699
-1.66699
-1.66699
-1.66699
-1.66699
-1.66699
-1.66698
-1.66698
-1.66698
-1.66698
-1.66698
-1.66698
-1.66698
-1.66698
-1.66698
-1.66698
-1.66697
-1.66697
-1.66697
-1.66697
-1.66697
-1.66697
-1.66697
-1.66697
-1.66697
-1.66697
-1.66697
-1.66696
-1.66696
-1.66696
-1.66696
-1.66696
-1.66696
-1.66696
-1.66696
-1.66696
-1.66696
-1.66696
-1.66696
-1.66695
-1.66695
-1.66695
-1.66695
-1.66695
-1.66695
-1.66695
-1.66695
-1.66695
-1.66695
-1.66695
-1.66695
-1.66695
-1.66695
-1.66695
-1.66694
-1.66694
-1.66694
-1.66694
-1.66694
-1.66694
-1.66694
-1.66694
-1.66694
-1.66694
-1.66694
-1.66694
-1.66694
-1.66694
-1.66694
-1.66694
-1.66694
-1.66694
-1.66694
-1.66694
-1.66694
-1.66694
-1.66693
-1.66693
-1.66693
-1.66693
-1.66693
-1.66693
-1.66693
-1.66693
-1.66693
-1.68969
-1.68969
-1.68969
-1.68969
-1.68969
-1.68968
-1.68968
-1.68968
-1.68968
-1.68968
-1.68968
-1.68968
-1.68968
-1.68967
-1.68967
-1.68967
-1.68967
-1.68967
-1.68967
-1.68967
-1.68966
-1.68966
-1.68966
-1.68966
-1.68966
-1.68966
-1.68966
-1.68965
-1.68965
-1.68965
-1.68965
-1.68965
-1.68965
-1.68965
-1.68964
-1.68964
-1.68964
-1.68964
-1.68964
-1.68964
-1.68963
-1.68963
-1.68963
-1.68963
-1.68963
-1.68963
-1.68963
-1.68962
-1.68962
-1.68962
-1.68962
-1.68962
-1.68962
-1.68961
-1.68961
-1.68961
-1.68961
-1.68961
-1.68961
-1.6896
-1.6896
-1.6896
-1.6896
-1.6896
-1.6896
-1.68959
-1.68959
-1.68959
-1.68959
-1.68959
-1.68959
-1.68958
-1.68958
-1.68958
-1.68958
-1.68958
-1.68958
-1.68957
-1.68957
-1.68957
-1.68957
-1.68957
-1.68957
-1.68956
-1.68956
-1.68956
-1.68956
-1.68956
-1.68956
-1.68955
-1.68955
-1.68955
-1.68955
-1.68955
-1.68955
-1.68954
-1.68954
-1.68954
-1.68954
-1.68954
-1.68953
-1.68953
-1.68953
-1.68953
-1.68953
-1.68953
-1.68952
-1.68952
-1.68952
-1.68952
-1.68952
-1.68952
-1.68951
-1.68951
-1.68951
-1.68951
-1.68951
-1.68951
-1.6895
-1.6895
-1.6895
-1.6895
-1.6895
-1.6895
-1.68949
-1.68949
-1.68949
-1.68949
-1.68949
-1.68949
-1.68948
-1.68948
-1.68948
-1.68948
-1.68948
-1.68948
-1.68947
-1.68947
-1.68947
-1.68947
-1.68947
-1.68947
-1.68946
-1.68946
-1.68946
-1.68946
-1.68946
-1.68946
-1.68945
-1.68945
-1.68945
-1.68945
-1.68945
-1.68945
-1.68945
-1.68944
-1.68944
-1.68944
-1.68944
-1.68944
-1.68944
-1.68943
-1.68943
-1.68943
-1.68943
-1.68943
-1.68943
-1.68943
-1.68942
-1.68942
-1.68942
-1.68942
-1.68942
-1.68942
-1.68942
-1.68941
-1.68941
-1.68941
-1.68941
-1.68941
-1.68941
-1.68941
-1.6894
-1.6894
-1.6894
-1.6894
-1.6894
-1.6894
-1.6894
-1.68939
-1.68939
-1.68939
-1.68939
-1.68939
-1.68939
-1.68939
-1.68939
-1.68938
-1.68938
-1.68938
-1.68938
-1.68938
-1.68938
-1.68938
-1.68937
-1.68937
-1.68937
-1.68937
-1.68937
-1.68937
-1.68937
-1.68937
-1.68937
-1.68936
-1.68936
-1.68936
-1.68936
-1.68936
-1.68936
-1.68936
-1.68936
-1.68935
-1.68935
-1.68935
-1.68935
-1.68935
-1.68935
-1.68935
-1.68935
-1.68935
-1.68935
-1.68934
-1.68934
-1.68934
-1.68934
-1.68934
-1.68934
-1.68934
-1.68934
-1.68934
-1.68934
-1.68933
-1.68933
-1.68933
-1.68933
-1.68933
-1.68933
-1.68933
-1.68933
-1.68933
-1.68933
-1.68933
-1.68933
-1.68932
-1.68932
-1.68932
-1.68932
-1.68932
-1.68932
-1.68932
-1.68932
-1.68932
-1.68932
-1.68932
-1.68932
-1.68932
-1.68932
-1.68931
-1.68931
-1.68931
-1.68931
-1.68931
-1.68931
-1.68931
-1.68931
-1.68931
-1.68931
-1.68931
-1.68931
-1.68931
-1.68931
-1.68931
-1.68931
-1.68931
-1.68931
-1.68931
-1.68931
-1.6893
-1.6893
-1.6893
-1.6893
-1.6893
-1.6893
-1.6893
-1.6893
-1.6893
-1.6893
-1.6893
-1.6893
-1.6893
-1.71207
-1.71207
-1.71207
-1.71207
-1.71207
-1.71206
-1.71206
-1.71206
-1.71206
-1.71206
-1.71206
-1.71206
-1.71206
-1.71206
-1.71206
-1.71205
-1.71205
-1.71205
-1.71205
-1.71205
-1.71205
-1.71205
-1.71205
-1.71204
-1.71204
-1.71204
-1.71204
-1.71204
-1.71204
-1.71204
-1.71204
-1.71203
-1.71203
-1.71203
-1.71203
-1.71203
-1.71203
-1.71203
-1.71202
-1.71202
-1.71202
-1.71202
-1.71202
-1.71202
-1.71201
-1.71201
-1.71201
-1.71201
-1.71201
-1.71201
-1.712
-1.712
-1.712
-1.712
-1.712
-1.712
-1.71199
-1.71199
-1.71199
-1.71199
-1.71199
-1.71199
-1.71198
-1.71198
-1.71198
-1.71198
-1.71198
-1.71197
-1.71197
-1.71197
-1.71197
-1.71197
-1.71197
-1.71196
-1.71196
-1.71196
-1.71196
-1.71196
-1.71196
-1.71195
-1.71195
-1.71195
-1.71195
-1.71195
-1.71194
-1.71194
-1.71194
-1.71194
-1.71194
-1.71193
-1.71193
-1.71193
-1.71193
-1.71193
-1.71193
-1.71192
-1.71192
-1.71192
-1.71192
-1.71192
-1.71191
-1.71191
-1.71191
-1.71191
-1.71191
-1.71191
-1.7119
-1.7119
-1.7119
-1.7119
-1.7119
-1.71189
-1.71189
-1.71189
-1.71189
-1.71189
-1.71188
-1.71188
-1.71188
-1.71188
-1.71188
-1.71188
-1.71187
-1.71187
-1.71187
-1.71187
-1.71187
-1.71187
-1.71186
-1.71186
-1.71186
-1.71186
-1.71186
-1.71185
-1.71185
-1.71185
-1.71185
-1.71185
-1.71185
-1.71184
-1.71184
-1.71184
-1.71184
-1.71184
-1.71184
-1.71183
-1.71183
-1.71183
-1.71183
-1.71183
-1.71183
-1.71182
-1.71182
-1.71182
-1.71182
-1.71182
-1.71182
-1.71181
-1.71181
-1.71181
-1.71181
-1.71181
-1.71181
-1.7118
-1.7118
-1.7118
-1.7118
-1.7118
-1.7118
-1.71179
-1.71179
-1.71179
-1.71179
-1.71179
-1.71179
-1.71179
-1.71178
-1.71178
-1.71178
-1.71178
-1.71178
-1.71178
-1.71178
-1.71177
-1.71177
-1.71177
-1.71177
-1.71177
-1.71177
-1.71177
-1.71176
-1.71176
-1.71176
-1.71176
-1.71176
-1.71176
-1.71176
-1.71175
-1.71175
-1.71175
-1.71175
-1.71175
-1.71175
-1.71175
-1.71175
-1.71174
-1.71174
-1.71174
-1.71174
-1.71174
-1.71174
-1.71174
-1.71174
-1.71173
-1.71173
-1.71173
-1.71173
-1.71173
-1.71173
-1.71173
-1.71173
-1.71172
-1.71172
-1.71172
-1.71172
-1.71172
-1.71172
-1.71172
-1.71172
-1.71172
-1.71171
-1.71171
-1.71171
-1.71171
-1.71171
-1.71171
-1.71171
-1.71171
-1.71171
-1.71171
-1.7117
-1.7117
-1.7117
-1.7117
-1.7117
-1.7117
-1.7117
-1.7117
-1.7117
-1.7117
-1.7117
-1.7117
-1.71169
-1.71169
-1.71169
-1.71169
-1.71169
-1.71169
-1.71169
-1.71169
-1.71169
-1.71169
-1.71169
-1.71169
-1.71169
-1.71168
-1.71168
-1.71168
-1.71168
-1.71168
-1.71168
-1.71168
-1.71168
-1.71168
-1.71168
-1.71168
-1.71168
-1.71168
-1.71168
-1.71168
-1.71168
-1.71168
-1.71168
-1.71167
-1.71167
-1.71167
-1.71167
-1.71167
-1.71167
-1.71167
-1.71167
-1.71167
-1.71167
-1.71167
-1.71167
-1.71167
-1.71167
-1.71167
-1.71167
-1.71167
-1.73438
-1.73438
-1.73438
-1.73438
-1.73438
-1.73438
-1.73438
-1.73438
-1.73438
-1.73438
-1.73438
-1.73437
-1.73437
-1.73437
-1.73437
-1.73437
-1.73437
-1.73437
-1.73437
-1.73437
-1.73437
-1.73437
-1.73437
-1.73437
-1.73437
-1.73437
-1.73437
-1.73437
-1.73437
-1.73436
-1.73436
-1.73436
-1.73436
-1.73436
-1.73436
-1.73436
-1.73436
-1.73436
-1.73436
-1.73436
-1.73435
-1.73435
-1.73435
-1.73435
-1.73435
-1.73435
-1.73435
-1.73435
-1.73435
-1.73435
-1.73434
-1.73434
-1.73434
-1.73434
-1.73434
-1.73434
-1.73434
-1.73434
-1.73433
-1.73433
-1.73433
-1.73433
-1.73433
-1.73433
-1.73433
-1.73433
-1.73432
-1.73432
-1.73432
-1.73432
-1.73432
-1.73432
-1.73432
-1.73431
-1.73431
-1.73431
-1.73431
-1.73431
-1.73431
-1.73431
-1.7343
-1.7343
-1.7343
-1.7343
-1.7343
-1.7343
-1.7343
-1.73429
-1.73429
-1.73429
-1.73429
-1.73429
-1.73429
-1.73428
-1.73428
-1.73428
-1.73428
-1.73428
-1.73428
-1.73428
-1.73427
-1.73427
-1.73427
-1.73427
-1.73427
-1.73427
-1.73426
-1.73426
-1.73426
-1.73426
-1.73426
-1.73426
-1.73425
-1.73425
-1.73425
-1.73425
-1.73425
-1.73425
-1.73424
-1.73424
-1.73424
-1.73424
-1.73424
-1.73424
-1.73423
-1.73423
-1.73423
-1.73423
-1.73423
-1.73423
-1.73423
-1.73422
-1.73422
-1.73422
-1.73422
-1.73422
-1.73422
-1.73421
-1.73421
-1.73421
-1.73421
-1.73421
-1.73421
-1.7342
-1.7342
-1.7342
-1.7342
-1.7342
-1.7342
-1.73419
-1.73419
-1.73419
-1.73419
-1.73419
-1.73419
-1.73418
-1.73418
-1.73418
-1.73418
-1.73418
-1.73418
-1.73418
-1.73417
-1.73417
-1.73417
-1.73417
-1.73417
-1.73417
-1.73416
-1.73416
-1.73416
-1.73416
-1.73416
-1.73416
-1.73416
-1.73415
-1.73415
-1.73415
-1.73415
-1.73415
-1.73415
-1.73415
-1.73414
-1.73414
-1.73414
-1.73414
-1.73414
-1.73414
-1.73414
-1.73413
-1.73413
-1.73413
-1.73413
-1.73413
-1.73413
-1.73413
-1.73412
-1.73412
-1.73412
-1.73412
-1.73412
-1.73412
-1.73412
-1.73412
-1.73411
-1.73411
-1.73411
-1.73411
-1.73411
-1.73411
-1.73411
-1.73411
-1.7341
-1.7341
-1.7341
-1.7341
-1.7341
-1.7341
-1.7341
-1.7341
-1.73409
-1.73409
-1.73409
-1.73409
-1.73409
-1.73409
-1.73409
-1.73409
-1.73409
-1.73408
-1.73408
-1.73408
-1.73408
-1.73408
-1.73408
-1.73408
-1.73408
-1.73408
-1.73408
-1.73407
-1.73407
-1.73407
-1.73407
-1.73407
-1.73407
-1.73407
-1.73407
-1.73407
-1.73407
-1.73407
-1.73406
-1.73406
-1.73406
-1.73406
-1.73406
-1.73406
-1.73406
-1.73406
-1.73406
-1.73406
-1.73406
-1.73406
-1.73406
-1.73405
-1.73405
-1.73405
-1.73405
-1.73405
-1.73405
-1.73405
-1.73405
-1.73405
-1.73405
-1.73405
-1.73405
-1.73405
-1.73405
-1.73405
-1.73405
-1.73404
-1.73404
-1.73404
-1.73404
-1.73404
-1.73404
-1.73404
-1.73404
-1.73404
-1.73404
-1.73404
-1.73404
-1.73404
-1.73404
-1.73404
-1.73404
-1.73404
-1.73404
-1.73404
-1.73404
-1.73404
-1.75679
-1.75679
-1.75679
-1.75679
-1.75679
-1.75679
-1.75678
-1.75678
-1.75678
-1.75678
-1.75678
-1.75678
-1.75678
-1.75678
-1.75677
-1.75677
-1.75677
-1.75677
-1.75677
-1.75677
-1.75677
-1.75677
-1.75676
-1.75676
-1.75676
-1.75676
-1.75676
-1.75676
-1.75676
-1.75676
-1.75675
-1.75675
-1.75675
-1.75675
-1.75675
-1.75675
-1.75675
-1.75674
-1.75674
-1.75674
-1.75674
-1.75674
-1.75674
-1.75674
-1.75674
-1.75673
-1.75673
-1.75673
-1.75673
-1.75673
-1.75673
-1.75673
-1.75672
-1.75672
-1.75672
-1.75672
-1.75672
-1.75672
-1.75671
-1.75671
-1.75671
-1.75671
-1.75671
-1.75671
-1.75671
-1.7567
-1.7567
-1.7567
-1.7567
-1.7567
-1.7567
-1.7567
-1.75669
-1.75669
-1.75669
-1.75669
-1.75669
-1.75669
-1.75668
-1.75668
-1.75668
-1.75668
-1.75668
-1.75668
-1.75667
-1.75667
-1.75667
-1.75667
-1.75667
-1.75667
-1.75666
-1.75666
-1.75666
-1.75666
-1.75666
-1.75666
-1.75665
-1.75665
-1.75665
-1.75665
-1.75665
-1.75665
-1.75664
-1.75664
-1.75664
-1.75664
-1.75664
-1.75664
-1.75663
-1.75663
-1.75663
-1.75663
-1.75663
-1.75663
-1.75662
-1.75662
-1.75662
-1.75662
-1.75662
-1.75662
-1.75661
-1.75661
-1.75661
-1.75661
-1.75661
-1.75661
-1.7566
-1.7566
-1.7566
-1.7566
-1.7566
-1.75659
-1.75659
-1.75659
-1.75659
-1.75659
-1.75659
-1.75658
-1.75658
-1.75658
-1.75658
-1.75658
-1.75658
-1.75657
-1.75657
-1.75657
-1.75657
-1.75657
-1.75657
-1.75656
-1.75656
-1.75656
-1.75656
-1.75656
-1.75656
-1.75655
-1.75655
-1.75655
-1.75655
-1.75655
-1.75655
-1.75655
-1.75654
-1.75654
-1.75654
-1.75654
-1.75654
-1.75654
-1.75653
-1.75653
-1.75653
-1.75653
-1.75653
-1.75653
-1.75652
-1.75652
-1.75652
-1.75652
-1.75652
-1.75652
-1.75652
-1.75651
-1.75651
-1.75651
-1.75651
-1.75651
-1.75651
-1.75651
-1.7565
-1.7565
-1.7565
-1.7565
-1.7565
-1.7565
-1.7565
-1.75649
-1.75649
-1.75649
-1.75649
-1.75649
-1.75649
-1.75649
-1.75649
-1.75648
-1.75648
-1.75648
-1.75648
-1.75648
-1.75648
-1.75648
-1.75647
-1.75647
-1.75647
-1.75647
-1.75647
-1.75647
-1.75647
-1.75647
-1.75647
-1.75646
-1.75646
-1.75646
-1.75646
-1.75646
-1.75646
-1.75646
-1.75646
-1.75645
-1.75645
-1.75645
-1.75645
-1.75645
-1.75645
-1.75645
-1.75645
-1.75645
-1.75645
-1.75644
-1.75644
-1.75644
-1.75644
-1.75644
-1.75644
-1.75644
-1.75644
-1.75644
-1.75644
-1.75643
-1.75643
-1.75643
-1.75643
-1.75643
-1.75643
-1.75643
-1.75643
-1.75643
-1.75643
-1.75643
-1.75643
-1.75642
-1.75642
-1.75642
-1.75642
-1.75642
-1.75642
-1.75642
-1.75642
-1.75642
-1.75642
-1.75642
-1.75642
-1.75642
-1.75642
-1.75642
-1.75641
-1.75641
-1.75641
-1.75641
-1.75641
-1.75641
-1.75641
-1.75641
-1.75641
-1.75641
-1.75641
-1.75641
-1.75641
-1.75641
-1.75641
-1.75641
-1.75641
-1.75641
-1.75641
-1.75641
-1.75641
-1.75641
-1.75641
-1.75641
-1.75641
-1.7564
-1.77913
-1.77913
-1.77913
-1.77913
-1.77913
-1.77912
-1.77912
-1.77912
-1.77912
-1.77912
-1.77912
-1.77912
-1.77912
-1.77912
-1.77912
-1.77912
-1.77912
-1.77912
-1.77911
-1.77911
-1.77911
-1.77911
-1.77911
-1.77911
-1.77911
-1.77911
-1.77911
-1.77911
-1.7791
-1.7791
-1.7791
-1.7791
-1.7791
-1.7791
-1.7791
-1.7791
-1.7791
-1.7791
-1.77909
-1.77909
-1.77909
-1.77909
-1.77909
-1.77909
-1.77909
-1.77909
-1.77909
-1.77908
-1.77908
-1.77908
-1.77908
-1.77908
-1.77908
-1.77908
-1.77908
-1.77907
-1.77907
-1.77907
-1.77907
-1.77907
-1.77907
-1.77907
-1.77907
-1.77906
-1.77906
-1.77906
-1.77906
-1.77906
-1.77906
-1.77906
-1.77905
-1.77905
-1.77905
-1.77905
-1.77905
-1.77905
-1.77905
-1.77904
-1.77904
-1.77904
-1.77904
-1.77904
-1.77904
-1.77904
-1.77903
-1.77903
-1.77903
-1.77903
-1.77903
-1.77903
-1.77902
-1.77902
-1.77902
-1.77902
-1.77902
-1.77902
-1.77902
-1.77901
-1.77901
-1.77901
-1.77901
-1.77901
-1.77901
-1.779
-1.779
-1.779
-1.779
-1.779
-1.779
-1.779
-1.77899
-1.77899
-1.77899
-1.77899
-1.77899
-1.77899
-1.77898
-1.77898
-1.77898
-1.77898
-1.77898
-1.77898
-1.77897
-1.77897
-1.77897
-1.77897
-1.77897
-1.77897
-1.77896
-1.77896
-1.77896
-1.77896
-1.77896
-1.77896
-1.77895
-1.77895
-1.77895
-1.77895
-1.77895
-1.77895
-1.77894
-1.77894
-1.77894
-1.77894
-1.77894
-1.77894
-1.77893
-1.77893
-1.77893
-1.77893
-1.77893
-1.77893
-1.77893
-1.77892
-1.77892
-1.77892
-1.77892
-1.77892
-1.77892
-1.77891
-1.77891
-1.77891
-1.77891
-1.77891
-1.77891
-1.7789
-1.7789
-1.7789
-1.7789
-1.7789
-1.7789
-1.7789
-1.77889
-1.77889
-1.77889
-1.77889
-1.77889
-1.77889
-1.77889
-1.77888
-1.77888
-1.77888
-1.77888
-1.77888
-1.77888
-1.77888
-1.77887
-1.77887
-1.77887
-1.77887
-1.77887
-1.77887
-1.77887
-1.77886
-1.77886
-1.77886
-1.77886
-1.77886
-1.77886
-1.77886
-1.77885
-1.77885
-1.77885
-1.77885
-1.77885
-1.77885
-1.77885
-1.77885
-1.77884
-1.77884
-1.77884
-1.77884
-1.77884
-1.77884
-1.77884
-1.77884
-1.77883
-1.77883
-1.77883
-1.77883
-1.77883
-1.77883
-1.77883
-1.77883
-1.77883
-1.77882
-1.77882
-1.77882
-1.77882
-1.77882
-1.77882
-1.77882
-1.77882
-1.77882
-1.77881
-1.77881
-1.77881
-1.77881
-1.77881
-1.77881
-1.77881
-1.77881
-1.77881
-1.77881
-1.7788
-1.7788
-1.7788
-1.7788
-1.7788
-1.7788
-1.7788
-1.7788
-1.7788
-1.7788
-1.7788
-1.7788
-1.77879
-1.77879
-1.77879
-1.77879
-1.77879
-1.77879
-1.77879
-1.77879
-1.77879
-1.77879
-1.77879
-1.77879
-1.77879
-1.77879
-1.77878
-1.77878
-1.77878
-1.77878
-1.77878
-1.77878
-1.77878
-1.77878
-1.77878
-1.77878
-1.77878
-1.77878
-1.77878
-1.77878
-1.77878
-1.77878
-1.77878
-1.77878
-1.77878
-1.77877
-1.77877
-1.77877
-1.77877
-1.77877
-1.77877
-1.77877
-1.77877
-1.77877
-1.77877
-1.77877
)
;

boundaryField
{
    Inlet
    {
        type            calculated;
        value           nonuniform List<scalar> 
50
(
3.51746
3.10785
2.6974
2.34478
2.03812
1.76297
1.51323
1.28626
1.07996
0.892358
0.721649
0.566315
0.425069
0.296826
0.180657
0.0757715
-0.0185053
-0.102747
-0.177444
-0.243007
-0.299786
-0.348065
-0.38808
-0.420008
-0.443987
-0.460096
-0.468379
-0.468811
-0.461326
-0.445769
-0.421935
-0.389561
-0.348323
-0.297711
-0.237206
-0.166077
-0.0834927
0.0116444
0.120521
0.244732
0.386084
0.54694
0.722332
0.894624
1.00137
0.605963
0.22155
-0.11083
-3.05633
-40.5216
)
;
    }
    BotOutlet1
    {
        type            calculated;
        value           nonuniform 0();
    }
    BotOutlet2
    {
        type            calculated;
        value           nonuniform 0();
    }
    TopInlet
    {
        type            calculated;
        value           nonuniform List<scalar> 
350
(
7.45311
-1.27199
-1.7438
-1.78051
-1.78726
-1.78959
-1.78963
-1.78974
-1.78988
-1.79001
-1.79011
-1.79018
-1.79023
-1.79026
-1.79029
-1.7903
-1.79031
-1.79032
-1.79032
-1.79032
-1.79033
-1.79033
-1.79033
-1.79033
-1.79033
-1.79033
-1.79033
-1.79033
-1.79033
-1.79033
-1.79033
-1.79033
-1.79033
-1.79033
-1.79033
-1.79033
-1.79033
-1.79033
-1.79033
-1.79032
-1.79032
-1.79032
-1.79032
-1.79032
-1.79032
-1.79032
-1.79032
-1.79032
-1.79031
-1.79031
-1.79031
-1.79031
-1.79031
-1.79031
-1.79031
-1.79031
-1.79031
-1.79031
-1.79031
-1.79031
-1.7903
-1.7903
-1.7903
-1.7903
-1.7903
-1.7903
-1.7903
-1.7903
-1.7903
-1.7903
-1.7903
-1.79029
-1.79029
-1.79029
-1.79029
-1.79029
-1.79029
-1.79029
-1.79029
-1.79029
-1.79029
-1.79029
-1.79028
-1.79028
-1.79028
-1.79028
-1.79028
-1.79028
-1.79028
-1.79028
-1.79028
-1.79027
-1.79027
-1.79027
-1.79027
-1.79027
-1.79027
-1.79027
-1.79027
-1.79027
-1.79026
-1.79026
-1.79026
-1.79026
-1.79026
-1.79026
-1.79026
-1.79026
-1.79025
-1.79025
-1.79025
-1.79025
-1.79025
-1.79025
-1.79025
-1.79024
-1.79024
-1.79024
-1.79024
-1.79024
-1.79024
-1.79024
-1.79023
-1.79023
-1.79023
-1.79023
-1.79023
-1.79023
-1.79023
-1.79022
-1.79022
-1.79022
-1.79022
-1.79022
-1.79022
-1.79022
-1.79021
-1.79021
-1.79021
-1.79021
-1.79021
-1.79021
-1.79021
-1.7902
-1.7902
-1.7902
-1.7902
-1.7902
-1.7902
-1.79019
-1.79019
-1.79019
-1.79019
-1.79019
-1.79019
-1.79018
-1.79018
-1.79018
-1.79018
-1.79018
-1.79018
-1.79018
-1.79017
-1.79017
-1.79017
-1.79017
-1.79017
-1.79017
-1.79016
-1.79016
-1.79016
-1.79016
-1.79016
-1.79016
-1.79015
-1.79015
-1.79015
-1.79015
-1.79015
-1.79015
-1.79014
-1.79014
-1.79014
-1.79014
-1.79014
-1.79014
-1.79013
-1.79013
-1.79013
-1.79013
-1.79013
-1.79013
-1.79012
-1.79012
-1.79012
-1.79012
-1.79012
-1.79012
-1.79012
-1.79011
-1.79011
-1.79011
-1.79011
-1.79011
-1.79011
-1.7901
-1.7901
-1.7901
-1.7901
-1.7901
-1.7901
-1.79009
-1.79009
-1.79009
-1.79009
-1.79009
-1.79009
-1.79009
-1.79008
-1.79008
-1.79008
-1.79008
-1.79008
-1.79008
-1.79007
-1.79007
-1.79007
-1.79007
-1.79007
-1.79007
-1.79007
-1.79006
-1.79006
-1.79006
-1.79006
-1.79006
-1.79006
-1.79006
-1.79005
-1.79005
-1.79005
-1.79005
-1.79005
-1.79005
-1.79005
-1.79004
-1.79004
-1.79004
-1.79004
-1.79004
-1.79004
-1.79004
-1.79004
-1.79003
-1.79003
-1.79003
-1.79003
-1.79003
-1.79003
-1.79003
-1.79003
-1.79002
-1.79002
-1.79002
-1.79002
-1.79002
-1.79002
-1.79002
-1.79002
-1.79001
-1.79001
-1.79001
-1.79001
-1.79001
-1.79001
-1.79001
-1.79001
-1.79001
-1.79
-1.79
-1.79
-1.79
-1.79
-1.79
-1.79
-1.79
-1.79
-1.78999
-1.78999
-1.78999
-1.78999
-1.78999
-1.78999
-1.78999
-1.78999
-1.78999
-1.78999
-1.78999
-1.78998
-1.78998
-1.78998
-1.78998
-1.78998
-1.78998
-1.78998
-1.78998
-1.78998
-1.78998
-1.78998
-1.78998
-1.78997
-1.78997
-1.78997
-1.78997
-1.78997
-1.78997
-1.78997
-1.78997
-1.78997
-1.78997
-1.78997
-1.78997
-1.78997
-1.78997
-1.78997
-1.78996
-1.78996
-1.78996
-1.78996
-1.78996
-1.78996
-1.78996
-1.78996
-1.78996
-1.78996
-1.78996
-1.78996
-1.78996
-1.78996
-1.78996
-1.78996
-1.78996
-1.78996
-1.78996
-1.78996
-1.78996
-1.78996
-1.78996
-1.78996
-1.78996
)
;
    }
    FreeStream
    {
        type            calculated;
        value           nonuniform List<scalar> 
20
(
-1.35374
-1.37611
-1.39849
-1.42086
-1.44323
-1.4656
-1.48797
-1.51034
-1.53271
-1.55509
-1.57746
-1.59983
-1.62219
-1.64456
-1.66693
-1.6893
-1.71167
-1.73404
-1.7564
-1.77877
)
;
    }
    FrontNBack
    {
        type            empty;
    }
    LeftSide
    {
        type            calculated;
        value           nonuniform List<scalar> 
20
(
-1.37171
-1.45349
-1.54533
-1.66508
-1.88018
-2.21089
-2.58205
-3.19573
-3.64184
-4.4805
-3.56414
-0.834064
0.956424
1.1793
1.97546
2.3497
1.49195
1.72886
-0.149611
4.19263
)
;
    }
    procBoundary3to2
    {
        type            processor;
        value           nonuniform List<scalar> 
400
(
-1.32108
-1.32571
-1.3308
-1.33558
-1.34007
-1.34436
-1.34849
-1.35246
-1.35626
-1.3599
-1.36338
-1.36669
-1.36984
-1.37282
-1.37563
-1.37825
-1.38085
-1.38371
-1.38657
-1.38597
-1.37428
-1.35881
-1.4271
-1.77131
-2.20809
-1.36279
-1.33153
-1.33122
-1.33129
-1.33132
-1.33132
-1.33131
-1.33131
-1.33131
-1.33131
-1.33131
-1.33131
-1.33131
-1.33131
-1.33131
-1.3313
-1.3313
-1.3313
-1.3313
-1.3313
-1.3313
-1.3313
-1.3313
-1.33129
-1.33129
-1.33127
-1.33129
-1.33129
-1.33129
-1.33129
-1.33129
-1.33129
-1.33126
-1.33129
-1.33129
-1.33128
-1.33129
-1.33127
-1.33128
-1.33128
-1.33128
-1.33128
-1.33128
-1.33128
-1.33128
-1.33127
-1.33128
-1.33127
-1.33127
-1.33127
-1.33127
-1.33127
-1.33127
-1.33127
-1.33128
-1.33128
-1.33128
-1.33128
-1.33128
-1.33128
-1.33128
-1.33128
-1.33128
-1.33128
-1.33128
-1.33128
-1.33128
-1.33128
-1.33128
-1.33128
-1.33128
-1.33128
-1.33128
-1.33129
-1.33129
-1.33129
-1.33129
-1.33129
-1.33129
-1.33129
-1.33129
-1.33129
-1.33129
-1.33129
-1.33129
-1.33129
-1.33129
-1.33129
-1.33129
-1.33129
-1.33129
-1.3313
-1.3313
-1.3313
-1.3313
-1.3313
-1.3313
-1.3313
-1.3313
-1.3313
-1.3313
-1.3313
-1.3313
-1.3313
-1.3313
-1.3313
-1.3313
-1.3313
-1.33131
-1.33131
-1.33131
-1.33131
-1.33131
-1.33131
-1.33131
-1.33131
-1.33131
-1.33131
-1.33131
-1.33131
-1.33131
-1.33131
-1.33131
-1.33132
-1.33132
-1.33132
-1.33132
-1.33132
-1.33132
-1.33132
-1.33132
-1.33132
-1.33132
-1.33132
-1.33132
-1.33132
-1.33132
-1.33132
-1.33132
-1.33133
-1.33133
-1.33133
-1.33133
-1.33133
-1.33133
-1.33133
-1.33133
-1.33133
-1.33133
-1.33133
-1.33133
-1.33133
-1.33133
-1.33133
-1.33133
-1.33133
-1.33134
-1.33134
-1.33134
-1.33134
-1.33134
-1.33134
-1.33134
-1.33134
-1.33134
-1.33134
-1.33134
-1.33134
-1.33134
-1.33134
-1.33134
-1.33134
-1.33134
-1.33134
-1.33134
-1.33134
-1.33135
-1.33135
-1.33135
-1.33135
-1.33135
-1.33135
-1.33135
-1.33135
-1.33135
-1.33135
-1.33135
-1.33135
-1.33135
-1.33135
-1.33135
-1.33135
-1.33135
-1.33135
-1.33135
-1.33135
-1.33135
-1.33135
-1.33135
-1.33135
-1.33135
-1.33136
-1.33136
-1.33136
-1.33136
-1.33136
-1.33136
-1.33136
-1.33136
-1.33136
-1.33136
-1.33136
-1.33136
-1.33136
-1.33136
-1.33136
-1.33136
-1.33136
-1.33136
-1.33136
-1.33136
-1.33136
-1.33136
-1.33136
-1.33136
-1.33136
-1.33136
-1.33136
-1.33136
-1.33136
-1.33136
-1.33136
-1.33136
-1.33136
-1.33136
-1.33136
-1.33136
-1.33136
-1.33136
-1.33136
-1.33136
-1.33136
-1.33136
-1.33136
-1.33136
-1.33136
-1.33136
-1.33136
-1.33136
-1.33136
-1.33136
-1.33136
-1.33136
-1.33136
-1.33136
-1.33136
-1.33136
-1.33136
-1.33136
-1.33136
-1.33136
-1.33136
-1.33136
-1.33136
-1.33136
-1.33136
-1.33136
-1.33136
-1.33136
-1.33136
-1.33136
-1.33136
-1.33136
-1.33136
-1.33136
-1.33136
-1.33136
-1.33136
-1.33136
-1.33136
-1.33136
-1.33136
-1.33136
-1.33136
-1.33136
-1.33136
-1.33136
-1.33136
-1.33136
-1.33136
-1.33136
-1.33136
-1.33136
-1.33136
-1.33136
-1.33136
-1.33136
-1.33136
-1.33136
-1.33136
-1.33136
-1.33136
-1.33136
-1.33136
-1.33136
-1.33136
-1.33136
-1.33136
-1.33136
-1.33136
-1.33136
-1.33136
-1.33136
-1.33136
-1.33136
-1.33136
-1.33136
-1.33136
-1.33136
-1.33136
-1.33136
-1.33136
-1.33136
-1.33136
-1.33136
-1.33136
-1.33136
-1.33136
-1.33136
-1.33136
-1.33136
-1.33136
-1.33136
-1.33136
-1.33136
-1.33136
-1.33136
-1.33136
-1.33136
-1.33136
-1.33136
-1.33136
-1.33136
-1.33136
-1.33136
-1.33136
-1.33136
-1.33136
-1.33136
-1.33136
-1.33136
-1.33136
-1.33136
-1.33136
-1.33136
-1.33136
-1.33136
-1.33136
-1.33136
-1.33136
-1.33136
-1.33136
-1.33136
-1.33137
-1.33137
-1.33137
-1.33137
-1.33137
-1.33137
-1.33137
-1.33137
-1.33137
-1.33137
-1.33137
-1.33137
)
;
    }
}


// ************************************************************************* //
