/*--------------------------------*- C++ -*----------------------------------*\
| =========                 |                                                 |
| \\      /  F ield         | OpenFOAM: The Open Source CFD Toolbox           |
|  \\    /   O peration     | Version:  2.4.0                                 |
|   \\  /    A nd           | Web:      www.OpenFOAM.org                      |
|    \\/     M anipulation  |                                                 |
\*---------------------------------------------------------------------------*/
FoamFile
{
    version     2.0;
    format      ascii;
    class       volScalarField;
    location    "0.1";
    object      alpha1;
}
// * * * * * * * * * * * * * * * * * * * * * * * * * * * * * * * * * * * * * //

dimensions      [0 0 0 0 0 0 0];

internalField   nonuniform List<scalar> 
8000
(
1
1
1
1
1
1
1
1
1
1
1
1
1
1
1
1
1
1
1
1
1
1
1
1
1
1
1
1
1
1
1
1
1
1
1
1
1
1
1
1
1
1
1
1
1
1
1
1
1
0.999989
1
1
1
1
1
1
1
1
1
1
1
1
1
1
1
1
1
1
1
1
1
1
1
1
1
1
1
1
1
1
1
1
1
1
1
1
1
1
1
1
1
1
1
1
1
1
1
1
1
0.999987
1
1
1
1
1
1
1
1
1
1
1
1
1
1
1
1
1
1
1
1
1
1
1
1
1
1
1
1
1
1
1
1
1
1
1
1
1
1
1
1
1
1
1
1
1
1
1
1
1
0.999983
1
1
1
1
1
1
1
1
1
1
1
1
1
1
1
1
1
1
1
1
1
1
1
1
1
1
1
1
1
1
1
1
1
1
1
1
1
1
1
1
1
1
1
1
1
1
1
1
1
0.999977
1
1
1
1
1
1
1
1
1
1
1
1
1
1
1
1
1
1
1
1
1
1
1
1
1
1
1
1
1
1
1
1
1
1
1
1
1
1
1
1
1
1
1
1
1
1
1
1
1
0.999968
1
1
1
1
1
1
1
1
1
1
1
1
1
1
1
1
1
1
1
1
1
1
1
1
1
1
1
1
1
1
1
1
1
1
1
1
1
1
1
1
1
1
1
1
1
1
1
1
1
0.999935
1
1
1
1
1
1
1
1
1
1
1
1
1
1
1
1
1
1
1
1
1
1
1
1
1
1
1
1
1
1
1
1
1
1
1
1
1
1
1
1
1
1
1
1
1
1
1
1
1
0.999889
1
1
1
1
1
1
1
1
1
1
1
1
1
1
1
1
1
1
1
1
1
1
1
1
1
1
1
1
1
1
1
1
1
1
1
1
1
1
1
1
1
1
1
1
1
1
1
1
1
0.999814
1
1
1
1
1
1
1
1
1
1
1
1
1
1
1
1
1
1
1
1
1
1
1
1
1
1
1
1
1
1
1
1
1
1
1
1
1
1
1
1
1
1
1
1
1
1
1
1
1
0.999688
1
1
1
1
1
1
1
1
1
1
1
1
1
1
1
1
1
1
1
1
1
1
1
1
1
1
1
1
1
1
1
1
1
1
1
1
1
1
1
1
1
1
1
1
1
1
1
1
1
0.999477
1
1
1
1
1
1
1
1
1
1
1
1
1
1
1
1
1
1
1
1
1
1
1
1
1
1
1
1
1
1
1
1
1
1
1
1
1
1
1
1
1
1
1
1
1
1
1
1
0.999999
0.999122
1
1
1
1
1
1
1
1
1
1
1
1
1
1
1
1
1
1
1
1
1
1
1
1
1
1
1
1
1
1
1
1
1
1
1
1
1
1
1
1
1
1
1
1
1
1
1
1
0.999998
0.998527
1
1
1
1
1
1
1
1
1
1
1
1
1
1
1
1
1
1
1
1
1
1
1
1
1
1
1
1
1
1
1
1
1
1
1
1
1
1
1
1
1
1
1
1
1
1
1
1
0.999996
0.99751
1
1
1
1
1
1
1
1
1
1
1
1
1
1
1
1
1
1
1
1
1
1
1
1
1
1
1
1
1
1
1
1
1
1
1
1
1
1
1
1
1
1
1
1
1
1
1
1
0.999994
0.995679
1
1
1
1
1
1
1
1
1
1
1
1
1
1
1
1
1
1
1
1
1
1
1
1
1
1
1
1
1
1
1
1
1
1
1
1
1
1
1
1
1
1
1
1
1
1
1
1
0.999992
0.992127
1
1
1
1
1
1
1
1
1
1
1
1
1
1
1
1
1
1
1
1
1
1
1
1
1
1
1
1
1
1
1
1
1
1
1
1
1
1
1
1
1
1
1
1
1
1
1
1
0.999996
0.98579
1
1
1
1
1
1
1
1
1
1
1
1
1
1
1
1
1
1
1
1
1
1
1
1
1
1
1
1
1
1
1
1
1
1
1
1
1
1
1
1
1
1
1
1
1
1
1
1
0.999994
0.974853
1
1
1
1
1
1
1
1
1
1
1
1
1
1
1
1
1
1
1
1
1
1
1
1
1
1
1
1
1
1
1
1
1
1
1
1
1
1
1
1
1
1
1
1
1
1
1
0.999999
0.999975
0.956355
1
1
1
1
1
1
1
1
1
1
1
1
1
1
1
1
1
1
1
1
1
1
1
1
1
1
1
1
1
1
1
1
1
1
1
1
1
1
1
1
1
1
1
1
1
1
1
0.999998
0.999882
0.925791
1
1
1
1
1
1
1
1
1
1
1
1
1
1
1
1
1
1
1
1
1
1
1
1
1
1
1
1
1
1
1
1
1
1
1
1
1
1
1
1
1
1
1
1
1
1
1
0.999998
0.999451
0.877071
0.000103383
5.40927e-09
2.46219e-11
1.22009e-13
5.64863e-16
2.38882e-18
9.1462e-21
3.14596e-23
9.6395e-26
2.60556e-28
6.14093e-31
1.24405e-33
2.12738e-36
2.99859e-39
3.37176e-42
2.88408e-45
1.7412e-48
6.50177e-52
1.14544e-55
4.75749e-60
3.80173e-67
1.57537e-71
5.29488e-76
1.45741e-80
3.02202e-85
5.16438e-90
6.49403e-95
1.0783e-99
2.05453e-102
7.9137e-105
3.17696e-107
1.32067e-109
5.65922e-112
2.48903e-114
1.11889e-116
5.11933e-119
2.37385e-121
1.11137e-123
5.23282e-126
2.47005e-128
1.16531e-130
5.48199e-133
2.56717e-135
1.19515e-137
5.52741e-140
2.53895e-142
1.15861e-144
5.25473e-147
2.36953e-149
1.06403e-151
0.000122697
6.48278e-09
3.21298e-11
1.69761e-13
8.41307e-16
3.81104e-18
1.56251e-20
5.75286e-23
1.88612e-25
5.45309e-28
1.3741e-30
2.97469e-33
5.43208e-36
8.16884e-39
9.78837e-42
8.90969e-45
5.7174e-48
2.27308e-51
4.35924e-55
2.21563e-59
1.90931e-66
8.74509e-71
3.24656e-75
9.68848e-80
2.17128e-84
3.98972e-89
5.38406e-94
2.74213e-98
8.58166e-101
3.3588e-103
1.36582e-105
5.74195e-108
2.48476e-110
1.10221e-112
4.99156e-115
2.29846e-117
1.07169e-119
5.04108e-122
2.38322e-124
1.12886e-126
5.34151e-129
2.51921e-131
1.18228e-133
5.51429e-136
2.55426e-138
1.17481e-140
5.36699e-143
2.43631e-145
1.09939e-147
4.93947e-150
0.000146395
7.57566e-09
4.05891e-11
2.23664e-13
1.15583e-15
5.46174e-18
2.33528e-20
8.96021e-23
3.05791e-25
9.18705e-28
2.39967e-30
5.36547e-33
1.00668e-35
1.54333e-38
1.86284e-41
1.67492e-44
1.02522e-47
3.62054e-51
5.22162e-55
8.67482e-60
6.8217e-66
3.47541e-70
1.44659e-74
4.69239e-79
1.14253e-83
2.27382e-88
3.45737e-93
9.41142e-97
3.47857e-99
1.38207e-101
5.69307e-104
2.4206e-106
1.05787e-108
4.73308e-111
2.15948e-113
1.00079e-115
4.69229e-118
2.21776e-120
1.05278e-122
5.00431e-125
2.3751e-127
1.12308e-129
5.28241e-132
2.46847e-134
1.14528e-136
5.27492e-139
2.4126e-141
1.09625e-143
4.95073e-146
2.22568e-148
0.00017383
8.8941e-09
5.02261e-11
2.84148e-13
1.50126e-15
7.24008e-18
3.15335e-20
1.22946e-22
4.24994e-25
1.2877e-27
3.37194e-30
7.49544e-33
1.38132e-35
2.04265e-38
2.31038e-41
1.85129e-44
9.14189e-48
2.04793e-51
9.11656e-56
2.07372e-61
1.58408e-65
9.05274e-70
4.26824e-74
1.50586e-78
4.00187e-83
8.68361e-88
2.22738e-92
3.5337e-95
1.36597e-97
5.50813e-100
2.29858e-102
9.88505e-105
4.36321e-107
1.96913e-109
9.0519e-112
4.22236e-114
1.99082e-116
9.45498e-119
4.50704e-121
2.1501e-123
1.02362e-125
4.85315e-128
2.28793e-130
1.07127e-132
4.97876e-135
2.29648e-137
1.05166e-139
4.78362e-142
2.16218e-144
9.72709e-147
0.000208717
1.03566e-08
6.16952e-11
3.56648e-13
1.90968e-15
9.294e-18
4.06829e-20
1.5867e-22
5.45542e-25
1.63223e-27
4.18049e-30
8.97081e-33
1.56612e-35
2.13163e-38
2.11544e-41
1.35921e-44
4.38357e-48
3.81583e-52
2.26469e-57
2.4808e-61
2.15971e-65
1.39911e-69
7.29689e-74
2.77789e-78
8.04863e-83
1.95713e-87
3.75681e-91
1.31575e-93
5.18965e-96
2.124e-98
8.98025e-101
3.90649e-103
1.74167e-105
7.92912e-108
3.67267e-110
1.72444e-112
8.17696e-115
3.9026e-117
1.86822e-119
8.94514e-122
4.27213e-124
2.03106e-126
9.59791e-129
4.50327e-131
2.09666e-133
9.68595e-136
4.44156e-138
2.02262e-140
9.15089e-143
4.11992e-145
0.000255989
1.23264e-08
7.45066e-11
4.29937e-13
2.28484e-15
1.09856e-17
4.72563e-20
1.79941e-22
5.98971e-25
1.71575e-27
4.14299e-30
8.19828e-33
1.27614e-35
1.46527e-38
1.10493e-41
4.24708e-45
4.16566e-49
9.32101e-54
1.41048e-57
1.72658e-61
1.56307e-65
1.12956e-69
5.96259e-74
2.34484e-78
7.48499e-83
4.99059e-87
1.23348e-89
4.74898e-92
1.90548e-94
7.91612e-97
3.39128e-99
1.49238e-101
6.7212e-104
3.08699e-106
1.44086e-108
6.81045e-111
3.24806e-113
1.55796e-115
7.49049e-118
3.59999e-120
1.72495e-122
8.22409e-125
3.89596e-127
1.83191e-129
8.54519e-132
3.95413e-134
1.8158e-136
8.27911e-139
3.74961e-141
1.6896e-143
0.00031322
1.5317e-08
8.78365e-11
4.85615e-13
2.46888e-15
1.12832e-17
4.57324e-20
1.6226e-22
4.95981e-25
1.27854e-27
2.69679e-30
4.44761e-33
5.31739e-36
3.99177e-39
1.20117e-42
7.77744e-47
1.81704e-50
3.62768e-54
5.8295e-58
6.9526e-62
6.51225e-66
4.46422e-70
2.26807e-74
9.08974e-79
5.75012e-83
1.12118e-85
4.20844e-88
1.65482e-90
6.75367e-93
2.84826e-95
1.23649e-97
5.50511e-100
2.50474e-102
1.1607e-104
5.45975e-107
2.59811e-109
1.24638e-111
6.00889e-114
2.90184e-116
1.40004e-118
6.73093e-121
3.21856e-123
1.52864e-125
7.20404e-128
3.36711e-130
1.5608e-132
7.17844e-135
3.27739e-137
1.48603e-139
6.70244e-142
0.000377865
1.88934e-08
1.02397e-10
5.36762e-13
2.56536e-15
1.08479e-17
3.98542e-20
1.24938e-22
3.26508e-25
6.87548e-28
1.10377e-30
1.22027e-33
7.31128e-37
1.69683e-40
6.40208e-44
1.9636e-47
4.96509e-51
9.86557e-55
1.44639e-58
1.64144e-62
1.35063e-66
8.21297e-71
3.99201e-75
4.16346e-79
9.79968e-82
3.59881e-84
1.3866e-86
5.55837e-89
2.30762e-91
9.88052e-94
4.34701e-96
1.95825e-98
9.00193e-101
4.20925e-103
1.99558e-105
9.56156e-108
4.61439e-110
2.23623e-112
1.08485e-114
5.2548e-117
2.53513e-119
1.21594e-121
5.79058e-124
2.73541e-126
1.2812e-128
5.94995e-131
2.74102e-133
1.25325e-135
5.68957e-138
2.56883e-140
0.000450832
2.15305e-08
1.19219e-10
6.17934e-13
2.86088e-15
1.14476e-17
3.85689e-20
1.06156e-22
2.28716e-25
3.59651e-28
3.58784e-31
1.63633e-34
7.69127e-38
3.98146e-41
1.5591e-44
4.82772e-48
1.14226e-51
1.9879e-55
2.63376e-59
2.50717e-63
1.77058e-67
1.06438e-71
2.81767e-75
8.23298e-78
2.95838e-80
1.1167e-82
4.39691e-85
1.79699e-87
7.58983e-90
3.29964e-92
1.47137e-94
6.70727e-97
3.11552e-99
1.47014e-101
7.0256e-104
3.38975e-106
1.64587e-108
8.01884e-111
3.9083e-113
1.90087e-115
9.20366e-118
4.42846e-120
2.11487e-122
1.00154e-124
4.70142e-127
2.18771e-129
1.00962e-131
4.62346e-134
2.10184e-136
9.50056e-139
0.00052799
2.48835e-08
1.38688e-10
7.30337e-13
3.39709e-15
1.3421e-17
4.34596e-20
1.10118e-22
2.03326e-25
2.38586e-28
1.33111e-31
4.82816e-35
2.28381e-38
1.01724e-41
3.67362e-45
9.91165e-49
1.99168e-52
2.95515e-56
3.16263e-60
2.58093e-64
2.28697e-68
2.08155e-71
6.63618e-74
2.32859e-76
8.60805e-79
3.32921e-81
1.33972e-83
5.58289e-86
2.39916e-88
1.05915e-90
4.78745e-93
2.20862e-95
1.03674e-97
4.93748e-100
2.37873e-102
1.15587e-104
5.64726e-107
2.76645e-109
1.35483e-111
6.61739e-114
3.21601e-116
1.55256e-118
7.43638e-121
3.53097e-123
1.66144e-125
7.74764e-128
3.58234e-130
1.64329e-132
7.48158e-135
3.38599e-137
0.000589244
3.58833e-08
1.57645e-10
8.19334e-13
3.8271e-15
1.50159e-17
4.7163e-20
1.11094e-22
1.88499e-25
2.13381e-28
1.30927e-31
3.40382e-35
1.04113e-38
3.49978e-42
9.94965e-46
2.1408e-49
3.54893e-53
4.30178e-57
4.18217e-61
8.33874e-65
1.61525e-67
5.11623e-70
1.7484e-72
6.32426e-75
2.40217e-77
9.52026e-80
3.91594e-82
1.66412e-84
7.27698e-87
3.26262e-89
1.49504e-91
6.98094e-94
3.31193e-96
1.59215e-98
7.73381e-101
3.78528e-103
1.86119e-105
9.16874e-108
4.51252e-110
2.21372e-112
1.08005e-114
5.23219e-117
2.51388e-119
1.19699e-121
5.64648e-124
2.63909e-126
1.22277e-128
5.61946e-131
2.5626e-133
1.16135e-135
0.000612146
6.33841e-08
1.64857e-10
8.29624e-13
3.88067e-15
1.5315e-17
4.83019e-20
1.15146e-22
1.91258e-25
1.93235e-28
9.37329e-32
2.52799e-35
7.38812e-39
1.86878e-42
3.75023e-46
6.00013e-50
7.74756e-54
9.49712e-58
4.97621e-61
1.22704e-63
3.76303e-66
1.248e-68
4.40944e-71
1.64385e-73
6.4167e-76
2.60637e-78
1.09599e-80
4.75033e-83
2.11408e-85
9.6275e-88
4.47305e-90
2.11433e-92
1.01397e-94
4.92102e-97
2.41049e-99
1.18855e-101
5.88223e-104
2.91452e-106
1.44177e-108
7.10518e-111
3.48063e-113
1.69231e-115
8.15764e-118
3.89583e-120
1.8427e-122
8.63367e-125
4.00917e-127
1.84618e-129
8.43399e-132
3.82794e-134
0.000544918
1.32491e-07
1.55231e-10
8.23213e-13
3.93872e-15
1.55313e-17
4.75416e-20
1.05131e-22
1.50815e-25
1.19698e-28
4.99047e-32
1.95825e-35
6.07322e-39
1.39676e-42
2.32851e-46
3.07944e-50
4.40213e-54
3.6038e-57
8.98433e-60
2.63815e-62
8.44705e-65
2.9061e-67
1.0617e-69
4.08021e-72
1.63712e-74
6.81668e-77
2.931e-79
1.29594e-81
5.87078e-84
2.71609e-86
1.27973e-88
6.12456e-91
2.96954e-93
1.45523e-95
7.18959e-98
3.57198e-100
1.77971e-102
8.8708e-105
4.41162e-107
2.18442e-109
1.07465e-111
5.24514e-114
2.53719e-116
1.21552e-118
5.76599e-121
2.70871e-123
1.26087e-125
5.81888e-128
2.66346e-130
1.21083e-132
0.000415685
5.58382e-08
1.45037e-10
7.38535e-13
3.44283e-15
1.29189e-17
3.57595e-20
6.59561e-23
7.09372e-26
4.7964e-29
2.81133e-32
1.23252e-35
3.92102e-39
8.71816e-43
1.46247e-46
2.74145e-50
2.63887e-53
6.30809e-56
1.76219e-58
5.41468e-61
1.80483e-63
6.44261e-66
2.43437e-68
9.64675e-71
3.97959e-73
1.69905e-75
7.47182e-78
3.37095e-80
1.55482e-82
7.30946e-85
3.49335e-87
1.69312e-89
8.30167e-92
4.10886e-94
2.04793e-96
1.02545e-98
5.14483e-101
2.58033e-103
1.29038e-105
6.42123e-108
3.17324e-110
1.55511e-112
7.55036e-115
3.62956e-117
1.72711e-119
8.13684e-122
3.79757e-124
1.75679e-126
8.05859e-129
3.67008e-131
0.000413094
4.28436e-08
1.29685e-10
5.75278e-13
2.42147e-15
7.99117e-18
1.81065e-20
2.62898e-23
2.85779e-26
2.32404e-29
1.36779e-32
5.75248e-36
1.69096e-39
3.91531e-43
1.32747e-46
1.80746e-49
4.21428e-52
1.11967e-54
3.28506e-57
1.05474e-59
3.66098e-62
1.35639e-64
5.3025e-67
2.16735e-69
9.19569e-72
4.02684e-74
1.81173e-76
8.34274e-79
3.91905e-81
1.87269e-83
9.0809e-86
4.45847e-88
2.21131e-90
1.10571e-92
5.56136e-95
2.80733e-97
1.4187e-99
7.16154e-102
3.60228e-104
1.80202e-106
8.94777e-109
4.40415e-111
2.14685e-113
1.03581e-115
4.94561e-118
2.3373e-120
1.094e-122
5.07431e-125
2.33318e-127
1.06466e-129
0.000500815
4.879e-08
1.29698e-10
4.11536e-13
1.36205e-15
3.80244e-18
8.0385e-21
1.24716e-23
1.36773e-26
1.0527e-29
5.5464e-33
2.09948e-36
7.57477e-40
6.20459e-43
1.14911e-45
2.64271e-48
6.72314e-51
1.88289e-53
5.79526e-56
1.94503e-58
7.03299e-61
2.70557e-63
1.09471e-65
4.6171e-68
2.01554e-70
9.05621e-73
4.17009e-75
1.96067e-77
9.38369e-80
4.55915e-82
2.24387e-84
1.11637e-86
5.60277e-89
2.8312e-91
1.43745e-93
7.31744e-96
3.7259e-98
1.89363e-100
9.58365e-103
4.82093e-105
2.40599e-107
1.18978e-109
5.82466e-112
2.82147e-114
1.35213e-116
6.41208e-119
3.01076e-121
1.40054e-123
6.45656e-126
2.95252e-128
0.000614242
5.57175e-08
1.40686e-10
3.62771e-13
9.63862e-16
2.30837e-18
4.43002e-21
6.34176e-24
6.48469e-27
4.7635e-30
2.85393e-33
2.23595e-36
3.31436e-39
6.72286e-42
1.52487e-44
3.76144e-47
1.01254e-49
2.98741e-52
9.65087e-55
3.38761e-57
1.27669e-59
5.10209e-62
2.13767e-64
9.3076e-67
4.18241e-69
1.92912e-71
9.09534e-74
4.3683e-76
2.13092e-78
1.05313e-80
5.26283e-83
2.65433e-85
1.34848e-87
6.88901e-90
3.53206e-92
1.81387e-94
9.3092e-97
4.76523e-99
2.42739e-101
1.22832e-103
6.16365e-106
3.06328e-108
1.50664e-110
7.32976e-113
3.5268e-115
1.67876e-117
7.90994e-120
3.69131e-122
1.70661e-124
7.82192e-127
0.000763491
6.29159e-08
1.60711e-10
3.42166e-13
7.21541e-16
1.4237e-18
2.38544e-21
3.23106e-24
3.77999e-27
4.85812e-30
8.15242e-33
1.61945e-35
3.46388e-38
7.87566e-41
1.91669e-43
5.02942e-46
1.43329e-48
4.45847e-51
1.51283e-53
5.55742e-56
2.1843e-58
9.07355e-61
3.93889e-63
1.77153e-65
8.19882e-68
3.88422e-70
1.87612e-72
9.20915e-75
4.58127e-77
2.3042e-79
1.16975e-81
5.98353e-84
3.07854e-86
1.59072e-88
8.23958e-91
4.27056e-93
2.21009e-95
1.1399e-97
5.84689e-100
2.97747e-102
1.50283e-104
7.50948e-107
3.71214e-109
1.81446e-111
8.76906e-114
4.19127e-116
1.98238e-118
9.28363e-121
4.30569e-123
1.9783e-125
0.000954276
6.89307e-08
1.95555e-10
3.68765e-13
6.54784e-16
1.19718e-18
2.36203e-21
5.16475e-24
1.21551e-26
2.87356e-29
6.61222e-32
1.50796e-34
3.52318e-37
8.63961e-40
2.25217e-42
6.29445e-45
1.90136e-47
6.24238e-50
2.22688e-52
8.56858e-55
3.5151e-57
1.51889e-59
6.83651e-62
3.1782e-64
1.51597e-66
7.38178e-69
3.65513e-71
1.8349e-73
9.3148e-76
4.77087e-78
2.46185e-80
1.27793e-82
6.66242e-85
3.48384e-87
1.82405e-89
9.5464e-92
4.98425e-94
2.59154e-96
1.33913e-98
6.86595e-101
3.48738e-103
1.75286e-105
8.7126e-108
4.2806e-110
2.07877e-112
9.98059e-115
4.74039e-117
2.22853e-119
1.03715e-121
4.77737e-124
0.00116624
7.19359e-08
2.56656e-10
5.04163e-13
1.00173e-15
2.54988e-18
7.99063e-21
2.55776e-23
7.58456e-26
2.05627e-28
5.23879e-31
1.30796e-33
3.32349e-36
8.8051e-39
2.4637e-41
7.34771e-44
2.35656e-46
8.17817e-49
3.0714e-51
1.23937e-53
5.31219e-56
2.38987e-58
1.11617e-60
5.36716e-63
2.64026e-65
1.32234e-67
6.71717e-70
3.45123e-72
1.78921e-74
9.339e-77
4.90194e-79
2.58397e-81
1.36597e-83
7.23304e-86
3.83033e-88
2.02544e-90
1.0675e-92
5.59842e-95
2.91594e-97
1.50606e-99
7.702e-102
3.89603e-104
1.94816e-106
9.62553e-109
4.69918e-111
2.26735e-113
1.08185e-115
5.1074e-118
2.3859e-120
1.10193e-122
5.56306e-154
3.99829e-156
2.76314e-158
1.83315e-160
1.16704e-162
7.12786e-165
4.17611e-167
2.34824e-169
1.26778e-171
6.57245e-174
3.27334e-176
1.56644e-178
7.21047e-181
3.19243e-183
1.36003e-185
5.57867e-188
2.20411e-190
8.39206e-193
3.08076e-195
1.0906e-197
3.72655e-200
1.22928e-202
3.91548e-205
1.20526e-207
3.58655e-210
1.03204e-212
2.87404e-215
7.74487e-218
2.02055e-220
5.10761e-223
1.25088e-225
2.96976e-228
6.83885e-231
1.5278e-233
3.31185e-236
6.96937e-239
1.42418e-241
2.82689e-244
5.45292e-247
1.02261e-249
1.86461e-252
3.30638e-255
5.70431e-258
9.57798e-261
1.56567e-263
2.49159e-266
3.86236e-269
5.8323e-272
8.58048e-275
1.2306e-277
1.72075e-280
2.34628e-283
3.12035e-286
4.04861e-289
5.12629e-292
6.33516e-295
7.64124e-298
8.99894e-301
1.035e-303
1.16249e-306
1.27543e-309
1.3703e-312
0
0
0
0
0
0
0
0
0
0
0
0
0
0
0
0
0
0
0
0
0
0
0
0
0
0
0
0
0
0
0
0
0
0
0
0
0
0
0
0
0
0
0
0
0
0
0
0
0
0
0
0
0
0
0
0
0
0
0
0
0
0
0
0
0
0
0
0
0
0
0
0
0
0
0
0
0
0
0
0
0
0
0
0
0
0
0
0
0
0
0
0
0
0
0
0
0
0
0
0
0
0
0
0
0
0
0
0
0
0
0
0
0
0
0
0
0
0
0
0
0
0
0
0
0
0
0
0
0
0
0
0
0
0
0
0
0
0
0
0
0
0
0
0
0
0
0
0
0
0
0
0
0
0
0
0
0
0
0
0
0
0
0
0
0
0
0
0
0
0
0
0
0
0
0
0
0
0
0
0
0
0
0
0
0
0
0
0
0
0
0
0
0
0
0
0
0
0
0
0
0
0
0
0
0
0
0
0
0
0
0
0
0
0
0
0
0
0
0
0
0
0
0
0
0
0
0
0
0
0
0
0
0
0
0
0
0
0
2.5318e-152
1.81999e-154
1.25799e-156
8.34758e-159
5.31546e-161
3.2472e-163
1.90294e-165
1.0703e-167
5.77998e-170
2.99734e-172
1.49325e-174
7.1482e-177
3.29151e-179
1.45784e-181
6.21301e-184
2.5495e-186
1.00772e-188
3.83853e-191
1.40979e-193
4.99307e-196
1.70698e-198
5.6338e-201
1.79545e-203
5.52991e-206
1.64655e-208
4.74096e-211
1.32113e-213
3.56254e-216
9.30082e-219
2.35282e-221
5.76655e-224
1.37014e-226
3.15778e-229
7.06048e-232
1.53187e-234
3.22655e-237
6.59957e-240
1.31123e-242
2.53182e-245
4.75289e-248
8.67553e-251
1.54005e-253
2.65993e-256
4.47138e-259
7.31778e-262
1.16596e-264
1.80966e-267
2.73612e-270
4.03061e-273
5.78836e-276
8.10494e-279
1.10666e-281
1.47385e-284
1.91508e-287
2.42842e-290
3.0056e-293
3.63081e-296
4.28262e-299
4.93338e-302
5.55e-305
6.09916e-308
6.54987e-311
6.98105e-314
0
0
0
0
0
0
0
0
0
0
0
0
0
0
0
0
0
0
0
0
0
0
0
0
0
0
0
0
0
0
0
0
0
0
0
0
0
0
0
0
0
0
0
0
0
0
0
0
0
0
0
0
0
0
0
0
0
0
0
0
0
0
0
0
0
0
0
0
0
0
0
0
0
0
0
0
0
0
0
0
0
0
0
0
0
0
0
0
0
0
0
0
0
0
0
0
0
0
0
0
0
0
0
0
0
0
0
0
0
0
0
0
0
0
0
0
0
0
0
0
0
0
0
0
0
0
0
0
0
0
0
0
0
0
0
0
0
0
0
0
0
0
0
0
0
0
0
0
0
0
0
0
0
0
0
0
0
0
0
0
0
0
0
0
0
0
0
0
0
0
0
0
0
0
0
0
0
0
0
0
0
0
0
0
0
0
0
0
0
0
0
0
0
0
0
0
0
0
0
0
0
0
0
0
0
0
0
0
0
0
0
0
0
0
0
0
0
0
0
0
0
0
0
0
0
0
0
0
0
0
0
0
0
0
0
0
0
1.11668e-150
8.02908e-153
5.55106e-155
3.68435e-157
2.34667e-159
1.43395e-161
8.40567e-164
4.72915e-166
2.5547e-168
1.32525e-170
6.6046e-173
3.16278e-175
1.45692e-177
6.45547e-180
2.75236e-182
1.12993e-184
4.46824e-187
1.70283e-189
6.25718e-192
2.21728e-194
7.58441e-197
2.50463e-199
7.98684e-202
2.46143e-204
7.33374e-207
2.11306e-209
5.89243e-212
1.59011e-214
4.15446e-217
1.05177e-219
2.57991e-222
6.13508e-225
1.41519e-227
3.16707e-230
6.87781e-233
1.45006e-235
2.96889e-238
5.90474e-241
1.14133e-243
2.14491e-246
3.91951e-249
6.96575e-252
1.20453e-254
2.02728e-257
3.32194e-260
5.29965e-263
8.23625e-266
1.24694e-268
1.83939e-271
2.64525e-274
3.70921e-277
5.07197e-280
6.76494e-283
8.80349e-286
1.11805e-288
1.38597e-291
1.67696e-294
1.98124e-297
2.28608e-300
2.57613e-303
2.83587e-306
3.05069e-309
3.20984e-312
0
0
0
0
0
0
0
0
0
0
0
0
0
0
0
0
0
0
0
0
0
0
0
0
0
0
0
0
0
0
0
0
0
0
0
0
0
0
0
0
0
0
0
0
0
0
0
0
0
0
0
0
0
0
0
0
0
0
0
0
0
0
0
0
0
0
0
0
0
0
0
0
0
0
0
0
0
0
0
0
0
0
0
0
0
0
0
0
0
0
0
0
0
0
0
0
0
0
0
0
0
0
0
0
0
0
0
0
0
0
0
0
0
0
0
0
0
0
0
0
0
0
0
0
0
0
0
0
0
0
0
0
0
0
0
0
0
0
0
0
0
0
0
0
0
0
0
0
0
0
0
0
0
0
0
0
0
0
0
0
0
0
0
0
0
0
0
0
0
0
0
0
0
0
0
0
0
0
0
0
0
0
0
0
0
0
0
0
0
0
0
0
0
0
0
0
0
0
0
0
0
0
0
0
0
0
0
0
0
0
0
0
0
0
0
0
0
0
0
0
0
0
0
0
0
0
0
0
0
0
0
0
0
0
0
0
0
4.76905e-149
3.42991e-151
2.37198e-153
1.57478e-155
1.00332e-157
6.13279e-160
3.59615e-162
2.02394e-164
1.09374e-166
5.67593e-169
2.82983e-171
1.3557e-173
6.24773e-176
2.76957e-178
1.1814e-180
4.85237e-183
1.91983e-185
7.32032e-188
2.6914e-190
9.54272e-193
3.26614e-195
1.07926e-197
3.44382e-200
1.06205e-202
3.16656e-205
9.13046e-208
2.54801e-210
6.88132e-213
1.79934e-215
4.55916e-218
1.1193e-220
2.66411e-223
6.15101e-226
1.37787e-228
2.99524e-231
6.32136e-234
1.29562e-236
2.5796e-239
4.9917e-242
9.39169e-245
1.71823e-247
3.05733e-250
5.29336e-253
8.92041e-256
1.46362e-258
2.33813e-261
3.63871e-264
5.51659e-267
8.14933e-270
1.17369e-272
1.64824e-275
2.25725e-278
3.0154e-281
3.93032e-284
4.99962e-287
6.20791e-290
7.52394e-293
8.90432e-296
1.02921e-298
1.16184e-301
1.28126e-304
1.38081e-307
1.45451e-310
1.54428e-313
0
0
0
0
0
0
0
0
0
0
0
0
0
0
0
0
0
0
0
0
0
0
0
0
0
0
0
0
0
0
0
0
0
0
0
0
0
0
0
0
0
0
0
0
0
0
0
0
0
0
0
0
0
0
0
0
0
0
0
0
0
0
0
0
0
0
0
0
0
0
0
0
0
0
0
0
0
0
0
0
0
0
0
0
0
0
0
0
0
0
0
0
0
0
0
0
0
0
0
0
0
0
0
0
0
0
0
0
0
0
0
0
0
0
0
0
0
0
0
0
0
0
0
0
0
0
0
0
0
0
0
0
0
0
0
0
0
0
0
0
0
0
0
0
0
0
0
0
0
0
0
0
0
0
0
0
0
0
0
0
0
0
0
0
0
0
0
0
0
0
0
0
0
0
0
0
0
0
0
0
0
0
0
0
0
0
0
0
0
0
0
0
0
0
0
0
0
0
0
0
0
0
0
0
0
0
0
0
0
0
0
0
0
0
0
0
0
0
0
0
0
0
0
0
0
0
0
0
0
0
0
0
0
0
0
0
1.97019e-147
1.41741e-149
9.80532e-152
6.51196e-154
4.15032e-156
2.5378e-158
1.48867e-160
8.38169e-163
4.53136e-165
2.35256e-167
1.17344e-169
5.62431e-172
2.59323e-174
1.15014e-176
4.90869e-179
2.01725e-181
7.98578e-184
3.04677e-186
1.12086e-188
3.97669e-191
1.36198e-193
4.50357e-196
1.43806e-198
4.43811e-201
1.32426e-203
3.82137e-206
1.06729e-208
2.8848e-211
7.54977e-214
1.91469e-216
4.70504e-219
1.12095e-221
2.59066e-224
5.80922e-227
1.26416e-229
2.67086e-232
5.48029e-235
1.09239e-237
2.11635e-240
3.98667e-243
7.30281e-246
1.3011e-248
2.25564e-251
3.80636e-254
6.25395e-257
1.00048e-259
1.55925e-262
2.36744e-265
3.50258e-268
5.05234e-271
7.10634e-274
9.74772e-277
1.30431e-279
1.7029e-282
2.16988e-285
2.69896e-288
3.2769e-291
3.88505e-294
4.49872e-297
5.0878e-300
5.62125e-303
6.06949e-306
6.40575e-309
6.61042e-312
2.84897e-315
0
0
0
0
0
0
0
0
0
0
0
0
0
0
0
0
0
0
0
0
0
0
0
0
0
0
0
0
0
0
0
0
0
0
0
0
0
0
0
0
0
0
0
0
0
0
0
0
0
0
0
0
0
0
0
0
0
0
0
0
0
0
0
0
0
0
0
0
0
0
0
0
0
0
0
0
0
0
0
0
0
0
0
0
0
0
0
0
0
0
0
0
0
0
0
0
0
0
0
0
0
0
0
0
0
0
0
0
0
0
0
0
0
0
0
0
0
0
0
0
0
0
0
0
0
0
0
0
0
0
0
0
0
0
0
0
0
0
0
0
0
0
0
0
0
0
0
0
0
0
0
0
0
0
0
0
0
0
0
0
0
0
0
0
0
0
0
0
0
0
0
0
0
0
0
0
0
0
0
0
0
0
0
0
0
0
0
0
0
0
0
0
0
0
0
0
0
0
0
0
0
0
0
0
0
0
0
0
0
0
0
0
0
0
0
0
0
0
0
0
0
0
0
0
0
0
0
0
0
0
0
0
0
0
0
7.86466e-146
5.66005e-148
3.91693e-150
2.60231e-152
1.65921e-154
1.01497e-156
5.95639e-159
3.35514e-161
1.81473e-163
9.42623e-166
4.70412e-168
2.25588e-170
1.0407e-172
4.61832e-175
1.97221e-177
8.10982e-180
3.21249e-182
1.22644e-184
4.51492e-187
1.60295e-189
5.4939e-192
1.81799e-194
5.80959e-197
1.79436e-199
5.35848e-202
1.54761e-204
4.32616e-207
1.17039e-209
3.06589e-212
7.7829e-215
1.91444e-217
4.56575e-220
1.05632e-222
2.37125e-225
5.16596e-228
1.09271e-230
2.24479e-233
4.48003e-236
8.69035e-239
1.63916e-241
3.00661e-244
5.36399e-247
9.31221e-250
1.57367e-252
2.58937e-255
4.14858e-258
6.47546e-261
9.84721e-264
1.4592e-266
2.10829e-269
2.97035e-272
4.08132e-275
5.47054e-278
7.1549e-281
9.13329e-284
1.1381e-286
1.38437e-289
1.64439e-292
1.90776e-295
2.16176e-298
2.39311e-301
2.58908e-304
2.73801e-307
2.82988e-310
2.9035e-313
0
0
0
0
0
0
0
0
0
0
0
0
0
0
0
0
0
0
0
0
0
0
0
0
0
0
0
0
0
0
0
0
0
0
0
0
0
0
0
0
0
0
0
0
0
0
0
0
0
0
0
0
0
0
0
0
0
0
0
0
0
0
0
0
0
0
0
0
0
0
0
0
0
0
0
0
0
0
0
0
0
0
0
0
0
0
0
0
0
0
0
0
0
0
0
0
0
0
0
0
0
0
0
0
0
0
0
0
0
0
0
0
0
0
0
0
0
0
0
0
0
0
0
0
0
0
0
0
0
0
0
0
0
0
0
0
0
0
0
0
0
0
0
0
0
0
0
0
0
0
0
0
0
0
0
0
0
0
0
0
0
0
0
0
0
0
0
0
0
0
0
0
0
0
0
0
0
0
0
0
0
0
0
0
0
0
0
0
0
0
0
0
0
0
0
0
0
0
0
0
0
0
0
0
0
0
0
0
0
0
0
0
0
0
0
0
0
0
0
0
0
0
0
0
0
0
0
0
0
0
0
0
0
0
0
3.02978e-144
2.18136e-146
1.51019e-148
1.00376e-150
6.40272e-153
3.9185e-155
2.3007e-157
1.2966e-159
7.01676e-162
3.64672e-164
1.82091e-166
8.73742e-169
4.03328e-171
1.79098e-173
7.6532e-176
3.14913e-178
1.24831e-180
4.76911e-183
1.75696e-185
6.24257e-188
2.14125e-190
7.09136e-193
2.26803e-195
7.0111e-198
2.0956e-200
6.058e-203
1.69505e-205
4.59027e-208
1.20365e-210
3.05872e-213
7.53196e-216
1.79829e-218
4.16521e-221
9.36115e-224
2.04187e-226
4.32435e-229
8.89498e-232
1.77753e-234
3.45269e-237
6.52139e-240
1.19787e-242
2.14018e-245
3.721e-248
6.29771e-251
1.03786e-253
1.66545e-256
2.60381e-259
3.96616e-262
5.88717e-265
8.5207e-268
1.20259e-270
1.65536e-273
2.22288e-276
2.91271e-279
3.72513e-282
4.65083e-285
5.66832e-288
6.74635e-291
7.84265e-294
8.90496e-297
9.87834e-300
1.07097e-302
1.13497e-305
1.17557e-308
1.19047e-311
9.62473e-315
0
0
0
0
0
0
0
0
0
0
0
0
0
0
0
0
0
0
0
0
0
0
0
0
0
0
0
0
0
0
0
0
0
0
0
0
0
0
0
0
0
0
0
0
0
0
0
0
0
0
0
0
0
0
0
0
0
0
0
0
0
0
0
0
0
0
0
0
0
0
0
0
0
0
0
0
0
0
0
0
0
0
0
0
0
0
0
0
0
0
0
0
0
0
0
0
0
0
0
0
0
0
0
0
0
0
0
0
0
0
0
0
0
0
0
0
0
0
0
0
0
0
0
0
0
0
0
0
0
0
0
0
0
0
0
0
0
0
0
0
0
0
0
0
0
0
0
0
0
0
0
0
0
0
0
0
0
0
0
0
0
0
0
0
0
0
0
0
0
0
0
0
0
0
0
0
0
0
0
0
0
0
0
0
0
0
0
0
0
0
0
0
0
0
0
0
0
0
0
0
0
0
0
0
0
0
0
0
0
0
0
0
0
0
0
0
0
0
0
0
0
0
0
0
0
0
0
0
0
0
0
0
0
0
1.12484e-142
8.10218e-145
5.61188e-147
3.73177e-149
2.38159e-151
1.45831e-153
8.56691e-156
4.83078e-158
2.6158e-160
1.36031e-162
6.79675e-165
3.26347e-167
1.50748e-169
6.69866e-172
2.86453e-174
1.17957e-176
4.67939e-179
1.78915e-181
6.59668e-184
2.3458e-186
8.05322e-189
2.66943e-191
8.54548e-194
2.64413e-196
7.91097e-199
2.28923e-201
6.41198e-204
1.73824e-206
4.56299e-209
1.16086e-211
2.86189e-214
6.84108e-217
1.58648e-219
3.57007e-222
7.79724e-225
1.65353e-227
3.4059e-230
6.81575e-233
1.32581e-235
2.50786e-238
4.61351e-241
8.2555e-244
1.43761e-246
2.43708e-249
4.02295e-252
6.46661e-255
1.01275e-257
1.54537e-260
2.298e-263
3.33211e-266
4.71169e-269
6.49797e-272
8.74269e-275
1.14785e-277
1.47095e-280
1.84024e-283
2.2475e-286
2.68057e-289
3.12282e-292
3.55347e-295
3.95052e-298
4.29247e-301
4.55914e-304
4.73291e-307
4.80285e-310
4.79624e-313
0
0
0
0
0
0
0
0
0
0
0
0
0
0
0
0
0
0
0
0
0
0
0
0
0
0
0
0
0
0
0
0
0
0
0
0
0
0
0
0
0
0
0
0
0
0
0
0
0
0
0
0
0
0
0
0
0
0
0
0
0
0
0
0
0
0
0
0
0
0
0
0
0
0
0
0
0
0
0
0
0
0
0
0
0
0
0
0
0
0
0
0
0
0
0
0
0
0
0
0
0
0
0
0
0
0
0
0
0
0
0
0
0
0
0
0
0
0
0
0
0
0
0
0
0
0
0
0
0
0
0
0
0
0
0
0
0
0
0
0
0
0
0
0
0
0
0
0
0
0
0
0
0
0
0
0
0
0
0
0
0
0
0
0
0
0
0
0
0
0
0
0
0
0
0
0
0
0
0
0
0
0
0
0
0
0
0
0
0
0
0
0
0
0
0
0
0
0
0
0
0
0
0
0
0
0
0
0
0
0
0
0
0
0
0
0
0
0
0
0
0
0
0
0
0
0
0
0
0
0
0
0
0
0
4.01816e-141
2.89573e-143
2.00673e-145
1.33515e-147
8.52561e-150
5.2235e-152
3.07044e-154
1.73248e-156
9.38738e-159
4.88513e-161
2.44257e-163
1.17367e-165
5.42554e-168
2.41279e-170
1.03261e-172
4.25561e-175
1.68965e-177
6.46597e-180
2.38618e-182
8.49316e-185
2.91852e-187
9.68362e-190
3.10308e-192
9.61146e-195
2.87873e-197
8.33952e-200
2.33848e-202
6.3468e-205
1.66807e-207
4.24892e-210
1.04882e-212
2.51037e-215
5.82941e-218
1.3136e-220
2.87302e-223
6.1015e-226
1.25863e-228
2.52253e-231
4.91447e-234
9.31086e-237
1.71563e-239
3.07511e-242
5.36409e-245
9.10923e-248
1.50636e-250
2.42577e-253
3.80611e-256
5.81872e-259
8.66927e-262
1.25952e-264
1.78457e-267
2.46613e-270
3.32494e-273
4.37459e-276
5.61795e-279
7.04363e-282
8.62144e-285
1.03057e-287
1.20331e-290
1.3724e-293
1.52929e-296
1.66556e-299
1.77322e-302
1.84521e-305
1.87701e-308
1.8668e-311
1.59389e-314
0
0
0
0
0
0
0
0
0
0
0
0
0
0
0
0
0
0
0
0
0
0
0
0
0
0
0
0
0
0
0
0
0
0
0
0
0
0
0
0
0
0
0
0
0
0
0
0
0
0
0
0
0
0
0
0
0
0
0
0
0
0
0
0
0
0
0
0
0
0
0
0
0
0
0
0
0
0
0
0
0
0
0
0
0
0
0
0
0
0
0
0
0
0
0
0
0
0
0
0
0
0
0
0
0
0
0
0
0
0
0
0
0
0
0
0
0
0
0
0
0
0
0
0
0
0
0
0
0
0
0
0
0
0
0
0
0
0
0
0
0
0
0
0
0
0
0
0
0
0
0
0
0
0
0
0
0
0
0
0
0
0
0
0
0
0
0
0
0
0
0
0
0
0
0
0
0
0
0
0
0
0
0
0
0
0
0
0
0
0
0
0
0
0
0
0
0
0
0
0
0
0
0
0
0
0
0
0
0
0
0
0
0
0
0
0
0
0
0
0
0
0
0
0
0
0
0
0
0
0
0
0
0
1.37865e-139
9.941e-142
6.8931e-144
4.58897e-146
2.93215e-148
1.79766e-150
1.05741e-152
5.97066e-155
3.23758e-157
1.68611e-159
8.43729e-162
4.05748e-164
1.87725e-166
8.3556e-169
3.57917e-171
1.47642e-173
5.86754e-176
2.24758e-178
8.30265e-181
2.95821e-183
1.01761e-185
3.38008e-188
1.08435e-190
3.36248e-193
1.00829e-195
2.9245e-198
8.21074e-201
2.2313e-203
5.87201e-206
1.49774e-208
3.70221e-211
8.87385e-214
2.06361e-216
4.65708e-219
1.02013e-221
2.16988e-224
4.48325e-227
9.00001e-230
1.75636e-232
3.33329e-235
6.1528e-238
1.10481e-240
1.93074e-243
3.28492e-246
5.44254e-249
8.78158e-252
1.3806e-254
2.11493e-257
3.15754e-260
4.59715e-263
6.52752e-266
9.0402e-269
1.22154e-271
1.61079e-274
2.07334e-277
2.60554e-280
3.19671e-283
3.83035e-286
4.48317e-289
5.12564e-292
5.7257e-295
6.2515e-298
6.67238e-301
6.96094e-304
7.09909e-307
7.0786e-310
6.93731e-313
0
0
0
0
0
0
0
0
0
0
0
0
0
0
0
0
0
0
0
0
0
0
0
0
0
0
0
0
0
0
0
0
0
0
0
0
0
0
0
0
0
0
0
0
0
0
0
0
0
0
0
0
0
0
0
0
0
0
0
0
0
0
0
0
0
0
0
0
0
0
0
0
0
0
0
0
0
0
0
0
0
0
0
0
0
0
0
0
0
0
0
0
0
0
0
0
0
0
0
0
0
0
0
0
0
0
0
0
0
0
0
0
0
0
0
0
0
0
0
0
0
0
0
0
0
0
0
0
0
0
0
0
0
0
0
0
0
0
0
0
0
0
0
0
0
0
0
0
0
0
0
0
0
0
0
0
0
0
0
0
0
0
0
0
0
0
0
0
0
0
0
0
0
0
0
0
0
0
0
0
0
0
0
0
0
0
0
0
0
0
0
0
0
0
0
0
0
0
0
0
0
0
0
0
0
0
0
0
0
0
0
0
0
0
0
0
0
0
0
0
0
0
0
0
0
0
0
0
0
0
0
0
0
4.53474e-138
3.27192e-140
2.27023e-142
1.51239e-144
9.67033e-147
5.93312e-149
3.49263e-151
1.97369e-153
1.07112e-155
5.58316e-158
2.7963e-160
1.34597e-162
6.23323e-165
2.7771e-167
1.19078e-169
4.91704e-172
1.95619e-174
7.50135e-177
2.77412e-179
9.89542e-182
3.40798e-184
1.13335e-186
3.64035e-189
1.13027e-191
3.39371e-194
9.85657e-197
2.77109e-199
7.54113e-202
1.98743e-204
5.07673e-207
1.25681e-209
3.01714e-212
7.02752e-215
1.58854e-217
3.4855e-220
7.42656e-223
1.53711e-225
3.09124e-228
6.04363e-231
1.14913e-233
2.12519e-236
3.82351e-239
6.69515e-242
1.14142e-244
1.89506e-247
3.06416e-250
4.8277e-253
7.4117e-256
1.10902e-258
1.61833e-261
2.30319e-264
3.19727e-267
4.33055e-270
5.72434e-273
7.3862e-276
9.30527e-279
1.14454e-281
1.37492e-284
1.61342e-287
1.84946e-290
2.07145e-293
2.26772e-296
2.42692e-299
2.53876e-302
2.59625e-305
2.59592e-308
2.53856e-311
2.30067e-314
0
0
0
0
0
0
0
0
0
0
0
0
0
0
0
0
0
0
0
0
0
0
0
0
0
0
0
0
0
0
0
0
0
0
0
0
0
0
0
0
0
0
0
0
0
0
0
0
0
0
0
0
0
0
0
0
0
0
0
0
0
0
0
0
0
0
0
0
0
0
0
0
0
0
0
0
0
0
0
0
0
0
0
0
0
0
0
0
0
0
0
0
0
0
0
0
0
0
0
0
0
0
0
0
0
0
0
0
0
0
0
0
0
0
0
0
0
0
0
0
0
0
0
0
0
0
0
0
0
0
0
0
0
0
0
0
0
0
0
0
0
0
0
0
0
0
0
0
0
0
0
0
0
0
0
0
0
0
0
0
0
0
0
0
0
0
0
0
0
0
0
0
0
0
0
0
0
0
0
0
0
0
0
0
0
0
0
0
0
0
0
0
0
0
0
0
0
0
0
0
0
0
0
0
0
0
0
0
0
0
0
0
0
0
0
0
0
0
0
0
0
0
0
0
0
0
0
0
0
0
0
0
1.42702e-136
1.03036e-138
7.15441e-141
4.76978e-143
3.05227e-145
1.87424e-147
1.10426e-149
6.24583e-152
3.39279e-154
1.7702e-156
8.87485e-159
4.27625e-161
1.98246e-163
8.84218e-166
3.79568e-168
1.56914e-170
6.25005e-173
2.39961e-175
8.8852e-178
3.17345e-180
1.09437e-182
3.64433e-185
1.17218e-187
3.64458e-190
1.0959e-192
3.18764e-195
8.97539e-198
2.44634e-200
6.45752e-203
1.65222e-205
4.09716e-208
9.85269e-211
2.29891e-213
5.20591e-216
1.14436e-218
2.44288e-221
5.06587e-224
1.02077e-226
1.9997e-229
3.80999e-232
7.06089e-235
1.27306e-237
2.23402e-240
3.8171e-243
6.3517e-246
1.02938e-248
1.62562e-251
2.50166e-254
3.75232e-257
5.48908e-260
7.83156e-263
1.08993e-265
1.48007e-268
1.96155e-271
2.53773e-274
3.20569e-277
3.95375e-280
4.7627e-283
5.60444e-286
6.44252e-289
7.2364e-292
7.94491e-295
8.52735e-298
8.94649e-301
9.17618e-304
9.20242e-307
9.02625e-310
8.69227e-313
0
0
0
0
0
0
0
0
0
0
0
0
0
0
0
0
0
0
0
0
0
0
0
0
0
0
0
0
0
0
0
0
0
0
0
0
0
0
0
0
0
0
0
0
0
0
0
0
0
0
0
0
0
0
0
0
0
0
0
0
0
0
0
0
0
0
0
0
0
0
0
0
0
0
0
0
0
0
0
0
0
0
0
0
0
0
0
0
0
0
0
0
0
0
0
0
0
0
0
0
0
0
0
0
0
0
0
0
0
0
0
0
0
0
0
0
0
0
0
0
0
0
0
0
0
0
0
0
0
0
0
0
0
0
0
0
0
0
0
0
0
0
0
0
0
0
0
0
0
0
0
0
0
0
0
0
0
0
0
0
0
0
0
0
0
0
0
0
0
0
0
0
0
0
0
0
0
0
0
0
0
0
0
0
0
0
0
0
0
0
0
0
0
0
0
0
0
0
0
0
0
0
0
0
0
0
0
0
0
0
0
0
0
0
0
0
0
0
0
0
0
0
0
0
0
0
0
0
0
0
0
0
4.28682e-135
3.09769e-137
2.15268e-139
1.43641e-141
9.20011e-144
5.65462e-146
3.33484e-148
1.88814e-150
1.02674e-152
5.36295e-155
2.69174e-157
1.2985e-159
6.02706e-162
2.69152e-164
1.15685e-166
4.78866e-169
1.90993e-171
7.34289e-174
2.72271e-176
9.73845e-179
3.36327e-181
1.12168e-183
3.61341e-186
1.12526e-188
3.38907e-191
9.8742e-194
2.78498e-196
7.60391e-199
2.01075e-201
5.15408e-204
1.28048e-206
3.0851e-209
7.21236e-212
1.63649e-214
3.60466e-217
7.71084e-220
1.6024e-222
3.2358e-225
6.35292e-228
1.21313e-230
2.25338e-233
4.07227e-236
7.1632e-239
1.22689e-241
2.04659e-244
3.32512e-247
5.26452e-250
8.12255e-253
1.22155e-255
1.79175e-258
2.56337e-261
3.57737e-264
4.87159e-267
6.47483e-270
8.40098e-273
1.06435e-275
1.31665e-278
1.59084e-281
1.87775e-284
2.16526e-287
2.43973e-290
2.68715e-293
2.89343e-296
3.04554e-299
3.13404e-302
3.1535e-305
3.10356e-308
2.98725e-311
2.84597e-314
0
0
0
0
0
0
0
0
0
0
0
0
0
0
0
0
0
0
0
0
0
0
0
0
0
0
0
0
0
0
0
0
0
0
0
0
0
0
0
0
0
0
0
0
0
0
0
0
0
0
0
0
0
0
0
0
0
0
0
0
0
0
0
0
0
0
0
0
0
0
0
0
0
0
0
0
0
0
0
0
0
0
0
0
0
0
0
0
0
0
0
0
0
0
0
0
0
0
0
0
0
0
0
0
0
0
0
0
0
0
0
0
0
0
0
0
0
0
0
0
0
0
0
0
0
0
0
0
0
0
0
0
0
0
0
0
0
0
0
0
0
0
0
0
0
0
0
0
0
0
0
0
0
0
0
0
0
0
0
0
0
0
0
0
0
0
0
0
0
0
0
0
0
0
0
0
0
0
0
0
0
0
0
0
0
0
0
0
0
0
0
0
0
0
0
0
0
0
0
0
0
0
0
0
0
0
0
0
0
0
0
0
0
0
0
0
0
0
0
0
0
0
0
0
0
0
0
0
0
0
0
1.22634e-133
8.8697e-136
6.16963e-138
4.1208e-140
2.64206e-142
1.62562e-144
9.59787e-147
5.4405e-149
2.96204e-151
1.54909e-153
7.78513e-156
3.76055e-158
1.74786e-160
7.81646e-163
3.36447e-165
1.39473e-167
5.57124e-170
2.14523e-172
7.96705e-175
2.85424e-177
9.87383e-180
3.2986e-182
1.06447e-184
3.32079e-187
1.00198e-189
2.92478e-192
8.2649e-195
2.26098e-197
5.99075e-200
1.53871e-202
3.83071e-205
9.24903e-208
2.1669e-210
4.9276e-213
1.08784e-215
2.33238e-218
4.85831e-221
9.83404e-224
1.93545e-226
3.70501e-229
6.89948e-232
1.25008e-234
2.20468e-237
3.7862e-240
6.33302e-243
1.03179e-245
1.6382e-248
2.53483e-251
3.8233e-254
5.62478e-257
8.07167e-260
1.12997e-262
1.54366e-265
2.05833e-268
2.67948e-271
3.40624e-274
4.2283e-277
5.12699e-280
6.07358e-283
7.02957e-286
7.95078e-289
8.79114e-292
9.50362e-295
1.0044e-297
1.0379e-300
1.04884e-303
1.03678e-306
1.00251e-309
9.51767e-313
0
0
0
0
0
0
0
0
0
0
0
0
0
0
0
0
0
0
0
0
0
0
0
0
0
0
0
0
0
0
0
0
0
0
0
0
0
0
0
0
0
0
0
0
0
0
0
0
0
0
0
0
0
0
0
0
0
0
0
0
0
0
0
0
0
0
0
0
0
0
0
0
0
0
0
0
0
0
0
0
0
0
0
0
0
0
0
0
0
0
0
0
0
0
0
0
0
0
0
0
0
0
0
0
0
0
0
0
0
0
0
0
0
0
0
0
0
0
0
0
0
0
0
0
0
0
0
0
0
0
0
0
0
0
0
0
0
0
0
0
0
0
0
0
0
0
0
0
0
0
0
0
0
0
0
0
0
0
0
0
0
0
0
0
0
0
0
0
0
0
0
0
0
0
0
0
0
0
0
0
0
0
0
0
0
0
0
0
0
0
0
0
0
0
0
0
0
0
0
0
0
0
0
0
0
0
0
0
0
0
0
0
0
0
0
0
0
0
0
0
0
0
0
0
0
0
0
0
0
0
0
3.33253e-132
2.41277e-134
1.68008e-136
1.12341e-138
7.21122e-141
4.44237e-143
2.62618e-145
1.49061e-147
8.12667e-150
4.25615e-152
2.14212e-154
1.0363e-156
4.82412e-159
2.1608e-161
9.31605e-164
3.86841e-166
1.54789e-168
5.97071e-171
2.22141e-173
7.97298e-176
2.76333e-178
9.24935e-181
2.99068e-183
9.3486e-186
2.82655e-188
8.26804e-191
2.34139e-193
6.4192e-196
1.70464e-198
4.3883e-201
1.09504e-203
2.65018e-206
6.22392e-209
1.41883e-211
3.14015e-214
6.74989e-217
1.40966e-219
2.86098e-222
5.64603e-225
1.08381e-227
2.02398e-230
3.67772e-233
6.50531e-236
1.12057e-238
1.88013e-241
3.07289e-244
4.89482e-247
7.59932e-250
1.1502e-252
1.69826e-255
2.44616e-258
3.4378e-261
4.71558e-264
6.3147e-267
8.2573e-270
1.05467e-272
1.31577e-275
1.60387e-278
1.91062e-281
2.22445e-284
2.53169e-287
2.81773e-290
3.06719e-293
3.26526e-296
3.40027e-299
3.46434e-302
3.45449e-305
3.37137e-308
3.22055e-311
3.24669e-314
0
0
0
0
0
0
0
0
0
0
0
0
0
0
0
0
0
0
0
0
0
0
0
0
0
0
0
0
0
0
0
0
0
0
0
0
0
0
0
0
0
0
0
0
0
0
0
0
0
0
0
0
0
0
0
0
0
0
0
0
0
0
0
0
0
0
0
0
0
0
0
0
0
0
0
0
0
0
0
0
0
0
0
0
0
0
0
0
0
0
0
0
0
0
0
0
0
0
0
0
0
0
0
0
0
0
0
0
0
0
0
0
0
0
0
0
0
0
0
0
0
0
0
0
0
0
0
0
0
0
0
0
0
0
0
0
0
0
0
0
0
0
0
0
0
0
0
0
0
0
0
0
0
0
0
0
0
0
0
0
0
0
0
0
0
0
0
0
0
0
0
0
0
0
0
0
0
0
0
0
0
0
0
0
0
0
0
0
0
0
0
0
0
0
0
0
0
0
0
0
0
0
0
0
0
0
0
0
0
0
0
0
0
0
0
0
0
0
0
0
0
0
0
0
0
0
0
0
0
0
8.5797e-131
6.21911e-133
4.33591e-135
2.90301e-137
1.86598e-139
1.15113e-141
6.81513e-144
3.87415e-146
2.11551e-148
1.10977e-150
5.59492e-153
2.71139e-155
1.26444e-157
5.67404e-160
2.4509e-162
1.01967e-164
4.08812e-167
1.58009e-169
5.89082e-172
2.11875e-174
7.35908e-177
2.46861e-179
7.99987e-182
2.50639e-184
7.59578e-187
2.22717e-189
6.32231e-192
1.73762e-194
4.62598e-197
1.19394e-199
2.98714e-202
7.24873e-205
1.70699e-207
3.90215e-210
8.6608e-213
1.86708e-215
3.91082e-218
7.96134e-221
1.57605e-223
3.03511e-226
5.68686e-229
1.03692e-231
1.84076e-234
3.1828e-237
5.36155e-240
8.80018e-243
1.40815e-245
2.1969e-248
3.34286e-251
4.96458e-254
7.19709e-257
1.0187e-259
1.40843e-262
1.90274e-265
2.51257e-268
3.24435e-271
4.09676e-274
5.06089e-277
6.11781e-280
7.23758e-283
8.38131e-286
9.50355e-289
1.05522e-291
1.14736e-294
1.22203e-297
1.27545e-300
1.305e-303
1.30891e-306
1.28681e-309
1.24187e-312
0
0
0
0
0
0
0
0
0
0
0
0
0
0
0
0
0
0
0
0
0
0
0
0
0
0
0
0
0
0
0
0
0
0
0
0
0
0
0
0
0
0
0
0
0
0
0
0
0
0
0
0
0
0
0
0
0
0
0
0
0
0
0
0
0
0
0
0
0
0
0
0
0
0
0
0
0
0
0
0
0
0
0
0
0
0
0
0
0
0
0
0
0
0
0
0
0
0
0
0
0
0
0
0
0
0
0
0
0
0
0
0
0
0
0
0
0
0
0
0
0
0
0
0
0
0
0
0
0
0
0
0
0
0
0
0
0
0
0
0
0
0
0
0
0
0
0
0
0
0
0
0
0
0
0
0
0
0
0
0
0
0
0
0
0
0
0
0
0
0
0
0
0
0
0
0
0
0
0
0
0
0
0
0
0
0
0
0
0
0
0
0
0
0
0
0
0
0
0
0
0
0
0
0
0
0
0
0
0
0
0
0
0
0
0
0
0
0
0
0
0
0
0
0
0
0
0
0
0
0
2.08732e-129
1.51504e-131
1.05776e-133
7.0925e-136
4.56595e-138
2.82132e-140
1.67314e-142
9.52786e-145
5.21223e-147
2.73942e-149
1.38375e-151
6.71926e-154
3.13991e-156
1.41196e-158
6.11207e-161
2.54844e-163
1.02403e-165
3.96706e-168
1.48245e-170
5.34469e-173
1.86092e-175
6.25805e-178
2.03318e-180
6.38657e-183
1.94064e-185
5.70564e-188
1.62414e-190
4.4764e-193
1.19517e-195
3.09378e-198
7.76372e-201
1.88979e-203
4.46427e-206
1.02384e-208
2.28002e-211
4.93233e-214
1.03689e-216
2.11894e-219
4.21195e-222
8.14731e-225
1.53399e-227
2.81216e-230
5.02254e-233
8.74429e-236
1.48468e-238
2.45918e-241
3.97697e-244
6.28184e-247
9.69851e-250
1.46512e-252
2.16673e-255
3.13869e-258
4.45668e-261
6.20622e-264
8.4799e-267
1.13729e-269
1.49712e-272
1.93459e-275
2.45351e-278
3.05266e-281
3.72454e-284
4.45431e-287
5.21863e-290
5.98856e-293
6.73249e-296
7.41858e-299
8.014e-302
8.48298e-305
8.79064e-308
8.90718e-311
8.846e-314
0
0
0
0
0
0
0
0
0
0
0
0
0
0
0
0
0
0
0
0
0
0
0
0
0
0
0
0
0
0
0
0
0
0
0
0
0
0
0
0
0
0
0
0
0
0
0
0
0
0
0
0
0
0
0
0
0
0
0
0
0
0
0
0
0
0
0
0
0
0
0
0
0
0
0
0
0
0
0
0
0
0
0
0
0
0
0
0
0
0
0
0
0
0
0
0
0
0
0
0
0
0
0
0
0
0
0
0
0
0
0
0
0
0
0
0
0
0
0
0
0
0
0
0
0
0
0
0
0
0
0
0
0
0
0
0
0
0
0
0
0
0
0
0
0
0
0
0
0
0
0
0
0
0
0
0
0
0
0
0
0
0
0
0
0
0
0
0
0
0
0
0
0
0
0
0
0
0
0
0
0
0
0
0
0
0
0
0
0
0
0
0
0
0
0
0
0
0
0
0
0
0
0
0
0
0
0
0
0
0
0
0
0
0
0
0
0
0
0
0
0
0
0
0
0
0
0
0
0
4.78515e-128
3.47862e-130
2.43269e-132
1.63398e-134
1.05381e-136
6.52386e-139
3.87649e-141
2.21201e-143
1.21265e-145
6.3873e-148
3.23365e-150
1.57384e-152
7.37201e-155
3.32311e-157
1.44209e-159
6.02808e-162
2.42855e-164
9.43307e-167
3.53458e-169
1.27786e-171
4.46186e-174
1.50481e-176
4.9035e-179
1.54495e-181
4.7092e-184
1.38901e-186
3.967e-189
1.09712e-191
2.93964e-194
7.6375e-197
1.92396e-199
4.70197e-202
1.11544e-204
2.56971e-207
5.75071e-210
1.25083e-212
2.64591e-215
5.44639e-218
1.09203e-220
2.13463e-223
4.07106e-226
7.58196e-229
1.38066e-231
2.46143e-234
4.30113e-237
7.37445e-240
1.24257e-242
2.05933e-245
3.36125e-248
5.40902e-251
8.58286e-254
1.34244e-256
2.06827e-259
3.13552e-262
4.67151e-265
6.83078e-268
9.78801e-271
1.37262e-273
1.88141e-276
2.51754e-279
3.28553e-282
4.17861e-285
5.17644e-288
6.24802e-291
7.35401e-294
8.45024e-297
9.48504e-300
1.03968e-302
1.11182e-305
1.15858e-308
1.17545e-311
1.06907e-314
0
0
0
0
0
0
0
0
0
0
0
0
0
0
0
0
0
0
0
0
0
0
0
0
0
0
0
0
0
0
0
0
0
0
0
0
0
0
0
0
0
0
0
0
0
0
0
0
0
0
0
0
0
0
0
0
0
0
0
0
0
0
0
0
0
0
0
0
0
0
0
0
0
0
0
0
0
0
0
0
0
0
0
0
0
0
0
0
0
0
0
0
0
0
0
0
0
0
0
0
0
0
0
0
0
0
0
0
0
0
0
0
0
0
0
0
0
0
0
0
0
0
0
0
0
0
0
0
0
0
0
0
0
0
0
0
0
0
0
0
0
0
0
0
0
0
0
0
0
0
0
0
0
0
0
0
0
0
0
0
0
0
0
0
0
0
0
0
0
0
0
0
0
0
0
0
0
0
0
0
0
0
0
0
0
0
0
0
0
0
0
0
0
0
0
0
0
0
0
0
0
0
0
0
0
0
0
0
0
0
0
0
0
0
0
0
0
0
0
0
0
0
0
0
0
0
0
0
1.03094e-126
7.50754e-129
5.2601e-131
3.5401e-133
2.28789e-135
1.41944e-137
8.45343e-140
4.83504e-142
2.65707e-144
1.40307e-146
7.12159e-149
3.47536e-151
1.63234e-153
7.37877e-156
3.21126e-158
1.34628e-160
5.44015e-163
2.11961e-165
7.9674e-168
2.8899e-170
1.01249e-172
3.42683e-175
1.12082e-177
3.54534e-180
1.08526e-182
3.21579e-185
9.23026e-188
2.56676e-190
6.91914e-193
1.8097e-195
4.59271e-198
1.13177e-200
2.7104e-203
6.31345e-206
1.43179e-208
3.16608e-211
6.83921e-214
1.44628e-216
3.00209e-219
6.13194e-222
1.23523e-224
2.45864e-227
4.84272e-230
9.44523e-233
1.82351e-235
3.48056e-238
6.56362e-241
1.21992e-243
2.23185e-246
4.01203e-249
7.07013e-252
1.2185e-254
2.04957e-257
3.35932e-260
5.359e-263
8.31353e-266
1.25332e-268
1.83528e-271
2.60942e-274
3.60139e-277
4.82397e-280
6.2707e-283
7.91166e-286
9.69752e-289
1.15634e-291
1.34351e-294
1.5225e-297
1.68272e-300
1.81237e-303
1.90012e-306
1.93738e-309
1.91803e-312
0
0
0
0
0
0
0
0
0
0
0
0
0
0
0
0
0
0
0
0
0
0
0
0
0
0
0
0
0
0
0
0
0
0
0
0
0
0
0
0
0
0
0
0
0
0
0
0
0
0
0
0
0
0
0
0
0
0
0
0
0
0
0
0
0
0
0
0
0
0
0
0
0
0
0
0
0
0
0
0
0
0
0
0
0
0
0
0
0
0
0
0
0
0
0
0
0
0
0
0
0
0
0
0
0
0
0
0
0
0
0
0
0
0
0
0
0
0
0
0
0
0
0
0
0
0
0
0
0
0
0
0
0
0
0
0
0
0
0
0
0
0
0
0
0
0
0
0
0
0
0
0
0
0
0
0
0
0
0
0
0
0
0
0
0
0
0
0
0
0
0
0
0
0
0
0
0
0
0
0
0
0
0
0
0
0
0
0
0
0
0
0
0
0
0
0
0
0
0
0
0
0
0
0
0
0
0
0
0
0
0
0
0
0
0
0
0
0
0
0
0
0
0
0
0
0
0
0
2.08164e-125
1.51898e-127
1.06662e-129
7.1953e-132
4.66161e-134
2.89954e-136
1.73142e-138
9.93046e-141
5.4729e-143
2.89854e-145
1.47572e-147
7.22428e-150
3.40419e-152
1.54398e-154
6.74277e-157
2.83701e-159
1.15074e-161
4.50152e-164
1.69937e-166
6.19306e-169
2.18129e-171
7.42783e-174
2.44694e-176
7.80698e-179
2.41493e-181
7.24778e-184
2.1128e-186
5.98581e-189
1.64965e-191
4.42761e-194
1.15785e-196
2.95405e-199
7.36663e-202
1.80015e-204
4.3252e-207
1.02628e-209
2.41573e-212
5.66115e-215
1.32317e-217
3.08222e-220
7.13518e-223
1.63477e-225
3.69053e-228
8.17489e-231
1.7704e-233
3.73788e-236
7.69052e-239
1.53856e-241
2.9933e-244
5.66097e-247
1.0399e-249
1.85362e-252
3.20359e-255
5.36631e-258
8.71128e-261
1.37041e-263
2.08929e-266
3.0871e-269
4.42112e-272
6.13731e-275
8.259e-278
1.07755e-280
1.36344e-283
1.6748e-286
2.00006e-289
2.32614e-292
2.63773e-295
2.9165e-298
3.14188e-301
3.29417e-304
3.3583e-307
3.327e-310
3.21539e-313
0
0
0
0
0
0
0
0
0
0
0
0
0
0
0
0
0
0
0
0
0
0
0
0
0
0
0
0
0
0
0
0
0
0
0
0
0
0
0
0
0
0
0
0
0
0
0
0
0
0
0
0
0
0
0
0
0
0
0
0
0
0
0
0
0
0
0
0
0
0
0
0
0
0
0
0
0
0
0
0
0
0
0
0
0
0
0
0
0
0
0
0
0
0
0
0
0
0
0
0
0
0
0
0
0
0
0
0
0
0
0
0
0
0
0
0
0
0
0
0
0
0
0
0
0
0
0
0
0
0
0
0
0
0
0
0
0
0
0
0
0
0
0
0
0
0
0
0
0
0
0
0
0
0
0
0
0
0
0
0
0
0
0
0
0
0
0
0
0
0
0
0
0
0
0
0
0
0
0
0
0
0
0
0
0
0
0
0
0
0
0
0
0
0
0
0
0
0
0
0
0
0
0
0
0
0
0
0
0
0
0
0
0
0
0
0
0
0
0
0
0
0
0
0
0
0
0
)
;

boundaryField
{
    Inlet
    {
        type            fixedValue;
        value           nonuniform 0();
    }
    BotOutlet1
    {
        type            inletOutlet;
        inletValue      nonuniform 0();
        value           nonuniform 0();
    }
    BotOutlet2
    {
        type            inletOutlet;
        inletValue      nonuniform 0();
        value           nonuniform 0();
    }
    TopInlet
    {
        type            inletOutlet;
        inletValue      nonuniform 0();
        value           nonuniform 0();
    }
    FreeStream
    {
        type            inletOutlet;
        inletValue      uniform 0;
        value           uniform 0;
    }
    FrontNBack
    {
        type            empty;
    }
    LeftSide
    {
        type            fixedValue;
        value           uniform 1;
    }
    procBoundary2to1
    {
        type            processor;
        value           nonuniform List<scalar> 
400
(
1
1
1
1
1
1
1
1
1
1
1
1
1
1
1
1
1
1
1
1
1
1
1
1
1
1
1
1
1
1
1
1
1
1
1
1
1
1
1
1
1
1
1
1
1
1
1
1
1
0.99999
9.00272e-05
4.23013e-09
1.85444e-11
8.47276e-14
3.58848e-16
1.38747e-18
4.85813e-21
1.52841e-23
4.28309e-26
1.05839e-28
2.27869e-31
4.21161e-34
6.55778e-37
8.39028e-40
8.51985e-43
6.52121e-46
3.45899e-49
1.08511e-52
1.38508e-56
1.84446e-61
5.7634e-68
2.1716e-72
6.69083e-77
1.70363e-81
3.28369e-86
5.24915e-91
6.18402e-96
6.03186e-101
4.78866e-104
1.80918e-106
7.17066e-109
2.94768e-111
1.25084e-113
5.4549e-116
2.43416e-118
1.10665e-120
5.10359e-123
2.37816e-125
1.11526e-127
5.24633e-130
2.46785e-132
1.15808e-134
5.41174e-137
2.51495e-139
1.16138e-141
5.32799e-144
2.42884e-146
1.10065e-148
4.95998e-151
2.22623e-153
1.18558e-155
8.51978e-158
5.88695e-160
3.90497e-162
2.4856e-164
1.51783e-166
8.891e-169
4.99837e-171
2.69792e-173
1.39831e-175
6.96229e-178
3.33083e-180
1.53275e-182
6.78406e-185
2.88916e-187
1.18468e-189
4.67885e-192
1.78075e-194
6.5345e-197
2.31222e-199
7.89718e-202
2.6038e-204
8.2894e-207
2.5503e-209
7.58481e-212
2.18128e-214
6.0708e-217
1.63491e-219
4.26249e-222
1.07675e-224
2.63512e-227
6.25153e-230
1.43852e-232
3.21108e-235
6.95498e-238
1.46234e-240
2.98562e-243
5.92083e-246
1.14102e-248
2.13772e-251
3.89398e-254
6.8978e-257
1.18877e-259
1.99386e-262
3.25562e-265
5.17499e-268
8.0126e-271
1.20847e-273
1.7757e-276
2.54344e-279
3.55189e-282
4.83664e-285
6.4236e-288
8.323e-291
1.05236e-293
1.29866e-296
1.5641e-299
1.83926e-302
2.11219e-305
2.36872e-308
2.59502e-311
2.65574e-314
0
0
0
0
0
0
0
0
0
0
0
0
0
0
0
0
0
0
0
0
0
0
0
0
0
0
0
0
0
0
0
0
0
0
0
0
0
0
0
0
0
0
0
0
0
0
0
0
0
0
0
0
0
0
0
0
0
0
0
0
0
0
0
0
0
0
0
0
0
0
0
0
0
0
0
0
0
0
0
0
0
0
0
0
0
0
0
0
0
0
0
0
0
0
0
0
0
0
0
0
0
0
0
0
0
0
0
0
0
0
0
0
0
0
0
0
0
0
0
0
0
0
0
0
0
0
0
0
0
0
0
0
0
0
0
0
0
0
0
0
0
0
0
0
0
0
0
0
0
0
0
0
0
0
0
0
0
0
0
0
0
0
0
0
0
0
0
0
0
0
0
0
0
0
0
0
0
0
0
0
0
0
0
0
0
0
0
0
0
0
0
0
0
0
0
0
0
0
0
0
0
0
0
0
0
0
0
0
0
0
0
0
0
0
0
0
0
0
0
0
0
0
0
0
0
0
0
0
0
0
0
0
0
0
0
0
0
0
)
;
    }
    procBoundary2to3
    {
        type            processor;
        value           nonuniform List<scalar> 
400
(
1
1
1
1
1
1
1
1
1
1
1
1
1
1
1
1
1
1
1
1
1
1
1
1
1
1
1
1
1
1
1
1
1
1
1
1
1
1
1
1
1
1
1
1
1
1
1
0.999997
0.997675
0.802614
0.00129147
7.11789e-08
3.67805e-10
9.0967e-13
2.5849e-15
9.4405e-18
3.71786e-20
1.37015e-22
4.53336e-25
1.35852e-27
3.81087e-30
1.04345e-32
2.89185e-35
8.30142e-38
2.50004e-40
7.97746e-43
2.7235e-45
1.00163e-47
3.97016e-50
1.68393e-52
7.55578e-55
3.5441e-57
1.71884e-59
8.55029e-62
4.33759e-64
2.23474e-66
1.16501e-68
6.12994e-71
3.24795e-73
1.72918e-75
9.2404e-78
4.95053e-80
2.65575e-82
1.42514e-84
7.63894e-87
4.08422e-89
2.1744e-91
1.15097e-93
6.04644e-96
3.14786e-98
1.62178e-100
8.26096e-103
4.15792e-105
2.06702e-107
1.01495e-109
4.92362e-112
2.36105e-114
1.11977e-116
5.25215e-119
2.43181e-121
3.92886e-124
2.87321e-126
2.02267e-128
1.36817e-130
8.88919e-133
5.54562e-135
3.32185e-137
1.91146e-139
1.05707e-141
5.61855e-144
2.87138e-146
1.41132e-148
6.67904e-151
3.04357e-153
1.33614e-155
5.65548e-158
2.31021e-160
9.11527e-163
3.47856e-165
1.28558e-167
4.61221e-170
1.60948e-172
5.47687e-175
1.82301e-177
5.95188e-180
1.90937e-182
6.02411e-185
1.86795e-187
5.68443e-190
1.69482e-192
4.94237e-195
1.40954e-197
3.93742e-200
1.0806e-202
2.92581e-205
7.84791e-208
2.09028e-210
5.52493e-213
1.44429e-215
3.71553e-218
9.35813e-221
2.29751e-223
5.48031e-226
1.26726e-228
2.83685e-231
6.14295e-234
1.2888e-236
2.61724e-239
5.15048e-242
9.82659e-245
1.81739e-247
3.25643e-250
5.65039e-253
9.49301e-256
1.54439e-258
2.43333e-261
3.71372e-264
5.49092e-267
7.86623e-270
1.09202e-272
1.46924e-275
1.91612e-278
2.42298e-281
2.97365e-284
3.54706e-287
4.11959e-290
4.66421e-293
5.14895e-296
5.53798e-299
5.797e-302
5.90001e-305
5.83477e-308
5.60443e-311
5.23662e-314
0
0
0
0
0
0
0
0
0
0
0
0
0
0
0
0
0
0
0
0
0
0
0
0
0
0
0
0
0
0
0
0
0
0
0
0
0
0
0
0
0
0
0
0
0
0
0
0
0
0
0
0
0
0
0
0
0
0
0
0
0
0
0
0
0
0
0
0
0
0
0
0
0
0
0
0
0
0
0
0
0
0
0
0
0
0
0
0
0
0
0
0
0
0
0
0
0
0
0
0
0
0
0
0
0
0
0
0
0
0
0
0
0
0
0
0
0
0
0
0
0
0
0
0
0
0
0
0
0
0
0
0
0
0
0
0
0
0
0
0
0
0
0
0
0
0
0
0
0
0
0
0
0
0
0
0
0
0
0
0
0
0
0
0
0
0
0
0
0
0
0
0
0
0
0
0
0
0
0
0
0
0
0
0
0
0
0
0
0
0
0
0
0
0
0
0
0
0
0
0
0
0
0
0
0
0
0
0
0
0
0
0
0
0
0
0
0
0
0
0
0
0
0
0
0
0
)
;
    }
}


// ************************************************************************* //
