/*--------------------------------*- C++ -*----------------------------------*\
| =========                 |                                                 |
| \\      /  F ield         | OpenFOAM: The Open Source CFD Toolbox           |
|  \\    /   O peration     | Version:  2.4.0                                 |
|   \\  /    A nd           | Web:      www.OpenFOAM.org                      |
|    \\/     M anipulation  |                                                 |
\*---------------------------------------------------------------------------*/
FoamFile
{
    version     2.0;
    format      ascii;
    class       volScalarField;
    location    "4.5";
    object      p;
}
// * * * * * * * * * * * * * * * * * * * * * * * * * * * * * * * * * * * * * //

dimensions      [1 -1 -2 0 0 0 0];

internalField   nonuniform List<scalar> 
8000
(
-1.65027
-1.7366
-1.82834
-1.91023
-1.96672
-1.96081
-1.92202
-2.26897
-3.97733
-6.30072
-1.09395
-0.468136
-0.462746
-0.463316
-0.463786
-0.463749
-0.463811
-0.464091
-0.464562
-0.465175
-0.465931
-0.466809
-0.467812
-0.46893
-0.47008
-0.467365
-0.477642
-0.478758
-0.479982
-0.481256
-0.482569
-0.483903
-0.485257
-0.485306
-0.487238
-0.488626
-0.490015
-0.491393
-0.492826
-0.494219
-0.495552
-0.497238
-0.498725
-0.500227
-0.501745
-0.503279
-0.504826
-0.506388
-0.507966
-0.509567
-3.4415
-3.54921
-3.66324
-3.74599
-3.76622
-3.76847
-4.14857
-5.71155
-7.22951
-0.721447
-0.480512
-0.477666
-0.477962
-0.47816
-0.478271
-0.478537
-0.479044
-0.479822
-0.480885
-0.48224
-0.483876
-0.485767
-0.487895
-0.490232
-0.492735
-0.487495
-0.490266
-0.49341
-0.495953
-0.49835
-0.500819
-0.503327
-0.505819
-0.508297
-0.510613
-0.512897
-0.515604
-0.517873
-0.520124
-0.522358
-0.524574
-0.526767
-0.528945
-0.531108
-0.53326
-0.535399
-0.537527
-0.539647
-0.541758
-0.543863
-5.37298
-5.46893
-5.54477
-5.51933
-5.42956
-6.00766
-9.1204
-13.7287
-3.46848
-0.568118
-0.559787
-0.486822
-0.502728
-0.501448
-0.500922
-0.501098
-0.501384
-0.502194
-0.503346
-0.50468
-0.506166
-0.507828
-0.509676
-0.511715
-0.513931
-0.516283
-0.518785
-0.521336
-0.523865
-0.527404
-0.530188
-0.532797
-0.535348
-0.537945
-0.540575
-0.543205
-0.545782
-0.548395
-0.550928
-0.553423
-0.556216
-0.55881
-0.561401
-0.563995
-0.566588
-0.56918
-0.571767
-0.574353
-0.576937
-0.579515
-12.7934
-12.6649
-12.5541
-12.4814
-12.4236
-12.3549
-12.3869
-13.0347
-14.9235
-14.5251
-6.15472
-3.29572
-0.645099
-0.566145
-0.531906
-0.520336
-0.511211
-0.507852
-0.50714
-0.507756
-0.509028
-0.51072
-0.512533
-0.515353
-0.518855
-0.522836
-0.527088
-0.531586
-0.536249
-0.540923
-0.545847
-0.548119
-0.552843
-0.557263
-0.561556
-0.56586
-0.569995
-0.57429
-0.578502
-0.581491
-0.586504
-0.590223
-0.593904
-0.597515
-0.60105
-0.604499
-0.607881
-0.611224
-0.614537
-0.617769
-7.70574
-7.52379
-7.32831
-7.15245
-6.99343
-6.83895
-6.65991
-6.47429
-6.48168
-7.16151
-8.71992
-9.87274
-16.2855
-13.3023
-2.9691
-1.95892
-0.723274
-0.672864
-0.681554
-0.639127
-0.60443
-0.593386
-0.586995
-0.576461
-0.567433
-0.563727
-0.565022
-0.568509
-0.571437
-0.574049
-0.577293
-0.581422
-0.586252
-0.585857
-0.593289
-0.599212
-0.604323
-0.608962
-0.614162
-0.619421
-0.618911
-0.626679
-0.63136
-0.635085
-0.639894
-0.644465
-0.648727
-0.653446
-0.657488
-0.661523
-0.522951
-0.504003
-0.463859
-0.405012
-0.329293
-0.236803
-0.125174
0.00992874
0.167662
0.310673
0.359178
0.417365
0.277769
0.190596
0.324598
0.544852
-8.60916
-8.8278
-8.1452
-7.87564
-4.40213
-1.31135
-0.686889
-0.623959
-0.637071
-0.64281
-0.661389
-0.684756
-0.692878
-0.684507
-0.679372
-0.685178
-0.691668
-0.69351
-0.691145
-0.694094
-0.701465
-0.70504
-0.706426
-0.708694
-0.712104
-0.710908
-0.718481
-0.721317
-0.723887
-0.726418
-0.729037
-0.731707
-0.730808
-0.735025
-1.9668
-1.94254
-1.91957
-1.89697
-1.87274
-1.84658
-1.81859
-1.78918
-1.75819
-1.72611
-1.6924
-1.65374
-1.59835
-1.53325
-1.4814
-1.41787
-1.40829
-1.37178
-1.27992
-1.10952
-1.0778
-1.19835
-9.99844
-7.86261
-7.47372
-8.35229
-5.55248
-1.46052
-0.510013
-0.42687
-0.464246
-0.539997
-0.777266
-0.7938
-0.803758
-0.822117
-0.835876
-0.839446
-0.838571
-0.837204
-0.839004
-0.840875
-0.841565
-0.841253
-0.840619
-0.840145
-0.839986
-0.834677
-0.836534
-0.836878
1.28678
1.30229
1.32283
1.34384
1.36454
1.385
1.40545
1.42564
1.44561
1.46495
1.48384
1.50177
1.51942
1.53597
1.55163
1.56621
1.58655
1.61575
1.66911
1.74983
1.84624
1.98268
2.11372
2.25027
2.27975
2.10247
1.74599
-1.2212
-8.77008
-9.62386
-8.21463
0.471301
0.50126
0.669402
-0.27179
-0.785284
-0.923441
-0.889353
-0.878684
-0.893568
-0.909388
-0.916903
-0.918713
-0.918208
-0.916892
-0.915512
-0.914595
-0.914282
-0.913996
-0.913473
1.99376
1.98155
1.96896
1.9599
1.95479
1.95321
1.95503
1.96012
1.96857
1.98022
1.99524
2.01337
2.0349
2.05945
2.08742
2.11828
2.15269
2.19004
2.23122
2.27503
2.32224
2.37224
2.4328
2.50649
2.60397
2.71396
2.83114
2.98496
3.07043
2.90777
2.36397
-1.68868
-6.96605
-7.81177
-7.80758
-2.60055
-0.142539
0.746943
-0.109219
-0.823145
-0.948041
-0.916688
-0.916568
-0.932127
-0.944379
-0.950418
-0.95354
-0.955093
-0.955588
-0.955457
3.31019
3.29582
3.28222
3.27177
3.26409
3.25875
3.25563
3.25471
3.25598
3.25944
3.26509
3.2729
3.2829
3.29507
3.30947
3.32606
3.34495
3.36604
3.3895
3.41514
3.4431
3.47301
3.50515
3.53904
3.5751
3.61253
3.65264
3.6972
3.74924
3.78944
3.8178
3.86865
3.92746
3.79959
3.21764
-1.36102
-1.97917
-6.29191
-6.97643
-3.58722
-0.5508
0.414461
-0.441541
-0.920338
-0.960058
-0.961179
-0.968219
-0.973014
-0.975608
-0.977111
3.49871
3.48515
3.47076
3.45874
3.44921
3.44187
3.43658
3.43335
3.43219
3.43312
3.43611
3.44117
3.44828
3.45746
3.46866
3.48191
3.49715
3.5144
3.5336
3.55478
3.57782
3.60281
3.62957
3.6582
3.68845
3.72043
3.75371
3.78842
3.82409
3.86127
3.90057
3.94402
3.9881
4.01706
4.04579
4.07499
4.14767
4.14359
3.86787
-0.197176
-2.41359
-6.47488
-5.50782
-1.80825
-0.42202
-0.672044
-0.937045
-0.967013
-0.977109
-0.980589
3.86096
3.8442
3.82683
3.81185
3.7991
3.78815
3.77889
3.77131
3.76544
3.76127
3.75879
3.75797
3.75884
3.76134
3.7655
3.77127
3.77867
3.78764
3.7982
3.81029
3.82394
3.83906
3.85571
3.87377
3.89332
3.91421
3.93656
3.96019
3.98524
4.01152
4.03923
4.06802
4.09818
4.12977
4.16406
4.20167
4.23977
4.26673
4.29223
4.31369
4.36745
4.2864
2.32414
-0.798434
-5.45251
-3.51515
-1.58297
-0.977594
-0.944297
-0.941652
3.72482
3.70225
3.67834
3.65747
3.63953
3.62398
3.61063
3.59944
3.59044
3.58361
3.57893
3.57639
3.57599
3.57771
3.58154
3.58748
3.59552
3.60566
3.61791
3.63225
3.6487
3.66726
3.68793
3.71073
3.73566
3.76273
3.79197
3.82338
3.857
3.89284
3.93093
3.97127
4.0139
4.05884
4.10617
4.15585
4.20802
4.26279
4.32079
4.38189
4.44347
4.50315
4.56018
4.68492
4.76739
2.59977
-1.67499
-2.62695
-1.61077
-1.00279
3.35434
3.33285
3.31032
3.29059
3.27346
3.25836
3.24514
3.23376
3.22424
3.21656
3.21071
3.20666
3.20443
3.20398
3.20534
3.20848
3.21341
3.22013
3.22866
3.23899
3.25114
3.26513
3.28096
3.29866
3.31824
3.33975
3.36319
3.38862
3.41605
3.44552
3.47708
3.51077
3.54665
3.58477
3.62518
3.66797
3.71317
3.7609
3.81116
3.86422
3.9202
3.98002
4.04279
4.10253
4.15125
4.21841
4.24275
3.31119
0.881276
-0.393803
2.47094
2.45661
2.44125
2.4277
2.41597
2.40571
2.39679
2.38921
2.38296
2.37804
2.37444
2.37215
2.37116
2.37147
2.37308
2.37596
2.38013
2.38557
2.39229
2.40027
2.40952
2.42003
2.43181
2.44484
2.45913
2.47468
2.49148
2.50953
2.52883
2.54939
2.5712
2.59426
2.61856
2.64412
2.67092
2.69897
2.72824
2.75878
2.79053
2.82353
2.85773
2.89317
2.92985
2.96809
3.00796
3.04741
3.0796
3.10525
3.06756
2.33449
1.5773
1.57246
1.56763
1.56339
1.55959
1.55609
1.55286
1.54991
1.54724
1.54485
1.54276
1.54096
1.53946
1.53827
1.5374
1.53685
1.53663
1.53675
1.53721
1.53802
1.53917
1.54067
1.54253
1.54473
1.54728
1.55016
1.55338
1.55693
1.56078
1.56493
1.56935
1.57404
1.57896
1.58408
1.58939
1.59483
1.60038
1.606
1.61163
1.61724
1.62275
1.62812
1.63327
1.63817
1.64261
1.64642
1.64989
1.68752
1.68267
1.71199
0.306414
0.309457
0.312273
0.314894
0.317528
0.320229
0.322981
0.325766
0.32858
0.331425
0.33431
0.337246
0.340245
0.343322
0.346492
0.349774
0.353185
0.356741
0.36046
0.36436
0.368456
0.372765
0.377301
0.382079
0.38711
0.392408
0.397982
0.403842
0.409995
0.416449
0.423207
0.430276
0.437655
0.445349
0.453354
0.46167
0.470291
0.479218
0.48844
0.497955
0.507749
0.517822
0.528153
0.538727
0.549473
0.56041
0.571938
0.700113
0.677437
0.771717
-0.399538
-0.375344
-0.349546
-0.328969
-0.313706
-0.302602
-0.294905
-0.290183
-0.288094
-0.288325
-0.29058
-0.294594
-0.300127
-0.306966
-0.314914
-0.323797
-0.333458
-0.343751
-0.35455
-0.365736
-0.377205
-0.388863
-0.400624
-0.412413
-0.424162
-0.435809
-0.447302
-0.458592
-0.469639
-0.480408
-0.490866
-0.500988
-0.510754
-0.520146
-0.529151
-0.537761
-0.54597
-0.553778
-0.561186
-0.568199
-0.574823
-0.581072
-0.586983
-0.592667
-0.598121
-0.602728
-0.604616
-0.59529
-0.609314
-0.672463
-2.0595
-1.99724
-1.93939
-1.895
-1.86094
-1.83424
-1.81348
-1.79786
-1.78669
-1.77935
-1.77527
-1.77395
-1.77499
-1.778
-1.78267
-1.78873
-1.79592
-1.80404
-1.81291
-1.82236
-1.83226
-1.84248
-1.85291
-1.86347
-1.87408
-1.88466
-1.89516
-1.90554
-1.91574
-1.92573
-1.9355
-1.94501
-1.95425
-1.96321
-1.97188
-1.98026
-1.98836
-1.99617
-2.00372
-2.01101
-2.01806
-2.02491
-2.03158
-2.03808
-2.04429
-2.05008
-2.05627
-1.9561
-1.97555
-1.93438
1.69191
1.30794
0.922716
0.591054
0.301647
0.0407716
-0.197448
-0.415631
-0.615858
-0.800118
-0.970196
-1.12762
-1.27369
-1.40951
-1.53604
-1.65409
-1.7644
-1.86758
-1.96416
-2.05464
-2.13943
-2.21889
-2.29336
-2.36313
-2.42846
-2.48958
-2.5467
-2.60001
-2.64968
-2.69586
-2.73867
-2.77825
-2.8147
-2.84811
-2.87855
-2.90611
-2.93083
-2.95276
-2.97193
-2.98834
-3.00201
-3.01294
-3.02112
-3.02638
-3.02812
-3.02582
-3.02238
-3.03073
-3.06222
-3.03005
-0.5112
-0.511605
-0.513446
-0.515082
-0.516723
-0.518384
-0.520063
-0.521753
-0.52336
-0.525065
-0.526987
-0.528727
-0.530343
-0.532721
-0.534425
-0.536315
-0.538165
-0.538944
-0.541671
-0.543512
-0.545383
-0.547294
-0.549223
-0.550999
-0.553265
-0.555214
-0.557209
-0.559227
-0.561268
-0.562602
-0.565633
-0.567693
-0.569781
-0.571907
-0.574065
-0.576035
-0.577696
-0.581192
-0.583381
-0.585602
-0.58784
-0.590096
-0.59237
-0.594668
-0.59699
-0.599326
-0.601691
-0.604125
-0.603753
-0.606154
-0.545974
-0.548093
-0.549296
-0.551955
-0.554034
-0.556013
-0.55815
-0.560295
-0.562324
-0.564463
-0.566689
-0.568892
-0.570778
-0.573465
-0.575456
-0.57783
-0.580122
-0.581494
-0.58429
-0.586549
-0.588778
-0.591093
-0.593433
-0.595555
-0.598196
-0.6005
-0.602865
-0.605254
-0.607671
-0.60862
-0.612598
-0.614972
-0.617371
-0.619798
-0.622258
-0.624687
-0.625863
-0.631316
-0.633712
-0.63614
-0.638569
-0.640996
-0.643417
-0.64583
-0.648233
-0.650649
-0.653122
-0.65547
-0.657811
-0.662521
-0.582091
-0.584675
-0.587267
-0.589067
-0.592015
-0.594561
-0.596902
-0.599556
-0.60195
-0.604649
-0.607206
-0.609812
-0.612511
-0.615108
-0.61771
-0.620421
-0.623093
-0.625775
-0.628374
-0.631946
-0.634603
-0.63726
-0.640013
-0.642727
-0.645496
-0.648143
-0.65095
-0.653796
-0.656678
-0.658729
-0.661953
-0.664769
-0.667465
-0.670436
-0.673409
-0.676381
-0.678607
-0.684437
-0.687344
-0.690324
-0.693343
-0.696388
-0.699459
-0.702583
-0.705788
-0.709
-0.710636
-0.713739
-0.717711
-0.715694
-0.620968
-0.624149
-0.627294
-0.630422
-0.633519
-0.636573
-0.639633
-0.642683
-0.645484
-0.64852
-0.651678
-0.65471
-0.657741
-0.660772
-0.663844
-0.666909
-0.669992
-0.673098
-0.676225
-0.679285
-0.682773
-0.685875
-0.688988
-0.692132
-0.695308
-0.6985
-0.701701
-0.704962
-0.708251
-0.711575
-0.714302
-0.717728
-0.721003
-0.723602
-0.727367
-0.730812
-0.732763
-0.736262
-0.739554
-0.742815
-0.746118
-0.749425
-0.752711
-0.756012
-0.759351
-0.762522
-0.765477
-0.771506
-0.773173
-0.777115
-0.665496
-0.669427
-0.67322
-0.676956
-0.680643
-0.684286
-0.687214
-0.690965
-0.694006
-0.697897
-0.701105
-0.704688
-0.708073
-0.711458
-0.714851
-0.718244
-0.721642
-0.725048
-0.728469
-0.731912
-0.735351
-0.738699
-0.742149
-0.745595
-0.749009
-0.752467
-0.755936
-0.759381
-0.762958
-0.766523
-0.77012
-0.773702
-0.777213
-0.781317
-0.783972
-0.787881
-0.791603
-0.795333
-0.799016
-0.803163
-0.806821
-0.810484
-0.814151
-0.817935
-0.821817
-0.825742
-0.829697
-0.833587
-0.838456
-0.839712
-0.737612
-0.740187
-0.742735
-0.745559
-0.748149
-0.750985
-0.754083
-0.756936
-0.75977
-0.762753
-0.765725
-0.76847
-0.771467
-0.774464
-0.777459
-0.780524
-0.783631
-0.786769
-0.78994
-0.793158
-0.796422
-0.799198
-0.802907
-0.806281
-0.81005
-0.813415
-0.816869
-0.820335
-0.823407
-0.827097
-0.830751
-0.834427
-0.838138
-0.841504
-0.845479
-0.84873
-0.852683
-0.856585
-0.860521
-0.864442
-0.868339
-0.87306
-0.876919
-0.880852
-0.884377
-0.888458
-0.892925
-0.897017
-0.899792
-0.905111
-0.83706
-0.837056
-0.837473
-0.83818
-0.834534
-0.837016
-0.838328
-0.839373
-0.840674
-0.842158
-0.843804
-0.845534
-0.847392
-0.849372
-0.851128
-0.853279
-0.855489
-0.857762
-0.860184
-0.862723
-0.86478
-0.867688
-0.870457
-0.87329
-0.876336
-0.879387
-0.881858
-0.885018
-0.88823
-0.890983
-0.89474
-0.898174
-0.901661
-0.905707
-0.909169
-0.912851
-0.916655
-0.920488
-0.924373
-0.928291
-0.932299
-0.936375
-0.940478
-0.943896
-0.948076
-0.952304
-0.956429
-0.960651
-0.965155
-0.969532
-0.912268
-0.911475
-0.910696
-0.910102
-0.909869
-0.910636
-0.910717
-0.910862
-0.911171
-0.911668
-0.912343
-0.913189
-0.914209
-0.915397
-0.916748
-0.918265
-0.919925
-0.921569
-0.923561
-0.925508
-0.927538
-0.929816
-0.932402
-0.934843
-0.937419
-0.94032
-0.942017
-0.945149
-0.948248
-0.950954
-0.954166
-0.957503
-0.960455
-0.963961
-0.967534
-0.971014
-0.97478
-0.978662
-0.981914
-0.986412
-0.99015
-0.994312
-0.998675
-1.003
-1.00742
-1.01184
-1.01631
-1.02085
-1.02543
-1.03004
-0.955067
-0.954682
-0.954459
-0.954421
-0.954511
-0.954667
-0.954869
-0.955113
-0.955473
-0.95599
-0.956669
-0.957509
-0.958514
-0.959681
-0.961006
-0.962491
-0.964122
-0.965902
-0.967839
-0.969918
-0.970079
-0.974724
-0.977004
-0.979456
-0.982047
-0.984754
-0.987566
-0.990097
-0.993199
-0.996259
-0.999407
-1.00269
-1.00613
-1.00964
-1.0131
-1.01675
-1.02089
-1.024
-1.02808
-1.03219
-1.03542
-1.04079
-1.04505
-1.04943
-1.05405
-1.05863
-1.06329
-1.06801
-1.07282
-1.07763
-0.977902
-0.978183
-0.978128
-0.977896
-0.977619
-0.977377
-0.977214
-0.977205
-0.977378
-0.977759
-0.978359
-0.979182
-0.980233
-0.981508
-0.983
-0.9847
-0.986597
-0.988679
-0.990943
-0.993364
-0.995933
-0.994136
-0.999928
-1.0029
-1.00593
-1.00907
-1.01232
-1.01568
-1.01912
-1.02225
-1.0261
-1.02973
-1.03314
-1.03694
-1.04091
-1.04423
-1.04904
-1.05267
-1.05679
-1.061
-1.06524
-1.06954
-1.07476
-1.07922
-1.08374
-1.08839
-1.09312
-1.09793
-1.10285
-1.10785
-0.981831
-0.982795
-0.983566
-0.983988
-0.984089
-0.983959
-0.983695
-0.983396
-0.983143
-0.983004
-0.983069
-0.983363
-0.983914
-0.984735
-0.985829
-0.987191
-0.988816
-0.990695
-0.992796
-0.994943
-0.997057
-0.999339
-1.0023
-1.00707
-1.01062
-1.01412
-1.0176
-1.02122
-1.02495
-1.02878
-1.03262
-1.0335
-1.04313
-1.0472
-1.05137
-1.05561
-1.05991
-1.06426
-1.06869
-1.07317
-1.07771
-1.08233
-1.08701
-1.09167
-1.09632
-1.10184
-1.10672
-1.11154
-1.11652
-1.12156
-0.966964
-0.985542
-0.990931
-0.991827
-0.992101
-0.992168
-0.99208
-0.991866
-0.991549
-0.991175
-0.990807
-0.990496
-0.990264
-0.990168
-0.990271
-0.990589
-0.991144
-0.991886
-0.992477
-0.993114
-0.993918
-0.996064
-0.999027
-1.00193
-1.00474
-1.00764
-1.01073
-1.01404
-1.01753
-1.021
-1.02434
-1.0277
-1.03181
-1.03988
-1.04465
-1.04924
-1.05379
-1.05842
-1.06316
-1.06796
-1.07283
-1.07777
-1.08277
-1.08781
-1.0929
-1.09805
-1.10324
-1.10842
-1.11263
-1.11794
-0.904651
-0.953528
-0.987035
-0.999852
-1.00331
-1.00401
-1.00411
-1.00407
-1.00398
-1.00388
-1.00381
-1.00376
-1.00372
-1.00367
-1.00363
-1.00363
-1.00369
-1.0038
-1.00398
-1.00434
-1.00446
-1.00499
-1.00468
-1.00609
-1.00703
-1.00815
-1.00955
-1.01101
-1.01241
-1.01343
-1.01461
-1.01771
-1.02394
-1.02825
-1.03214
-1.0358
-1.0396
-1.04363
-1.04784
-1.0522
-1.05672
-1.06137
-1.06616
-1.07107
-1.07608
-1.0812
-1.08642
-1.09174
-1.09711
-1.10233
-0.576062
-0.714753
-0.925926
-1.00731
-1.02003
-1.02107
-1.02126
-1.02141
-1.02151
-1.02153
-1.02161
-1.02164
-1.02165
-1.02162
-1.02158
-1.02149
-1.02137
-1.02109
-1.02085
-1.02055
-1.02014
-1.01975
-1.01908
-1.01802
-1.01653
-1.01501
-1.01441
-1.01427
-1.01506
-1.01638
-1.01772
-1.01892
-1.02013
-1.02153
-1.02311
-1.02496
-1.02709
-1.0295
-1.0322
-1.03518
-1.03844
-1.04198
-1.04578
-1.04982
-1.05408
-1.05857
-1.06326
-1.06783
-1.07207
-1.07636
1.45121
0.358037
-0.687398
-1.00861
-1.03699
-1.03781
-1.0378
-1.03694
-1.03657
-1.03284
-1.03609
-1.03604
-1.03583
-1.03557
-1.03534
-1.03501
-1.03475
-1.03426
-1.03354
-1.03279
-1.03246
-1.03431
-1.03331
-1.0322
-1.03135
-1.0307
-1.0303
-1.03051
-1.03103
-1.03137
-1.03145
-1.03153
-1.03175
-1.03212
-1.03263
-1.03331
-1.03416
-1.0352
-1.03644
-1.03789
-1.0396
-1.04147
-1.0435
-1.04542
-1.04732
-1.0498
-1.05297
-1.05661
-1.06035
-1.06487
1.65763
1.05668
-0.525842
-1.03448
-1.06505
-1.06595
-1.06594
-1.06581
-1.0652
-1.06581
-1.06565
-1.06534
-1.06505
-1.06475
-1.06443
-1.06424
-1.06394
-1.06326
-1.06271
-1.06205
-1.06154
-1.06092
-1.06029
-1.05964
-1.05905
-1.05863
-1.05788
-1.05718
-1.05685
-1.05692
-1.05744
-1.05813
-1.05882
-1.05958
-1.06055
-1.06177
-1.06321
-1.06472
-1.06298
-1.06605
-1.06877
-1.07126
-1.0737
-1.07649
-1.07751
-1.0811
-1.08469
-1.08771
-1.09072
-1.0938
0.751943
0.390061
-0.767588
-1.08832
-1.10262
-1.10275
-1.10256
-1.10237
-1.10217
-1.10205
-1.10199
-1.10188
-1.10168
-1.10172
-1.10194
-1.10228
-1.10294
-1.10358
-1.10417
-1.10483
-1.10557
-1.10582
-1.10736
-1.10824
-1.10934
-1.11039
-1.10435
-1.10793
-1.11054
-1.11194
-1.11341
-1.11528
-1.1165
-1.1186
-1.12014
-1.12169
-1.12327
-1.12483
-1.12623
-1.12694
-1.12871
-1.13068
-1.13262
-1.13447
-1.13637
-1.13839
-1.14042
-1.14246
-1.1445
-1.14654
-0.782229
-0.80082
-1.05696
-1.13356
-1.13674
-1.13681
-1.13679
-1.13668
-1.1367
-1.13687
-1.13709
-1.13605
-1.13756
-1.13808
-1.13778
-1.13984
-1.14009
-1.14225
-1.14344
-1.14583
-1.14737
-1.14916
-1.15112
-1.15257
-1.1554
-1.15777
-1.1577
-1.16262
-1.16399
-1.16706
-1.17011
-1.16902
-1.1746
-1.17755
-1.17978
-1.1838
-1.18654
-1.1874
-1.19098
-1.19363
-1.19617
-1.19856
-1.2007
-1.20293
-1.20502
-1.20681
-1.20825
-1.20947
-1.21072
-1.21199
-1.56897
-1.16715
-1.1544
-1.15345
-1.15318
-1.15328
-1.15309
-1.15315
-1.15341
-1.1526
-1.15289
-1.15318
-1.1528
-1.15517
-1.15562
-1.15744
-1.15813
-1.1589
-1.16006
-1.16101
-1.16209
-1.16328
-1.16584
-1.16681
-1.17026
-1.17198
-1.17334
-1.17565
-1.1771
-1.18043
-1.1809
-1.18376
-1.18641
-1.18727
-1.19156
-1.19457
-1.19649
-1.20036
-1.20333
-1.20564
-1.20855
-1.21147
-1.21406
-1.21561
-1.21851
-1.22089
-1.22182
-1.22379
-1.2257
-1.22698
-1.41734
-1.18978
-1.18378
-1.18358
-1.18361
-1.18369
-1.18372
-1.18385
-1.18398
-1.18383
-1.18437
-1.1835
-1.18417
-1.18441
-1.18507
-1.18579
-1.18626
-1.18689
-1.18663
-1.1875
-1.18817
-1.18877
-1.18944
-1.18995
-1.19102
-1.19193
-1.19299
-1.19425
-1.19439
-1.19538
-1.1983
-1.19899
-1.19954
-1.20078
-1.20218
-1.20281
-1.20193
-1.20713
-1.20835
-1.21415
-1.21342
-1.21467
-1.2156
-1.21619
-1.21699
-1.21805
-1.21909
-1.21967
-1.22026
-1.22328
-0.608105
-0.609423
-0.610802
-0.612204
-0.613612
-0.615026
-0.616445
-0.617871
-0.619305
-0.620745
-0.622194
-0.623651
-0.625117
-0.626591
-0.62807
-0.629565
-0.631284
-0.633087
-0.634668
-0.636478
-0.640159
-0.641643
-0.642811
-0.644354
-0.646391
-0.648088
-0.647149
-0.64888
-0.65047
-0.652015
-0.65358
-0.655186
-0.656801
-0.658421
-0.660048
-0.66168
-0.66332
-0.664968
-0.666626
-0.668294
-0.669974
-0.671666
-0.673361
-0.675082
-0.676863
-0.674856
-0.676254
-0.678054
-0.679737
-0.681445
-0.683156
-0.684966
-0.686853
-0.688677
-0.690469
-0.695106
-0.696747
-0.698404
-0.700096
-0.701794
-0.703498
-0.705208
-0.706918
-0.70863
-0.71034
-0.712052
-0.713827
-0.715687
-0.707763
-0.719683
-0.721349
-0.723053
-0.724815
-0.726588
-0.728363
-0.730141
-0.731922
-0.733708
-0.735497
-0.737289
-0.739086
-0.740885
-0.742689
-0.744498
-0.746311
-0.748128
-0.74995
-0.751776
-0.753607
-0.755443
-0.757284
-0.759131
-0.760977
-0.762832
-0.76474
-0.766084
-0.767269
-0.772344
-0.774153
-0.776025
-0.777905
-0.779789
-0.781676
-0.783568
-0.785461
-0.787357
-0.789256
-0.791156
-0.793059
-0.794959
-0.796874
-0.798829
-0.799573
-0.801072
-0.803752
-0.805625
-0.807541
-0.809462
-0.811389
-0.813321
-0.815258
-0.817202
-0.819165
-0.820723
-0.822681
-0.824692
-0.826629
-0.828577
-0.830522
-0.832465
-0.834407
-0.836349
-0.838288
-0.840222
-0.84215
-0.844075
-0.845996
-0.847913
-0.849825
-0.851735
-0.85364
-0.85554
-0.857444
-0.859328
-0.861201
-0.863125
-0.865005
-0.866884
-0.868761
-0.870635
-0.872507
-0.874377
-0.876243
-0.878108
-0.879969
-0.881829
-0.883687
-0.885542
-0.887396
-0.889248
-0.891099
-0.892948
-0.894796
-0.896643
-0.898489
-0.900335
-0.90218
-0.904025
-0.90587
-0.907715
-0.90956
-0.911405
-0.913251
-0.915097
-0.916943
-0.918791
-0.920639
-0.922487
-0.924336
-0.926186
-0.928037
-0.929888
-0.931739
-0.93359
-0.935442
-0.937293
-0.939144
-0.940994
-0.942843
-0.94469
-0.946535
-0.948378
-0.950218
-0.952054
-0.953886
-0.955713
-0.957535
-0.959351
-0.961159
-0.96296
-0.964752
-0.966535
-0.968308
-0.970069
-0.971818
-0.973554
-0.975276
-0.976983
-0.978674
-0.980348
-0.982003
-0.983639
-0.985255
-0.986849
-0.988421
-0.989969
-0.991492
-0.99299
-0.99446
-0.995903
-0.997316
-0.998699
-1.00005
-1.00137
-1.00266
-1.00391
-1.00513
-1.00631
-1.00745
-1.00856
-1.00963
-1.01066
-1.01165
-1.0126
-1.0135
-1.01437
-1.01519
-1.01598
-1.01671
-1.01741
-1.01805
-1.01866
-1.01922
-1.01973
-1.0202
-1.02063
-1.02101
-1.02134
-1.02163
-1.02187
-1.02207
-1.02223
-1.02234
-1.02241
-1.02243
-1.02241
-1.02235
-1.02225
-1.0221
-1.02192
-1.02169
-1.02143
-1.02112
-1.02078
-1.0204
-1.01999
-1.01954
-1.01906
-1.01854
-1.018
-1.01742
-1.01682
-1.01619
-1.01553
-1.01485
-1.01415
-1.01342
-1.01267
-1.01191
-1.01112
-1.01033
-1.00952
-1.00869
-1.00786
-1.00702
-1.00618
-1.00533
-1.00449
-1.00364
-1.00281
-1.00199
-1.00119
-1.00042
-0.999633
-0.998849
-0.998168
-0.997719
-0.997298
-0.996199
-0.994072
-0.664149
-0.665401
-0.666714
-0.668036
-0.669354
-0.670675
-0.672
-0.673328
-0.674658
-0.67599
-0.677322
-0.678649
-0.679963
-0.6813
-0.682743
-0.684134
-0.679292
-0.695835
-0.696917
-0.697706
-0.698927
-0.700671
-0.702179
-0.703657
-0.70508
-0.707567
-0.708977
-0.71037
-0.711819
-0.713301
-0.714805
-0.716321
-0.71785
-0.719397
-0.720956
-0.722529
-0.724117
-0.72572
-0.727338
-0.72897
-0.730612
-0.732284
-0.734213
-0.736144
-0.737337
-0.738943
-0.743453
-0.745024
-0.746492
-0.750427
-0.752385
-0.749636
-0.751461
-0.753565
-0.755365
-0.757188
-0.759065
-0.760943
-0.762818
-0.764688
-0.76656
-0.768445
-0.77034
-0.772182
-0.774218
-0.776474
-0.778649
-0.778372
-0.780629
-0.782594
-0.784434
-0.786323
-0.788239
-0.790151
-0.792061
-0.793969
-0.795872
-0.797772
-0.799677
-0.801595
-0.803235
-0.805439
-0.807333
-0.809234
-0.811138
-0.813045
-0.814954
-0.816863
-0.818773
-0.820685
-0.822594
-0.824503
-0.82644
-0.828438
-0.830384
-0.832146
-0.836676
-0.838489
-0.840346
-0.842293
-0.844239
-0.846186
-0.848138
-0.850094
-0.852055
-0.854021
-0.855992
-0.857973
-0.85996
-0.86194
-0.863949
-0.866058
-0.864568
-0.866452
-0.868576
-0.870518
-0.872499
-0.874465
-0.876414
-0.878346
-0.880263
-0.882177
-0.884081
-0.885497
-0.888372
-0.890201
-0.892038
-0.893878
-0.89571
-0.897535
-0.899359
-0.901135
-0.902819
-0.904819
-0.90659
-0.908337
-0.910068
-0.911783
-0.913483
-0.915168
-0.916837
-0.918488
-0.920129
-0.92176
-0.923179
-0.924799
-0.926379
-0.927929
-0.92947
-0.930989
-0.932486
-0.933962
-0.935418
-0.936854
-0.93827
-0.939667
-0.941045
-0.942404
-0.943743
-0.945064
-0.946367
-0.947651
-0.948917
-0.950165
-0.951396
-0.952609
-0.953806
-0.954986
-0.95615
-0.957299
-0.958433
-0.959551
-0.960656
-0.961747
-0.962824
-0.963889
-0.964942
-0.965982
-0.967011
-0.96803
-0.969038
-0.970037
-0.971027
-0.972008
-0.972981
-0.973947
-0.974906
-0.975859
-0.976806
-0.977748
-0.978686
-0.979619
-0.98055
-0.981477
-0.982402
-0.983325
-0.984247
-0.985167
-0.986087
-0.987007
-0.987928
-0.988848
-0.98977
-0.990694
-0.991619
-0.992546
-0.993475
-0.994406
-0.99534
-0.996277
-0.997217
-0.99816
-0.999105
-1.00005
-1.00101
-1.00196
-1.00292
-1.00388
-1.00484
-1.0058
-1.00677
-1.00774
-1.0087
-1.00967
-1.01065
-1.01162
-1.01259
-1.01356
-1.01453
-1.01549
-1.01646
-1.01742
-1.01838
-1.01934
-1.02029
-1.02123
-1.02217
-1.0231
-1.02403
-1.02494
-1.02585
-1.02675
-1.02763
-1.02851
-1.02937
-1.03022
-1.03106
-1.03188
-1.03269
-1.03348
-1.03425
-1.03501
-1.03575
-1.03647
-1.03717
-1.03785
-1.03852
-1.03916
-1.03978
-1.04038
-1.04096
-1.04152
-1.04205
-1.04256
-1.04305
-1.04352
-1.04397
-1.04439
-1.0448
-1.04518
-1.04554
-1.04588
-1.0462
-1.0465
-1.04678
-1.04705
-1.04729
-1.04752
-1.04773
-1.04793
-1.04812
-1.04829
-1.04846
-1.04861
-1.04876
-1.04891
-1.04905
-1.04919
-1.04934
-1.04948
-1.04964
-1.04982
-1.05001
-1.05021
-1.05042
-1.05067
-1.05102
-1.05144
-1.05171
-1.05159
-0.718399
-0.720235
-0.721918
-0.723635
-0.725504
-0.727387
-0.729274
-0.731167
-0.733069
-0.734979
-0.736888
-0.738793
-0.74075
-0.742857
-0.745053
-0.744268
-0.746336
-0.748294
-0.750023
-0.751861
-0.753792
-0.755717
-0.757615
-0.759576
-0.761541
-0.763501
-0.757033
-0.767717
-0.769401
-0.7711
-0.772833
-0.774762
-0.776547
-0.777072
-0.778686
-0.780547
-0.782232
-0.78391
-0.785582
-0.787293
-0.789099
-0.790312
-0.792305
-0.799728
-0.801213
-0.80249
-0.804136
-0.805923
-0.807772
-0.80957
-0.810864
-0.81806
-0.819538
-0.82109
-0.822743
-0.824435
-0.82615
-0.827879
-0.829617
-0.831407
-0.83331
-0.835168
-0.835611
-0.837614
-0.840126
-0.842223
-0.843763
-0.845585
-0.847432
-0.849586
-0.851485
-0.853379
-0.855282
-0.857191
-0.859106
-0.861033
-0.863046
-0.865056
-0.866476
-0.868437
-0.87038
-0.872297
-0.874224
-0.876165
-0.878139
-0.880088
-0.882029
-0.88413
-0.886039
-0.887956
-0.889887
-0.891822
-0.893762
-0.895702
-0.897933
-0.900075
-0.901839
-0.903672
-0.908685
-0.910543
-0.912404
-0.914303
-0.916211
-0.918121
-0.920031
-0.921942
-0.923857
-0.925778
-0.927723
-0.929956
-0.932111
-0.930413
-0.932589
-0.934495
-0.936316
-0.938155
-0.940009
-0.941851
-0.943678
-0.945497
-0.947311
-0.949111
-0.950731
-0.952521
-0.954292
-0.95602
-0.957741
-0.959449
-0.961142
-0.962819
-0.964484
-0.966159
-0.967335
-0.96778
-0.972072
-0.973565
-0.975068
-0.976546
-0.978
-0.979429
-0.980835
-0.982219
-0.983584
-0.984923
-0.98622
-0.987513
-0.98878
-0.989926
-0.991154
-0.992358
-0.993568
-0.994711
-0.995786
-0.99683
-0.997845
-0.998829
-0.999783
-1.00071
-1.0016
-1.00246
-1.0033
-1.0041
-1.00487
-1.00562
-1.00633
-1.00701
-1.00766
-1.00828
-1.00887
-1.00944
-1.00997
-1.01048
-1.01096
-1.01142
-1.01185
-1.01225
-1.01263
-1.01299
-1.01332
-1.01363
-1.01392
-1.01419
-1.01445
-1.01468
-1.01489
-1.01509
-1.01528
-1.01545
-1.01561
-1.01575
-1.01589
-1.01602
-1.01614
-1.01625
-1.01636
-1.01647
-1.01657
-1.01668
-1.01679
-1.01689
-1.01701
-1.01712
-1.01725
-1.01738
-1.01752
-1.01767
-1.01784
-1.01802
-1.01821
-1.01842
-1.01865
-1.01889
-1.01916
-1.01944
-1.01975
-1.02008
-1.02044
-1.02082
-1.02123
-1.02166
-1.02212
-1.02261
-1.02313
-1.02368
-1.02425
-1.02486
-1.0255
-1.02616
-1.02686
-1.02759
-1.02835
-1.02914
-1.02996
-1.03081
-1.03169
-1.03259
-1.03353
-1.03449
-1.03549
-1.0365
-1.03755
-1.03861
-1.0397
-1.04081
-1.04194
-1.04309
-1.04426
-1.04545
-1.04666
-1.04787
-1.0491
-1.05035
-1.0516
-1.05287
-1.05414
-1.05541
-1.0567
-1.05798
-1.05927
-1.06056
-1.06185
-1.06314
-1.06442
-1.0657
-1.06697
-1.06824
-1.06951
-1.07076
-1.07201
-1.07324
-1.07447
-1.07569
-1.0769
-1.07809
-1.07928
-1.08045
-1.08162
-1.08277
-1.08392
-1.08505
-1.08617
-1.08729
-1.0884
-1.0895
-1.0906
-1.09169
-1.09278
-1.09387
-1.09496
-1.09605
-1.09715
-1.09825
-1.09936
-1.10051
-1.10168
-1.10281
-1.10386
-1.10503
-1.10669
-1.10881
-0.779685
-0.781479
-0.783273
-0.787759
-0.78926
-0.790806
-0.792459
-0.79418
-0.79592
-0.797674
-0.79943
-0.801183
-0.802931
-0.804702
-0.806597
-0.808644
-0.81034
-0.812219
-0.818808
-0.820328
-0.821812
-0.823599
-0.825506
-0.827554
-0.829631
-0.830273
-0.833157
-0.835058
-0.836722
-0.838598
-0.840581
-0.84259
-0.844633
-0.846702
-0.848283
-0.850504
-0.850565
-0.852375
-0.854634
-0.856973
-0.856771
-0.859011
-0.861147
-0.863101
-0.864604
-0.870437
-0.872831
-0.871196
-0.873489
-0.875866
-0.877809
-0.879865
-0.882039
-0.884229
-0.886427
-0.88863
-0.890811
-0.89297
-0.895181
-0.897494
-0.899876
-0.902029
-0.904249
-0.906464
-0.908664
-0.910762
-0.912607
-0.914453
-0.916591
-0.918732
-0.920861
-0.922978
-0.925093
-0.927222
-0.929384
-0.930299
-0.932355
-0.936565
-0.938629
-0.940683
-0.942788
-0.944938
-0.94708
-0.947217
-0.949237
-0.951839
-0.953901
-0.955974
-0.958051
-0.96013
-0.962268
-0.96432
-0.966301
-0.968429
-0.97054
-0.972823
-0.974569
-0.97648
-0.97846
-0.980467
-0.982435
-0.984374
-0.98629
-0.988177
-0.990039
-0.991896
-0.993744
-0.995429
-0.997237
-0.999034
-1.00081
-1.00268
-1.00429
-1.00593
-1.00756
-1.00917
-1.01077
-1.01234
-1.0139
-1.01543
-1.01694
-1.01844
-1.01992
-1.02129
-1.0227
-1.02459
-1.02595
-1.02727
-1.02859
-1.02993
-1.03136
-1.03262
-1.03066
-1.0376
-1.0387
-1.0398
-1.04091
-1.04201
-1.04308
-1.04413
-1.04516
-1.04616
-1.04714
-1.04809
-1.04902
-1.04991
-1.05078
-1.05162
-1.05242
-1.05022
-1.0547
-1.05537
-1.05602
-1.05665
-1.05724
-1.05779
-1.05831
-1.0588
-1.05924
-1.05966
-1.06004
-1.06039
-1.06054
-1.06103
-1.06125
-1.06145
-1.06162
-1.06174
-1.06184
-1.0619
-1.06191
-1.06191
-1.06187
-1.06179
-1.06167
-1.06152
-1.06133
-1.06112
-1.06087
-1.06059
-1.06028
-1.05994
-1.05958
-1.05918
-1.05877
-1.05833
-1.05786
-1.05738
-1.05688
-1.05636
-1.05583
-1.05528
-1.05472
-1.05415
-1.05357
-1.05299
-1.0524
-1.05182
-1.05123
-1.05065
-1.05007
-1.04949
-1.04893
-1.04838
-1.04784
-1.04732
-1.04682
-1.04634
-1.04588
-1.04545
-1.04504
-1.04467
-1.04432
-1.04401
-1.04374
-1.04351
-1.04331
-1.04316
-1.04305
-1.04299
-1.04298
-1.04301
-1.0431
-1.04323
-1.04342
-1.04367
-1.04397
-1.04432
-1.04473
-1.0452
-1.04573
-1.04632
-1.04696
-1.04767
-1.04843
-1.04925
-1.05013
-1.05107
-1.05207
-1.05312
-1.05423
-1.05539
-1.0566
-1.05787
-1.05919
-1.06055
-1.06197
-1.06343
-1.06493
-1.06648
-1.06806
-1.06969
-1.07135
-1.07305
-1.07478
-1.07654
-1.07833
-1.08015
-1.08199
-1.08385
-1.08573
-1.08763
-1.08955
-1.09148
-1.09342
-1.09537
-1.09733
-1.0993
-1.10127
-1.10325
-1.10523
-1.10721
-1.10919
-1.11117
-1.11315
-1.11512
-1.11709
-1.11906
-1.12103
-1.12299
-1.12494
-1.1269
-1.12884
-1.13079
-1.13273
-1.13467
-1.13661
-1.13854
-1.14048
-1.14242
-1.14436
-1.14629
-1.14823
-1.15023
-1.15226
-1.15419
-1.15587
-1.15768
-1.1606
-1.16483
-0.842755
-0.845058
-0.847481
-0.845288
-0.848378
-0.850352
-0.848689
-0.852397
-0.854255
-0.852479
-0.866506
-0.868598
-0.870801
-0.87307
-0.875353
-0.877667
-0.879971
-0.882337
-0.884739
-0.885942
-0.888345
-0.890491
-0.892536
-0.894691
-0.89718
-0.899556
-0.902236
-0.900699
-0.903071
-0.905244
-0.907271
-0.909436
-0.911733
-0.914155
-0.916383
-0.918632
-0.920846
-0.923281
-0.925776
-0.928288
-0.930712
-0.934303
-0.936358
-0.936459
-0.938809
-0.941446
-0.944117
-0.943
-0.94542
-0.94774
-0.949753
-0.951683
-0.954155
-0.956667
-0.959157
-0.961329
-0.965398
-0.967526
-0.969608
-0.972015
-0.974537
-0.97701
-0.979738
-0.9823
-0.984841
-0.987225
-0.989634
-0.991941
-0.99405
-0.995919
-0.998152
-1.00053
-1.00289
-1.00527
-1.00768
-1.01011
-1.0109
-1.01328
-1.0156
-1.01696
-1.01918
-1.02373
-1.02153
-1.02321
-1.02904
-1.0312
-1.0334
-1.03563
-1.03785
-1.04013
-1.04237
-1.04431
-1.04642
-1.0485
-1.05057
-1.05262
-1.05448
-1.0563
-1.05825
-1.06017
-1.06206
-1.06392
-1.06567
-1.06729
-1.06892
-1.07095
-1.07268
-1.07421
-1.07583
-1.07741
-1.07896
-1.0805
-1.08203
-1.08355
-1.08485
-1.08618
-1.08758
-1.08892
-1.09025
-1.09152
-1.09277
-1.09398
-1.09515
-1.09628
-1.09738
-1.09844
-1.09948
-1.10048
-1.10142
-1.10221
-1.1031
-1.10401
-1.10511
-1.10606
-1.10681
-1.10758
-1.10833
-1.10903
-1.10969
-1.11031
-1.11089
-1.11143
-1.11194
-1.11241
-1.11284
-1.11323
-1.11358
-1.11386
-1.11404
-1.11414
-1.11519
-1.11538
-1.11552
-1.11562
-1.11569
-1.11572
-1.11572
-1.11568
-1.11561
-1.11551
-1.11536
-1.11521
-1.11501
-1.11462
-1.114
-1.11443
-1.11406
-1.11368
-1.11325
-1.1128
-1.11233
-1.11174
-1.11103
-1.11081
-1.11018
-1.10952
-1.10883
-1.10811
-1.10727
-1.10659
-1.10575
-1.10489
-1.104
-1.10308
-1.10213
-1.10116
-1.10016
-1.09914
-1.0981
-1.09703
-1.09595
-1.09485
-1.09374
-1.09262
-1.09149
-1.09035
-1.0892
-1.08806
-1.08691
-1.08577
-1.08463
-1.0835
-1.08239
-1.08128
-1.0802
-1.07914
-1.07809
-1.07708
-1.07609
-1.07514
-1.07423
-1.07335
-1.07251
-1.07172
-1.07098
-1.07028
-1.06964
-1.06906
-1.06853
-1.06807
-1.06767
-1.06734
-1.06707
-1.06688
-1.06675
-1.06671
-1.06673
-1.06684
-1.06702
-1.06728
-1.06763
-1.06805
-1.06856
-1.06915
-1.06982
-1.07058
-1.07142
-1.07234
-1.07334
-1.07442
-1.07558
-1.07683
-1.07815
-1.07954
-1.08101
-1.08256
-1.08417
-1.08586
-1.08761
-1.08943
-1.09131
-1.09324
-1.09524
-1.09729
-1.0994
-1.10156
-1.10376
-1.10601
-1.10829
-1.11062
-1.11299
-1.11538
-1.11781
-1.12027
-1.12275
-1.12526
-1.12778
-1.13033
-1.13289
-1.13546
-1.13805
-1.14064
-1.14325
-1.14586
-1.14847
-1.15109
-1.15372
-1.15634
-1.15897
-1.16159
-1.16422
-1.16684
-1.16947
-1.17209
-1.17472
-1.17734
-1.17997
-1.18259
-1.18522
-1.18785
-1.19047
-1.19309
-1.19572
-1.19841
-1.20115
-1.20375
-1.206
-1.2084
-1.21229
-1.218
-0.904335
-0.908449
-0.910797
-0.910694
-0.910801
-0.922989
-0.920162
-0.923461
-0.925862
-0.924804
-0.929971
-0.931945
-0.932978
-0.938932
-0.941231
-0.942491
-0.949544
-0.951526
-0.953755
-0.958354
-0.960898
-0.958542
-0.96096
-0.963179
-0.965244
-0.967537
-0.970535
-0.973164
-0.975869
-0.977164
-0.982668
-0.984874
-0.985568
-0.990686
-0.990634
-0.99089
-0.997659
-1.00019
-1.00305
-1.00588
-1.00887
-1.00578
-1.01058
-1.01306
-1.01557
-1.01825
-1.02149
-1.02445
-1.0276
-1.0272
-1.0301
-1.03268
-1.03522
-1.03798
-1.04076
-1.04366
-1.04664
-1.04949
-1.05096
-1.0539
-1.05664
-1.05931
-1.06212
-1.06576
-1.06862
-1.07151
-1.0746
-1.0777
-1.07606
-1.0791
-1.08184
-1.08425
-1.08664
-1.0893
-1.09222
-1.09501
-1.09762
-1.09873
-1.1011
-1.10345
-1.10619
-1.10859
-1.11089
-1.1177
-1.11986
-1.12196
-1.12428
-1.12659
-1.12888
-1.13112
-1.1333
-1.13549
-1.13771
-1.13998
-1.14213
-1.14382
-1.14581
-1.14779
-1.14956
-1.15041
-1.15232
-1.15437
-1.15476
-1.1565
-1.15927
-1.16078
-1.16223
-1.16371
-1.16513
-1.16671
-1.16808
-1.16925
-1.17036
-1.1714
-1.17237
-1.17337
-1.17441
-1.17533
-1.17608
-1.1769
-1.17795
-1.17836
-1.17905
-1.18012
-1.1807
-1.18124
-1.18173
-1.18217
-1.18256
-1.18285
-1.18294
-1.18292
-1.18306
-1.18317
-1.18336
-1.18351
-1.18333
-1.1833
-1.18324
-1.18324
-1.18311
-1.18292
-1.1827
-1.18242
-1.1821
-1.1818
-1.18147
-1.18088
-1.18019
-1.17966
-1.1791
-1.17853
-1.17803
-1.17739
-1.17669
-1.17597
-1.17518
-1.17439
-1.17356
-1.17266
-1.17114
-1.17054
-1.16901
-1.16808
-1.16695
-1.16398
-1.16617
-1.16503
-1.16384
-1.16265
-1.16143
-1.16017
-1.15872
-1.15595
-1.15774
-1.15639
-1.15501
-1.15368
-1.15231
-1.15065
-1.1491
-1.14807
-1.14661
-1.14514
-1.14365
-1.14214
-1.14062
-1.13908
-1.13743
-1.136
-1.13441
-1.13282
-1.13122
-1.12962
-1.12802
-1.12643
-1.12482
-1.12322
-1.12162
-1.12003
-1.11844
-1.11687
-1.11532
-1.11378
-1.11226
-1.11078
-1.10931
-1.10789
-1.1065
-1.10515
-1.10384
-1.10258
-1.10137
-1.10022
-1.09912
-1.09809
-1.09712
-1.09623
-1.0954
-1.09465
-1.09398
-1.09339
-1.09288
-1.09246
-1.09213
-1.09189
-1.09175
-1.0917
-1.09175
-1.09189
-1.09214
-1.09249
-1.09294
-1.09349
-1.09414
-1.0949
-1.09576
-1.09672
-1.09778
-1.09894
-1.1002
-1.10156
-1.10302
-1.10457
-1.10621
-1.10795
-1.10977
-1.11168
-1.11367
-1.11575
-1.1179
-1.12013
-1.12243
-1.12479
-1.12723
-1.12973
-1.13229
-1.1349
-1.13757
-1.14028
-1.14305
-1.14585
-1.1487
-1.15159
-1.1545
-1.15745
-1.16043
-1.16343
-1.16645
-1.16949
-1.17255
-1.17563
-1.17871
-1.18181
-1.18491
-1.18803
-1.19115
-1.19427
-1.1974
-1.20052
-1.20365
-1.20679
-1.20992
-1.21305
-1.21619
-1.21933
-1.22246
-1.2256
-1.22875
-1.23189
-1.23504
-1.23818
-1.24133
-1.24455
-1.24782
-1.25095
-1.25373
-1.25665
-1.26113
-1.26751
-0.972418
-0.974729
-0.975838
-0.979975
-0.982337
-0.98483
-0.990018
-0.992338
-0.994697
-0.998854
-0.995856
-0.999775
-1.00219
-1.0027
-1.00683
-1.00938
-1.01111
-1.01513
-1.01753
-1.0199
-1.02238
-1.0268
-1.02939
-1.02914
-1.03167
-1.03405
-1.03636
-1.03881
-1.04308
-1.04587
-1.0428
-1.05307
-1.05106
-1.05388
-1.0606
-1.06185
-1.06826
-1.0706
-1.07278
-1.07814
-1.08087
-1.07754
-1.0891
-1.09047
-1.09703
-1.0996
-1.10588
-1.10695
-1.10958
-1.11342
-1.11625
-1.11661
-1.12066
-1.12321
-1.1255
-1.12825
-1.13235
-1.13524
-1.13591
-1.14356
-1.14622
-1.15093
-1.15197
-1.15547
-1.15816
-1.16097
-1.16382
-1.16684
-1.16985
-1.17289
-1.17596
-1.17738
-1.18023
-1.18303
-1.18571
-1.18856
-1.19167
-1.19454
-1.1972
-1.20009
-1.20213
-1.20485
-1.20823
-1.21112
-1.21264
-1.21526
-1.21775
-1.22015
-1.22237
-1.22536
-1.22778
-1.22976
-1.2322
-1.23419
-1.23628
-1.23842
-1.2404
-1.24223
-1.24438
-1.24622
-1.2479
-1.24955
-1.2522
-1.25373
-1.25519
-1.25663
-1.25804
-1.2594
-1.26071
-1.26199
-1.26325
-1.26086
-1.25991
-1.26342
-1.26417
-1.26496
-1.26567
-1.26628
-1.2669
-1.26743
-1.2678
-1.26751
-1.26803
-1.26823
-1.2683
-1.2683
-1.26827
-1.26816
-1.26796
-1.26767
-1.2673
-1.2669
-1.26661
-1.26613
-1.26546
-1.26463
-1.26356
-1.26264
-1.26294
-1.26199
-1.26094
-1.25982
-1.2592
-1.25765
-1.2557
-1.25613
-1.25469
-1.2533
-1.252
-1.25058
-1.24888
-1.24728
-1.24565
-1.244
-1.24237
-1.24072
-1.23882
-1.23684
-1.23545
-1.23349
-1.22905
-1.2288
-1.227
-1.22493
-1.22516
-1.22145
-1.21971
-1.21779
-1.21582
-1.21376
-1.212
-1.20987
-1.20768
-1.20556
-1.20368
-1.20168
-1.19962
-1.19742
-1.19541
-1.1932
-1.19066
-1.18702
-1.18838
-1.18618
-1.18395
-1.18175
-1.17956
-1.1774
-1.17527
-1.17277
-1.17056
-1.16872
-1.16652
-1.16441
-1.16238
-1.16018
-1.15833
-1.15626
-1.15421
-1.15219
-1.1502
-1.14822
-1.14627
-1.14436
-1.14247
-1.14062
-1.1388
-1.13703
-1.13531
-1.13364
-1.13203
-1.13048
-1.12899
-1.12757
-1.12621
-1.12494
-1.12374
-1.12263
-1.12161
-1.12067
-1.11983
-1.11909
-1.11845
-1.11791
-1.11748
-1.11716
-1.11695
-1.11685
-1.11686
-1.11699
-1.11724
-1.11761
-1.1181
-1.1187
-1.11943
-1.12027
-1.12124
-1.12232
-1.12352
-1.12483
-1.12626
-1.1278
-1.12945
-1.13121
-1.13307
-1.13504
-1.13711
-1.13928
-1.14154
-1.14389
-1.14633
-1.14885
-1.15145
-1.15413
-1.15689
-1.15971
-1.1626
-1.16555
-1.16856
-1.17162
-1.17473
-1.17789
-1.1811
-1.18434
-1.18762
-1.19093
-1.19427
-1.19764
-1.20103
-1.20443
-1.20786
-1.2113
-1.21476
-1.21822
-1.22169
-1.22517
-1.22865
-1.23214
-1.23562
-1.23911
-1.2426
-1.24609
-1.24957
-1.25306
-1.25655
-1.26003
-1.26352
-1.26701
-1.27051
-1.27401
-1.27751
-1.281
-1.28451
-1.28808
-1.2917
-1.29521
-1.29842
-1.30176
-1.30647
-1.31282
-1.03361
-1.03612
-1.03867
-1.04087
-1.04331
-1.0477
-1.04792
-1.05176
-1.05454
-1.0551
-1.05759
-1.06037
-1.06287
-1.0656
-1.07007
-1.07285
-1.07567
-1.08198
-1.07963
-1.08672
-1.08618
-1.08914
-1.09207
-1.09498
-1.10145
-1.10323
-1.10622
-1.11177
-1.11326
-1.11863
-1.12151
-1.12474
-1.12818
-1.13147
-1.13293
-1.13615
-1.13944
-1.14269
-1.14341
-1.14825
-1.15182
-1.1514
-1.15854
-1.15777
-1.16276
-1.16633
-1.16978
-1.17512
-1.17849
-1.18186
-1.18375
-1.18801
-1.19161
-1.19295
-1.1968
-1.20015
-1.20356
-1.20912
-1.21025
-1.21627
-1.21963
-1.223
-1.22582
-1.22922
-1.23262
-1.2356
-1.23914
-1.24219
-1.24497
-1.24816
-1.25141
-1.25445
-1.25512
-1.26256
-1.26622
-1.26913
-1.27601
-1.27877
-1.28167
-1.28455
-1.28692
-1.29026
-1.29233
-1.29503
-1.29834
-1.29989
-1.30172
-1.30583
-1.30804
-1.31168
-1.31375
-1.31694
-1.31875
-1.3209
-1.32242
-1.32477
-1.32665
-1.32846
-1.33028
-1.33188
-1.33279
-1.33549
-1.3369
-1.33873
-1.34
-1.34118
-1.34279
-1.34379
-1.3446
-1.34549
-1.34625
-1.34689
-1.34705
-1.34756
-1.34829
-1.34857
-1.34884
-1.34904
-1.34917
-1.34923
-1.34905
-1.34796
-1.34936
-1.3491
-1.34874
-1.34851
-1.34809
-1.34728
-1.34674
-1.34613
-1.34543
-1.34471
-1.34403
-1.34324
-1.34025
-1.33958
-1.33853
-1.33741
-1.3362
-1.33492
-1.33354
-1.33217
-1.33072
-1.32916
-1.32721
-1.3261
-1.32435
-1.32249
-1.32065
-1.31877
-1.31684
-1.3149
-1.31292
-1.31102
-1.30894
-1.30595
-1.30416
-1.2993
-1.29678
-1.29503
-1.29149
-1.2897
-1.28731
-1.28407
-1.2822
-1.27956
-1.27615
-1.27373
-1.271
-1.26763
-1.26509
-1.26222
-1.25927
-1.25633
-1.25338
-1.2505
-1.24765
-1.24418
-1.242
-1.2389
-1.23582
-1.2328
-1.2301
-1.22727
-1.22403
-1.22114
-1.21784
-1.21539
-1.2121
-1.2096
-1.20652
-1.2029
-1.20193
-1.19898
-1.19603
-1.19375
-1.19
-1.18828
-1.18561
-1.18291
-1.18041
-1.17786
-1.17553
-1.17312
-1.17077
-1.16848
-1.16625
-1.16408
-1.16199
-1.15998
-1.15806
-1.15622
-1.15447
-1.15281
-1.15124
-1.14977
-1.14839
-1.14711
-1.14594
-1.14487
-1.14392
-1.14309
-1.14238
-1.1418
-1.14134
-1.14101
-1.14082
-1.14076
-1.14083
-1.14104
-1.14138
-1.14186
-1.14248
-1.14323
-1.14412
-1.14515
-1.1463
-1.14759
-1.14901
-1.15056
-1.15223
-1.15403
-1.15595
-1.15798
-1.16013
-1.16239
-1.16476
-1.16723
-1.1698
-1.17247
-1.17523
-1.17807
-1.181
-1.18401
-1.18709
-1.19025
-1.19347
-1.19675
-1.20009
-1.20348
-1.20692
-1.21041
-1.21394
-1.2175
-1.2211
-1.22473
-1.22838
-1.23205
-1.23575
-1.23945
-1.24318
-1.24691
-1.25065
-1.25439
-1.25814
-1.26189
-1.26564
-1.26938
-1.27313
-1.27687
-1.2806
-1.28433
-1.28805
-1.29177
-1.29549
-1.2992
-1.30291
-1.30662
-1.31033
-1.31404
-1.31776
-1.32147
-1.3252
-1.32897
-1.33278
-1.33652
-1.34004
-1.34367
-1.34837
-1.35429
-1.08137
-1.08396
-1.08656
-1.08919
-1.09185
-1.09453
-1.09712
-1.09992
-1.10274
-1.10559
-1.10848
-1.11148
-1.11452
-1.11746
-1.12037
-1.12337
-1.12635
-1.12931
-1.1323
-1.13553
-1.13876
-1.14193
-1.14504
-1.14953
-1.15266
-1.15481
-1.15811
-1.16141
-1.16456
-1.16784
-1.1725
-1.17129
-1.17604
-1.17945
-1.18142
-1.18731
-1.19049
-1.1939
-1.20106
-1.20449
-1.20764
-1.21082
-1.21414
-1.21748
-1.22055
-1.22619
-1.22977
-1.23317
-1.23664
-1.24011
-1.24354
-1.24543
-1.25058
-1.25425
-1.25741
-1.26094
-1.26447
-1.26786
-1.27141
-1.27653
-1.28012
-1.28364
-1.28953
-1.29277
-1.29613
-1.29975
-1.3034
-1.30685
-1.3103
-1.31464
-1.31802
-1.32145
-1.32483
-1.32834
-1.33189
-1.33175
-1.33621
-1.33951
-1.34275
-1.34599
-1.34934
-1.34936
-1.35394
-1.35691
-1.35959
-1.36245
-1.3655
-1.36719
-1.37057
-1.37314
-1.37561
-1.37801
-1.38039
-1.38265
-1.38478
-1.38697
-1.38894
-1.39081
-1.39253
-1.3943
-1.39593
-1.39672
-1.3986
-1.39989
-1.40112
-1.40234
-1.40299
-1.40421
-1.40495
-1.40565
-1.40647
-1.40689
-1.40771
-1.40803
-1.40832
-1.40846
-1.4087
-1.40873
-1.4087
-1.40859
-1.40827
-1.408
-1.40761
-1.40695
-1.40672
-1.40616
-1.40547
-1.40478
-1.40392
-1.40299
-1.4019
-1.40096
-1.39974
-1.39859
-1.3973
-1.39597
-1.39458
-1.39309
-1.39163
-1.39007
-1.3885
-1.38671
-1.38515
-1.3833
-1.38161
-1.37973
-1.37788
-1.37563
-1.37361
-1.37151
-1.36933
-1.36732
-1.36505
-1.36262
-1.3606
-1.35809
-1.35558
-1.35309
-1.35045
-1.34714
-1.34549
-1.34261
-1.33976
-1.33685
-1.33394
-1.33099
-1.32763
-1.32392
-1.32297
-1.31973
-1.31648
-1.31341
-1.31022
-1.30554
-1.30186
-1.29941
-1.29598
-1.29301
-1.28952
-1.28484
-1.28137
-1.27815
-1.27446
-1.27088
-1.26797
-1.2642
-1.26038
-1.25678
-1.25333
-1.24823
-1.24534
-1.24167
-1.23804
-1.23477
-1.23127
-1.22752
-1.22503
-1.22105
-1.21767
-1.21463
-1.21088
-1.20754
-1.20525
-1.20217
-1.19917
-1.19628
-1.19345
-1.19064
-1.18792
-1.18533
-1.18287
-1.18056
-1.17838
-1.17634
-1.17447
-1.17272
-1.1711
-1.16961
-1.16826
-1.16706
-1.166
-1.16509
-1.16433
-1.16371
-1.16325
-1.16294
-1.16279
-1.1628
-1.16297
-1.1633
-1.16379
-1.16444
-1.16525
-1.16621
-1.16733
-1.16861
-1.17003
-1.1716
-1.17331
-1.17517
-1.17715
-1.17928
-1.18153
-1.1839
-1.18639
-1.189
-1.19172
-1.19455
-1.19747
-1.2005
-1.20361
-1.20681
-1.2101
-1.21346
-1.21689
-1.22039
-1.22395
-1.22757
-1.23124
-1.23496
-1.23872
-1.24253
-1.24636
-1.25023
-1.25412
-1.25804
-1.26197
-1.26592
-1.26987
-1.27384
-1.27781
-1.28178
-1.28575
-1.28972
-1.29369
-1.29764
-1.30159
-1.30552
-1.30945
-1.31336
-1.31726
-1.32114
-1.32502
-1.32888
-1.33273
-1.33657
-1.34041
-1.34423
-1.34806
-1.35188
-1.3557
-1.35952
-1.36335
-1.3672
-1.37109
-1.37494
-1.37866
-1.38246
-1.38698
-1.39228
-1.11169
-1.11433
-1.11699
-1.11969
-1.12244
-1.12523
-1.12804
-1.13089
-1.13387
-1.13681
-1.13977
-1.14278
-1.1458
-1.14886
-1.15196
-1.15515
-1.15683
-1.15988
-1.16314
-1.16637
-1.16927
-1.1726
-1.17605
-1.17946
-1.18281
-1.18613
-1.19046
-1.19387
-1.19727
-1.20073
-1.20424
-1.20791
-1.21154
-1.21513
-1.21864
-1.22562
-1.22922
-1.23187
-1.23585
-1.23968
-1.2435
-1.247
-1.25222
-1.25598
-1.25737
-1.2619
-1.26582
-1.26802
-1.27185
-1.27599
-1.27975
-1.28355
-1.28739
-1.29173
-1.29563
-1.2995
-1.30329
-1.30706
-1.31085
-1.3146
-1.31681
-1.32094
-1.3258
-1.32925
-1.33287
-1.33785
-1.34138
-1.34409
-1.34789
-1.35157
-1.3532
-1.35675
-1.36089
-1.36425
-1.36765
-1.37343
-1.37483
-1.37871
-1.3819
-1.38463
-1.38839
-1.39089
-1.39402
-1.39864
-1.40085
-1.40366
-1.40688
-1.40877
-1.41135
-1.41387
-1.41574
-1.41935
-1.41949
-1.42389
-1.42589
-1.42785
-1.43008
-1.43185
-1.43354
-1.43613
-1.43729
-1.43871
-1.44022
-1.44128
-1.44251
-1.44353
-1.44441
-1.44528
-1.44607
-1.44629
-1.44684
-1.44733
-1.44767
-1.44795
-1.44814
-1.44823
-1.44824
-1.44815
-1.44763
-1.44814
-1.44779
-1.44737
-1.44691
-1.44635
-1.44569
-1.4452
-1.4444
-1.44358
-1.44278
-1.44132
-1.44051
-1.43945
-1.43829
-1.43708
-1.43582
-1.43451
-1.43267
-1.43139
-1.42989
-1.42824
-1.42666
-1.42502
-1.42332
-1.42155
-1.41974
-1.4179
-1.4159
-1.41394
-1.41197
-1.40988
-1.40786
-1.40559
-1.40355
-1.40129
-1.39901
-1.39674
-1.3943
-1.39192
-1.38941
-1.38693
-1.38438
-1.38171
-1.37904
-1.37633
-1.37354
-1.37076
-1.3679
-1.36498
-1.36201
-1.35902
-1.35589
-1.35289
-1.34967
-1.34643
-1.34319
-1.33955
-1.33639
-1.33289
-1.32959
-1.32593
-1.32247
-1.31877
-1.31533
-1.31157
-1.30765
-1.3045
-1.30026
-1.29664
-1.29293
-1.28892
-1.28482
-1.28186
-1.27725
-1.27309
-1.27003
-1.26593
-1.26183
-1.25779
-1.25362
-1.24959
-1.24557
-1.24165
-1.23771
-1.23379
-1.22991
-1.22596
-1.22195
-1.21901
-1.2156
-1.2123
-1.20908
-1.20583
-1.20292
-1.20025
-1.1977
-1.19532
-1.19317
-1.19125
-1.18951
-1.18794
-1.18658
-1.18544
-1.18452
-1.18382
-1.18332
-1.18303
-1.18294
-1.18305
-1.18334
-1.18382
-1.18449
-1.18534
-1.18637
-1.18758
-1.18897
-1.19054
-1.19227
-1.19416
-1.19622
-1.19842
-1.20077
-1.20326
-1.20589
-1.20864
-1.21152
-1.21451
-1.21762
-1.22083
-1.22413
-1.22754
-1.23103
-1.2346
-1.23826
-1.24198
-1.24577
-1.24962
-1.25353
-1.25749
-1.2615
-1.26554
-1.26962
-1.27373
-1.27787
-1.28202
-1.2862
-1.29039
-1.29458
-1.29878
-1.30298
-1.30718
-1.31137
-1.31555
-1.31973
-1.32388
-1.32802
-1.33214
-1.33624
-1.34032
-1.34438
-1.34841
-1.35242
-1.35641
-1.36037
-1.36431
-1.36824
-1.37214
-1.37603
-1.3799
-1.38376
-1.38762
-1.39146
-1.39531
-1.39915
-1.40302
-1.4069
-1.41076
-1.41457
-1.41844
-1.42272
-1.42738
-1.1255
-1.12514
-1.13016
-1.13285
-1.13558
-1.13836
-1.14104
-1.1439
-1.14678
-1.14969
-1.152
-1.15501
-1.15805
-1.16107
-1.16414
-1.16741
-1.17058
-1.17377
-1.17699
-1.17794
-1.18146
-1.18472
-1.18798
-1.19126
-1.19474
-1.19816
-1.2016
-1.20503
-1.20835
-1.21209
-1.21554
-1.21878
-1.22316
-1.22663
-1.22899
-1.23569
-1.23926
-1.2428
-1.24638
-1.25028
-1.25391
-1.25778
-1.26567
-1.26931
-1.27298
-1.27668
-1.28063
-1.28439
-1.28816
-1.29124
-1.29638
-1.30017
-1.30397
-1.30768
-1.31168
-1.3156
-1.31954
-1.32161
-1.32549
-1.32938
-1.32908
-1.33338
-1.33731
-1.33932
-1.34472
-1.34866
-1.35186
-1.35565
-1.3595
-1.36317
-1.36686
-1.37155
-1.37515
-1.37861
-1.38214
-1.38581
-1.3892
-1.39209
-1.39546
-1.39877
-1.40189
-1.4051
-1.40893
-1.412
-1.4149
-1.41826
-1.42114
-1.42393
-1.42668
-1.42936
-1.43199
-1.43459
-1.43711
-1.43849
-1.44092
-1.44318
-1.4453
-1.44736
-1.44936
-1.45129
-1.45173
-1.45425
-1.45582
-1.45707
-1.45849
-1.4598
-1.46032
-1.46221
-1.46317
-1.46397
-1.46476
-1.46548
-1.46513
-1.46696
-1.46732
-1.46762
-1.46786
-1.46806
-1.46755
-1.46757
-1.46747
-1.46726
-1.46698
-1.46662
-1.46619
-1.46568
-1.46511
-1.46444
-1.46367
-1.46299
-1.46208
-1.46109
-1.46006
-1.45897
-1.45782
-1.45664
-1.45483
-1.45381
-1.45245
-1.45104
-1.44959
-1.44811
-1.44595
-1.44485
-1.44318
-1.44149
-1.43976
-1.43804
-1.43621
-1.43435
-1.43244
-1.43051
-1.42854
-1.42649
-1.42449
-1.42236
-1.4202
-1.418
-1.41576
-1.41348
-1.41094
-1.40865
-1.40631
-1.40386
-1.40138
-1.39886
-1.39626
-1.39367
-1.3909
-1.3882
-1.38516
-1.38249
-1.37964
-1.37674
-1.37381
-1.37082
-1.3675
-1.3645
-1.36134
-1.35814
-1.3549
-1.35161
-1.34828
-1.34488
-1.34129
-1.33813
-1.33459
-1.33103
-1.32746
-1.32385
-1.32023
-1.31608
-1.31275
-1.30885
-1.30502
-1.30123
-1.29734
-1.29238
-1.28894
-1.28482
-1.2804
-1.27637
-1.27239
-1.26819
-1.26398
-1.25977
-1.25545
-1.24998
-1.24583
-1.24245
-1.23847
-1.23451
-1.23066
-1.22696
-1.22315
-1.21987
-1.21681
-1.21397
-1.21147
-1.20933
-1.20744
-1.20577
-1.20436
-1.20321
-1.2024
-1.20188
-1.20166
-1.20174
-1.20208
-1.20269
-1.20355
-1.20465
-1.20596
-1.20749
-1.2092
-1.21111
-1.2132
-1.21546
-1.2179
-1.22049
-1.22324
-1.22614
-1.22918
-1.23234
-1.23563
-1.23903
-1.24254
-1.24616
-1.24987
-1.25366
-1.25754
-1.2615
-1.26552
-1.26961
-1.27376
-1.27796
-1.28221
-1.28651
-1.29083
-1.29519
-1.29958
-1.30399
-1.30842
-1.31285
-1.3173
-1.32174
-1.32619
-1.33063
-1.33505
-1.33946
-1.34386
-1.34823
-1.35258
-1.3569
-1.36119
-1.36544
-1.36967
-1.37385
-1.37801
-1.38212
-1.3862
-1.39024
-1.39424
-1.39821
-1.40215
-1.40607
-1.40995
-1.41381
-1.41766
-1.42149
-1.4253
-1.42912
-1.43293
-1.43675
-1.44057
-1.4444
-1.44823
-1.45211
-1.45616
-1.46033
-1.12198
-1.12463
-1.12702
-1.1298
-1.1326
-1.1355
-1.13839
-1.14123
-1.14415
-1.14705
-1.14996
-1.15288
-1.15583
-1.15883
-1.16186
-1.16488
-1.16786
-1.17093
-1.17408
-1.17719
-1.18028
-1.18317
-1.18658
-1.19294
-1.19619
-1.19943
-1.20274
-1.20617
-1.20752
-1.2118
-1.21536
-1.21871
-1.22218
-1.22578
-1.22934
-1.23287
-1.23615
-1.24184
-1.24135
-1.24468
-1.24827
-1.2532
-1.26052
-1.26412
-1.26771
-1.27132
-1.27493
-1.27855
-1.28219
-1.2792
-1.28675
-1.29037
-1.29392
-1.29749
-1.30106
-1.30462
-1.30814
-1.31145
-1.31493
-1.32177
-1.32521
-1.32835
-1.33193
-1.33549
-1.33903
-1.34246
-1.34571
-1.35088
-1.35425
-1.35755
-1.36078
-1.36403
-1.36734
-1.37058
-1.37367
-1.37688
-1.38124
-1.38408
-1.38693
-1.39174
-1.39447
-1.39738
-1.40271
-1.40381
-1.40668
-1.41063
-1.41148
-1.41439
-1.41702
-1.41954
-1.42191
-1.42435
-1.42676
-1.42849
-1.43107
-1.43525
-1.43728
-1.43926
-1.44121
-1.44311
-1.44473
-1.44648
-1.44969
-1.4512
-1.45268
-1.45421
-1.45557
-1.45658
-1.45814
-1.45921
-1.45999
-1.46125
-1.46218
-1.46286
-1.46376
-1.46437
-1.46467
-1.46515
-1.46588
-1.46623
-1.46648
-1.46721
-1.46713
-1.46713
-1.46768
-1.46766
-1.46749
-1.46767
-1.46737
-1.46693
-1.46653
-1.46613
-1.46449
-1.46448
-1.46316
-1.46249
-1.46181
-1.45999
-1.45948
-1.45857
-1.45738
-1.45643
-1.45547
-1.45426
-1.45309
-1.45184
-1.45028
-1.44912
-1.44644
-1.44569
-1.44436
-1.44282
-1.44124
-1.43963
-1.438
-1.43518
-1.4343
-1.43246
-1.43056
-1.42869
-1.42681
-1.42423
-1.42263
-1.42057
-1.41846
-1.41633
-1.41415
-1.41193
-1.40966
-1.40735
-1.40499
-1.40259
-1.40012
-1.39762
-1.3951
-1.39255
-1.38971
-1.38714
-1.38426
-1.38152
-1.37859
-1.37585
-1.37291
-1.37001
-1.36714
-1.36404
-1.361
-1.35792
-1.3548
-1.35165
-1.34846
-1.34524
-1.34176
-1.33858
-1.3352
-1.33177
-1.32829
-1.32441
-1.32085
-1.31734
-1.31347
-1.30957
-1.30563
-1.30144
-1.29726
-1.2933
-1.28886
-1.2845
-1.27994
-1.27535
-1.27091
-1.26619
-1.26102
-1.25657
-1.25218
-1.24788
-1.24378
-1.24004
-1.23665
-1.2335
-1.23052
-1.22788
-1.22576
-1.22423
-1.22313
-1.22222
-1.22155
-1.22123
-1.22123
-1.22164
-1.22242
-1.22354
-1.22499
-1.22675
-1.2288
-1.23111
-1.23365
-1.23636
-1.23923
-1.24223
-1.24539
-1.24868
-1.25212
-1.25569
-1.25939
-1.2632
-1.26711
-1.27112
-1.27522
-1.2794
-1.28366
-1.28798
-1.29237
-1.29681
-1.30131
-1.30585
-1.31044
-1.31506
-1.3197
-1.32438
-1.32907
-1.33377
-1.33848
-1.34319
-1.3479
-1.35261
-1.3573
-1.36197
-1.36661
-1.37123
-1.37582
-1.38037
-1.38488
-1.38934
-1.39376
-1.39813
-1.40245
-1.40671
-1.41092
-1.41507
-1.41917
-1.42321
-1.42721
-1.43115
-1.43504
-1.43889
-1.4427
-1.44648
-1.45023
-1.45395
-1.45766
-1.46136
-1.46506
-1.46876
-1.47246
-1.47619
-1.47993
-1.48372
-1.48757
-1.49145
-1.10613
-1.10862
-1.1115
-1.11421
-1.11771
-1.12095
-1.12402
-1.12704
-1.13008
-1.13321
-1.13629
-1.13808
-1.14125
-1.14456
-1.14779
-1.15103
-1.1543
-1.1576
-1.16092
-1.16425
-1.16761
-1.16454
-1.16908
-1.17324
-1.17667
-1.18
-1.18342
-1.18683
-1.19017
-1.1942
-1.2018
-1.20525
-1.20859
-1.21208
-1.21559
-1.21916
-1.22278
-1.22631
-1.22982
-1.23334
-1.23709
-1.24388
-1.24748
-1.24979
-1.25336
-1.25697
-1.25913
-1.26244
-1.26607
-1.2696
-1.2732
-1.27684
-1.27737
-1.28229
-1.28599
-1.2894
-1.2932
-1.29673
-1.29798
-1.30236
-1.30599
-1.30932
-1.31275
-1.31621
-1.31968
-1.32312
-1.32661
-1.33
-1.33341
-1.33864
-1.342
-1.34481
-1.34864
-1.3464
-1.35164
-1.35533
-1.35856
-1.36161
-1.36481
-1.36801
-1.37112
-1.37341
-1.37691
-1.37991
-1.38282
-1.38574
-1.38894
-1.39179
-1.3938
-1.39651
-1.39911
-1.40167
-1.40421
-1.40679
-1.40934
-1.41193
-1.4138
-1.41627
-1.41862
-1.42051
-1.42273
-1.42487
-1.42657
-1.42871
-1.43063
-1.43248
-1.4343
-1.43606
-1.43775
-1.43943
-1.43948
-1.44122
-1.44272
-1.44381
-1.44538
-1.44666
-1.44745
-1.44912
-1.45012
-1.45051
-1.45143
-1.45235
-1.45265
-1.45332
-1.45393
-1.45435
-1.45477
-1.45515
-1.45554
-1.45585
-1.45572
-1.4558
-1.45579
-1.45573
-1.45546
-1.45527
-1.45507
-1.45495
-1.45458
-1.45404
-1.45392
-1.45321
-1.45248
-1.45178
-1.45101
-1.45018
-1.44932
-1.44848
-1.44755
-1.44588
-1.44518
-1.44421
-1.4431
-1.44192
-1.44089
-1.43976
-1.43764
-1.43638
-1.43512
-1.43352
-1.43212
-1.43112
-1.4283
-1.42788
-1.42547
-1.42401
-1.42237
-1.41918
-1.41906
-1.41715
-1.41523
-1.41338
-1.4113
-1.40927
-1.40792
-1.40574
-1.40353
-1.40133
-1.39912
-1.39691
-1.39465
-1.3923
-1.38998
-1.38757
-1.38509
-1.38259
-1.3801
-1.37767
-1.375
-1.37242
-1.36981
-1.36711
-1.36443
-1.3618
-1.35898
-1.35619
-1.35324
-1.35037
-1.34747
-1.34449
-1.34135
-1.33812
-1.3348
-1.33132
-1.32772
-1.32395
-1.32004
-1.31606
-1.31142
-1.30757
-1.30274
-1.29818
-1.29382
-1.28565
-1.28245
-1.27769
-1.27292
-1.26838
-1.26463
-1.26049
-1.25678
-1.25428
-1.25138
-1.24881
-1.24685
-1.24541
-1.24412
-1.24338
-1.24345
-1.24381
-1.24434
-1.24523
-1.24654
-1.24824
-1.25033
-1.25272
-1.25537
-1.25827
-1.26138
-1.26474
-1.2683
-1.27204
-1.27591
-1.2799
-1.28399
-1.28817
-1.29245
-1.29681
-1.30126
-1.30578
-1.31039
-1.31505
-1.31978
-1.32456
-1.32938
-1.33425
-1.33915
-1.34408
-1.34903
-1.354
-1.35898
-1.36397
-1.36896
-1.37394
-1.37891
-1.38387
-1.38879
-1.39369
-1.39855
-1.40338
-1.40815
-1.41288
-1.41754
-1.42214
-1.42667
-1.43113
-1.43552
-1.43982
-1.44405
-1.44819
-1.45225
-1.45623
-1.46014
-1.46397
-1.46772
-1.47142
-1.47505
-1.47863
-1.48218
-1.48569
-1.48917
-1.49264
-1.49611
-1.49959
-1.50308
-1.50661
-1.51017
-1.51378
-1.51747
-1.5212
-1.07974
-1.0828
-1.0856
-1.08846
-1.09162
-1.09567
-1.09936
-1.10254
-1.10525
-1.10845
-1.10746
-1.11237
-1.11552
-1.11834
-1.12165
-1.12463
-1.12784
-1.13106
-1.13418
-1.13736
-1.14053
-1.14431
-1.14955
-1.15286
-1.15615
-1.15946
-1.1628
-1.16614
-1.16946
-1.1728
-1.17619
-1.1795
-1.1827
-1.17992
-1.18455
-1.20029
-1.20376
-1.2056
-1.20901
-1.21245
-1.21409
-1.21859
-1.22565
-1.22909
-1.23253
-1.23599
-1.23952
-1.24269
-1.24613
-1.24959
-1.25322
-1.2568
-1.26038
-1.26514
-1.26856
-1.27196
-1.27535
-1.27884
-1.28224
-1.28567
-1.28919
-1.28837
-1.29105
-1.29445
-1.2945
-1.29767
-1.29929
-1.30406
-1.30827
-1.31128
-1.3141
-1.3171
-1.32011
-1.323
-1.32588
-1.33196
-1.33477
-1.33763
-1.34051
-1.34337
-1.34623
-1.34912
-1.352
-1.35386
-1.35653
-1.35932
-1.36203
-1.36474
-1.36747
-1.37023
-1.37294
-1.37503
-1.37793
-1.38047
-1.3829
-1.38538
-1.38787
-1.39035
-1.3918
-1.39426
-1.39657
-1.39836
-1.40054
-1.40274
-1.40487
-1.40696
-1.40944
-1.41141
-1.41286
-1.41483
-1.4168
-1.41809
-1.42002
-1.42163
-1.42305
-1.42459
-1.4263
-1.42788
-1.42864
-1.4302
-1.4314
-1.43233
-1.43339
-1.43491
-1.43608
-1.43623
-1.43724
-1.43803
-1.43866
-1.43925
-1.43981
-1.44027
-1.44071
-1.44116
-1.44158
-1.44181
-1.44198
-1.44421
-1.44431
-1.44428
-1.44433
-1.44438
-1.44444
-1.44293
-1.44295
-1.44284
-1.44056
-1.44055
-1.44051
-1.43874
-1.4384
-1.43811
-1.43654
-1.43595
-1.43636
-1.43296
-1.43512
-1.43261
-1.43193
-1.43139
-1.4305
-1.42958
-1.4293
-1.42825
-1.42704
-1.42599
-1.42506
-1.42418
-1.42193
-1.42085
-1.41969
-1.41709
-1.41602
-1.41499
-1.41357
-1.41216
-1.41097
-1.4094
-1.40771
-1.40606
-1.40443
-1.40282
-1.4012
-1.39952
-1.39749
-1.3963
-1.39452
-1.39263
-1.3907
-1.38875
-1.38676
-1.38465
-1.38253
-1.38077
-1.37853
-1.37624
-1.37399
-1.37132
-1.36887
-1.36698
-1.36436
-1.36167
-1.35898
-1.35606
-1.35272
-1.35024
-1.34643
-1.34296
-1.33945
-1.33535
-1.33134
-1.32706
-1.32242
-1.31797
-1.31273
-1.30855
-1.30394
-1.29944
-1.29512
-1.29103
-1.28722
-1.28375
-1.28051
-1.27812
-1.27569
-1.27371
-1.27232
-1.27158
-1.27146
-1.27142
-1.27176
-1.2733
-1.27472
-1.27541
-1.27754
-1.27992
-1.28204
-1.28486
-1.28954
-1.29272
-1.29603
-1.29966
-1.3035
-1.30754
-1.31176
-1.31612
-1.3206
-1.32518
-1.32985
-1.33461
-1.33944
-1.34434
-1.3493
-1.35432
-1.3594
-1.36453
-1.3697
-1.3749
-1.38013
-1.38538
-1.39064
-1.39591
-1.40118
-1.40645
-1.41169
-1.41692
-1.42211
-1.42725
-1.43234
-1.43737
-1.44233
-1.4472
-1.45198
-1.45667
-1.46127
-1.46576
-1.47015
-1.47442
-1.47858
-1.48261
-1.48653
-1.49033
-1.49402
-1.49759
-1.50106
-1.50444
-1.50773
-1.51095
-1.51412
-1.51724
-1.52034
-1.52342
-1.52651
-1.52962
-1.53275
-1.53593
-1.53917
-1.54247
-1.54583
-1.54928
-1.06838
-1.07063
-1.07294
-1.0754
-1.07797
-1.08057
-1.08317
-1.08572
-1.08829
-1.09095
-1.09238
-1.09578
-1.09891
-1.10178
-1.10468
-1.10765
-1.11067
-1.11359
-1.11636
-1.1117
-1.11775
-1.12205
-1.12539
-1.12862
-1.13188
-1.13517
-1.13847
-1.14177
-1.1451
-1.14828
-1.15101
-1.15357
-1.15639
-1.15976
-1.16328
-1.16712
-1.17115
-1.17471
-1.17797
-1.18124
-1.1847
-1.18799
-1.19127
-1.19504
-1.20081
-1.20414
-1.20717
-1.21089
-1.21371
-1.21717
-1.22588
-1.22921
-1.23248
-1.23577
-1.2391
-1.24243
-1.24577
-1.24913
-1.2525
-1.2559
-1.25929
-1.26269
-1.26619
-1.26984
-1.27375
-1.25797
-1.26463
-1.2688
-1.27221
-1.27569
-1.27917
-1.2826
-1.28601
-1.28943
-1.29289
-1.29201
-1.29595
-1.29946
-1.30264
-1.30579
-1.30892
-1.31203
-1.31371
-1.31729
-1.32063
-1.32346
-1.32657
-1.32959
-1.32983
-1.33279
-1.3362
-1.33908
-1.34181
-1.34615
-1.34404
-1.35049
-1.35323
-1.35585
-1.35846
-1.36103
-1.36358
-1.36613
-1.36855
-1.37109
-1.37489
-1.37655
-1.37899
-1.38145
-1.38172
-1.38412
-1.3866
-1.3874
-1.38955
-1.39169
-1.39125
-1.3947
-1.39685
-1.3988
-1.40068
-1.40278
-1.40463
-1.40506
-1.40698
-1.40862
-1.41012
-1.41149
-1.41284
-1.41427
-1.41557
-1.41508
-1.41606
-1.41716
-1.41795
-1.41879
-1.41971
-1.42055
-1.42118
-1.42177
-1.42245
-1.42284
-1.4231
-1.42541
-1.42565
-1.42489
-1.42507
-1.42554
-1.42555
-1.42555
-1.42692
-1.42661
-1.42576
-1.42553
-1.42564
-1.42547
-1.42515
-1.4255
-1.4253
-1.42456
-1.42398
-1.42348
-1.42301
-1.42257
-1.42211
-1.42124
-1.42066
-1.42205
-1.4215
-1.42052
-1.41974
-1.4192
-1.41857
-1.4167
-1.41586
-1.41538
-1.41354
-1.41283
-1.41213
-1.41061
-1.40962
-1.4103
-1.40933
-1.40823
-1.4071
-1.40597
-1.40488
-1.4033
-1.40097
-1.40438
-1.40299
-1.40158
-1.4002
-1.39885
-1.39743
-1.39221
-1.39334
-1.39181
-1.39002
-1.38892
-1.38571
-1.38412
-1.38327
-1.38107
-1.37887
-1.3766
-1.37429
-1.37053
-1.36783
-1.36523
-1.36189
-1.35865
-1.35577
-1.35227
-1.3486
-1.34532
-1.34148
-1.3375
-1.33368
-1.33008
-1.32665
-1.3233
-1.32049
-1.31724
-1.31491
-1.31319
-1.31035
-1.3088
-1.30846
-1.30681
-1.30826
-1.30804
-1.30987
-1.3106
-1.31176
-1.31328
-1.31516
-1.31598
-1.31835
-1.32228
-1.32503
-1.3279
-1.33142
-1.33275
-1.33721
-1.34146
-1.3452
-1.34922
-1.35346
-1.35786
-1.36241
-1.36709
-1.3719
-1.37681
-1.38181
-1.38689
-1.39205
-1.39728
-1.40256
-1.4079
-1.41329
-1.41871
-1.42417
-1.42964
-1.43513
-1.44061
-1.44608
-1.45153
-1.45694
-1.4623
-1.4676
-1.47282
-1.47796
-1.483
-1.48794
-1.49273
-1.49739
-1.50188
-1.50621
-1.51038
-1.51439
-1.51823
-1.52189
-1.52539
-1.52871
-1.53186
-1.53486
-1.53772
-1.54046
-1.5431
-1.54566
-1.54816
-1.55065
-1.55313
-1.55565
-1.55821
-1.56085
-1.56356
-1.56638
-1.56931
-1.57232
-1.57554
-1.09604
-1.09772
-1.09924
-1.10115
-1.10295
-1.10471
-1.10649
-1.10832
-1.11009
-1.11129
-1.09992
-1.10712
-1.11334
-1.11555
-1.11739
-1.11933
-1.12122
-1.12291
-1.12444
-1.12515
-1.12869
-1.13113
-1.13331
-1.13521
-1.13811
-1.13966
-1.14255
-1.15213
-1.1531
-1.15411
-1.155
-1.14804
-1.14972
-1.15318
-1.15574
-1.15796
-1.16021
-1.16227
-1.16457
-1.16494
-1.16858
-1.17373
-1.17598
-1.17816
-1.1803
-1.18242
-1.18451
-1.18635
-1.18802
-1.18967
-1.19261
-1.2003
-1.20241
-1.20433
-1.20622
-1.20811
-1.20998
-1.21179
-1.21359
-1.21535
-1.21707
-1.21877
-1.22045
-1.22207
-1.22352
-1.22482
-1.22568
-1.22942
-1.24312
-1.24498
-1.24663
-1.24827
-1.24995
-1.25166
-1.25339
-1.25503
-1.25751
-1.26254
-1.26439
-1.26631
-1.26829
-1.27033
-1.27237
-1.27453
-1.27671
-1.27893
-1.2812
-1.28353
-1.28603
-1.27549
-1.2858
-1.29466
-1.28958
-1.29247
-1.29463
-1.29845
-1.3067
-1.30909
-1.31152
-1.31399
-1.31647
-1.31897
-1.3215
-1.32297
-1.32544
-1.32794
-1.33039
-1.33285
-1.33546
-1.33788
-1.3394
-1.34182
-1.34373
-1.34559
-1.35084
-1.35287
-1.35519
-1.35976
-1.36166
-1.3633
-1.36529
-1.36752
-1.36962
-1.36967
-1.37157
-1.37335
-1.37479
-1.37633
-1.37792
-1.37949
-1.38094
-1.38247
-1.384
-1.38527
-1.38599
-1.39265
-1.39352
-1.39453
-1.39572
-1.3969
-1.39814
-1.39945
-1.39655
-1.39764
-1.40191
-1.4029
-1.40374
-1.40472
-1.40586
-1.4069
-1.40602
-1.40753
-1.40842
-1.40921
-1.40988
-1.4108
-1.41192
-1.40537
-1.40854
-1.40984
-1.41047
-1.41105
-1.41164
-1.41219
-1.41273
-1.41333
-1.41405
-1.4111
-1.41168
-1.41186
-1.41085
-1.41131
-1.41282
-1.41316
-1.41301
-1.41305
-1.41333
-1.41323
-1.41234
-1.4124
-1.41245
-1.41223
-1.41166
-1.41153
-1.41147
-1.41104
-1.41035
-1.41117
-1.41066
-1.40817
-1.40772
-1.40763
-1.40676
-1.40595
-1.40606
-1.40503
-1.40275
-1.40166
-1.40123
-1.39983
-1.39829
-1.39774
-1.39612
-1.39434
-1.39249
-1.39077
-1.38878
-1.38557
-1.38346
-1.38132
-1.37902
-1.37672
-1.37474
-1.37255
-1.36972
-1.36753
-1.36543
-1.36323
-1.36138
-1.35975
-1.35829
-1.35665
-1.35562
-1.35496
-1.3546
-1.35396
-1.3553
-1.35373
-1.35459
-1.35604
-1.35695
-1.35797
-1.35923
-1.36068
-1.3624
-1.36187
-1.36447
-1.36751
-1.36839
-1.3708
-1.37358
-1.37455
-1.37788
-1.38094
-1.38409
-1.38772
-1.3913
-1.39542
-1.39934
-1.40348
-1.40781
-1.4123
-1.41695
-1.42175
-1.4267
-1.43176
-1.43693
-1.44219
-1.44753
-1.45294
-1.4584
-1.46392
-1.46947
-1.47504
-1.48061
-1.48616
-1.49168
-1.49715
-1.50255
-1.50787
-1.51308
-1.51818
-1.52314
-1.52795
-1.5326
-1.53706
-1.54136
-1.54543
-1.54929
-1.5529
-1.55624
-1.55933
-1.56217
-1.56476
-1.56713
-1.56928
-1.57126
-1.5731
-1.57484
-1.57655
-1.57826
-1.58002
-1.58188
-1.58386
-1.58601
-1.58834
-1.59087
-1.5936
-1.59649
-1.59979
-1.14813
-1.14928
-1.1503
-1.15164
-1.15293
-1.15414
-1.15536
-1.15661
-1.1578
-1.15864
-1.15921
-1.16002
-1.16144
-1.16282
-1.16462
-1.16674
-1.16865
-1.16985
-1.17137
-1.17305
-1.16643
-1.17136
-1.17349
-1.17503
-1.17637
-1.1778
-1.17942
-1.18077
-1.18179
-1.18207
-1.16457
-1.17457
-1.17678
-1.1781
-1.17911
-1.18016
-1.18122
-1.18221
-1.18291
-1.18331
-1.18375
-1.18458
-1.18567
-1.18689
-1.18786
-1.18799
-1.1898
-1.17999
-1.1854
-1.18613
-1.1865
-1.18673
-1.1868
-1.18674
-1.18627
-1.1857
-1.18524
-1.19021
-1.19061
-1.19059
-1.19036
-1.19024
-1.18965
-1.18867
-1.18764
-1.1866
-1.20078
-1.20144
-1.20149
-1.20138
-1.20142
-1.20202
-1.20198
-1.20266
-1.20287
-1.20339
-1.20385
-1.198
-1.20176
-1.20281
-1.2037
-1.20461
-1.20562
-1.20672
-1.20789
-1.20917
-1.21053
-1.21188
-1.21334
-1.21428
-1.21591
-1.22783
-1.23003
-1.22969
-1.23711
-1.22935
-1.23565
-1.23833
-1.24081
-1.24327
-1.24579
-1.24842
-1.25102
-1.25354
-1.25762
-1.26039
-1.26317
-1.26603
-1.26893
-1.27181
-1.27458
-1.27971
-1.28277
-1.28576
-1.28888
-1.29214
-1.2954
-1.29863
-1.30196
-1.30528
-1.30294
-1.30645
-1.30993
-1.30769
-1.31088
-1.31713
-1.31758
-1.32055
-1.32411
-1.32675
-1.32926
-1.33174
-1.33414
-1.33657
-1.33898
-1.34048
-1.34274
-1.34891
-1.35095
-1.35281
-1.35446
-1.35634
-1.35823
-1.35941
-1.35999
-1.37006
-1.37151
-1.37292
-1.37435
-1.3758
-1.37731
-1.37845
-1.37889
-1.38125
-1.38249
-1.38116
-1.38365
-1.38484
-1.38673
-1.39313
-1.39412
-1.39518
-1.39629
-1.39743
-1.3986
-1.3998
-1.40107
-1.4025
-1.39643
-1.39911
-1.40105
-1.4021
-1.40301
-1.40404
-1.40516
-1.40603
-1.40585
-1.40736
-1.40813
-1.40866
-1.41047
-1.41063
-1.4112
-1.41239
-1.41267
-1.41274
-1.41383
-1.41402
-1.41198
-1.41478
-1.4151
-1.41494
-1.41485
-1.41501
-1.41491
-1.41198
-1.41195
-1.41198
-1.41153
-1.41085
-1.41094
-1.41015
-1.40868
-1.40851
-1.40775
-1.40669
-1.40573
-1.40526
-1.40455
-1.40307
-1.40281
-1.40198
-1.40057
-1.40018
-1.39998
-1.39969
-1.39947
-1.39978
-1.39965
-1.39961
-1.39985
-1.40025
-1.40083
-1.40165
-1.40117
-1.40197
-1.40255
-1.40297
-1.40387
-1.40467
-1.40545
-1.40621
-1.40712
-1.40809
-1.40762
-1.40861
-1.41039
-1.41135
-1.41234
-1.41433
-1.41545
-1.41671
-1.41904
-1.42054
-1.42204
-1.42477
-1.42599
-1.42844
-1.4336
-1.43664
-1.43998
-1.44363
-1.44756
-1.45173
-1.45612
-1.46077
-1.46558
-1.47054
-1.47563
-1.48084
-1.48616
-1.49156
-1.49702
-1.50254
-1.50808
-1.51362
-1.51915
-1.52463
-1.53005
-1.53539
-1.54064
-1.54577
-1.55075
-1.55553
-1.56013
-1.56455
-1.56877
-1.57278
-1.57655
-1.58005
-1.58328
-1.58621
-1.58885
-1.5912
-1.59326
-1.59505
-1.59666
-1.5981
-1.59942
-1.60066
-1.6019
-1.60322
-1.60464
-1.60627
-1.60815
-1.61033
-1.61279
-1.6156
-1.61864
-1.62248
-1.21279
-1.2134
-1.21426
-1.21498
-1.21555
-1.21598
-1.21637
-1.21684
-1.21709
-1.21598
-1.2171
-1.22125
-1.22146
-1.22168
-1.2219
-1.22218
-1.22237
-1.22257
-1.22271
-1.22275
-1.21159
-1.21788
-1.22344
-1.22371
-1.22306
-1.22309
-1.22273
-1.21973
-1.21947
-1.21947
-1.2191
-1.21851
-1.21817
-1.21853
-1.21817
-1.21736
-1.21672
-1.21585
-1.21472
-1.21172
-1.21097
-1.21041
-1.20977
-1.20883
-1.20747
-1.20614
-1.20451
-1.20265
-1.2011
-1.19967
-1.19844
-1.1971
-1.19536
-1.19355
-1.19169
-1.18981
-1.18787
-1.18562
-1.18346
-1.18091
-1.17837
-1.17649
-1.17496
-1.17387
-1.17202
-1.1702
-1.1696
-1.15651
-1.16287
-1.1615
-1.15992
-1.15829
-1.15676
-1.1554
-1.15414
-1.15279
-1.1513
-1.14957
-1.14866
-1.15132
-1.1511
-1.15063
-1.15048
-1.15037
-1.15029
-1.15022
-1.15043
-1.15136
-1.15203
-1.15331
-1.15466
-1.15592
-1.15684
-1.15827
-1.15953
-1.16069
-1.16246
-1.16983
-1.17226
-1.17455
-1.17681
-1.17985
-1.18257
-1.18565
-1.18851
-1.19162
-1.19485
-1.19809
-1.20148
-1.20428
-1.20826
-1.21187
-1.21548
-1.21914
-1.2227
-1.2262
-1.22978
-1.23369
-1.23781
-1.24222
-1.24655
-1.2504
-1.25405
-1.25788
-1.26183
-1.26561
-1.26757
-1.27159
-1.27643
-1.28039
-1.28394
-1.28777
-1.29183
-1.296
-1.29435
-1.29821
-1.3032
-1.3069
-1.31047
-1.314
-1.31749
-1.32095
-1.32466
-1.32808
-1.32848
-1.33297
-1.33639
-1.33573
-1.33975
-1.34283
-1.34472
-1.34767
-1.35047
-1.35307
-1.3554
-1.35799
-1.36061
-1.36321
-1.36386
-1.36876
-1.37114
-1.37334
-1.37545
-1.37747
-1.37939
-1.38122
-1.38296
-1.38465
-1.38619
-1.38776
-1.39398
-1.39543
-1.39677
-1.3981
-1.39943
-1.40073
-1.40198
-1.4033
-1.40448
-1.4057
-1.40845
-1.40985
-1.41092
-1.41185
-1.41281
-1.41382
-1.41492
-1.41597
-1.41105
-1.4163
-1.41739
-1.41821
-1.41906
-1.41992
-1.42092
-1.4221
-1.42233
-1.42353
-1.42754
-1.42333
-1.42681
-1.42534
-1.42671
-1.42917
-1.42984
-1.43064
-1.43167
-1.43304
-1.43184
-1.43298
-1.43419
-1.43436
-1.43538
-1.4365
-1.4367
-1.43805
-1.43856
-1.43912
-1.43984
-1.44062
-1.44131
-1.44219
-1.44309
-1.44348
-1.44505
-1.44391
-1.44464
-1.44532
-1.44193
-1.44622
-1.44644
-1.44646
-1.44683
-1.44709
-1.44746
-1.44768
-1.44796
-1.44848
-1.4488
-1.44879
-1.44927
-1.44993
-1.4502
-1.45084
-1.45157
-1.4524
-1.45342
-1.45396
-1.45543
-1.45937
-1.4619
-1.46451
-1.46735
-1.47075
-1.47429
-1.47744
-1.48286
-1.48726
-1.4919
-1.49677
-1.50177
-1.50689
-1.51212
-1.51741
-1.52276
-1.52826
-1.53366
-1.53902
-1.54435
-1.54964
-1.55488
-1.56009
-1.56514
-1.57017
-1.57515
-1.57987
-1.58437
-1.58864
-1.59263
-1.59633
-1.5997
-1.60273
-1.60542
-1.60779
-1.6092
-1.6115
-1.61341
-1.61499
-1.61656
-1.61815
-1.61974
-1.62136
-1.62325
-1.62535
-1.62761
-1.63017
-1.63302
-1.63618
-1.63947
-1.64373
-1.22525
-1.22636
-1.22734
-1.22815
-1.22883
-1.22941
-1.22992
-1.23039
-1.23077
-1.23025
-1.2307
-1.2311
-1.23119
-1.2312
-1.23114
-1.23123
-1.23116
-1.23073
-1.22998
-1.22958
-1.23083
-1.2308
-1.2306
-1.23013
-1.22937
-1.22868
-1.22789
-1.22701
-1.22607
-1.22505
-1.2239
-1.22259
-1.22112
-1.21969
-1.21973
-1.21855
-1.21576
-1.21464
-1.21295
-1.2107
-1.20681
-1.2097
-1.20697
-1.20548
-1.20033
-1.19852
-1.1963
-1.19347
-1.19071
-1.18765
-1.18344
-1.18108
-1.17828
-1.17541
-1.17245
-1.16878
-1.16597
-1.16082
-1.15905
-1.15602
-1.15282
-1.14971
-1.14601
-1.14162
-1.13778
-1.13457
-1.13165
-1.12918
-1.12703
-1.12453
-1.12162
-1.11886
-1.11628
-1.11366
-1.11084
-1.10821
-1.10775
-1.10604
-1.10362
-1.1019
-1.1
-1.09812
-1.09748
-1.09971
-1.09989
-1.09963
-1.09941
-1.09944
-1.09978
-1.1003
-1.10106
-1.10184
-1.10226
-1.10282
-1.10416
-1.10618
-1.10895
-1.1118
-1.11439
-1.11697
-1.11993
-1.12318
-1.12662
-1.12999
-1.13343
-1.1365
-1.13831
-1.14269
-1.14763
-1.15199
-1.1553
-1.1598
-1.16278
-1.16777
-1.17233
-1.1772
-1.18164
-1.1854
-1.18922
-1.19378
-1.1988
-1.20435
-1.20972
-1.2145
-1.21937
-1.22406
-1.2287
-1.23314
-1.23768
-1.24205
-1.24411
-1.24916
-1.25449
-1.25991
-1.26441
-1.26855
-1.27274
-1.27688
-1.28098
-1.28505
-1.28896
-1.29266
-1.29405
-1.29808
-1.30215
-1.30508
-1.30862
-1.31563
-1.31784
-1.32183
-1.32514
-1.32819
-1.33102
-1.33373
-1.33634
-1.33898
-1.34134
-1.3416
-1.34374
-1.34858
-1.35061
-1.35246
-1.35429
-1.35615
-1.35803
-1.3599
-1.36179
-1.36364
-1.36522
-1.36784
-1.37078
-1.37318
-1.37537
-1.37754
-1.37981
-1.3823
-1.38491
-1.38762
-1.39059
-1.39369
-1.3962
-1.40161
-1.40528
-1.40693
-1.41096
-1.41465
-1.41742
-1.42111
-1.42359
-1.42581
-1.42821
-1.43066
-1.43278
-1.43493
-1.43704
-1.43827
-1.4413
-1.44177
-1.44236
-1.44412
-1.4453
-1.4472
-1.44831
-1.45001
-1.45135
-1.45212
-1.45355
-1.45468
-1.45571
-1.45742
-1.4581
-1.45919
-1.46023
-1.46073
-1.46207
-1.46299
-1.4639
-1.46513
-1.46657
-1.46304
-1.46828
-1.4693
-1.46996
-1.47031
-1.47045
-1.47069
-1.47082
-1.46948
-1.46967
-1.47037
-1.4705
-1.47051
-1.4703
-1.47027
-1.46997
-1.4697
-1.46952
-1.46945
-1.46942
-1.4693
-1.46891
-1.46822
-1.46743
-1.46708
-1.46695
-1.46684
-1.46699
-1.46749
-1.46819
-1.46905
-1.47025
-1.47198
-1.47427
-1.47695
-1.47985
-1.48269
-1.48522
-1.4892
-1.49455
-1.4993
-1.50374
-1.50827
-1.51305
-1.51815
-1.52326
-1.52881
-1.53437
-1.53992
-1.54549
-1.55098
-1.55615
-1.56095
-1.56632
-1.57203
-1.57769
-1.58249
-1.58783
-1.59138
-1.5972
-1.60179
-1.6062
-1.61074
-1.61531
-1.6198
-1.62418
-1.62829
-1.63218
-1.63644
-1.63973
-1.64251
-1.64495
-1.64716
-1.64924
-1.6511
-1.65296
-1.65517
-1.65707
-1.65909
-1.66122
-1.66429
-1.22326
-1.22343
-1.22366
-1.22387
-1.22406
-1.22423
-1.22436
-1.22447
-1.22454
-1.22458
-1.22458
-1.22456
-1.22451
-1.22437
-1.22396
-1.22375
-1.22355
-1.22323
-1.2228
-1.22292
-1.22267
-1.22209
-1.22138
-1.2206
-1.21975
-1.21882
-1.21782
-1.21673
-1.21559
-1.21431
-1.21137
-1.21059
-1.2065
-1.20884
-1.2069
-1.20475
-1.20287
-1.20084
-1.19884
-1.19701
-1.19497
-1.19265
-1.19017
-1.18773
-1.18512
-1.18226
-1.17923
-1.17631
-1.17336
-1.17044
-1.16764
-1.1647
-1.1614
-1.15836
-1.15497
-1.15116
-1.14684
-1.14335
-1.14194
-1.1394
-1.13444
-1.13239
-1.12862
-1.12253
-1.12442
-1.12137
-1.11824
-1.11523
-1.11207
-1.10934
-1.10662
-1.10381
-1.10017
-1.09842
-1.09671
-1.09503
-1.09311
-1.09166
-1.09056
-1.08912
-1.08732
-1.08296
-1.08579
-1.08607
-1.08618
-1.08624
-1.08645
-1.0874
-1.08784
-1.0885
-1.08955
-1.09096
-1.09252
-1.09406
-1.0958
-1.09772
-1.09988
-1.10225
-1.10495
-1.10764
-1.10992
-1.11202
-1.11509
-1.11907
-1.12308
-1.12639
-1.12986
-1.1335
-1.13831
-1.14335
-1.14803
-1.15237
-1.15785
-1.16189
-1.16609
-1.17094
-1.17597
-1.18062
-1.18533
-1.19009
-1.19484
-1.19961
-1.20427
-1.20845
-1.21299
-1.21851
-1.22374
-1.22867
-1.23334
-1.23804
-1.24258
-1.24695
-1.2515
-1.25566
-1.25873
-1.26294
-1.26743
-1.27153
-1.27617
-1.27991
-1.28361
-1.28691
-1.29001
-1.29309
-1.29616
-1.29932
-1.30251
-1.30582
-1.30923
-1.31263
-1.31532
-1.31765
-1.32249
-1.31864
-1.32574
-1.3276
-1.33119
-1.33315
-1.33498
-1.33728
-1.33985
-1.34265
-1.34566
-1.34871
-1.35179
-1.35531
-1.3582
-1.36143
-1.3655
-1.36928
-1.37053
-1.37283
-1.37667
-1.37928
-1.38236
-1.38574
-1.38928
-1.39305
-1.39701
-1.40109
-1.40547
-1.40918
-1.41327
-1.41852
-1.42172
-1.42678
-1.43039
-1.43501
-1.43881
-1.44251
-1.44637
-1.45012
-1.45342
-1.457
-1.46012
-1.46334
-1.46519
-1.46849
-1.47078
-1.47274
-1.47523
-1.47759
-1.4789
-1.48079
-1.48226
-1.48282
-1.48442
-1.48567
-1.48666
-1.488
-1.48867
-1.48927
-1.48982
-1.49031
-1.49078
-1.49122
-1.4917
-1.49217
-1.49202
-1.49153
-1.49138
-1.49122
-1.49173
-1.49189
-1.49193
-1.49201
-1.49215
-1.4922
-1.49188
-1.49108
-1.49064
-1.49081
-1.49057
-1.49025
-1.48992
-1.48972
-1.4893
-1.48848
-1.48796
-1.48786
-1.48754
-1.48667
-1.48665
-1.48612
-1.48609
-1.48589
-1.48583
-1.48607
-1.48662
-1.48753
-1.48862
-1.48949
-1.48992
-1.4914
-1.49332
-1.49529
-1.49744
-1.5
-1.50402
-1.50822
-1.5124
-1.5167
-1.52126
-1.52592
-1.5304
-1.53498
-1.53972
-1.54464
-1.5494
-1.55409
-1.5591
-1.5646
-1.57064
-1.57735
-1.58329
-1.58915
-1.59454
-1.59954
-1.60495
-1.61049
-1.61655
-1.62289
-1.62934
-1.63575
-1.64197
-1.64779
-1.65313
-1.65789
-1.662
-1.66579
-1.66901
-1.67175
-1.67408
-1.67598
-1.67748
-1.67859
-1.67947
-1.68015
-1.68068
-1.68106
)
;

boundaryField
{
    Inlet
    {
        type            calculated;
        value           nonuniform List<scalar> 
50
(
1.01673
0.632765
0.247543
-0.0841193
-0.373526
-0.634402
-0.872621
-1.0908
-1.29103
-1.47529
-1.64537
-1.80279
-1.94886
-2.08468
-2.21121
-2.32927
-2.43957
-2.54275
-2.63934
-2.72981
-2.8146
-2.89406
-2.96853
-3.0383
-3.10363
-3.16475
-3.22188
-3.27519
-3.32486
-3.37103
-3.41385
-3.45343
-3.48987
-3.52328
-3.55373
-3.58128
-3.60601
-3.62794
-3.6471
-3.66351
-3.67718
-3.68812
-3.6963
-3.70157
-3.70336
-3.70116
-3.698
-3.70805
-3.73976
-4.23453
)
;
    }
    BotOutlet1
    {
        type            calculated;
        value           nonuniform 0();
    }
    BotOutlet2
    {
        type            calculated;
        value           nonuniform 0();
    }
    TopInlet
    {
        type            calculated;
        value           nonuniform List<scalar> 
350
(
5.33597
-1.10701
-1.19356
-1.19446
-1.19458
-1.19467
-1.19474
-1.19486
-1.19497
-1.19492
-1.19539
-1.19424
-1.19499
-1.19551
-1.1961
-1.19672
-1.19729
-1.19766
-1.19721
-1.19815
-1.1991
-1.19978
-1.20055
-1.20111
-1.20213
-1.2029
-1.20375
-1.20436
-1.20368
-1.20466
-1.2082
-1.21009
-1.21072
-1.21194
-1.21305
-1.21295
-1.21163
-1.21815
-1.21935
-1.22414
-1.22298
-1.22427
-1.22639
-1.22736
-1.22817
-1.2292
-1.22973
-1.22919
-1.22977
-1.23337
-1.23443
-1.23461
-1.23484
-1.23505
-1.23524
-1.2354
-1.23554
-1.23564
-1.23572
-1.23576
-1.23576
-1.23574
-1.23542
-1.23359
-1.23194
-1.23173
-1.23153
-1.23121
-1.23078
-1.23113
-1.23337
-1.23325
-1.23256
-1.23178
-1.23092
-1.23
-1.22899
-1.22791
-1.22672
-1.2252
-1.22203
-1.22135
-1.21763
-1.21936
-1.2162
-1.21395
-1.21207
-1.21004
-1.20804
-1.20738
-1.20608
-1.20381
-1.20134
-1.19889
-1.19615
-1.19277
-1.18931
-1.1864
-1.18344
-1.18052
-1.17833
-1.17581
-1.17255
-1.1695
-1.16576
-1.16067
-1.1555
-1.15202
-1.15088
-1.14998
-1.14535
-1.14309
-1.13867
-1.13214
-1.13489
-1.13201
-1.12905
-1.1262
-1.12309
-1.12036
-1.11745
-1.11405
-1.11023
-1.10853
-1.1074
-1.10606
-1.10426
-1.1028
-1.1016
-1.09998
-1.09682
-1.0919
-1.09529
-1.09656
-1.09711
-1.09739
-1.0976
-1.09842
-1.09834
-1.09895
-1.1
-1.10142
-1.1033
-1.10498
-1.10678
-1.10878
-1.11104
-1.11343
-1.11612
-1.11876
-1.12003
-1.12035
-1.12343
-1.12773
-1.13143
-1.13474
-1.13822
-1.14186
-1.14697
-1.15379
-1.15918
-1.16353
-1.16874
-1.17154
-1.17568
-1.18053
-1.18645
-1.19166
-1.19641
-1.2012
-1.20595
-1.21068
-1.21405
-1.21714
-1.22168
-1.22733
-1.23403
-1.23974
-1.24446
-1.24914
-1.25371
-1.25806
-1.2623
-1.26434
-1.26719
-1.27141
-1.2771
-1.28253
-1.28699
-1.29062
-1.29433
-1.29792
-1.30114
-1.30421
-1.30729
-1.31049
-1.31369
-1.317
-1.3204
-1.32322
-1.32354
-1.32587
-1.33132
-1.32922
-1.33505
-1.33677
-1.3407
-1.3439
-1.34614
-1.34846
-1.35103
-1.35383
-1.35678
-1.35957
-1.36264
-1.36625
-1.36934
-1.37258
-1.37646
-1.37778
-1.37815
-1.38046
-1.3853
-1.38965
-1.39309
-1.39663
-1.40033
-1.40421
-1.40819
-1.41227
-1.41648
-1.41944
-1.42354
-1.42928
-1.43284
-1.43763
-1.44103
-1.44595
-1.44995
-1.45369
-1.45754
-1.46107
-1.46428
-1.46804
-1.47116
-1.47412
-1.47563
-1.47925
-1.48185
-1.48391
-1.48634
-1.48785
-1.48888
-1.49083
-1.49307
-1.49398
-1.49547
-1.49636
-1.49733
-1.49888
-1.49981
-1.50044
-1.50099
-1.50148
-1.50195
-1.5024
-1.50285
-1.50294
-1.50059
-1.49966
-1.49952
-1.49935
-1.50088
-1.50267
-1.50308
-1.50316
-1.50326
-1.50307
-1.50149
-1.5005
-1.50005
-1.50073
-1.50148
-1.50141
-1.50109
-1.50085
-1.49978
-1.49811
-1.4976
-1.49763
-1.49819
-1.49763
-1.49731
-1.4966
-1.49679
-1.49684
-1.49692
-1.49723
-1.4978
-1.4987
-1.49966
-1.4992
-1.49811
-1.49959
-1.50154
-1.50348
-1.50563
-1.50819
-1.51323
-1.51905
-1.52357
-1.52788
-1.53243
-1.53693
-1.54074
-1.54527
-1.55001
-1.55532
-1.56052
-1.56527
-1.57027
-1.57578
-1.58175
-1.58741
-1.59189
-1.59774
-1.60314
-1.60823
-1.61524
-1.62159
-1.62773
-1.63407
-1.64051
-1.64692
-1.65314
-1.65896
-1.66429
-1.66897
-1.673
-1.67685
-1.68016
-1.68293
-1.68526
-1.68716
-1.68866
-1.68977
-1.69065
-1.69133
-1.69186
-1.69224
)
;
    }
    FreeStream
    {
        type            calculated;
        value           nonuniform List<scalar> 
20
(
-0.993618
-1.05157
-1.10925
-1.16573
-1.21928
-1.26906
-1.31453
-1.35607
-1.39407
-1.42915
-1.4621
-1.49313
-1.52291
-1.55084
-1.57695
-1.60116
-1.62397
-1.64525
-1.66532
-1.6812
)
;
    }
    FrontNBack
    {
        type            empty;
    }
    LeftSide
    {
        type            calculated;
        value           nonuniform List<scalar> 
20
(
-1.65027
-3.4415
-5.37298
-12.7934
-7.70574
-0.522951
-1.9668
1.28678
1.99376
3.31019
3.49871
3.86096
3.72482
3.35434
2.47094
1.5773
0.306414
-0.399538
-2.0595
1.69191
)
;
    }
    procBoundary3to2
    {
        type            processor;
        value           nonuniform List<scalar> 
400
(
-2.66029
-2.7189
-2.78686
-2.8566
-2.92735
-2.9774
-2.94601
-2.8548
-3.2911
-5.81099
-10.0258
-2.72497
-0.514146
-0.44779
-0.442759
-0.44384
-0.443963
-0.44374
-0.44369
-0.443842
-0.444153
-0.444579
-0.445115
-0.445778
-0.446541
-0.437021
-0.449686
-0.450415
-0.451249
-0.452112
-0.453063
-0.454045
-0.453187
-0.454209
-0.455431
-0.456455
-0.457504
-0.458569
-0.459651
-0.460434
-0.461347
-0.462847
-0.463961
-0.465089
-0.466223
-0.467364
-0.468512
-0.469667
-0.470833
-0.472016
-0.473196
-0.474209
-0.476529
-0.477727
-0.478954
-0.480222
-0.481516
-0.482647
-0.484048
-0.485236
-0.486742
-0.488141
-0.489316
-0.491418
-0.492874
-0.494386
-0.495914
-0.496135
-0.498285
-0.499823
-0.501391
-0.502993
-0.504613
-0.506104
-0.508061
-0.509722
-0.511407
-0.513111
-0.514838
-0.516142
-0.518158
-0.519913
-0.521683
-0.523473
-0.525288
-0.5271
-0.528418
-0.531496
-0.533335
-0.5352
-0.537078
-0.538969
-0.540872
-0.542788
-0.544719
-0.546517
-0.548464
-0.550259
-0.552268
-0.554242
-0.554353
-0.557546
-0.558652
-0.559775
-0.560943
-0.562128
-0.563324
-0.56453
-0.565747
-0.566974
-0.568211
-0.569459
-0.570716
-0.571984
-0.573262
-0.574551
-0.575843
-0.57714
-0.578481
-0.579943
-0.581345
-0.581223
-0.583022
-0.584313
-0.585589
-0.586902
-0.588306
-0.589711
-0.591106
-0.592527
-0.594743
-0.596075
-0.5974
-0.598765
-0.600144
-0.601527
-0.602913
-0.6043
-0.605689
-0.607079
-0.608469
-0.60986
-0.611247
-0.61263
-0.614027
-0.615434
-0.613891
-0.619943
-0.621301
-0.622693
-0.62411
-0.625533
-0.626968
-0.628464
-0.629955
-0.629161
-0.635908
-0.637347
-0.638831
-0.640338
-0.641854
-0.64338
-0.644916
-0.64646
-0.648014
-0.649573
-0.651139
-0.652732
-0.654326
-0.652697
-0.659326
-0.660873
-0.662464
-0.664083
-0.665715
-0.667357
-0.66901
-0.670672
-0.672345
-0.674028
-0.67572
-0.677421
-0.679132
-0.680853
-0.682583
-0.684322
-0.686071
-0.68783
-0.689599
-0.691377
-0.693166
-0.694966
-0.696775
-0.698592
-0.700433
-0.702303
-0.702556
-0.706213
-0.708036
-0.709885
-0.711756
-0.713631
-0.715511
-0.717395
-0.719292
-0.721198
-0.722989
-0.724907
-0.726816
-0.728719
-0.730638
-0.732621
-0.73452
-0.7365
-0.738459
-0.740407
-0.742365
-0.744333
-0.74631
-0.748297
-0.750293
-0.7523
-0.754317
-0.756229
-0.758425
-0.760463
-0.762513
-0.764575
-0.766649
-0.768733
-0.770829
-0.772936
-0.775054
-0.777183
-0.779323
-0.781474
-0.783637
-0.785812
-0.787998
-0.790197
-0.792408
-0.794632
-0.796868
-0.799118
-0.80138
-0.803656
-0.805946
-0.808249
-0.810567
-0.812899
-0.815246
-0.817608
-0.819986
-0.822379
-0.824787
-0.827212
-0.829652
-0.832109
-0.834582
-0.837071
-0.839577
-0.842099
-0.844638
-0.847193
-0.849764
-0.852352
-0.854956
-0.857575
-0.86021
-0.862861
-0.865526
-0.868206
-0.870901
-0.873609
-0.87633
-0.879063
-0.881808
-0.884565
-0.887331
-0.890107
-0.892892
-0.895683
-0.898482
-0.901285
-0.904092
-0.906902
-0.909712
-0.912523
-0.915332
-0.918137
-0.920937
-0.923731
-0.926515
-0.92929
-0.932052
-0.934799
-0.937531
-0.940244
-0.942937
-0.945608
-0.948255
-0.950876
-0.953468
-0.956029
-0.958558
-0.961051
-0.963508
-0.965925
-0.968301
-0.970633
-0.972919
-0.975158
-0.977347
-0.979485
-0.98157
-0.983599
-0.985571
-0.987484
-0.989337
-0.991126
-0.992852
-0.994512
-0.996106
-0.997631
-0.999086
-1.00047
-1.00178
-1.00302
-1.00419
-1.00528
-1.0063
-1.00724
-1.0081
-1.00889
-1.0096
-1.01024
-1.01079
-1.01127
-1.01167
-1.012
-1.01225
-1.01242
-1.01252
-1.01254
-1.01248
-1.01236
-1.01216
-1.01189
-1.01155
-1.01114
-1.01066
-1.01011
-1.0095
-1.00883
-1.00809
-1.00729
-1.00643
-1.00551
-1.00453
-1.0035
-1.00241
-1.00127
-1.00008
-0.998846
-0.997558
-0.996225
-0.994851
-0.993439
-0.991993
-0.990515
-0.989009
-0.987473
-0.985906
-0.98431
-0.982685
-0.981036
-0.979364
-0.977672
-0.975964
-0.974239
-0.972496
-0.970737
-0.968965
-0.967184
-0.965398
-0.963612
-0.961826
-0.960044
-0.958267
-0.9565
-0.954753
-0.953037
-0.951341
-0.94963
-0.947911
-0.946336
-0.945076
-0.943799
-0.941484
-0.93776
)
;
    }
}


// ************************************************************************* //
