/*--------------------------------*- C++ -*----------------------------------*\
| =========                 |                                                 |
| \\      /  F ield         | OpenFOAM: The Open Source CFD Toolbox           |
|  \\    /   O peration     | Version:  2.4.0                                 |
|   \\  /    A nd           | Web:      www.OpenFOAM.org                      |
|    \\/     M anipulation  |                                                 |
\*---------------------------------------------------------------------------*/
FoamFile
{
    version     2.0;
    format      ascii;
    class       volScalarField;
    location    "1.6";
    object      p;
}
// * * * * * * * * * * * * * * * * * * * * * * * * * * * * * * * * * * * * * //

dimensions      [1 -1 -2 0 0 0 0];

internalField   nonuniform List<scalar> 
8000
(
-4.46264
-4.39978
-4.3394
-4.28709
-4.24085
-4.1988
-4.16147
-4.12772
-4.09485
-4.05101
-4.00135
-3.96675
-3.80037
-3.82261
-3.77618
-3.69889
-3.66181
-3.28882
-2.02513
-3.83843
-8.63357
-7.08383
-7.75667
-9.78477
-9.28547
-4.49384
-1.98599
-1.66228
-1.62126
-1.63319
-1.6875
-1.74349
-1.76226
-1.73613
-1.71009
-1.70736
-1.71707
-1.72516
-1.7288
-1.73054
-1.7316
-1.73201
-1.73209
-1.73227
-1.73255
-1.73288
-1.73313
-1.73336
-1.7336
-1.73383
-0.569954
-0.533755
-0.491005
-0.451144
-0.415601
-0.383548
-0.355002
-0.329678
-0.308067
-0.289351
-0.27423
-0.262161
-0.253316
-0.241909
-0.230445
-0.200236
-0.125049
-0.00236756
0.114489
0.25405
0.330913
0.424756
0.535367
0.605537
0.486759
0.0195902
0.350917
-6.93019
-5.98003
-7.55731
-8.64906
-3.10362
-0.996
-0.405078
-0.677712
-1.32438
-1.85838
-1.83942
-1.77208
-1.75224
-1.75693
-1.76023
-1.76078
-1.76126
-1.76283
-1.76383
-1.76402
-1.76369
-1.76465
-1.76549
0.131044
0.136144
0.141065
0.147187
0.15549
0.165843
0.178418
0.192888
0.209567
0.228088
0.248881
0.271474
0.2964
0.322963
0.351958
0.382649
0.416007
0.450376
0.485292
0.519017
0.556278
0.601208
0.669391
0.772052
0.90979
1.04749
1.23245
1.39673
1.55086
1.52088
1.03898
-2.53784
-3.60701
-8.17762
-9.61396
-7.17049
-1.46398
-0.33846
-0.441855
-1.37528
-1.86103
-1.82343
-1.76761
-1.76895
-1.78726
-1.79411
-1.79467
-1.7947
-1.79516
-1.79575
2.54159
2.5317
2.52418
2.52042
2.51981
2.52203
2.52694
2.53459
2.54494
2.55805
2.57384
2.59243
2.61374
2.63793
2.66488
2.6948
2.72748
2.76312
2.80138
2.84237
2.88574
2.93186
2.98032
3.03176
3.08539
3.1416
3.20013
3.26844
3.3439
3.42185
3.51024
3.61754
3.77572
3.80267
3.40008
1.7629
-0.0894683
-6.4437
-7.27214
-7.93045
-2.21705
-0.867538
-0.19904
-1.36773
-1.84585
-1.84014
-1.8152
-1.81873
-1.82477
-1.8273
3.15185
3.13401
3.11562
3.10105
3.09045
3.08338
3.07965
3.07928
3.08226
3.08864
3.09838
3.11156
3.12813
3.14818
3.17167
3.19871
3.22921
3.26337
3.30101
3.34241
3.38734
3.43614
3.48843
3.54467
3.60422
3.66761
3.73383
3.80366
3.87576
3.9512
4.02826
4.11015
4.19657
4.291
4.37631
4.44316
4.55044
4.61989
4.65496
4.54674
0.114753
-2.93008
-6.55403
-6.92188
-2.73437
-1.05827
-1.16278
-1.78081
-1.85336
-1.85381
3.8746
3.85096
3.82661
3.80605
3.78908
3.7751
3.76389
3.75544
3.74974
3.74677
3.74649
3.74889
3.7539
3.76155
3.77175
3.78451
3.79976
3.81752
3.83768
3.86033
3.88528
3.91269
3.94234
3.97443
4.00869
4.04545
4.08431
4.12579
4.16935
4.21572
4.26413
4.31568
4.36933
4.42679
4.48701
4.55332
4.62606
4.70834
4.78102
4.85728
4.93679
5.04879
5.04433
3.86765
1.0106
-5.61951
-6.06992
-3.43888
-2.09304
-1.81045
4.0112
3.98255
3.95289
3.9274
3.90579
3.88732
3.87178
3.85916
3.84948
3.84273
3.83892
3.83802
3.84005
3.84501
3.85291
3.86375
3.87756
3.89435
3.91415
3.93697
3.96287
3.99185
4.02397
4.05926
4.09777
4.13953
4.18461
4.23304
4.28488
4.34016
4.39893
4.46127
4.52711
4.59662
4.66956
4.74619
4.82601
4.90944
4.99583
5.08608
5.18094
5.27974
5.37378
5.45382
5.58258
5.79245
5.84194
0.722727
-3.35487
-3.28983
3.33768
3.31439
3.28893
3.26601
3.24569
3.22743
3.21102
3.19643
3.18365
3.17268
3.16349
3.15605
3.15035
3.14635
3.14403
3.14338
3.14435
3.14694
3.15109
3.15681
3.16405
3.17279
3.18297
3.19461
3.20763
3.22204
3.23776
3.25482
3.27307
3.2926
3.31328
3.33516
3.35812
3.38222
3.40732
3.43353
3.46068
3.48896
3.51818
3.54853
3.57982
3.61261
3.64725
3.68503
3.7237
3.75265
3.7708
3.78918
3.68106
1.77886
2.92582
2.90644
2.88655
2.86905
2.85359
2.83967
2.82718
2.81614
2.80654
2.79838
2.79166
2.78637
2.78249
2.78002
2.77894
2.77923
2.7809
2.78391
2.78825
2.79391
2.80087
2.8091
2.8186
2.82933
2.84128
2.85441
2.86871
2.88415
2.90068
2.91827
2.93691
2.95654
2.97714
2.99865
3.02104
3.04423
3.0682
3.09288
3.11814
3.14398
3.17027
3.19694
3.22387
3.25097
3.27799
3.30458
3.33308
3.35641
3.38664
3.41705
1.57116
1.56201
1.55113
1.54073
1.53107
1.52197
1.51335
1.5052
1.49755
1.49038
1.48371
1.47752
1.47182
1.46659
1.46184
1.45755
1.45372
1.45032
1.44736
1.44481
1.44266
1.44089
1.43947
1.4384
1.43765
1.43719
1.43699
1.43703
1.43728
1.4377
1.43824
1.4389
1.43961
1.44034
1.44104
1.44168
1.44218
1.44255
1.44263
1.44243
1.44184
1.44086
1.43932
1.43726
1.43447
1.43103
1.42688
1.46329
1.4128
1.40529
0.925644
0.917063
0.908649
0.901397
0.895012
0.889278
0.88416
0.879671
0.875824
0.87262
0.870061
0.868148
0.86688
0.866257
0.86628
0.866946
0.868254
0.870202
0.872786
0.876006
0.879856
0.884334
0.889435
0.895155
0.901487
0.90843
0.915974
0.924118
0.932851
0.942175
0.952075
0.962548
0.973578
0.985178
0.997325
1.01003
1.02327
1.03709
1.05145
1.0663
1.08167
1.09761
1.11404
1.13104
1.14838
1.16613
1.185
1.23667
1.21164
1.24728
-0.486816
-0.489672
-0.493371
-0.497043
-0.500522
-0.50385
-0.507062
-0.510163
-0.513149
-0.516017
-0.518767
-0.521397
-0.523904
-0.526288
-0.528547
-0.530679
-0.532681
-0.534551
-0.536287
-0.537886
-0.539347
-0.540664
-0.541836
-0.542858
-0.543728
-0.544438
-0.544989
-0.545369
-0.545579
-0.545605
-0.545449
-0.545091
-0.544537
-0.543759
-0.542774
-0.54154
-0.540078
-0.538327
-0.536185
-0.534048
-0.531442
-0.528476
-0.525343
-0.521874
-0.517463
-0.509601
-0.49789
-0.493267
-0.564152
-0.786949
-1.42385
-1.42464
-1.42511
-1.42531
-1.42535
-1.42523
-1.42496
-1.42451
-1.42389
-1.42309
-1.42209
-1.42091
-1.41953
-1.41794
-1.41614
-1.41414
-1.41191
-1.40947
-1.4068
-1.4039
-1.40077
-1.39741
-1.3938
-1.38996
-1.38588
-1.38156
-1.37699
-1.37218
-1.36712
-1.36182
-1.35628
-1.35049
-1.34447
-1.3382
-1.33171
-1.32499
-1.31805
-1.31088
-1.30352
-1.29594
-1.28828
-1.28067
-1.27299
-1.2632
-1.24713
-1.2292
-1.25702
-1.45689
-2.36339
-2.56227
-2.63844
-2.63544
-2.63227
-2.62957
-2.62734
-2.62551
-2.62405
-2.62296
-2.62222
-2.62185
-2.62183
-2.62216
-2.62284
-2.62386
-2.62522
-2.6269
-2.62892
-2.63125
-2.6339
-2.63686
-2.64012
-2.64369
-2.64753
-2.65167
-2.65608
-2.66077
-2.66571
-2.67092
-2.67635
-2.68205
-2.68794
-2.69407
-2.70037
-2.70691
-2.71355
-2.72044
-2.72735
-2.7345
-2.74165
-2.74933
-2.75718
-2.76387
-2.76369
-2.7564
-2.78206
-2.97364
-3.39981
-3.72463
-3.72662
-3.31388
-3.83342
-3.83092
-3.82869
-3.82678
-3.82501
-3.82331
-3.82167
-3.82011
-3.81863
-3.81723
-3.8159
-3.81464
-3.81345
-3.81232
-3.81124
-3.8102
-3.80919
-3.8082
-3.80721
-3.80623
-3.80521
-3.80416
-3.80305
-3.80187
-3.80058
-3.79918
-3.79763
-3.79593
-3.794
-3.79189
-3.78949
-3.78686
-3.78386
-3.78059
-3.77686
-3.77279
-3.76817
-3.76328
-3.75804
-3.75255
-3.74399
-3.72693
-3.70454
-3.73848
-3.97814
-4.8585
-4.59608
-3.75662
-2.78739
-2.36414
-4.53684
-4.53084
-4.52335
-4.51654
-4.51084
-4.50615
-4.50239
-4.49954
-4.49762
-4.49662
-4.49654
-4.49737
-4.49913
-4.5018
-4.50539
-4.50989
-4.51531
-4.52165
-4.52892
-4.53711
-4.54624
-4.55631
-4.56735
-4.57935
-4.59236
-4.60635
-4.62138
-4.63744
-4.6546
-4.67283
-4.69222
-4.71272
-4.73446
-4.75734
-4.78155
-4.80699
-4.83412
-4.86287
-4.8922
-4.9167
-4.93314
-4.97545
-5.17633
-5.63062
-5.08213
-3.39076
-2.67647
-2.3846
-2.3186
-2.31724
-6.24243
-6.23158
-6.22229
-6.215
-6.20897
-6.20391
-6.19982
-6.19675
-6.19471
-6.19372
-6.19376
-6.19483
-6.19693
-6.20005
-6.20419
-6.20933
-6.21545
-6.22257
-6.23066
-6.23971
-6.24972
-6.26067
-6.27256
-6.28537
-6.29909
-6.31372
-6.32923
-6.34562
-6.36284
-6.38091
-6.39977
-6.41941
-6.43976
-6.46082
-6.48253
-6.50502
-6.52809
-6.55059
-6.56945
-6.5863
-6.63073
-6.77557
-6.97372
-6.39384
-3.7081
-2.52413
-2.37894
-2.37596
-2.37685
-2.37688
-5.8487
-5.82837
-5.80447
-5.78462
-5.7696
-5.75838
-5.75014
-5.74443
-5.74087
-5.73915
-5.73898
-5.7401
-5.74227
-5.74532
-5.74906
-5.75335
-5.75807
-5.76313
-5.76844
-5.77396
-5.77965
-5.78549
-5.7915
-5.79771
-5.80415
-5.81092
-5.81807
-5.82575
-5.83406
-5.84319
-5.85328
-5.86457
-5.87723
-5.89155
-5.90772
-5.92612
-5.94706
-5.97089
-5.99691
-6.02319
-6.05051
-6.10153
-6.23581
-6.43734
-5.71075
-3.14828
-2.61258
-2.42077
-2.4119
-2.44418
-8.3402
-8.27486
-8.21683
-8.17434
-8.14339
-8.12068
-8.10472
-8.09463
-8.08967
-8.08913
-8.0924
-8.09893
-8.10829
-8.12006
-8.13392
-8.14957
-8.16679
-8.18535
-8.2051
-8.22591
-8.24769
-8.27035
-8.2939
-8.3183
-8.34364
-8.36995
-8.39741
-8.42614
-8.45644
-8.48853
-8.52289
-8.55988
-8.60021
-8.64442
-8.69357
-8.74848
-8.81066
-8.88134
-8.96251
-9.05586
-9.16482
-9.29495
-9.45469
-9.63221
-9.75756
-9.74319
-8.50861
-3.33894
-2.28237
-2.54636
-3.20436
-3.63844
-4.07221
-4.44346
-4.76503
-5.05238
-5.31201
-5.54674
-5.75879
-5.95026
-6.12302
-6.27865
-6.41844
-6.54347
-6.65463
-6.75264
-6.83806
-6.91135
-6.97284
-7.02274
-7.06117
-7.08815
-7.10359
-7.10732
-7.09904
-7.07838
-7.04478
-6.99762
-6.93605
-6.85914
-6.76564
-6.65422
-6.52309
-6.37036
-6.19348
-5.98985
-5.75582
-5.48774
-5.18074
-4.82926
-4.42661
-3.96246
-3.42853
-2.82695
-2.17935
-1.45296
-0.407272
-2.77488
-8.4623
-2.74965
-1.73406
-1.73425
-1.73444
-1.73465
-1.73485
-1.73505
-1.73525
-1.73544
-1.73563
-1.73581
-1.73599
-1.73611
-1.73612
-1.73643
-1.73659
-1.73675
-1.73691
-1.73707
-1.73722
-1.73737
-1.73751
-1.73766
-1.73779
-1.73793
-1.73806
-1.73804
-1.73831
-1.73844
-1.73856
-1.73861
-1.73878
-1.7389
-1.73902
-1.73913
-1.73924
-1.73935
-1.73945
-1.73956
-1.73964
-1.73964
-1.73983
-1.73993
-1.74004
-1.74014
-1.74024
-1.74031
-1.74029
-1.74045
-1.74048
-1.74059
-1.76261
-1.76303
-1.76355
-1.76394
-1.76427
-1.76458
-1.76488
-1.76516
-1.76543
-1.76569
-1.76591
-1.76596
-1.76636
-1.76656
-1.76676
-1.76679
-1.76714
-1.76735
-1.76753
-1.76776
-1.76793
-1.76809
-1.76824
-1.76839
-1.76853
-1.76867
-1.7688
-1.76893
-1.76905
-1.76916
-1.76927
-1.76938
-1.76948
-1.76958
-1.76967
-1.76976
-1.76984
-1.76992
-1.76999
-1.77006
-1.77013
-1.77019
-1.77025
-1.77031
-1.77036
-1.77041
-1.77045
-1.77049
-1.77051
-1.77054
-1.79611
-1.79624
-1.79635
-1.79645
-1.79653
-1.79662
-1.79699
-1.79715
-1.79731
-1.79746
-1.79755
-1.79748
-1.79781
-1.79795
-1.79806
-1.79818
-1.79839
-1.79854
-1.79869
-1.79883
-1.79897
-1.7991
-1.79923
-1.79936
-1.79949
-1.79961
-1.79973
-1.79985
-1.79996
-1.80007
-1.80017
-1.80028
-1.80037
-1.80047
-1.80055
-1.80064
-1.80072
-1.8008
-1.80087
-1.80094
-1.80101
-1.80107
-1.80113
-1.80118
-1.80124
-1.80129
-1.80135
-1.80139
-1.80143
-1.80147
-1.82789
-1.82797
-1.82808
-1.82825
-1.82831
-1.82851
-1.82872
-1.82891
-1.8291
-1.82929
-1.82946
-1.82963
-1.8298
-1.82996
-1.83012
-1.83027
-1.83041
-1.83056
-1.83069
-1.83082
-1.83095
-1.83107
-1.83118
-1.83129
-1.8314
-1.8315
-1.83159
-1.83168
-1.83177
-1.83184
-1.83191
-1.83198
-1.83203
-1.83209
-1.83214
-1.83218
-1.83221
-1.83225
-1.83227
-1.83228
-1.83229
-1.8323
-1.8323
-1.83229
-1.83226
-1.83219
-1.83215
-1.83342
-1.83343
-1.83338
-1.85652
-1.85787
-1.85909
-1.86014
-1.86087
-1.86137
-1.86169
-1.86193
-1.86212
-1.86231
-1.8625
-1.86268
-1.86285
-1.86301
-1.86317
-1.86332
-1.86347
-1.86361
-1.86374
-1.86387
-1.864
-1.86412
-1.86424
-1.86435
-1.86446
-1.86456
-1.86466
-1.86476
-1.86485
-1.86475
-1.8649
-1.86498
-1.86504
-1.86512
-1.8652
-1.86527
-1.86534
-1.86539
-1.86505
-1.86517
-1.86524
-1.86528
-1.86537
-1.86544
-1.86545
-1.86545
-1.86546
-1.86543
-1.86537
-1.86448
-1.82697
-1.82302
-1.85665
-1.88312
-1.89347
-1.89564
-1.89607
-1.89633
-1.89654
-1.89671
-1.89686
-1.89701
-1.89712
-1.89702
-1.89717
-1.89751
-1.89768
-1.89777
-1.89757
-1.89692
-1.89758
-1.89741
-1.89748
-1.89809
-1.89814
-1.89819
-1.89823
-1.89826
-1.89829
-1.8983
-1.89833
-1.89833
-1.89832
-1.8983
-1.89831
-1.89825
-1.8982
-1.89897
-1.8989
-1.89886
-1.89881
-1.89878
-1.89873
-1.89869
-1.89865
-1.8986
-1.89855
-1.8985
-1.89845
-1.89839
-2.38016
-1.87585
-1.80316
-1.84501
-1.89332
-1.91872
-1.92744
-1.92987
-1.93047
-1.93067
-1.93105
-1.93122
-1.9321
-1.93224
-1.93235
-1.93246
-1.93256
-1.93266
-1.93274
-1.93282
-1.93289
-1.93296
-1.93301
-1.93306
-1.9331
-1.93314
-1.93316
-1.93318
-1.93319
-1.9332
-1.93319
-1.93288
-1.93328
-1.93328
-1.93322
-1.93322
-1.9332
-1.93316
-1.93302
-1.93315
-1.93309
-1.93303
-1.93296
-1.93288
-1.93279
-1.9327
-1.9326
-1.93249
-1.93238
-1.93226
-0.0471885
-0.992511
-1.12933
-1.34613
-1.73948
-1.92509
-1.96244
-1.96723
-1.9679
-1.96805
-1.96864
-1.96872
-1.96884
-1.96893
-1.96899
-1.96905
-1.9691
-1.96914
-1.96917
-1.9692
-1.96922
-1.96924
-1.96924
-1.96923
-1.96922
-1.9692
-1.96918
-1.96915
-1.9691
-1.96905
-1.96899
-1.96893
-1.96886
-1.96879
-1.96871
-1.96862
-1.96852
-1.96842
-1.96831
-1.96819
-1.96808
-1.96795
-1.96782
-1.96769
-1.96755
-1.9674
-1.96725
-1.96709
-1.96693
-1.96677
3.35965
2.45668
1.65082
0.242653
-1.39949
-1.93702
-2.00165
-2.00655
-2.00701
-2.00706
-2.00706
-2.0071
-2.00706
-2.0071
-2.00707
-2.00706
-2.007
-2.00701
-2.00692
-2.00692
-2.00686
-2.0068
-2.00673
-2.00665
-2.00657
-2.00648
-2.00639
-2.00629
-2.00618
-2.00606
-2.00594
-2.00581
-2.00567
-2.00553
-2.00538
-2.00522
-2.00506
-2.00489
-2.00472
-2.00454
-2.00435
-2.00416
-2.00396
-2.00376
-2.00355
-2.00333
-2.00311
-2.00288
-2.00265
-2.00242
1.39802
1.37657
1.23921
0.518409
-1.1642
-1.9459
-2.03959
-2.04591
-2.04628
-2.04628
-2.04623
-2.04616
-2.0461
-2.04602
-2.04598
-2.04589
-2.04579
-2.04569
-2.04557
-2.04545
-2.04533
-2.0452
-2.04506
-2.0449
-2.04475
-2.04458
-2.04441
-2.04422
-2.04404
-2.04384
-2.04364
-2.04343
-2.04321
-2.04299
-2.04276
-2.04252
-2.04228
-2.04203
-2.04178
-2.04152
-2.04125
-2.04098
-2.0407
-2.04041
-2.04012
-2.03983
-2.03953
-2.03922
-2.03891
-2.0386
1.18573
0.909746
0.447922
-0.503323
-1.65813
-2.04696
-2.08587
-2.0873
-2.08727
-2.08716
-2.08703
-2.08689
-2.08675
-2.08657
-2.08641
-2.08625
-2.08608
-2.08589
-2.08569
-2.08549
-2.08527
-2.08504
-2.08481
-2.08457
-2.08432
-2.08406
-2.0838
-2.08352
-2.08324
-2.08295
-2.08266
-2.08235
-2.08204
-2.08172
-2.0814
-2.08107
-2.08073
-2.08038
-2.08003
-2.07968
-2.07931
-2.07894
-2.07857
-2.07819
-2.0778
-2.07741
-2.07701
-2.0766
-2.0762
-2.07579
-1.45271
-1.75405
-1.86498
-1.99366
-2.08893
-2.12948
-2.13087
-2.12995
-2.12976
-2.12957
-2.12934
-2.12909
-2.12882
-2.12855
-2.12826
-2.12797
-2.12767
-2.12736
-2.12704
-2.12672
-2.12638
-2.12604
-2.12569
-2.12533
-2.12497
-2.12459
-2.12421
-2.12382
-2.12343
-2.12302
-2.12261
-2.12219
-2.12177
-2.12133
-2.12089
-2.12045
-2.11999
-2.11953
-2.11907
-2.1186
-2.11812
-2.11763
-2.11714
-2.11665
-2.11615
-2.11564
-2.11513
-2.11461
-2.11409
-2.11356
-2.53916
-2.44576
-2.28845
-2.21887
-2.18374
-2.17458
-2.17444
-2.1743
-2.17401
-2.17363
-2.17325
-2.17286
-2.17247
-2.17207
-2.17166
-2.17124
-2.17082
-2.17038
-2.16994
-2.16949
-2.16903
-2.16856
-2.16808
-2.1676
-2.1671
-2.1666
-2.16609
-2.16556
-2.16504
-2.1645
-2.16395
-2.1634
-2.16284
-2.16227
-2.1617
-2.16112
-2.16053
-2.15993
-2.15933
-2.15872
-2.1581
-2.15748
-2.15685
-2.15622
-2.15558
-2.15493
-2.15428
-2.15362
-2.15297
-2.1523
-2.66064
-2.35184
-2.22906
-2.21882
-2.21987
-2.21973
-2.2193
-2.21888
-2.21846
-2.21803
-2.2176
-2.21716
-2.2167
-2.21622
-2.21573
-2.21523
-2.21471
-2.21418
-2.21363
-2.21307
-2.2125
-2.21192
-2.21132
-2.21071
-2.21009
-2.20946
-2.20881
-2.20816
-2.20749
-2.20682
-2.20613
-2.20543
-2.20473
-2.20401
-2.20328
-2.20255
-2.20181
-2.20106
-2.2003
-2.19953
-2.19876
-2.19798
-2.19719
-2.1964
-2.1956
-2.1948
-2.19398
-2.19317
-2.19235
-2.19153
-2.27482
-2.26857
-2.26913
-2.26883
-2.26834
-2.2679
-2.26744
-2.26696
-2.26646
-2.26593
-2.26537
-2.26479
-2.26419
-2.26358
-2.26294
-2.26229
-2.26161
-2.26092
-2.2602
-2.25947
-2.25873
-2.25796
-2.25718
-2.25638
-2.25557
-2.25474
-2.2539
-2.25304
-2.25217
-2.25129
-2.25039
-2.24949
-2.24857
-2.24764
-2.2467
-2.24575
-2.2448
-2.24383
-2.24286
-2.24187
-2.24089
-2.23989
-2.23889
-2.23788
-2.23686
-2.23585
-2.23482
-2.23379
-2.23277
-2.23174
-2.31876
-2.31889
-2.31847
-2.31812
-2.31776
-2.31735
-2.3169
-2.3164
-2.31586
-2.31529
-2.31468
-2.31402
-2.31333
-2.3126
-2.31184
-2.31104
-2.31021
-2.30935
-2.30846
-2.30754
-2.30659
-2.30562
-2.30463
-2.3036
-2.30256
-2.3015
-2.30041
-2.29931
-2.29818
-2.29705
-2.29589
-2.29472
-2.29354
-2.29234
-2.29114
-2.28992
-2.28869
-2.28745
-2.28621
-2.28495
-2.28369
-2.28243
-2.28116
-2.27988
-2.2786
-2.27732
-2.27603
-2.27474
-2.27346
-2.27217
-2.37693
-2.37671
-2.37641
-2.37603
-2.37555
-2.37498
-2.37429
-2.37375
-2.37295
-2.37211
-2.37122
-2.37026
-2.36924
-2.36817
-2.36705
-2.36588
-2.36466
-2.3634
-2.3621
-2.36077
-2.3594
-2.35799
-2.35656
-2.3551
-2.35361
-2.3521
-2.35056
-2.34901
-2.34744
-2.34586
-2.34426
-2.34264
-2.34102
-2.33939
-2.33775
-2.33611
-2.33446
-2.3328
-2.33115
-2.32949
-2.32783
-2.32617
-2.32451
-2.32285
-2.3212
-2.31955
-2.3179
-2.31626
-2.31463
-2.313
-2.4448
-2.44459
-2.44428
-2.44383
-2.44321
-2.44243
-2.44148
-2.44038
-2.43914
-2.43778
-2.43629
-2.43471
-2.43302
-2.43125
-2.4294
-2.42748
-2.42549
-2.42346
-2.42137
-2.41924
-2.41707
-2.41487
-2.41265
-2.4104
-2.40813
-2.40585
-2.40357
-2.40127
-2.39897
-2.39667
-2.39436
-2.39206
-2.38977
-2.38748
-2.3852
-2.38294
-2.38068
-2.37843
-2.3762
-2.37398
-2.37178
-2.3696
-2.36743
-2.36527
-2.36314
-2.36102
-2.35892
-2.35684
-2.35479
-2.35275
-2.54196
-2.54237
-2.54157
-2.53986
-2.53761
-2.53499
-2.53206
-2.52888
-2.5255
-2.52197
-2.51831
-2.51457
-2.51076
-2.50691
-2.50303
-2.49913
-2.49524
-2.49135
-2.48748
-2.48363
-2.47982
-2.47604
-2.4723
-2.46861
-2.46496
-2.46135
-2.4578
-2.4543
-2.45085
-2.44744
-2.4441
-2.4408
-2.43755
-2.43436
-2.43121
-2.42812
-2.42508
-2.42208
-2.41913
-2.41623
-2.41338
-2.41057
-2.4078
-2.40508
-2.4024
-2.39977
-2.39717
-2.39462
-2.39211
-2.38964
-2.7314
-2.71846
-2.70314
-2.68866
-2.6753
-2.66278
-2.65101
-2.63992
-2.62932
-2.6194
-2.60945
-2.60088
-2.59234
-2.58419
-2.57637
-2.56894
-2.56181
-2.55497
-2.5484
-2.54209
-2.53601
-2.53016
-2.52451
-2.51906
-2.51379
-2.50869
-2.50376
-2.49898
-2.49434
-2.48984
-2.48548
-2.48123
-2.4771
-2.47309
-2.46918
-2.46537
-2.46165
-2.45803
-2.4545
-2.45105
-2.44768
-2.44439
-2.44117
-2.43802
-2.43494
-2.43192
-2.42897
-2.42608
-2.42326
-2.42049
-1.74068
-1.74074
-1.74066
-1.74077
-1.74085
-1.74093
-1.74101
-1.74108
-1.74115
-1.74122
-1.74129
-1.74008
-1.74064
-1.74074
-1.74079
-1.74087
-1.73943
-1.74043
-1.74048
-1.74055
-1.74061
-1.74067
-1.73965
-1.74016
-1.74022
-1.74028
-1.74034
-1.74039
-1.74044
-1.74049
-1.74054
-1.74059
-1.73836
-1.73948
-1.73953
-1.73956
-1.73959
-1.73962
-1.73965
-1.73968
-1.73969
-1.73971
-1.73972
-1.73972
-1.73973
-1.73973
-1.73972
-1.73946
-1.73967
-1.73963
-1.7396
-1.73956
-1.73952
-1.73948
-1.73944
-1.7394
-1.73938
-1.73933
-1.73648
-1.73653
-1.73736
-1.73734
-1.7372
-1.73717
-1.73728
-1.73712
-1.73737
-1.73734
-1.73732
-1.7373
-1.73726
-1.73723
-1.73721
-1.73553
-1.73653
-1.73652
-1.73649
-1.7365
-1.73647
-1.73645
-1.73643
-1.73643
-1.73641
-1.73565
-1.73596
-1.73594
-1.7359
-1.73585
-1.73578
-1.73572
-1.73566
-1.73559
-1.73552
-1.73544
-1.73301
-1.73338
-1.73328
-1.73315
-1.73302
-1.73368
-1.73347
-1.73329
-1.73433
-1.73417
-1.73396
-1.73383
-1.73381
-1.73369
-1.73308
-1.73319
-1.73308
-1.73293
-1.73279
-1.73327
-1.7295
-1.73026
-1.73013
-1.72994
-1.72976
-1.73046
-1.73
-1.7298
-1.73087
-1.73022
-1.73006
-1.72992
-1.72848
-1.72833
-1.72818
-1.7271
-1.72698
-1.72691
-1.72499
-1.72487
-1.72526
-1.72506
-1.7248
-1.72546
-1.72529
-1.725
-1.72602
-1.72581
-1.72544
-1.72744
-1.72604
-1.72634
-1.72602
-1.7253
-1.72504
-1.72523
-1.72491
-1.72409
-1.72432
-1.72417
-1.72396
-1.72374
-1.72353
-1.72332
-1.7231
-1.72288
-1.72266
-1.7223
-1.7221
-1.72188
-1.7216
-1.72135
-1.721
-1.72104
-1.72082
-1.72061
-1.72036
-1.72011
-1.71986
-1.71962
-1.71939
-1.71916
-1.71893
-1.7187
-1.71848
-1.71826
-1.71805
-1.71784
-1.71764
-1.71744
-1.71724
-1.71705
-1.71686
-1.71668
-1.71649
-1.71631
-1.71614
-1.71597
-1.7158
-1.71563
-1.71546
-1.71529
-1.71511
-1.71493
-1.71475
-1.71456
-1.71436
-1.71416
-1.71395
-1.71374
-1.71352
-1.7133
-1.71307
-1.71284
-1.71261
-1.71238
-1.71214
-1.7119
-1.71166
-1.71142
-1.71118
-1.71094
-1.7107
-1.71046
-1.71022
-1.70997
-1.70973
-1.7095
-1.70926
-1.70902
-1.70878
-1.70854
-1.70831
-1.70807
-1.70784
-1.70761
-1.70738
-1.70715
-1.70692
-1.70669
-1.70646
-1.70624
-1.70601
-1.70579
-1.70557
-1.70535
-1.70513
-1.70492
-1.7047
-1.70449
-1.70428
-1.70407
-1.70387
-1.70366
-1.70346
-1.70326
-1.70306
-1.70286
-1.70267
-1.70248
-1.70229
-1.7021
-1.70192
-1.70173
-1.70155
-1.70138
-1.7012
-1.70103
-1.70087
-1.7007
-1.70054
-1.70038
-1.70023
-1.70007
-1.69992
-1.69978
-1.69964
-1.6995
-1.69937
-1.69923
-1.69911
-1.69898
-1.69887
-1.69875
-1.69864
-1.69853
-1.69843
-1.69833
-1.69824
-1.69815
-1.69807
-1.69799
-1.69792
-1.69785
-1.69778
-1.69772
-1.69767
-1.69762
-1.69758
-1.69754
-1.69751
-1.69749
-1.69747
-1.69745
-1.69744
-1.69744
-1.77055
-1.77057
-1.77058
-1.77059
-1.7706
-1.77061
-1.77062
-1.77062
-1.77063
-1.77063
-1.77063
-1.77063
-1.77063
-1.77064
-1.77064
-1.77064
-1.77064
-1.77065
-1.77065
-1.76728
-1.77058
-1.77039
-1.7704
-1.77041
-1.77059
-1.77058
-1.77057
-1.77056
-1.77055
-1.77053
-1.77052
-1.7705
-1.77048
-1.76965
-1.77002
-1.77001
-1.76999
-1.76996
-1.76994
-1.76992
-1.7699
-1.76988
-1.76987
-1.76986
-1.76984
-1.76983
-1.76983
-1.76982
-1.76705
-1.76942
-1.76942
-1.7694
-1.76941
-1.7694
-1.76939
-1.76938
-1.76937
-1.76936
-1.7649
-1.76765
-1.76767
-1.76765
-1.76764
-1.76763
-1.7676
-1.76757
-1.76754
-1.76716
-1.76712
-1.76708
-1.76703
-1.76697
-1.76692
-1.76685
-1.76678
-1.76671
-1.76664
-1.76657
-1.7653
-1.76615
-1.76563
-1.76605
-1.7659
-1.76561
-1.76697
-1.76593
-1.76725
-1.76653
-1.76691
-1.76688
-1.76684
-1.76682
-1.76681
-1.7668
-1.76443
-1.76548
-1.76553
-1.76512
-1.76517
-1.7652
-1.7633
-1.76407
-1.76417
-1.7642
-1.76423
-1.76426
-1.7643
-1.76169
-1.76261
-1.76279
-1.76279
-1.76281
-1.76283
-1.76287
-1.75958
-1.76076
-1.76102
-1.76103
-1.76103
-1.76103
-1.76105
-1.76104
-1.76021
-1.76022
-1.7602
-1.75927
-1.75924
-1.75932
-1.75777
-1.75777
-1.75765
-1.75664
-1.75779
-1.75769
-1.75747
-1.75823
-1.75705
-1.75693
-1.75597
-1.75727
-1.75724
-1.75671
-1.75662
-1.75475
-1.75571
-1.75521
-1.75516
-1.75548
-1.74725
-1.75381
-1.75361
-1.75331
-1.75323
-1.75311
-1.75311
-1.75301
-1.75292
-1.75283
-1.75276
-1.75268
-1.75262
-1.75254
-1.75227
-1.7468
-1.74697
-1.74759
-1.74781
-1.74785
-1.74772
-1.74775
-1.74772
-1.74682
-1.74711
-1.7471
-1.74701
-1.74691
-1.7468
-1.74667
-1.74654
-1.74639
-1.74625
-1.74581
-1.7457
-1.74551
-1.7453
-1.7451
-1.74494
-1.74478
-1.74462
-1.74446
-1.7443
-1.74414
-1.74399
-1.74384
-1.74367
-1.74349
-1.74327
-1.74302
-1.74275
-1.74249
-1.74222
-1.74195
-1.74169
-1.74142
-1.74116
-1.7409
-1.74064
-1.74037
-1.74011
-1.73985
-1.7396
-1.73934
-1.73908
-1.73883
-1.73857
-1.73832
-1.73807
-1.73781
-1.73756
-1.73731
-1.73706
-1.73681
-1.73656
-1.73631
-1.73607
-1.73582
-1.73557
-1.73532
-1.73508
-1.73483
-1.73459
-1.73435
-1.73411
-1.73387
-1.73363
-1.73339
-1.73315
-1.73291
-1.73268
-1.73245
-1.73221
-1.73198
-1.73176
-1.73153
-1.73131
-1.73108
-1.73086
-1.73064
-1.73043
-1.73021
-1.73
-1.72979
-1.72958
-1.72938
-1.72917
-1.72897
-1.72878
-1.72858
-1.72839
-1.7282
-1.72801
-1.72783
-1.72765
-1.72748
-1.7273
-1.72713
-1.72697
-1.7268
-1.72664
-1.72649
-1.72634
-1.72619
-1.72605
-1.72591
-1.72577
-1.72564
-1.72551
-1.72539
-1.72527
-1.72516
-1.72505
-1.72494
-1.72485
-1.72475
-1.72466
-1.72458
-1.7245
-1.72442
-1.72436
-1.72429
-1.72424
-1.72418
-1.72414
-1.7241
-1.72407
-1.72404
-1.72402
-1.724
-1.72399
-1.72399
-1.8015
-1.80153
-1.80155
-1.80157
-1.80158
-1.80159
-1.80161
-1.80163
-1.80162
-1.80168
-1.80166
-1.80168
-1.80167
-1.8017
-1.80172
-1.80173
-1.80173
-1.80174
-1.80174
-1.80171
-1.80155
-1.80153
-1.8016
-1.80169
-1.80176
-1.80179
-1.80182
-1.80185
-1.80188
-1.80191
-1.80193
-1.80197
-1.802
-1.79877
-1.80038
-1.80042
-1.80045
-1.80047
-1.8005
-1.80052
-1.80054
-1.80052
-1.80056
-1.80057
-1.80058
-1.8006
-1.8006
-1.79628
-1.79743
-1.79886
-1.79887
-1.79887
-1.79889
-1.79891
-1.79891
-1.79891
-1.79891
-1.79618
-1.79673
-1.79713
-1.79711
-1.79712
-1.79712
-1.7971
-1.79707
-1.79705
-1.79684
-1.79697
-1.79694
-1.7969
-1.79687
-1.79683
-1.79679
-1.79583
-1.79621
-1.79619
-1.79615
-1.79625
-1.79619
-1.79572
-1.79591
-1.79585
-1.79573
-1.79569
-1.79564
-1.79558
-1.79548
-1.79472
-1.79586
-1.79576
-1.79564
-1.79556
-1.79545
-1.79412
-1.79453
-1.7944
-1.79424
-1.7941
-1.79395
-1.7938
-1.79364
-1.79316
-1.79315
-1.79346
-1.79328
-1.79312
-1.79294
-1.79275
-1.79256
-1.79243
-1.79225
-1.79196
-1.79243
-1.79221
-1.79198
-1.79177
-1.79157
-1.79137
-1.79117
-1.79097
-1.78992
-1.78972
-1.78952
-1.78927
-1.78904
-1.78883
-1.78861
-1.78837
-1.78726
-1.78873
-1.78822
-1.78797
-1.78771
-1.78743
-1.78736
-1.78793
-1.78771
-1.78754
-1.78737
-1.78718
-1.78698
-1.78679
-1.7866
-1.78641
-1.7862
-1.78584
-1.78205
-1.78192
-1.78203
-1.78205
-1.78191
-1.78172
-1.78152
-1.78131
-1.7811
-1.78089
-1.78067
-1.78044
-1.7799
-1.77967
-1.77945
-1.7791
-1.77885
-1.77858
-1.77827
-1.77796
-1.77767
-1.77737
-1.77706
-1.77673
-1.77639
-1.77544
-1.77564
-1.77591
-1.77559
-1.7753
-1.77502
-1.77476
-1.7745
-1.77422
-1.77397
-1.77374
-1.77353
-1.7733
-1.77249
-1.77242
-1.7724
-1.77229
-1.77221
-1.77217
-1.77215
-1.77216
-1.77218
-1.77223
-1.77229
-1.77225
-1.77216
-1.77211
-1.77197
-1.77178
-1.77157
-1.77133
-1.77105
-1.77073
-1.77038
-1.77001
-1.76963
-1.76926
-1.76888
-1.76851
-1.76814
-1.76778
-1.76743
-1.76709
-1.76675
-1.76641
-1.76609
-1.76576
-1.76545
-1.76513
-1.76482
-1.76452
-1.76421
-1.76391
-1.76362
-1.76332
-1.76303
-1.76275
-1.76246
-1.76218
-1.7619
-1.76162
-1.76135
-1.76108
-1.76081
-1.76054
-1.76027
-1.76001
-1.75975
-1.7595
-1.75924
-1.75899
-1.75874
-1.75849
-1.75825
-1.758
-1.75776
-1.75752
-1.75729
-1.75706
-1.75683
-1.7566
-1.75638
-1.75616
-1.75594
-1.75572
-1.75551
-1.7553
-1.7551
-1.75489
-1.75469
-1.7545
-1.75431
-1.75412
-1.75393
-1.75375
-1.75357
-1.7534
-1.75323
-1.75306
-1.7529
-1.75274
-1.75259
-1.75244
-1.75229
-1.75215
-1.75202
-1.75189
-1.75176
-1.75164
-1.75152
-1.75141
-1.75131
-1.75121
-1.75111
-1.75102
-1.75094
-1.75086
-1.75079
-1.75072
-1.75066
-1.7506
-1.75055
-1.75051
-1.75047
-1.75044
-1.75042
-1.75041
-1.7504
-1.75039
-1.83339
-1.83341
-1.83341
-1.8334
-1.83339
-1.83337
-1.83335
-1.83335
-1.83335
-1.83334
-1.83332
-1.83331
-1.8333
-1.83328
-1.83327
-1.83302
-1.83299
-1.8333
-1.83325
-1.83324
-1.83323
-1.83313
-1.83313
-1.83323
-1.83321
-1.83321
-1.83319
-1.83317
-1.83315
-1.83313
-1.8331
-1.83308
-1.82739
-1.82913
-1.8292
-1.82917
-1.82913
-1.82909
-1.82905
-1.829
-1.82895
-1.82889
-1.82883
-1.82876
-1.82869
-1.82861
-1.82846
-1.82823
-1.83095
-1.83088
-1.8308
-1.83073
-1.83064
-1.83056
-1.83047
-1.83037
-1.83027
-1.83017
-1.83007
-1.82997
-1.82987
-1.82976
-1.82966
-1.82955
-1.82945
-1.82934
-1.82924
-1.82913
-1.82903
-1.82893
-1.82882
-1.82872
-1.82861
-1.82784
-1.82774
-1.82766
-1.82755
-1.82744
-1.82732
-1.8272
-1.82708
-1.82697
-1.82685
-1.82673
-1.82661
-1.82648
-1.82636
-1.82623
-1.8261
-1.82596
-1.82582
-1.82568
-1.82553
-1.82538
-1.82523
-1.82507
-1.8249
-1.82474
-1.82458
-1.8244
-1.82423
-1.82406
-1.82389
-1.82371
-1.82352
-1.82331
-1.82321
-1.823
-1.82279
-1.82257
-1.82236
-1.82214
-1.82191
-1.82146
-1.8214
-1.8212
-1.82094
-1.8207
-1.82044
-1.82017
-1.8199
-1.81961
-1.81934
-1.81906
-1.81877
-1.81846
-1.81816
-1.81786
-1.81755
-1.81726
-1.81691
-1.81639
-1.81595
-1.81876
-1.81852
-1.81818
-1.81782
-1.81746
-1.81712
-1.81678
-1.81643
-1.81605
-1.81566
-1.81575
-1.81519
-1.81488
-1.81455
-1.81418
-1.81382
-1.81351
-1.81319
-1.8128
-1.81247
-1.81215
-1.81183
-1.81153
-1.81119
-1.81096
-1.81065
-1.81035
-1.81008
-1.8098
-1.80954
-1.80925
-1.80888
-1.80841
-1.80818
-1.80816
-1.80791
-1.8077
-1.80753
-1.80562
-1.80603
-1.80581
-1.8055
-1.80536
-1.80514
-1.80515
-1.80058
-1.80304
-1.80299
-1.8024
-1.80249
-1.80228
-1.80116
-1.80283
-1.80263
-1.80252
-1.80245
-1.80235
-1.80228
-1.80232
-1.80243
-1.8023
-1.80396
-1.78306
-1.79725
-1.79827
-1.79741
-1.79733
-1.79715
-1.79688
-1.79659
-1.79629
-1.79593
-1.79566
-1.79535
-1.79505
-1.79475
-1.79446
-1.7942
-1.79392
-1.79365
-1.79337
-1.7931
-1.79282
-1.79255
-1.79228
-1.79201
-1.79173
-1.79146
-1.79119
-1.79092
-1.79065
-1.79038
-1.7901
-1.78983
-1.78956
-1.78928
-1.78901
-1.78873
-1.78846
-1.78819
-1.78792
-1.78764
-1.78737
-1.7871
-1.78683
-1.78657
-1.7863
-1.78603
-1.78577
-1.78551
-1.78525
-1.78499
-1.78474
-1.78448
-1.78423
-1.78398
-1.78374
-1.78349
-1.78325
-1.78301
-1.78278
-1.78255
-1.78232
-1.78209
-1.78187
-1.78165
-1.78143
-1.78122
-1.78101
-1.78081
-1.78061
-1.78041
-1.78022
-1.78003
-1.77984
-1.77966
-1.77948
-1.77931
-1.77914
-1.77898
-1.77882
-1.77867
-1.77852
-1.77837
-1.77823
-1.7781
-1.77797
-1.77785
-1.77773
-1.77762
-1.77751
-1.77741
-1.77731
-1.77722
-1.77714
-1.77706
-1.77699
-1.77693
-1.77687
-1.77681
-1.77677
-1.77673
-1.7767
-1.77667
-1.77666
-1.77665
-1.77664
-1.86449
-1.8645
-1.86449
-1.86448
-1.86446
-1.86444
-1.86443
-1.8644
-1.86437
-1.86439
-1.86301
-1.86402
-1.86396
-1.86404
-1.86388
-1.86334
-1.86387
-1.86383
-1.86379
-1.86371
-1.86369
-1.86311
-1.86338
-1.86331
-1.86322
-1.86316
-1.86308
-1.863
-1.86291
-1.86282
-1.86273
-1.86259
-1.8619
-1.86415
-1.86407
-1.86397
-1.86388
-1.86378
-1.86368
-1.86356
-1.86344
-1.86301
-1.86313
-1.86303
-1.86292
-1.86281
-1.8627
-1.8626
-1.86249
-1.86237
-1.86227
-1.86215
-1.86203
-1.86191
-1.86179
-1.86167
-1.86154
-1.86141
-1.86128
-1.86115
-1.86102
-1.86089
-1.86075
-1.86062
-1.86048
-1.86034
-1.8602
-1.86006
-1.85992
-1.85978
-1.85964
-1.85949
-1.85934
-1.85919
-1.85904
-1.85889
-1.85874
-1.85858
-1.85843
-1.85827
-1.85811
-1.85795
-1.85779
-1.85763
-1.85746
-1.85729
-1.85713
-1.85695
-1.85678
-1.85661
-1.85643
-1.85624
-1.85606
-1.85587
-1.85568
-1.85549
-1.8553
-1.8551
-1.8549
-1.8547
-1.85449
-1.85429
-1.85408
-1.85387
-1.85366
-1.85344
-1.85322
-1.853
-1.85278
-1.85255
-1.85233
-1.8521
-1.85186
-1.85163
-1.85139
-1.85114
-1.85089
-1.85064
-1.85039
-1.85013
-1.84988
-1.84962
-1.84936
-1.84909
-1.84882
-1.84854
-1.84784
-1.84811
-1.84784
-1.84749
-1.84721
-1.84694
-1.84668
-1.84635
-1.84608
-1.8459
-1.84524
-1.84543
-1.84514
-1.84482
-1.8445
-1.84417
-1.84374
-1.84322
-1.84308
-1.84259
-1.84226
-1.84211
-1.84166
-1.8412
-1.84113
-1.84075
-1.84032
-1.83993
-1.83914
-1.83907
-1.83869
-1.83831
-1.83793
-1.83753
-1.83713
-1.83672
-1.83631
-1.83588
-1.83545
-1.835
-1.83455
-1.83409
-1.83362
-1.83315
-1.83265
-1.83213
-1.83159
-1.83105
-1.83049
-1.82985
-1.82914
-1.82844
-1.82783
-1.82748
-1.82691
-1.82515
-1.825
-1.82427
-1.82351
-1.8227
-1.82182
-1.82085
-1.81979
-1.81861
-1.81698
-1.81329
-1.81026
-1.8136
-1.8342
-1.8269
-1.82122
-1.82287
-1.82663
-1.82895
-1.82927
-1.82874
-1.82798
-1.82736
-1.82666
-1.82621
-1.82567
-1.82515
-1.82464
-1.82414
-1.82364
-1.82317
-1.82271
-1.82227
-1.82184
-1.82143
-1.82102
-1.82062
-1.82023
-1.81985
-1.81948
-1.81911
-1.81874
-1.81839
-1.81803
-1.81766
-1.8173
-1.81695
-1.8166
-1.81626
-1.81593
-1.8156
-1.81527
-1.81495
-1.81463
-1.81432
-1.81401
-1.8137
-1.8134
-1.8131
-1.81281
-1.81251
-1.81222
-1.81194
-1.81166
-1.81138
-1.8111
-1.81083
-1.81056
-1.81029
-1.81003
-1.80977
-1.80952
-1.80926
-1.80901
-1.80877
-1.80853
-1.80829
-1.80805
-1.80782
-1.8076
-1.80738
-1.80716
-1.80694
-1.80673
-1.80653
-1.80633
-1.80613
-1.80594
-1.80575
-1.80556
-1.80539
-1.80521
-1.80504
-1.80488
-1.80472
-1.80457
-1.80442
-1.80428
-1.80414
-1.80401
-1.80388
-1.80376
-1.80365
-1.80354
-1.80344
-1.80335
-1.80326
-1.80318
-1.8031
-1.80303
-1.80297
-1.80291
-1.80287
-1.80282
-1.80279
-1.80276
-1.80275
-1.80273
-1.80273
-1.89835
-1.89833
-1.8983
-1.89828
-1.89825
-1.89822
-1.89819
-1.89816
-1.89813
-1.89809
-1.89804
-1.89715
-1.89728
-1.89726
-1.89721
-1.89717
-1.89712
-1.89707
-1.89702
-1.89696
-1.89691
-1.89685
-1.89679
-1.89672
-1.89666
-1.89659
-1.89652
-1.89645
-1.89637
-1.89629
-1.89619
-1.8961
-1.89602
-1.89592
-1.89583
-1.89573
-1.89564
-1.89554
-1.89544
-1.89534
-1.89524
-1.89513
-1.89503
-1.89492
-1.89482
-1.89471
-1.8946
-1.89449
-1.89438
-1.89427
-1.89415
-1.89403
-1.8939
-1.89378
-1.89365
-1.89352
-1.89339
-1.89325
-1.89311
-1.89297
-1.89283
-1.89268
-1.89254
-1.89239
-1.89224
-1.89208
-1.89193
-1.89177
-1.89161
-1.89145
-1.89129
-1.89112
-1.89095
-1.89078
-1.89061
-1.89043
-1.89026
-1.89008
-1.8899
-1.88971
-1.88953
-1.88934
-1.88915
-1.88896
-1.88877
-1.88858
-1.88838
-1.88818
-1.88798
-1.88778
-1.88757
-1.88737
-1.88716
-1.88695
-1.88673
-1.88652
-1.8863
-1.88608
-1.88585
-1.88563
-1.8854
-1.88518
-1.88494
-1.88471
-1.88447
-1.88424
-1.884
-1.88376
-1.88351
-1.8827
-1.88281
-1.8824
-1.88245
-1.88219
-1.88193
-1.88142
-1.88138
-1.88112
-1.88084
-1.88057
-1.88033
-1.87984
-1.8796
-1.87933
-1.8789
-1.87876
-1.8785
-1.87827
-1.87788
-1.87768
-1.8774
-1.87712
-1.87683
-1.87653
-1.87622
-1.87591
-1.87561
-1.87529
-1.87497
-1.87465
-1.87433
-1.874
-1.87368
-1.87335
-1.87301
-1.87266
-1.87232
-1.87197
-1.87163
-1.87128
-1.87093
-1.87059
-1.87024
-1.86989
-1.86954
-1.86919
-1.86871
-1.86839
-1.86804
-1.86773
-1.86737
-1.86701
-1.86666
-1.8663
-1.86594
-1.86558
-1.86523
-1.86487
-1.86452
-1.86416
-1.86381
-1.86345
-1.8631
-1.86274
-1.86239
-1.86204
-1.86169
-1.86136
-1.86099
-1.86064
-1.86032
-1.85998
-1.85961
-1.85925
-1.85889
-1.85854
-1.8582
-1.85786
-1.85752
-1.85718
-1.85681
-1.85653
-1.85632
-1.8557
-1.8556
-1.85532
-1.85499
-1.85435
-1.85386
-1.85355
-1.85337
-1.853
-1.85256
-1.85212
-1.85169
-1.85126
-1.85084
-1.85042
-1.85002
-1.84962
-1.84924
-1.84886
-1.84849
-1.84812
-1.84776
-1.8474
-1.84705
-1.8467
-1.84635
-1.84601
-1.84567
-1.84532
-1.84498
-1.84464
-1.84431
-1.84399
-1.84368
-1.84336
-1.84304
-1.84272
-1.84241
-1.84209
-1.84177
-1.84146
-1.84114
-1.84083
-1.84051
-1.8402
-1.83989
-1.83959
-1.83928
-1.83898
-1.83868
-1.83838
-1.83809
-1.83779
-1.8375
-1.83722
-1.83693
-1.83665
-1.83638
-1.8361
-1.83583
-1.83556
-1.8353
-1.83504
-1.83478
-1.83453
-1.83428
-1.83404
-1.8338
-1.83356
-1.83333
-1.83311
-1.83288
-1.83266
-1.83245
-1.83224
-1.83204
-1.83184
-1.83165
-1.83146
-1.83127
-1.83109
-1.83092
-1.83075
-1.83059
-1.83043
-1.83028
-1.83014
-1.83
-1.82987
-1.82974
-1.82962
-1.82951
-1.8294
-1.8293
-1.82921
-1.82912
-1.82904
-1.82897
-1.8289
-1.82884
-1.82879
-1.82875
-1.82871
-1.82868
-1.82866
-1.82865
-1.82865
-1.93217
-1.9321
-1.93203
-1.93197
-1.9319
-1.93182
-1.93175
-1.93167
-1.93159
-1.93151
-1.93142
-1.93134
-1.93125
-1.93117
-1.93108
-1.931
-1.9309
-1.93081
-1.93072
-1.93062
-1.93052
-1.93042
-1.93032
-1.93022
-1.93011
-1.93001
-1.9299
-1.92979
-1.92968
-1.92957
-1.92946
-1.92935
-1.92923
-1.92911
-1.92899
-1.92887
-1.92874
-1.92861
-1.92848
-1.92834
-1.92821
-1.92807
-1.92793
-1.92778
-1.92764
-1.92749
-1.92734
-1.92719
-1.92703
-1.92688
-1.92672
-1.92656
-1.92639
-1.92623
-1.92606
-1.92589
-1.92572
-1.92554
-1.92537
-1.92519
-1.92501
-1.92482
-1.92464
-1.92445
-1.92426
-1.92407
-1.92387
-1.92368
-1.92348
-1.92328
-1.92307
-1.92287
-1.92266
-1.92245
-1.92224
-1.92202
-1.92181
-1.92159
-1.92137
-1.92114
-1.92092
-1.92069
-1.92046
-1.92023
-1.91999
-1.91976
-1.91952
-1.91927
-1.91903
-1.91878
-1.91854
-1.91829
-1.91803
-1.91778
-1.91752
-1.91726
-1.917
-1.91673
-1.91646
-1.91619
-1.91592
-1.91565
-1.91537
-1.91509
-1.91481
-1.91452
-1.91424
-1.91395
-1.91366
-1.91337
-1.91307
-1.91277
-1.91247
-1.91217
-1.91186
-1.91156
-1.91125
-1.91094
-1.91062
-1.91031
-1.90999
-1.90967
-1.90935
-1.90902
-1.9087
-1.90837
-1.90804
-1.9077
-1.90737
-1.90703
-1.90668
-1.90634
-1.90599
-1.90565
-1.9053
-1.90494
-1.90459
-1.90423
-1.90387
-1.9035
-1.90313
-1.90276
-1.90238
-1.902
-1.90162
-1.90124
-1.90085
-1.90047
-1.90007
-1.89968
-1.89929
-1.89889
-1.89849
-1.89808
-1.89768
-1.89727
-1.89686
-1.89645
-1.89604
-1.89562
-1.89521
-1.89479
-1.89438
-1.89396
-1.89354
-1.89313
-1.89271
-1.8923
-1.89189
-1.89147
-1.89106
-1.89066
-1.89025
-1.88985
-1.88945
-1.88906
-1.88867
-1.88828
-1.88789
-1.8875
-1.8871
-1.88671
-1.88635
-1.88601
-1.88569
-1.88537
-1.88508
-1.8848
-1.88454
-1.88432
-1.88413
-1.88399
-1.88385
-1.88365
-1.88349
-1.88337
-1.88325
-1.883
-1.88268
-1.88232
-1.88189
-1.88143
-1.88095
-1.88047
-1.87999
-1.87951
-1.87903
-1.87856
-1.8781
-1.87764
-1.87719
-1.87674
-1.8763
-1.87586
-1.87543
-1.87501
-1.87459
-1.87418
-1.87377
-1.87336
-1.87296
-1.87256
-1.87217
-1.87178
-1.8714
-1.87102
-1.87065
-1.87028
-1.86991
-1.86954
-1.86917
-1.8688
-1.86844
-1.86808
-1.86772
-1.86737
-1.86703
-1.86668
-1.86634
-1.86601
-1.86568
-1.86535
-1.86502
-1.8647
-1.86438
-1.86407
-1.86376
-1.86345
-1.86315
-1.86285
-1.86256
-1.86226
-1.86198
-1.86169
-1.86141
-1.86114
-1.86087
-1.8606
-1.86034
-1.86008
-1.85982
-1.85957
-1.85933
-1.85909
-1.85885
-1.85862
-1.8584
-1.85818
-1.85796
-1.85775
-1.85754
-1.85735
-1.85715
-1.85696
-1.85678
-1.8566
-1.85643
-1.85627
-1.85611
-1.85596
-1.85581
-1.85567
-1.85554
-1.85541
-1.85529
-1.85518
-1.85507
-1.85497
-1.85488
-1.85479
-1.85472
-1.85465
-1.85459
-1.85453
-1.85449
-1.85445
-1.85442
-1.8544
-1.85439
-1.85438
-1.96664
-1.96656
-1.96647
-1.96638
-1.96629
-1.9662
-1.96611
-1.96601
-1.96591
-1.96581
-1.96571
-1.96561
-1.9655
-1.96539
-1.96527
-1.96516
-1.96504
-1.96492
-1.9648
-1.96468
-1.96455
-1.96442
-1.96429
-1.96416
-1.96403
-1.96389
-1.96375
-1.96361
-1.96347
-1.96332
-1.96318
-1.96303
-1.96287
-1.96272
-1.96256
-1.9624
-1.96224
-1.96208
-1.96191
-1.96175
-1.96158
-1.9614
-1.96123
-1.96105
-1.96087
-1.96069
-1.9605
-1.96032
-1.96013
-1.95993
-1.95974
-1.95954
-1.95934
-1.95914
-1.95894
-1.95873
-1.95852
-1.95831
-1.9581
-1.95788
-1.95766
-1.95744
-1.95722
-1.95699
-1.95677
-1.95653
-1.9563
-1.95607
-1.95583
-1.95559
-1.95535
-1.9551
-1.95485
-1.9546
-1.95435
-1.9541
-1.95384
-1.95358
-1.95332
-1.95305
-1.95279
-1.95252
-1.95225
-1.95197
-1.9517
-1.95142
-1.95114
-1.95086
-1.95057
-1.95028
-1.94999
-1.9497
-1.94941
-1.94911
-1.94881
-1.94851
-1.9482
-1.9479
-1.94759
-1.94728
-1.94696
-1.94665
-1.94633
-1.94601
-1.94569
-1.94536
-1.94503
-1.9447
-1.94437
-1.94404
-1.9437
-1.94336
-1.94302
-1.94268
-1.94233
-1.94198
-1.94163
-1.94128
-1.94092
-1.94057
-1.94021
-1.93985
-1.93948
-1.93912
-1.93875
-1.93838
-1.93801
-1.93764
-1.93726
-1.93688
-1.9365
-1.93612
-1.93574
-1.93535
-1.93497
-1.93458
-1.93419
-1.93379
-1.9334
-1.933
-1.9326
-1.9322
-1.9318
-1.9314
-1.931
-1.93059
-1.93018
-1.92977
-1.92937
-1.92895
-1.92854
-1.92813
-1.92772
-1.9273
-1.92689
-1.92647
-1.92605
-1.92564
-1.92522
-1.9248
-1.92438
-1.92396
-1.92354
-1.92312
-1.9227
-1.92228
-1.92186
-1.92143
-1.92101
-1.92059
-1.92017
-1.91975
-1.91933
-1.9189
-1.91848
-1.91806
-1.91764
-1.91721
-1.91679
-1.91637
-1.91595
-1.91553
-1.91511
-1.91469
-1.91427
-1.91386
-1.91346
-1.91306
-1.91265
-1.91223
-1.9118
-1.91138
-1.91096
-1.91053
-1.9101
-1.90967
-1.90924
-1.90882
-1.90839
-1.90797
-1.90755
-1.90713
-1.90671
-1.90629
-1.90587
-1.90544
-1.90502
-1.9046
-1.90419
-1.90377
-1.90335
-1.90294
-1.90252
-1.90211
-1.9017
-1.90129
-1.90088
-1.90047
-1.90007
-1.89967
-1.89927
-1.89887
-1.89847
-1.89808
-1.89769
-1.89729
-1.89691
-1.89652
-1.89614
-1.89576
-1.89539
-1.89502
-1.89465
-1.89429
-1.89393
-1.89357
-1.89321
-1.89285
-1.8925
-1.89215
-1.89181
-1.89146
-1.89112
-1.89079
-1.89045
-1.89012
-1.8898
-1.88947
-1.88915
-1.88884
-1.88853
-1.88822
-1.88792
-1.88762
-1.88732
-1.88703
-1.88675
-1.88647
-1.88619
-1.88592
-1.88565
-1.88539
-1.88513
-1.88488
-1.88463
-1.88438
-1.88415
-1.88391
-1.88369
-1.88347
-1.88325
-1.88304
-1.88284
-1.88264
-1.88245
-1.88226
-1.88208
-1.88191
-1.88174
-1.88158
-1.88143
-1.88128
-1.88114
-1.88101
-1.88088
-1.88076
-1.88065
-1.88054
-1.88045
-1.88036
-1.88028
-1.88021
-1.88014
-1.88008
-1.88004
-1.88
-1.87997
-1.87994
-1.87993
-1.87993
-2.00224
-2.00212
-2.00199
-2.00186
-2.00173
-2.0016
-2.00147
-2.00133
-2.00119
-2.00105
-2.00091
-2.00076
-2.00061
-2.00046
-2.00031
-2.00015
-2
-1.99984
-1.99967
-1.99951
-1.99934
-1.99917
-1.999
-1.99883
-1.99865
-1.99847
-1.99829
-1.9981
-1.99792
-1.99773
-1.99754
-1.99734
-1.99715
-1.99695
-1.99674
-1.99654
-1.99633
-1.99613
-1.99591
-1.9957
-1.99548
-1.99526
-1.99504
-1.99482
-1.99459
-1.99436
-1.99413
-1.9939
-1.99366
-1.99342
-1.99318
-1.99294
-1.99269
-1.99244
-1.99219
-1.99193
-1.99168
-1.99142
-1.99115
-1.99089
-1.99062
-1.99035
-1.99008
-1.98981
-1.98953
-1.98925
-1.98897
-1.98868
-1.98839
-1.9881
-1.98781
-1.98752
-1.98722
-1.98692
-1.98662
-1.98631
-1.986
-1.98569
-1.98538
-1.98507
-1.98475
-1.98443
-1.98411
-1.98378
-1.98346
-1.98313
-1.98279
-1.98246
-1.98212
-1.98178
-1.98144
-1.9811
-1.98075
-1.9804
-1.98005
-1.9797
-1.97934
-1.97899
-1.97863
-1.97826
-1.9779
-1.97753
-1.97716
-1.97679
-1.97642
-1.97604
-1.97566
-1.97528
-1.9749
-1.97452
-1.97413
-1.97374
-1.97335
-1.97295
-1.97256
-1.97216
-1.97176
-1.97136
-1.97096
-1.97055
-1.97014
-1.96973
-1.96932
-1.96891
-1.96849
-1.96808
-1.96766
-1.96724
-1.96681
-1.96639
-1.96596
-1.96553
-1.9651
-1.96467
-1.96424
-1.9638
-1.96337
-1.96293
-1.96249
-1.96204
-1.9616
-1.96116
-1.96071
-1.96026
-1.95981
-1.95936
-1.95891
-1.95845
-1.958
-1.95754
-1.95708
-1.95663
-1.95617
-1.95571
-1.95525
-1.95478
-1.95432
-1.95386
-1.95339
-1.95293
-1.95246
-1.952
-1.95153
-1.95106
-1.9506
-1.95013
-1.94967
-1.9492
-1.94874
-1.94827
-1.94781
-1.94734
-1.94688
-1.94642
-1.94596
-1.9455
-1.94504
-1.94459
-1.94413
-1.94368
-1.94323
-1.94278
-1.94233
-1.94189
-1.94144
-1.94099
-1.94055
-1.9401
-1.93967
-1.93925
-1.93882
-1.9384
-1.93798
-1.93756
-1.93713
-1.93671
-1.93628
-1.93586
-1.93542
-1.93499
-1.93455
-1.93411
-1.93367
-1.93323
-1.93278
-1.93234
-1.93189
-1.93144
-1.931
-1.93055
-1.93011
-1.92966
-1.92922
-1.92878
-1.92834
-1.9279
-1.92746
-1.92703
-1.9266
-1.92617
-1.92574
-1.92531
-1.92489
-1.92447
-1.92405
-1.92363
-1.92322
-1.92281
-1.9224
-1.92199
-1.92159
-1.92119
-1.9208
-1.92041
-1.92002
-1.91963
-1.91925
-1.91887
-1.9185
-1.91813
-1.91776
-1.9174
-1.91704
-1.91668
-1.91633
-1.91598
-1.91564
-1.9153
-1.91496
-1.91463
-1.9143
-1.91398
-1.91366
-1.91334
-1.91303
-1.91273
-1.91243
-1.91213
-1.91184
-1.91155
-1.91127
-1.91099
-1.91072
-1.91046
-1.9102
-1.90994
-1.90969
-1.90945
-1.90921
-1.90898
-1.90875
-1.90853
-1.90832
-1.90811
-1.90791
-1.90771
-1.90753
-1.90734
-1.90717
-1.907
-1.90684
-1.90669
-1.90654
-1.9064
-1.90627
-1.90614
-1.90603
-1.90592
-1.90582
-1.90572
-1.90564
-1.90556
-1.9055
-1.90544
-1.90539
-1.90534
-1.90531
-1.90529
-1.90527
-1.90527
-2.03836
-2.0382
-2.03803
-2.03786
-2.03769
-2.03751
-2.03733
-2.03715
-2.03697
-2.03679
-2.0366
-2.03641
-2.03622
-2.03602
-2.03583
-2.03563
-2.03542
-2.03522
-2.03501
-2.0348
-2.03459
-2.03437
-2.03415
-2.03393
-2.03371
-2.03348
-2.03325
-2.03302
-2.03279
-2.03255
-2.03231
-2.03207
-2.03183
-2.03158
-2.03133
-2.03108
-2.03082
-2.03056
-2.0303
-2.03004
-2.02977
-2.0295
-2.02923
-2.02896
-2.02868
-2.0284
-2.02812
-2.02783
-2.02755
-2.02726
-2.02696
-2.02667
-2.02637
-2.02607
-2.02576
-2.02546
-2.02515
-2.02484
-2.02452
-2.0242
-2.02389
-2.02356
-2.02324
-2.02291
-2.02258
-2.02225
-2.02191
-2.02157
-2.02123
-2.02089
-2.02054
-2.02019
-2.01984
-2.01949
-2.01913
-2.01878
-2.01841
-2.01805
-2.01768
-2.01732
-2.01694
-2.01657
-2.01619
-2.01582
-2.01543
-2.01505
-2.01467
-2.01428
-2.01389
-2.01349
-2.0131
-2.0127
-2.0123
-2.0119
-2.01149
-2.01109
-2.01068
-2.01027
-2.00985
-2.00944
-2.00902
-2.0086
-2.00818
-2.00775
-2.00733
-2.0069
-2.00647
-2.00603
-2.0056
-2.00516
-2.00472
-2.00428
-2.00384
-2.00339
-2.00295
-2.0025
-2.00205
-2.0016
-2.00114
-2.00069
-2.00023
-1.99977
-1.99931
-1.99884
-1.99838
-1.99791
-1.99745
-1.99698
-1.99651
-1.99603
-1.99556
-1.99508
-1.99461
-1.99413
-1.99365
-1.99317
-1.99269
-1.9922
-1.99172
-1.99123
-1.99074
-1.99026
-1.98977
-1.98928
-1.98879
-1.98829
-1.9878
-1.98731
-1.98681
-1.98632
-1.98582
-1.98532
-1.98483
-1.98433
-1.98383
-1.98333
-1.98283
-1.98233
-1.98183
-1.98133
-1.98083
-1.98033
-1.97982
-1.97932
-1.97882
-1.97832
-1.97782
-1.97732
-1.97682
-1.97632
-1.97581
-1.97531
-1.97481
-1.97431
-1.97381
-1.97332
-1.97282
-1.97232
-1.97182
-1.97132
-1.97083
-1.97033
-1.96984
-1.96934
-1.96885
-1.96835
-1.96786
-1.96737
-1.96688
-1.96639
-1.96591
-1.96542
-1.96493
-1.96445
-1.96396
-1.96348
-1.963
-1.96251
-1.96203
-1.96155
-1.96107
-1.9606
-1.96012
-1.95964
-1.95917
-1.9587
-1.95822
-1.95775
-1.95728
-1.95682
-1.95635
-1.95588
-1.95542
-1.95496
-1.9545
-1.95404
-1.95359
-1.95313
-1.95268
-1.95223
-1.95178
-1.95134
-1.9509
-1.95046
-1.95002
-1.94959
-1.94916
-1.94874
-1.94831
-1.94789
-1.94747
-1.94706
-1.94665
-1.94624
-1.94583
-1.94543
-1.94503
-1.94463
-1.94424
-1.94385
-1.94347
-1.94309
-1.94271
-1.94234
-1.94197
-1.9416
-1.94124
-1.94089
-1.94053
-1.94019
-1.93984
-1.9395
-1.93917
-1.93884
-1.93852
-1.9382
-1.93788
-1.93757
-1.93727
-1.93697
-1.93667
-1.93638
-1.9361
-1.93582
-1.93555
-1.93528
-1.93502
-1.93477
-1.93452
-1.93428
-1.93404
-1.93381
-1.93359
-1.93337
-1.93316
-1.93296
-1.93276
-1.93257
-1.93239
-1.93221
-1.93204
-1.93188
-1.93173
-1.93158
-1.93145
-1.93132
-1.93119
-1.93108
-1.93097
-1.93088
-1.93079
-1.93071
-1.93064
-1.93058
-1.93052
-1.93048
-1.93045
-1.93042
-1.93041
-1.9304
-2.07547
-2.07526
-2.07503
-2.07481
-2.07458
-2.07435
-2.07412
-2.07389
-2.07365
-2.07341
-2.07317
-2.07292
-2.07267
-2.07242
-2.07217
-2.07191
-2.07165
-2.07139
-2.07113
-2.07086
-2.07059
-2.07031
-2.07004
-2.06976
-2.06948
-2.06919
-2.0689
-2.06861
-2.06832
-2.06802
-2.06772
-2.06742
-2.06712
-2.06681
-2.0665
-2.06618
-2.06587
-2.06555
-2.06523
-2.0649
-2.06458
-2.06424
-2.06391
-2.06358
-2.06324
-2.06289
-2.06255
-2.0622
-2.06185
-2.0615
-2.06114
-2.06079
-2.06042
-2.06006
-2.05969
-2.05932
-2.05895
-2.05858
-2.0582
-2.05782
-2.05744
-2.05705
-2.05666
-2.05627
-2.05588
-2.05548
-2.05508
-2.05468
-2.05427
-2.05387
-2.05346
-2.05305
-2.05263
-2.05221
-2.05179
-2.05137
-2.05095
-2.05052
-2.05009
-2.04966
-2.04922
-2.04879
-2.04835
-2.04791
-2.04746
-2.04702
-2.04657
-2.04612
-2.04566
-2.04521
-2.04475
-2.04429
-2.04383
-2.04336
-2.0429
-2.04243
-2.04196
-2.04149
-2.04101
-2.04053
-2.04006
-2.03958
-2.03909
-2.03861
-2.03812
-2.03763
-2.03714
-2.03665
-2.03616
-2.03566
-2.03516
-2.03466
-2.03416
-2.03366
-2.03315
-2.03265
-2.03214
-2.03163
-2.03112
-2.03061
-2.03009
-2.02958
-2.02906
-2.02854
-2.02802
-2.0275
-2.02698
-2.02646
-2.02593
-2.02541
-2.02488
-2.02435
-2.02382
-2.02329
-2.02276
-2.02223
-2.0217
-2.02116
-2.02063
-2.02009
-2.01955
-2.01902
-2.01848
-2.01794
-2.0174
-2.01686
-2.01632
-2.01577
-2.01523
-2.01469
-2.01415
-2.0136
-2.01306
-2.01252
-2.01197
-2.01143
-2.01088
-2.01034
-2.00979
-2.00925
-2.00871
-2.00816
-2.00762
-2.00707
-2.00653
-2.00599
-2.00544
-2.0049
-2.00436
-2.00382
-2.00327
-2.00273
-2.00219
-2.00166
-2.00112
-2.00058
-2.00004
-1.99951
-1.99897
-1.99844
-1.99791
-1.99738
-1.99685
-1.99632
-1.99579
-1.99526
-1.99474
-1.99421
-1.99369
-1.99317
-1.99265
-1.99213
-1.99161
-1.99109
-1.99058
-1.99006
-1.98955
-1.98904
-1.98852
-1.98801
-1.98751
-1.987
-1.98649
-1.98599
-1.98548
-1.98498
-1.98448
-1.98399
-1.98349
-1.98299
-1.9825
-1.98201
-1.98152
-1.98103
-1.98055
-1.98007
-1.97959
-1.97911
-1.97863
-1.97816
-1.97769
-1.97722
-1.97676
-1.9763
-1.97584
-1.97538
-1.97493
-1.97448
-1.97403
-1.97359
-1.97315
-1.97271
-1.97228
-1.97185
-1.97143
-1.971
-1.97058
-1.97017
-1.96976
-1.96935
-1.96895
-1.96855
-1.96815
-1.96776
-1.96738
-1.967
-1.96662
-1.96625
-1.96588
-1.96551
-1.96515
-1.9648
-1.96445
-1.96411
-1.96377
-1.96343
-1.96311
-1.96278
-1.96246
-1.96215
-1.96185
-1.96154
-1.96125
-1.96096
-1.96068
-1.9604
-1.96013
-1.95986
-1.9596
-1.95935
-1.9591
-1.95886
-1.95863
-1.9584
-1.95819
-1.95797
-1.95777
-1.95757
-1.95738
-1.9572
-1.95702
-1.95686
-1.9567
-1.95655
-1.9564
-1.95627
-1.95614
-1.95602
-1.95591
-1.95581
-1.95572
-1.95564
-1.95556
-1.9555
-1.95545
-1.9554
-1.95536
-1.95534
-1.95532
-1.95532
-2.11317
-2.11289
-2.1126
-2.11231
-2.11202
-2.11173
-2.11144
-2.11114
-2.11084
-2.11054
-2.11023
-2.10992
-2.10961
-2.10929
-2.10897
-2.10865
-2.10833
-2.108
-2.10767
-2.10733
-2.107
-2.10666
-2.10632
-2.10597
-2.10562
-2.10527
-2.10491
-2.10456
-2.1042
-2.10383
-2.10346
-2.1031
-2.10272
-2.10235
-2.10197
-2.10159
-2.1012
-2.10081
-2.10042
-2.10003
-2.09963
-2.09923
-2.09883
-2.09843
-2.09802
-2.09761
-2.09719
-2.09678
-2.09636
-2.09593
-2.09551
-2.09508
-2.09465
-2.09422
-2.09378
-2.09334
-2.0929
-2.09245
-2.09201
-2.09155
-2.0911
-2.09065
-2.09019
-2.08973
-2.08926
-2.0888
-2.08833
-2.08786
-2.08738
-2.08691
-2.08643
-2.08595
-2.08546
-2.08498
-2.08449
-2.084
-2.0835
-2.08301
-2.08251
-2.08201
-2.08151
-2.081
-2.08049
-2.07999
-2.07947
-2.07896
-2.07844
-2.07793
-2.07741
-2.07688
-2.07636
-2.07583
-2.0753
-2.07477
-2.07424
-2.07371
-2.07317
-2.07263
-2.0721
-2.07155
-2.07101
-2.07047
-2.06992
-2.06937
-2.06882
-2.06827
-2.06772
-2.06716
-2.06661
-2.06605
-2.06549
-2.06493
-2.06437
-2.0638
-2.06324
-2.06267
-2.0621
-2.06154
-2.06097
-2.06039
-2.05982
-2.05925
-2.05868
-2.0581
-2.05752
-2.05695
-2.05637
-2.05579
-2.05521
-2.05463
-2.05405
-2.05346
-2.05288
-2.0523
-2.05171
-2.05113
-2.05054
-2.04995
-2.04937
-2.04878
-2.04819
-2.0476
-2.04701
-2.04642
-2.04584
-2.04525
-2.04466
-2.04407
-2.04348
-2.04289
-2.0423
-2.0417
-2.04111
-2.04052
-2.03993
-2.03934
-2.03875
-2.03817
-2.03758
-2.03699
-2.0364
-2.03581
-2.03522
-2.03464
-2.03405
-2.03346
-2.03288
-2.03229
-2.03171
-2.03112
-2.03054
-2.02996
-2.02938
-2.0288
-2.02822
-2.02764
-2.02707
-2.02649
-2.02591
-2.02534
-2.02477
-2.0242
-2.02363
-2.02306
-2.02249
-2.02193
-2.02136
-2.0208
-2.02024
-2.01968
-2.01912
-2.01856
-2.01801
-2.01745
-2.0169
-2.01635
-2.0158
-2.01526
-2.01471
-2.01417
-2.01363
-2.01309
-2.01255
-2.01202
-2.01149
-2.01096
-2.01043
-2.0099
-2.00938
-2.00886
-2.00834
-2.00782
-2.00731
-2.0068
-2.00629
-2.00578
-2.00528
-2.00478
-2.00428
-2.00378
-2.00329
-2.0028
-2.00232
-2.00183
-2.00135
-2.00088
-2.00041
-1.99994
-1.99947
-1.99901
-1.99855
-1.99809
-1.99764
-1.99719
-1.99675
-1.99631
-1.99587
-1.99544
-1.99501
-1.99459
-1.99417
-1.99375
-1.99334
-1.99293
-1.99253
-1.99213
-1.99174
-1.99135
-1.99097
-1.99059
-1.99022
-1.98985
-1.98949
-1.98913
-1.98878
-1.98843
-1.98809
-1.98775
-1.98742
-1.9871
-1.98678
-1.98646
-1.98616
-1.98586
-1.98556
-1.98527
-1.98499
-1.98472
-1.98445
-1.98418
-1.98393
-1.98368
-1.98344
-1.98321
-1.98298
-1.98276
-1.98255
-1.98234
-1.98214
-1.98196
-1.98177
-1.9816
-1.98144
-1.98128
-1.98113
-1.98099
-1.98086
-1.98074
-1.98062
-1.98052
-1.98042
-1.98034
-1.98026
-1.98019
-1.98014
-1.98009
-1.98005
-1.98003
-1.98001
-1.98001
-2.1518
-2.15145
-2.15108
-2.15072
-2.15036
-2.14999
-2.14962
-2.14924
-2.14886
-2.14848
-2.1481
-2.14771
-2.14732
-2.14692
-2.14652
-2.14612
-2.14572
-2.14531
-2.1449
-2.14449
-2.14407
-2.14365
-2.14323
-2.1428
-2.14237
-2.14194
-2.1415
-2.14106
-2.14062
-2.14017
-2.13972
-2.13927
-2.13882
-2.13836
-2.1379
-2.13743
-2.13696
-2.13649
-2.13602
-2.13555
-2.13507
-2.13458
-2.1341
-2.13361
-2.13312
-2.13263
-2.13213
-2.13163
-2.13113
-2.13062
-2.13011
-2.1296
-2.12909
-2.12857
-2.12806
-2.12753
-2.12701
-2.12648
-2.12595
-2.12542
-2.12489
-2.12435
-2.12381
-2.12327
-2.12273
-2.12218
-2.12163
-2.12108
-2.12052
-2.11997
-2.11941
-2.11885
-2.11829
-2.11772
-2.11715
-2.11658
-2.11601
-2.11544
-2.11486
-2.11428
-2.1137
-2.11312
-2.11254
-2.11195
-2.11137
-2.11078
-2.11018
-2.10959
-2.109
-2.1084
-2.1078
-2.1072
-2.1066
-2.106
-2.10539
-2.10479
-2.10418
-2.10357
-2.10296
-2.10235
-2.10173
-2.10112
-2.1005
-2.09988
-2.09927
-2.09865
-2.09802
-2.0974
-2.09678
-2.09615
-2.09553
-2.0949
-2.09427
-2.09365
-2.09302
-2.09239
-2.09176
-2.09112
-2.09049
-2.08986
-2.08922
-2.08859
-2.08795
-2.08732
-2.08668
-2.08604
-2.08541
-2.08477
-2.08413
-2.08349
-2.08285
-2.08221
-2.08157
-2.08093
-2.08029
-2.07965
-2.07901
-2.07837
-2.07773
-2.07709
-2.07645
-2.07581
-2.07517
-2.07453
-2.07389
-2.07325
-2.07261
-2.07197
-2.07133
-2.07069
-2.07005
-2.06941
-2.06877
-2.06814
-2.0675
-2.06687
-2.06623
-2.06559
-2.06496
-2.06433
-2.0637
-2.06306
-2.06243
-2.0618
-2.06117
-2.06055
-2.05992
-2.05929
-2.05867
-2.05805
-2.05742
-2.0568
-2.05618
-2.05556
-2.05495
-2.05433
-2.05371
-2.0531
-2.05249
-2.05188
-2.05127
-2.05066
-2.05006
-2.04946
-2.04885
-2.04825
-2.04766
-2.04706
-2.04646
-2.04587
-2.04528
-2.04469
-2.0441
-2.04352
-2.04294
-2.04236
-2.04178
-2.0412
-2.04063
-2.04005
-2.03948
-2.03892
-2.03835
-2.03779
-2.03723
-2.03667
-2.03611
-2.03556
-2.03501
-2.03446
-2.03392
-2.03338
-2.03284
-2.0323
-2.03177
-2.03124
-2.03071
-2.03019
-2.02966
-2.02915
-2.02863
-2.02812
-2.02761
-2.02711
-2.02661
-2.02611
-2.02562
-2.02513
-2.02464
-2.02416
-2.02368
-2.0232
-2.02273
-2.02227
-2.0218
-2.02134
-2.02089
-2.02044
-2.02
-2.01955
-2.01912
-2.01869
-2.01826
-2.01784
-2.01742
-2.01701
-2.0166
-2.0162
-2.0158
-2.01541
-2.01502
-2.01464
-2.01426
-2.01389
-2.01353
-2.01317
-2.01281
-2.01246
-2.01212
-2.01179
-2.01146
-2.01113
-2.01081
-2.0105
-2.0102
-2.0099
-2.00961
-2.00932
-2.00905
-2.00877
-2.00851
-2.00825
-2.008
-2.00776
-2.00753
-2.0073
-2.00708
-2.00687
-2.00667
-2.00647
-2.00628
-2.0061
-2.00593
-2.00577
-2.00562
-2.00547
-2.00534
-2.00521
-2.0051
-2.00499
-2.00489
-2.0048
-2.00472
-2.00465
-2.0046
-2.00455
-2.00451
-2.00448
-2.00447
-2.00446
-2.1909
-2.19046
-2.19001
-2.18956
-2.1891
-2.18865
-2.18818
-2.18772
-2.18725
-2.18678
-2.18631
-2.18583
-2.18534
-2.18486
-2.18437
-2.18388
-2.18338
-2.18288
-2.18238
-2.18187
-2.18136
-2.18085
-2.18033
-2.17981
-2.17929
-2.17877
-2.17824
-2.1777
-2.17717
-2.17663
-2.17609
-2.17554
-2.17499
-2.17444
-2.17389
-2.17333
-2.17277
-2.17221
-2.17164
-2.17107
-2.1705
-2.16992
-2.16935
-2.16877
-2.16818
-2.1676
-2.16701
-2.16642
-2.16582
-2.16523
-2.16463
-2.16402
-2.16342
-2.16281
-2.1622
-2.16159
-2.16098
-2.16036
-2.15974
-2.15912
-2.1585
-2.15787
-2.15724
-2.15661
-2.15598
-2.15535
-2.15471
-2.15407
-2.15343
-2.15279
-2.15214
-2.1515
-2.15085
-2.1502
-2.14955
-2.14889
-2.14824
-2.14758
-2.14692
-2.14626
-2.1456
-2.14494
-2.14427
-2.14361
-2.14294
-2.14227
-2.1416
-2.14093
-2.14025
-2.13958
-2.1389
-2.13822
-2.13755
-2.13687
-2.13619
-2.1355
-2.13482
-2.13414
-2.13345
-2.13277
-2.13208
-2.1314
-2.13071
-2.13002
-2.12933
-2.12864
-2.12795
-2.12726
-2.12656
-2.12587
-2.12518
-2.12448
-2.12379
-2.1231
-2.1224
-2.12171
-2.12101
-2.12031
-2.11962
-2.11892
-2.11822
-2.11753
-2.11683
-2.11613
-2.11544
-2.11474
-2.11404
-2.11335
-2.11265
-2.11195
-2.11126
-2.11056
-2.10986
-2.10917
-2.10847
-2.10778
-2.10708
-2.10639
-2.10569
-2.105
-2.10431
-2.10361
-2.10292
-2.10223
-2.10154
-2.10085
-2.10016
-2.09947
-2.09878
-2.09809
-2.09741
-2.09672
-2.09604
-2.09536
-2.09467
-2.09399
-2.09331
-2.09263
-2.09195
-2.09128
-2.0906
-2.08993
-2.08925
-2.08858
-2.08791
-2.08724
-2.08657
-2.08591
-2.08524
-2.08458
-2.08392
-2.08326
-2.0826
-2.08194
-2.08129
-2.08063
-2.07998
-2.07933
-2.07868
-2.07804
-2.07739
-2.07675
-2.07611
-2.07547
-2.07484
-2.0742
-2.07357
-2.07294
-2.07232
-2.07169
-2.07107
-2.07045
-2.06983
-2.06921
-2.0686
-2.06799
-2.06738
-2.06678
-2.06617
-2.06557
-2.06498
-2.06438
-2.06379
-2.0632
-2.06261
-2.06203
-2.06145
-2.06087
-2.06029
-2.05972
-2.05915
-2.05859
-2.05803
-2.05747
-2.05691
-2.05636
-2.05581
-2.05526
-2.05472
-2.05418
-2.05365
-2.05312
-2.05259
-2.05206
-2.05154
-2.05103
-2.05051
-2.05001
-2.0495
-2.049
-2.04851
-2.04801
-2.04753
-2.04704
-2.04656
-2.04609
-2.04562
-2.04515
-2.04469
-2.04424
-2.04378
-2.04334
-2.0429
-2.04246
-2.04203
-2.0416
-2.04118
-2.04076
-2.04035
-2.03995
-2.03955
-2.03915
-2.03877
-2.03838
-2.03801
-2.03764
-2.03727
-2.03691
-2.03656
-2.03621
-2.03587
-2.03554
-2.03521
-2.03489
-2.03458
-2.03427
-2.03397
-2.03367
-2.03339
-2.03311
-2.03284
-2.03257
-2.03232
-2.03207
-2.03183
-2.03159
-2.03137
-2.03115
-2.03094
-2.03074
-2.03055
-2.03036
-2.03019
-2.03002
-2.02986
-2.02971
-2.02957
-2.02944
-2.02932
-2.02921
-2.02911
-2.02902
-2.02894
-2.02887
-2.02881
-2.02876
-2.02872
-2.02869
-2.02868
-2.02867
-2.23095
-2.2304
-2.22983
-2.22926
-2.22869
-2.22812
-2.22754
-2.22696
-2.22638
-2.22579
-2.2252
-2.2246
-2.22401
-2.22341
-2.2228
-2.22219
-2.22158
-2.22096
-2.22035
-2.21972
-2.2191
-2.21847
-2.21784
-2.21721
-2.21657
-2.21593
-2.21528
-2.21464
-2.21399
-2.21333
-2.21268
-2.21202
-2.21136
-2.21069
-2.21003
-2.20936
-2.20869
-2.20801
-2.20733
-2.20665
-2.20597
-2.20529
-2.2046
-2.20391
-2.20322
-2.20252
-2.20183
-2.20113
-2.20043
-2.19972
-2.19902
-2.19831
-2.1976
-2.19689
-2.19617
-2.19546
-2.19474
-2.19402
-2.1933
-2.19258
-2.19185
-2.19113
-2.1904
-2.18967
-2.18894
-2.18821
-2.18747
-2.18674
-2.186
-2.18526
-2.18452
-2.18378
-2.18304
-2.1823
-2.18155
-2.18081
-2.18006
-2.17931
-2.17857
-2.17782
-2.17707
-2.17631
-2.17556
-2.17481
-2.17405
-2.1733
-2.17254
-2.17179
-2.17103
-2.17027
-2.16952
-2.16876
-2.168
-2.16724
-2.16648
-2.16572
-2.16496
-2.1642
-2.16344
-2.16267
-2.16191
-2.16115
-2.16039
-2.15963
-2.15886
-2.1581
-2.15734
-2.15658
-2.15581
-2.15505
-2.15429
-2.15353
-2.15276
-2.152
-2.15124
-2.15048
-2.14972
-2.14896
-2.1482
-2.14744
-2.14668
-2.14592
-2.14516
-2.1444
-2.14365
-2.14289
-2.14213
-2.14138
-2.14062
-2.13987
-2.13912
-2.13837
-2.13761
-2.13686
-2.13611
-2.13536
-2.13462
-2.13387
-2.13312
-2.13238
-2.13163
-2.13089
-2.13015
-2.12941
-2.12867
-2.12793
-2.12719
-2.12646
-2.12572
-2.12499
-2.12426
-2.12353
-2.1228
-2.12207
-2.12134
-2.12062
-2.1199
-2.11918
-2.11846
-2.11774
-2.11702
-2.11631
-2.11559
-2.11488
-2.11417
-2.11346
-2.11276
-2.11206
-2.11135
-2.11065
-2.10996
-2.10926
-2.10857
-2.10787
-2.10718
-2.1065
-2.10581
-2.10513
-2.10445
-2.10377
-2.10309
-2.10242
-2.10175
-2.10108
-2.10041
-2.09975
-2.09908
-2.09843
-2.09777
-2.09711
-2.09646
-2.09581
-2.09517
-2.09453
-2.09389
-2.09325
-2.09261
-2.09198
-2.09135
-2.09073
-2.0901
-2.08948
-2.08887
-2.08825
-2.08764
-2.08703
-2.08643
-2.08583
-2.08523
-2.08464
-2.08405
-2.08346
-2.08288
-2.0823
-2.08172
-2.08115
-2.08058
-2.08001
-2.07945
-2.07889
-2.07834
-2.07779
-2.07724
-2.0767
-2.07616
-2.07563
-2.0751
-2.07457
-2.07405
-2.07353
-2.07302
-2.07251
-2.07201
-2.07151
-2.07102
-2.07053
-2.07004
-2.06956
-2.06909
-2.06862
-2.06815
-2.06769
-2.06724
-2.06679
-2.06634
-2.0659
-2.06547
-2.06504
-2.06462
-2.0642
-2.06379
-2.06339
-2.06299
-2.06259
-2.06221
-2.06183
-2.06145
-2.06108
-2.06072
-2.06036
-2.06002
-2.05967
-2.05934
-2.05901
-2.05869
-2.05837
-2.05806
-2.05776
-2.05747
-2.05718
-2.0569
-2.05663
-2.05637
-2.05611
-2.05586
-2.05563
-2.05539
-2.05517
-2.05496
-2.05475
-2.05455
-2.05436
-2.05418
-2.05401
-2.05385
-2.0537
-2.05356
-2.05342
-2.0533
-2.05319
-2.05308
-2.05299
-2.05291
-2.05284
-2.05277
-2.05272
-2.05268
-2.05266
-2.05264
-2.05263
-2.27119
-2.27049
-2.26978
-2.26907
-2.26837
-2.26765
-2.26694
-2.26622
-2.2655
-2.26477
-2.26404
-2.26331
-2.26258
-2.26184
-2.26109
-2.26035
-2.2596
-2.25885
-2.2581
-2.25734
-2.25658
-2.25582
-2.25506
-2.25429
-2.25352
-2.25275
-2.25197
-2.25119
-2.25042
-2.24963
-2.24885
-2.24806
-2.24727
-2.24648
-2.24569
-2.2449
-2.2441
-2.2433
-2.2425
-2.2417
-2.24089
-2.24009
-2.23928
-2.23847
-2.23766
-2.23684
-2.23603
-2.23521
-2.2344
-2.23358
-2.23276
-2.23194
-2.23112
-2.23029
-2.22947
-2.22864
-2.22782
-2.22699
-2.22616
-2.22533
-2.2245
-2.22367
-2.22284
-2.222
-2.22117
-2.22033
-2.2195
-2.21866
-2.21783
-2.21699
-2.21615
-2.21532
-2.21448
-2.21364
-2.2128
-2.21196
-2.21112
-2.21028
-2.20944
-2.2086
-2.20776
-2.20692
-2.20608
-2.20524
-2.2044
-2.20356
-2.20272
-2.20188
-2.20104
-2.2002
-2.19937
-2.19853
-2.19769
-2.19685
-2.19601
-2.19517
-2.19434
-2.1935
-2.19266
-2.19183
-2.19099
-2.19016
-2.18932
-2.18849
-2.18766
-2.18683
-2.18599
-2.18516
-2.18433
-2.1835
-2.18268
-2.18185
-2.18102
-2.1802
-2.17937
-2.17855
-2.17773
-2.1769
-2.17608
-2.17526
-2.17445
-2.17363
-2.17281
-2.172
-2.17118
-2.17037
-2.16956
-2.16875
-2.16794
-2.16713
-2.16633
-2.16552
-2.16472
-2.16392
-2.16312
-2.16232
-2.16152
-2.16072
-2.15993
-2.15914
-2.15835
-2.15756
-2.15677
-2.15598
-2.1552
-2.15441
-2.15363
-2.15285
-2.15208
-2.1513
-2.15053
-2.14976
-2.14899
-2.14822
-2.14745
-2.14669
-2.14593
-2.14517
-2.14441
-2.14365
-2.1429
-2.14215
-2.1414
-2.14065
-2.13991
-2.13916
-2.13842
-2.13769
-2.13695
-2.13622
-2.13549
-2.13476
-2.13403
-2.13331
-2.13259
-2.13187
-2.13115
-2.13044
-2.12973
-2.12902
-2.12832
-2.12761
-2.12691
-2.12622
-2.12552
-2.12483
-2.12414
-2.12346
-2.12277
-2.12209
-2.12142
-2.12074
-2.12007
-2.1194
-2.11874
-2.11808
-2.11742
-2.11676
-2.11611
-2.11546
-2.11482
-2.11418
-2.11354
-2.1129
-2.11227
-2.11164
-2.11102
-2.1104
-2.10978
-2.10917
-2.10856
-2.10795
-2.10735
-2.10675
-2.10616
-2.10557
-2.10498
-2.1044
-2.10382
-2.10324
-2.10267
-2.10211
-2.10154
-2.10099
-2.10043
-2.09988
-2.09934
-2.0988
-2.09826
-2.09773
-2.0972
-2.09668
-2.09617
-2.09565
-2.09515
-2.09464
-2.09415
-2.09365
-2.09317
-2.09268
-2.09221
-2.09174
-2.09127
-2.09081
-2.09035
-2.0899
-2.08946
-2.08902
-2.08859
-2.08816
-2.08774
-2.08733
-2.08692
-2.08652
-2.08612
-2.08573
-2.08535
-2.08497
-2.0846
-2.08423
-2.08388
-2.08353
-2.08318
-2.08285
-2.08252
-2.0822
-2.08188
-2.08157
-2.08127
-2.08098
-2.0807
-2.08042
-2.08015
-2.07989
-2.07964
-2.07939
-2.07916
-2.07893
-2.07871
-2.0785
-2.0783
-2.0781
-2.07792
-2.07775
-2.07758
-2.07743
-2.07728
-2.07715
-2.07702
-2.0769
-2.0768
-2.0767
-2.07662
-2.07655
-2.07648
-2.07643
-2.07639
-2.07636
-2.07634
-2.07634
-2.31176
-2.31088
-2.30999
-2.3091
-2.30821
-2.30731
-2.30642
-2.30552
-2.30462
-2.30372
-2.30282
-2.30191
-2.301
-2.30009
-2.29918
-2.29827
-2.29735
-2.29643
-2.29552
-2.2946
-2.29367
-2.29275
-2.29183
-2.2909
-2.28997
-2.28904
-2.28812
-2.28718
-2.28625
-2.28532
-2.28439
-2.28345
-2.28252
-2.28158
-2.28064
-2.27971
-2.27877
-2.27783
-2.27689
-2.27595
-2.27501
-2.27407
-2.27313
-2.27219
-2.27124
-2.2703
-2.26936
-2.26842
-2.26747
-2.26653
-2.26559
-2.26465
-2.2637
-2.26276
-2.26182
-2.26088
-2.25993
-2.25899
-2.25805
-2.25711
-2.25617
-2.25523
-2.25429
-2.25335
-2.25241
-2.25147
-2.25053
-2.24959
-2.24866
-2.24772
-2.24678
-2.24585
-2.24491
-2.24398
-2.24305
-2.24211
-2.24118
-2.24025
-2.23932
-2.23839
-2.23747
-2.23654
-2.23561
-2.23469
-2.23376
-2.23284
-2.23192
-2.231
-2.23008
-2.22916
-2.22824
-2.22733
-2.22641
-2.2255
-2.22459
-2.22368
-2.22277
-2.22186
-2.22095
-2.22005
-2.21914
-2.21824
-2.21734
-2.21644
-2.21554
-2.21464
-2.21375
-2.21285
-2.21196
-2.21107
-2.21018
-2.20929
-2.20841
-2.20752
-2.20664
-2.20576
-2.20488
-2.204
-2.20313
-2.20225
-2.20138
-2.20051
-2.19964
-2.19877
-2.19791
-2.19705
-2.19619
-2.19533
-2.19447
-2.19361
-2.19276
-2.19191
-2.19106
-2.19021
-2.18937
-2.18852
-2.18768
-2.18684
-2.18601
-2.18517
-2.18434
-2.18351
-2.18268
-2.18185
-2.18103
-2.18021
-2.17939
-2.17857
-2.17776
-2.17695
-2.17614
-2.17533
-2.17452
-2.17372
-2.17292
-2.17212
-2.17133
-2.17053
-2.16974
-2.16895
-2.16817
-2.16739
-2.16661
-2.16583
-2.16505
-2.16428
-2.16351
-2.16274
-2.16198
-2.16122
-2.16046
-2.1597
-2.15895
-2.1582
-2.15745
-2.15671
-2.15596
-2.15523
-2.15449
-2.15376
-2.15303
-2.1523
-2.15158
-2.15086
-2.15014
-2.14942
-2.14871
-2.148
-2.1473
-2.1466
-2.1459
-2.14521
-2.14451
-2.14383
-2.14314
-2.14246
-2.14178
-2.14111
-2.14044
-2.13977
-2.13911
-2.13844
-2.13779
-2.13714
-2.13649
-2.13584
-2.1352
-2.13456
-2.13393
-2.1333
-2.13267
-2.13205
-2.13143
-2.13082
-2.13021
-2.1296
-2.129
-2.1284
-2.12781
-2.12722
-2.12664
-2.12606
-2.12548
-2.12491
-2.12434
-2.12378
-2.12323
-2.12267
-2.12213
-2.12158
-2.12104
-2.12051
-2.11998
-2.11946
-2.11894
-2.11843
-2.11792
-2.11742
-2.11692
-2.11643
-2.11594
-2.11546
-2.11498
-2.11451
-2.11405
-2.11359
-2.11314
-2.11269
-2.11225
-2.11182
-2.11139
-2.11096
-2.11055
-2.11014
-2.10973
-2.10934
-2.10895
-2.10856
-2.10818
-2.10781
-2.10745
-2.10709
-2.10674
-2.1064
-2.10607
-2.10574
-2.10542
-2.1051
-2.1048
-2.1045
-2.10421
-2.10393
-2.10366
-2.10339
-2.10313
-2.10289
-2.10265
-2.10241
-2.10219
-2.10198
-2.10177
-2.10158
-2.10139
-2.10121
-2.10105
-2.10089
-2.10074
-2.1006
-2.10047
-2.10036
-2.10025
-2.10015
-2.10007
-2.09999
-2.09993
-2.09988
-2.09984
-2.09981
-2.09979
-2.09978
-2.35119
-2.35009
-2.34898
-2.34787
-2.34677
-2.34566
-2.34456
-2.34345
-2.34235
-2.34125
-2.34014
-2.33904
-2.33794
-2.33684
-2.33573
-2.33463
-2.33353
-2.33243
-2.33133
-2.33024
-2.32914
-2.32804
-2.32695
-2.32585
-2.32476
-2.32366
-2.32257
-2.32148
-2.32039
-2.3193
-2.31821
-2.31713
-2.31604
-2.31496
-2.31387
-2.31279
-2.31171
-2.31063
-2.30955
-2.30848
-2.3074
-2.30633
-2.30525
-2.30418
-2.30311
-2.30205
-2.30098
-2.29991
-2.29885
-2.29779
-2.29673
-2.29567
-2.29461
-2.29356
-2.29251
-2.29145
-2.2904
-2.28936
-2.28831
-2.28726
-2.28622
-2.28518
-2.28414
-2.2831
-2.28207
-2.28103
-2.28
-2.27897
-2.27794
-2.27692
-2.27589
-2.27487
-2.27385
-2.27283
-2.27181
-2.2708
-2.26978
-2.26877
-2.26776
-2.26676
-2.26575
-2.26475
-2.26375
-2.26275
-2.26175
-2.26076
-2.25977
-2.25878
-2.25779
-2.2568
-2.25582
-2.25484
-2.25386
-2.25288
-2.2519
-2.25093
-2.24996
-2.24899
-2.24802
-2.24706
-2.2461
-2.24514
-2.24418
-2.24322
-2.24227
-2.24132
-2.24037
-2.23942
-2.23848
-2.23754
-2.2366
-2.23566
-2.23472
-2.23379
-2.23286
-2.23193
-2.23101
-2.23008
-2.22916
-2.22824
-2.22733
-2.22641
-2.2255
-2.22459
-2.22369
-2.22278
-2.22188
-2.22098
-2.22008
-2.21919
-2.2183
-2.21741
-2.21652
-2.21564
-2.21476
-2.21388
-2.213
-2.21213
-2.21126
-2.21039
-2.20952
-2.20866
-2.2078
-2.20694
-2.20608
-2.20523
-2.20438
-2.20353
-2.20269
-2.20185
-2.20101
-2.20017
-2.19934
-2.19851
-2.19768
-2.19685
-2.19603
-2.19521
-2.19439
-2.19358
-2.19277
-2.19196
-2.19116
-2.19035
-2.18955
-2.18876
-2.18797
-2.18718
-2.18639
-2.1856
-2.18482
-2.18405
-2.18327
-2.1825
-2.18173
-2.18097
-2.1802
-2.17944
-2.17869
-2.17794
-2.17719
-2.17644
-2.1757
-2.17496
-2.17422
-2.17349
-2.17276
-2.17204
-2.17132
-2.1706
-2.16988
-2.16917
-2.16846
-2.16776
-2.16706
-2.16636
-2.16567
-2.16498
-2.16429
-2.16361
-2.16293
-2.16226
-2.16159
-2.16092
-2.16026
-2.1596
-2.15894
-2.15829
-2.15765
-2.157
-2.15637
-2.15573
-2.1551
-2.15448
-2.15385
-2.15324
-2.15262
-2.15202
-2.15141
-2.15081
-2.15022
-2.14963
-2.14904
-2.14846
-2.14788
-2.14731
-2.14674
-2.14618
-2.14563
-2.14507
-2.14453
-2.14398
-2.14345
-2.14292
-2.14239
-2.14187
-2.14135
-2.14084
-2.14033
-2.13984
-2.13934
-2.13885
-2.13837
-2.13789
-2.13742
-2.13696
-2.1365
-2.13604
-2.13559
-2.13515
-2.13472
-2.13429
-2.13387
-2.13345
-2.13304
-2.13264
-2.13224
-2.13185
-2.13147
-2.1311
-2.13073
-2.13037
-2.13001
-2.12966
-2.12932
-2.12899
-2.12867
-2.12835
-2.12804
-2.12774
-2.12745
-2.12716
-2.12688
-2.12662
-2.12635
-2.1261
-2.12586
-2.12563
-2.1254
-2.12518
-2.12498
-2.12478
-2.12459
-2.12441
-2.12424
-2.12408
-2.12393
-2.12379
-2.12366
-2.12354
-2.12343
-2.12334
-2.12325
-2.12317
-2.12311
-2.12306
-2.12302
-2.12299
-2.12297
-2.12296
-2.38776
-2.38643
-2.38509
-2.38376
-2.38244
-2.38112
-2.3798
-2.37849
-2.37719
-2.37588
-2.37458
-2.37329
-2.372
-2.37071
-2.36942
-2.36814
-2.36687
-2.36559
-2.36432
-2.36306
-2.3618
-2.36054
-2.35928
-2.35803
-2.35678
-2.35554
-2.3543
-2.35306
-2.35183
-2.3506
-2.34938
-2.34815
-2.34693
-2.34572
-2.34451
-2.3433
-2.34209
-2.34089
-2.3397
-2.3385
-2.33731
-2.33612
-2.33494
-2.33376
-2.33258
-2.33141
-2.33024
-2.32907
-2.3279
-2.32674
-2.32559
-2.32443
-2.32328
-2.32213
-2.32099
-2.31985
-2.31871
-2.31757
-2.31644
-2.31531
-2.31419
-2.31307
-2.31195
-2.31083
-2.30972
-2.30861
-2.3075
-2.3064
-2.3053
-2.3042
-2.30311
-2.30202
-2.30093
-2.29984
-2.29876
-2.29768
-2.29661
-2.29553
-2.29446
-2.2934
-2.29233
-2.29127
-2.29021
-2.28916
-2.28811
-2.28706
-2.28601
-2.28497
-2.28393
-2.28289
-2.28186
-2.28083
-2.2798
-2.27877
-2.27775
-2.27673
-2.27571
-2.2747
-2.27369
-2.27268
-2.27167
-2.27067
-2.26967
-2.26867
-2.26768
-2.26669
-2.2657
-2.26471
-2.26373
-2.26275
-2.26178
-2.2608
-2.25983
-2.25886
-2.2579
-2.25693
-2.25597
-2.25502
-2.25406
-2.25311
-2.25217
-2.25122
-2.25028
-2.24934
-2.2484
-2.24747
-2.24654
-2.24561
-2.24469
-2.24376
-2.24284
-2.24193
-2.24101
-2.2401
-2.2392
-2.23829
-2.23739
-2.23649
-2.2356
-2.2347
-2.23381
-2.23293
-2.23204
-2.23116
-2.23029
-2.22941
-2.22854
-2.22767
-2.2268
-2.22594
-2.22508
-2.22422
-2.22337
-2.22252
-2.22167
-2.22083
-2.21999
-2.21915
-2.21832
-2.21748
-2.21665
-2.21583
-2.21501
-2.21419
-2.21337
-2.21256
-2.21175
-2.21094
-2.21014
-2.20934
-2.20855
-2.20775
-2.20696
-2.20618
-2.20539
-2.20461
-2.20384
-2.20306
-2.2023
-2.20153
-2.20077
-2.20001
-2.19925
-2.1985
-2.19775
-2.19701
-2.19627
-2.19553
-2.1948
-2.19407
-2.19334
-2.19262
-2.1919
-2.19118
-2.19047
-2.18976
-2.18906
-2.18836
-2.18766
-2.18697
-2.18628
-2.1856
-2.18492
-2.18424
-2.18357
-2.1829
-2.18224
-2.18158
-2.18092
-2.18027
-2.17963
-2.17898
-2.17834
-2.17771
-2.17708
-2.17646
-2.17584
-2.17522
-2.17461
-2.174
-2.1734
-2.1728
-2.17221
-2.17162
-2.17104
-2.17046
-2.16989
-2.16932
-2.16875
-2.16819
-2.16764
-2.16709
-2.16655
-2.16601
-2.16548
-2.16495
-2.16443
-2.16392
-2.16341
-2.1629
-2.1624
-2.16191
-2.16142
-2.16094
-2.16046
-2.15999
-2.15953
-2.15907
-2.15862
-2.15817
-2.15773
-2.1573
-2.15687
-2.15645
-2.15604
-2.15563
-2.15523
-2.15484
-2.15445
-2.15407
-2.1537
-2.15334
-2.15298
-2.15263
-2.15229
-2.15195
-2.15163
-2.15131
-2.15099
-2.15069
-2.15039
-2.15011
-2.14983
-2.14956
-2.14929
-2.14904
-2.14879
-2.14856
-2.14833
-2.14811
-2.1479
-2.1477
-2.14751
-2.14733
-2.14716
-2.147
-2.14685
-2.14671
-2.14658
-2.14646
-2.14635
-2.14625
-2.14616
-2.14609
-2.14602
-2.14597
-2.14593
-2.1459
-2.14588
-2.14587
-2.41839
-2.4169
-2.4154
-2.41392
-2.41245
-2.41098
-2.40953
-2.40808
-2.40664
-2.4052
-2.40377
-2.40235
-2.40093
-2.39953
-2.39812
-2.39673
-2.39534
-2.39396
-2.39258
-2.39121
-2.38984
-2.38848
-2.38713
-2.38578
-2.38444
-2.38311
-2.38177
-2.38045
-2.37913
-2.37782
-2.37651
-2.3752
-2.37391
-2.37261
-2.37133
-2.37004
-2.36877
-2.36749
-2.36623
-2.36496
-2.3637
-2.36245
-2.3612
-2.35996
-2.35872
-2.35748
-2.35625
-2.35503
-2.35381
-2.35259
-2.35138
-2.35017
-2.34897
-2.34777
-2.34657
-2.34538
-2.34419
-2.34301
-2.34183
-2.34066
-2.33949
-2.33832
-2.33716
-2.336
-2.33484
-2.33369
-2.33254
-2.3314
-2.33026
-2.32913
-2.32799
-2.32687
-2.32574
-2.32462
-2.3235
-2.32239
-2.32128
-2.32017
-2.31907
-2.31797
-2.31688
-2.31578
-2.3147
-2.31361
-2.31253
-2.31145
-2.31038
-2.3093
-2.30824
-2.30717
-2.30611
-2.30505
-2.304
-2.30295
-2.3019
-2.30086
-2.29981
-2.29878
-2.29774
-2.29671
-2.29568
-2.29466
-2.29364
-2.29262
-2.2916
-2.29059
-2.28958
-2.28858
-2.28757
-2.28657
-2.28558
-2.28459
-2.2836
-2.28261
-2.28163
-2.28065
-2.27967
-2.27869
-2.27772
-2.27676
-2.27579
-2.27483
-2.27387
-2.27292
-2.27197
-2.27102
-2.27007
-2.26913
-2.26819
-2.26725
-2.26632
-2.26539
-2.26446
-2.26354
-2.26262
-2.2617
-2.26079
-2.25987
-2.25897
-2.25806
-2.25716
-2.25626
-2.25536
-2.25447
-2.25358
-2.2527
-2.25181
-2.25093
-2.25006
-2.24918
-2.24831
-2.24745
-2.24658
-2.24572
-2.24486
-2.24401
-2.24316
-2.24231
-2.24147
-2.24063
-2.23979
-2.23895
-2.23812
-2.2373
-2.23647
-2.23565
-2.23483
-2.23402
-2.23321
-2.2324
-2.2316
-2.23079
-2.23
-2.2292
-2.22841
-2.22763
-2.22684
-2.22606
-2.22529
-2.22451
-2.22374
-2.22298
-2.22222
-2.22146
-2.2207
-2.21995
-2.21921
-2.21846
-2.21772
-2.21699
-2.21625
-2.21553
-2.2148
-2.21408
-2.21336
-2.21265
-2.21194
-2.21124
-2.21053
-2.20984
-2.20914
-2.20845
-2.20777
-2.20709
-2.20641
-2.20574
-2.20507
-2.20441
-2.20375
-2.20309
-2.20244
-2.20179
-2.20115
-2.20051
-2.19988
-2.19925
-2.19862
-2.198
-2.19739
-2.19678
-2.19617
-2.19557
-2.19498
-2.19438
-2.1938
-2.19322
-2.19264
-2.19207
-2.1915
-2.19094
-2.19038
-2.18983
-2.18929
-2.18874
-2.18821
-2.18768
-2.18716
-2.18664
-2.18612
-2.18562
-2.18511
-2.18462
-2.18413
-2.18364
-2.18316
-2.18269
-2.18223
-2.18176
-2.18131
-2.18086
-2.18042
-2.17999
-2.17956
-2.17914
-2.17872
-2.17831
-2.17791
-2.17752
-2.17713
-2.17675
-2.17637
-2.17601
-2.17565
-2.1753
-2.17495
-2.17462
-2.17429
-2.17397
-2.17365
-2.17335
-2.17305
-2.17276
-2.17248
-2.17221
-2.17194
-2.17169
-2.17144
-2.17121
-2.17098
-2.17076
-2.17055
-2.17035
-2.17016
-2.16998
-2.1698
-2.16964
-2.16949
-2.16935
-2.16922
-2.1691
-2.16899
-2.16889
-2.1688
-2.16873
-2.16866
-2.16861
-2.16856
-2.16853
-2.16852
-2.16851
)
;

boundaryField
{
    Inlet
    {
        type            calculated;
        value           nonuniform List<scalar> 
50
(
-3.87953
-4.31362
-4.74739
-5.11864
-5.4402
-5.72755
-5.98718
-6.22192
-6.43397
-6.62544
-6.7982
-6.95383
-7.09361
-7.21865
-7.3298
-7.42781
-7.51323
-7.58653
-7.64801
-7.69791
-7.73634
-7.76332
-7.77876
-7.7825
-7.77422
-7.75355
-7.71995
-7.67279
-7.61122
-7.53431
-7.44082
-7.3294
-7.19827
-7.04555
-6.8687
-6.6651
-6.43109
-6.16303
-5.85604
-5.50456
-5.1019
-4.63774
-4.10381
-3.5023
-2.85489
-2.12954
-2.04256
-8.89696
-50.7902
-108.801
)
;
    }
    BotOutlet1
    {
        type            calculated;
        value           nonuniform 0();
    }
    BotOutlet2
    {
        type            calculated;
        value           nonuniform 0();
    }
    TopInlet
    {
        type            calculated;
        value           nonuniform List<scalar> 
350
(
-2.74225
-2.72928
-2.71412
-2.69974
-2.68641
-2.67388
-2.66215
-2.65104
-2.64047
-2.63054
-2.62047
-2.612
-2.60345
-2.59531
-2.58748
-2.58009
-2.57295
-2.56614
-2.55956
-2.55326
-2.54718
-2.54133
-2.53568
-2.53024
-2.52497
-2.51987
-2.51494
-2.51016
-2.50552
-2.50103
-2.49666
-2.49241
-2.48829
-2.48427
-2.48036
-2.47655
-2.47284
-2.46922
-2.46568
-2.46223
-2.45886
-2.45557
-2.45235
-2.4492
-2.44612
-2.44311
-2.44015
-2.43726
-2.43445
-2.43167
-2.42957
-2.42809
-2.42658
-2.4251
-2.42363
-2.42217
-2.42071
-2.41926
-2.41782
-2.41638
-2.41496
-2.41353
-2.41212
-2.41071
-2.40931
-2.40791
-2.40652
-2.40514
-2.40376
-2.40239
-2.40103
-2.39967
-2.39831
-2.39697
-2.39562
-2.39429
-2.39296
-2.39163
-2.39031
-2.389
-2.38769
-2.38639
-2.38509
-2.3838
-2.38251
-2.38123
-2.37995
-2.37868
-2.37741
-2.37615
-2.37489
-2.37363
-2.37239
-2.37114
-2.3699
-2.36867
-2.36744
-2.36621
-2.36499
-2.36377
-2.36256
-2.36135
-2.36015
-2.35895
-2.35775
-2.35656
-2.35538
-2.35419
-2.35301
-2.35184
-2.35067
-2.3495
-2.34834
-2.34718
-2.34603
-2.34487
-2.34373
-2.34258
-2.34145
-2.34031
-2.33918
-2.33805
-2.33692
-2.3358
-2.33469
-2.33357
-2.33246
-2.33136
-2.33025
-2.32916
-2.32806
-2.32697
-2.32588
-2.32479
-2.32371
-2.32263
-2.32156
-2.32049
-2.31942
-2.31836
-2.31729
-2.31624
-2.31518
-2.31413
-2.31308
-2.31204
-2.311
-2.30996
-2.30892
-2.30789
-2.30687
-2.30584
-2.30482
-2.3038
-2.30279
-2.30177
-2.30076
-2.29976
-2.29876
-2.29776
-2.29676
-2.29577
-2.29478
-2.29379
-2.29281
-2.29183
-2.29085
-2.28988
-2.28891
-2.28794
-2.28698
-2.28601
-2.28506
-2.2841
-2.28315
-2.2822
-2.28125
-2.28031
-2.27937
-2.27844
-2.2775
-2.27657
-2.27565
-2.27472
-2.2738
-2.27288
-2.27197
-2.27106
-2.27015
-2.26924
-2.26834
-2.26744
-2.26655
-2.26566
-2.26477
-2.26388
-2.263
-2.26212
-2.26124
-2.26037
-2.2595
-2.25863
-2.25777
-2.25691
-2.25605
-2.25519
-2.25434
-2.2535
-2.25265
-2.25181
-2.25097
-2.25014
-2.24931
-2.24848
-2.24766
-2.24683
-2.24602
-2.2452
-2.24439
-2.24358
-2.24278
-2.24198
-2.24118
-2.24039
-2.2396
-2.23881
-2.23803
-2.23725
-2.23647
-2.2357
-2.23493
-2.23416
-2.2334
-2.23264
-2.23189
-2.23114
-2.23039
-2.22965
-2.22891
-2.22817
-2.22744
-2.22671
-2.22598
-2.22526
-2.22455
-2.22383
-2.22312
-2.22242
-2.22172
-2.22102
-2.22033
-2.21964
-2.21895
-2.21827
-2.21759
-2.21692
-2.21625
-2.21559
-2.21493
-2.21427
-2.21362
-2.21298
-2.21233
-2.2117
-2.21106
-2.21043
-2.20981
-2.20919
-2.20857
-2.20796
-2.20736
-2.20676
-2.20616
-2.20557
-2.20498
-2.2044
-2.20382
-2.20325
-2.20268
-2.20212
-2.20157
-2.20101
-2.20047
-2.19993
-2.19939
-2.19886
-2.19834
-2.19782
-2.19731
-2.1968
-2.1963
-2.1958
-2.19531
-2.19483
-2.19435
-2.19387
-2.19341
-2.19295
-2.19249
-2.19205
-2.19161
-2.19117
-2.19074
-2.19032
-2.1899
-2.1895
-2.18909
-2.1887
-2.18831
-2.18793
-2.18756
-2.18719
-2.18683
-2.18648
-2.18614
-2.1858
-2.18547
-2.18515
-2.18484
-2.18453
-2.18423
-2.18394
-2.18366
-2.18339
-2.18313
-2.18287
-2.18263
-2.18239
-2.18216
-2.18194
-2.18173
-2.18153
-2.18134
-2.18116
-2.18099
-2.18083
-2.18067
-2.18053
-2.1804
-2.18028
-2.18017
-2.18007
-2.17999
-2.17991
-2.17984
-2.17979
-2.17975
-2.17972
-2.1797
-2.17969
)
;
    }
    FreeStream
    {
        type            calculated;
        value           nonuniform List<scalar> 
20
(
-1.69744
-1.72399
-1.7504
-1.77665
-1.80273
-1.82865
-1.85438
-1.87993
-1.90527
-1.93041
-1.95532
-1.98001
-2.00446
-2.02868
-2.05264
-2.07634
-2.09979
-2.12297
-2.14588
-2.16851
)
;
    }
    FrontNBack
    {
        type            empty;
    }
    LeftSide
    {
        type            calculated;
        value           nonuniform List<scalar> 
20
(
-4.46264
-0.569954
0.131044
2.54159
3.15185
3.8746
4.0112
3.33768
2.92582
1.57116
0.925644
-0.486816
-1.42385
-2.63844
-3.83342
-4.53684
-6.24243
-5.8487
-8.3402
-3.20436
)
;
    }
    procBoundary3to2
    {
        type            processor;
        value           nonuniform List<scalar> 
400
(
-1.55377
-1.47048
-1.36032
-1.23468
-1.09127
-0.93044
-0.788446
-0.743131
-0.701376
-0.929576
-1.2345
-1.08645
-0.458607
-8.81907
-8.13192
-7.04758
-8.01917
-7.46556
-3.80696
-2.03267
-1.59758
-1.56519
-1.65534
-1.73813
-1.754
-1.73921
-1.73104
-1.72085
-1.70549
-1.69388
-1.6918
-1.69707
-1.70229
-1.70389
-1.70324
-1.70253
-1.70252
-1.70285
-1.70315
-1.70332
-1.7035
-1.70367
-1.70386
-1.70404
-1.70422
-1.70441
-1.7046
-1.70478
-1.70496
-1.70514
-1.70531
-1.70548
-1.70564
-1.70579
-1.70594
-1.70609
-1.70623
-1.70638
-1.70651
-1.70665
-1.70679
-1.70692
-1.70705
-1.70718
-1.70717
-1.70741
-1.70754
-1.70766
-1.70778
-1.70772
-1.70799
-1.7081
-1.70823
-1.70834
-1.70819
-1.70837
-1.70843
-1.70833
-1.70866
-1.70871
-1.70889
-1.70899
-1.70909
-1.70919
-1.70929
-1.70939
-1.70907
-1.70947
-1.70956
-1.70963
-1.70939
-1.70961
-1.70967
-1.70948
-1.70991
-1.71002
-1.71016
-1.71026
-1.71025
-1.71035
-1.71036
-1.70934
-1.71031
-1.71036
-1.71026
-1.7103
-1.71037
-1.71017
-1.70973
-1.70978
-1.70952
-1.70773
-1.70848
-1.70852
-1.70856
-1.70874
-1.70876
-1.70873
-1.70941
-1.70942
-1.70952
-1.70968
-1.70961
-1.70962
-1.71039
-1.71034
-1.71039
-1.71039
-1.71039
-1.71037
-1.71036
-1.70946
-1.70948
-1.70949
-1.70943
-1.70942
-1.70945
-1.70945
-1.70936
-1.70934
-1.71019
-1.71017
-1.71016
-1.71015
-1.71013
-1.71011
-1.71009
-1.71007
-1.71006
-1.71003
-1.70899
-1.70897
-1.70898
-1.70737
-1.70874
-1.70808
-1.70802
-1.70799
-1.70787
-1.70776
-1.70759
-1.70751
-1.70744
-1.70733
-1.70721
-1.70793
-1.70782
-1.70766
-1.70754
-1.70741
-1.70727
-1.70713
-1.707
-1.70682
-1.70667
-1.70727
-1.70712
-1.70697
-1.70683
-1.70668
-1.70653
-1.70637
-1.70541
-1.70659
-1.70642
-1.70627
-1.70612
-1.70597
-1.70583
-1.70568
-1.70553
-1.70539
-1.70526
-1.70512
-1.70399
-1.70557
-1.70544
-1.70529
-1.70519
-1.70511
-1.70497
-1.70489
-1.70481
-1.70479
-1.70469
-1.7036
-1.70358
-1.70357
-1.70347
-1.70337
-1.70332
-1.70328
-1.70327
-1.7033
-1.70099
-1.70145
-1.70158
-1.70152
-1.70151
-1.70151
-1.70151
-1.70152
-1.70008
-1.70023
-1.70028
-1.7002
-1.70015
-1.70012
-1.70009
-1.69851
-1.69848
-1.6986
-1.69838
-1.6983
-1.69845
-1.69841
-1.69732
-1.69727
-1.69727
-1.69716
-1.69701
-1.69691
-1.69696
-1.69684
-1.69583
-1.69661
-1.69652
-1.69638
-1.69626
-1.69612
-1.69596
-1.69579
-1.69563
-1.69546
-1.6953
-1.69513
-1.69496
-1.69478
-1.69453
-1.69445
-1.69427
-1.69414
-1.69396
-1.69377
-1.69356
-1.69334
-1.69313
-1.69292
-1.6927
-1.69249
-1.69227
-1.69206
-1.69185
-1.69163
-1.69142
-1.69121
-1.691
-1.69079
-1.69059
-1.69039
-1.69018
-1.68998
-1.68978
-1.68958
-1.68938
-1.68919
-1.68899
-1.68879
-1.6886
-1.68841
-1.68821
-1.68802
-1.68783
-1.68763
-1.68744
-1.68724
-1.68705
-1.68685
-1.68665
-1.68645
-1.68625
-1.68605
-1.68584
-1.68564
-1.68543
-1.68523
-1.68502
-1.68481
-1.6846
-1.68439
-1.68418
-1.68397
-1.68376
-1.68355
-1.68333
-1.68312
-1.68291
-1.68269
-1.68248
-1.68227
-1.68206
-1.68184
-1.68163
-1.68142
-1.68121
-1.68099
-1.68078
-1.68057
-1.68036
-1.68015
-1.67994
-1.67973
-1.67953
-1.67932
-1.67911
-1.67891
-1.6787
-1.6785
-1.6783
-1.6781
-1.6779
-1.6777
-1.6775
-1.67731
-1.67711
-1.67692
-1.67673
-1.67654
-1.67636
-1.67617
-1.67599
-1.6758
-1.67562
-1.67545
-1.67527
-1.6751
-1.67493
-1.67476
-1.67459
-1.67443
-1.67427
-1.67411
-1.67395
-1.6738
-1.67365
-1.6735
-1.67336
-1.67321
-1.67307
-1.67294
-1.67281
-1.67268
-1.67255
-1.67243
-1.67231
-1.6722
-1.67209
-1.67198
-1.67188
-1.67178
-1.67168
-1.67159
-1.6715
-1.67142
-1.67134
-1.67127
-1.6712
-1.67114
-1.67108
-1.67102
-1.67097
-1.67093
-1.67089
-1.67085
-1.67082
-1.6708
-1.67078
-1.67077
-1.67076
-1.67076
)
;
    }
}


// ************************************************************************* //
