/*--------------------------------*- C++ -*----------------------------------*\
| =========                 |                                                 |
| \\      /  F ield         | OpenFOAM: The Open Source CFD Toolbox           |
|  \\    /   O peration     | Version:  2.4.0                                 |
|   \\  /    A nd           | Web:      www.OpenFOAM.org                      |
|    \\/     M anipulation  |                                                 |
\*---------------------------------------------------------------------------*/
FoamFile
{
    version     2.0;
    format      ascii;
    class       volScalarField;
    location    "0.008";
    object      T;
}
// * * * * * * * * * * * * * * * * * * * * * * * * * * * * * * * * * * * * * //

dimensions      [0 0 0 1 0 0 0];

internalField   nonuniform List<scalar> 
125
(
293.591
294.778
295.978
297.857
297.856
297.855
297.855
297.855
297.856
297.857
297.859
297.861
297.864
297.867
297.87
297.874
297.878
297.882
297.886
297.891
297.895
297.9
297.905
297.909
297.914
298
298
298
298
298
298
298
298
298
298
298
298
298
298
298
298
298
298
298
298
298
298
298
298
298
298
298
298
298
298
298
298
298
298
298
298
298
298
298
298
298
298
298
298
298
298
298
298
298
298
298
298
298
298
298
298
298
298
298
298
298
298
298
298
298
298
298
298
298
298
298
298
298
298
298
298
298
298
298
298
298
298
298
298
298
298
298
298
298
298
298
298
298
298
298
298
298
298
298
298
)
;

boundaryField
{
    BotWall
    {
        type            fixedValue;
        value           uniform 293;
    }
    FreeStream
    {
        type            fixedValue;
        value           uniform 298;
    }
    FrontNBack
    {
        type            empty;
    }
    LeftSide
    {
        type            symmetryPlane;
    }
    RightSide
    {
        type            symmetryPlane;
    }
    procBoundary7to4
    {
        type            processor;
        value           nonuniform List<scalar> 
50
(
293.591
294.778
295.977
297.857
297.856
297.855
297.854
297.855
297.855
297.857
297.858
297.861
297.863
297.866
297.87
297.873
297.877
297.882
297.886
297.891
297.895
297.9
297.905
297.909
297.914
298
298
298
298
298
298
298
298
298
298
298
298
298
298
298
298
298
298
298
298
298
298
298
298
298
)
;
    }
    procBoundary7to5
    {
        type            processor;
        value           nonuniform List<scalar> 
75
(
298
298
298
298
298
298
298
298
298
298
298
298
298
298
298
298
298
298
298
298
298
298
298
298
298
298
298
298
298
298
298
298
298
298
298
298
298
298
298
298
298
298
298
298
298
298
298
298
298
298
298
298
298
298
298
298
298
298
298
298
298
298
298
298
298
298
298
298
298
298
298
298
298
298
298
)
;
    }
    procBoundary7to6
    {
        type            processor;
        value           uniform 297.919;
    }
    procBoundary7to8
    {
        type            processor;
        value           uniform 298;
    }
    procBoundary7to9
    {
        type            processor;
        value           nonuniform List<scalar> 
75
(
293.588
294.77
295.965
297.848
297.847
297.846
297.846
297.847
297.848
297.849
297.851
297.854
297.857
297.86
297.864
297.868
297.873
297.877
297.882
297.887
297.892
297.897
297.903
297.908
297.913
298
298
298
298
298
298
298
298
298
298
298
298
298
298
298
298
298
298
298
298
298
298
298
298
298
298
298
298
298
298
298
298
298
298
298
298
298
298
298
298
298
298
298
298
298
298
298
298
298
298
)
;
    }
    procBoundary7to10
    {
        type            processor;
        value           nonuniform List<scalar> 
50
(
298
298
298
298
298
298
298
298
298
298
298
298
298
298
298
298
298
298
298
298
298
298
298
298
298
298
298
298
298
298
298
298
298
298
298
298
298
298
298
298
298
298
298
298
298
298
298
298
298
298
)
;
    }
}


// ************************************************************************* //
