/*--------------------------------*- C++ -*----------------------------------*\
| =========                 |                                                 |
| \\      /  F ield         | OpenFOAM: The Open Source CFD Toolbox           |
|  \\    /   O peration     | Version:  2.4.0                                 |
|   \\  /    A nd           | Web:      www.OpenFOAM.org                      |
|    \\/     M anipulation  |                                                 |
\*---------------------------------------------------------------------------*/
FoamFile
{
    version     2.0;
    format      ascii;
    class       volScalarField;
    location    "3.5";
    object      p;
}
// * * * * * * * * * * * * * * * * * * * * * * * * * * * * * * * * * * * * * //

dimensions      [1 -1 -2 0 0 0 0];

internalField   nonuniform List<scalar> 
8000
(
-1.10885
-1.12379
-1.14444
-1.16998
-1.20196
-1.23566
-1.24088
-1.27431
-1.23283
-1.20108
-1.1154
-0.888876
-0.795488
-0.641859
-0.649535
-0.63869
-0.567299
-0.33533
-0.0108388
0.403054
0.838269
1.14475
1.6558
2.43143
1.79293
-4.92792
-7.99702
-7.67876
-7.09894
-7.02277
-7.65421
-8.20658
-6.61222
-2.91835
-1.75764
-1.1233
-0.849765
0.276208
-1.39378
-1.51229
-1.47127
-1.4654
-1.44623
-1.39864
-1.43342
-1.46822
-1.24298
-1.2725
-1.3047
-1.31331
1.67647
1.65216
1.62903
1.60981
1.59406
1.58033
1.57266
1.56103
1.55722
1.55767
1.5628
1.56967
1.57731
1.58472
1.59738
1.61878
1.66314
1.73047
1.82309
1.93143
2.04989
2.19224
2.36456
2.54392
2.72498
2.893
3.02692
3.19434
3.44946
3.84008
4.22445
4.05889
1.51403
-0.894181
-6.10014
-10.8166
-9.62241
-1.99657
0.254986
0.927514
-0.362557
-1.40455
-1.49118
-1.44065
-1.38606
-1.39124
-1.39489
-1.38801
-1.38393
-1.38192
2.02004
2.00054
1.97786
1.9576
1.94049
1.92623
1.91461
1.90552
1.89907
1.89532
1.89404
1.89512
1.89818
1.90304
1.90948
1.91744
1.92685
1.93753
1.94914
1.9611
1.97295
1.98391
1.99333
1.99986
2.00395
2.00811
2.01807
2.04211
2.09011
2.16001
2.23478
2.31091
2.38947
2.46684
2.58094
2.72582
2.61075
-1.62688
-3.29391
-7.60033
-7.77514
-2.15985
-0.258155
0.107018
-0.987814
-1.42274
-1.43501
-1.4058
-1.39234
-1.38839
4.03665
4.00835
3.98083
3.95803
3.93921
3.92358
3.91105
3.9016
3.89532
3.89218
3.89226
3.89551
3.90202
3.91172
3.92474
3.941
3.96065
3.98354
4.00979
4.03914
4.07171
4.10714
4.14557
4.18653
4.23015
4.27585
4.324
4.37391
4.42597
4.47898
4.5333
4.58783
4.64474
4.70404
4.76777
4.81966
4.87203
4.92049
4.99739
4.95584
4.61554
0.453963
-5.01588
-7.11753
-5.77838
-2.43294
-0.933636
-1.06163
-1.32191
-1.37098
3.81922
3.79395
3.76579
3.74056
3.71865
3.69949
3.68283
3.66867
3.65699
3.64781
3.64111
3.63687
3.63508
3.63573
3.6388
3.64428
3.65217
3.66243
3.67509
3.6901
3.70749
3.72722
3.74936
3.77382
3.80074
3.83001
3.86182
3.89599
3.9328
3.97193
4.0137
4.05763
4.10426
4.15287
4.2042
4.25734
4.31455
4.37631
4.44139
4.48948
4.51373
4.54384
4.61311
4.62183
2.28182
-0.981975
-5.73183
-4.46696
-2.4279
-1.43147
4.54452
4.51517
4.485
4.45858
4.43541
4.41476
4.39643
4.38042
4.36675
4.35541
4.34639
4.33966
4.33522
4.33305
4.33313
4.33544
4.33997
4.3467
4.3556
4.36666
4.37986
4.39518
4.41258
4.43207
4.4536
4.47719
4.50276
4.53036
4.55993
4.5915
4.62495
4.66037
4.69768
4.73694
4.77804
4.8211
4.86594
4.9127
4.9612
5.01186
5.06513
5.12143
5.17599
5.22506
5.27272
5.39797
5.53656
4.82761
-0.274245
-2.11901
3.9461
3.91875
3.88904
3.86252
3.83928
3.81867
3.80047
3.78466
3.77125
3.76024
3.75163
3.74539
3.74153
3.74004
3.74092
3.74416
3.74976
3.75772
3.76805
3.78073
3.79578
3.8132
3.833
3.85516
3.87973
3.90667
3.93603
3.96778
4.00199
4.03858
4.07762
4.11908
4.16302
4.20939
4.25826
4.30956
4.3634
4.41967
4.47849
4.53978
4.60358
4.66985
4.73914
4.81226
4.88922
4.95922
5.00505
5.07755
5.16399
5.06989
3.57861
3.55533
3.53096
3.50934
3.49016
3.47287
3.45729
3.44344
3.43132
3.42093
3.41227
3.40532
3.40009
3.39656
3.39474
3.39463
3.39621
3.3995
3.40448
3.41117
3.41957
3.42967
3.4415
3.45506
3.47036
3.4874
3.50622
3.52682
3.54923
3.57347
3.59957
3.62754
3.65746
3.68932
3.7232
3.75912
3.79718
3.83737
3.87984
3.92459
3.97179
4.0214
4.07371
4.12866
4.18681
4.24795
4.31172
4.3744
4.43255
4.5087
2.48479
2.46739
2.44853
2.43167
2.41688
2.40373
2.3921
2.382
2.37342
2.36638
2.36089
2.35694
2.35454
2.35369
2.3544
2.35667
2.3605
2.36592
2.37291
2.38149
2.39168
2.40348
2.4169
2.43196
2.44867
2.46704
2.48709
2.50884
2.5323
2.55749
2.58444
2.61315
2.64367
2.67599
2.71017
2.7462
2.78414
2.82398
2.86581
2.90958
2.95541
3.00324
3.0532
3.10521
3.15942
3.21575
3.27456
3.33567
3.40034
3.46636
1.48792
1.47812
1.46789
1.45868
1.45028
1.44249
1.43523
1.42853
1.42239
1.41682
1.4118
1.40733
1.40341
1.40004
1.39719
1.39487
1.39306
1.39175
1.39091
1.39054
1.39062
1.39111
1.39201
1.39329
1.39491
1.39685
1.39907
1.40153
1.40421
1.40705
1.41001
1.41303
1.41607
1.41906
1.42194
1.42463
1.42708
1.42917
1.43085
1.43198
1.43252
1.43228
1.43119
1.42894
1.42551
1.42121
1.4187
1.41816
1.40738
1.31849
0.0558798
0.0504053
0.0439211
0.0378292
0.0322953
0.0272096
0.0225148
0.0182005
0.0142682
0.0107143
0.00753572
0.00472473
0.00227763
0.000184606
-0.00155815
-0.0029631
-0.00403406
-0.00478689
-0.00522542
-0.00537024
-0.00522371
-0.00481123
-0.00413375
-0.00322436
-0.00208111
-0.000746577
0.0007855
0.00245939
0.00428934
0.00620394
0.00822776
0.0102667
0.0123612
0.0143877
0.0164094
0.0182631
0.0200449
0.0215409
0.0228991
0.0238321
0.0245003
0.024388
0.0237972
0.0233349
0.0266335
0.0332331
0.0174171
-0.0986563
-0.422318
-1.59251
-0.915948
-0.918031
-0.919363
-0.920128
-0.920612
-0.9209
-0.920987
-0.920866
-0.920533
-0.919986
-0.919222
-0.918234
-0.917015
-0.915553
-0.913836
-0.91185
-0.909577
-0.906999
-0.904092
-0.900833
-0.897193
-0.893145
-0.888652
-0.88368
-0.878187
-0.872132
-0.865464
-0.858136
-0.850088
-0.841262
-0.831589
-0.821002
-0.809421
-0.796762
-0.78294
-0.767847
-0.751388
-0.733429
-0.713922
-0.6928
-0.669968
-0.644246
-0.613005
-0.57615
-0.554706
-0.609548
-0.924437
-2.47588
-3.10652
-3.1696
-2.64464
-2.63727
-2.6303
-2.62436
-2.61907
-2.61424
-2.60983
-2.60585
-2.60231
-2.59918
-2.59648
-2.59418
-2.59228
-2.59078
-2.58965
-2.5889
-2.58851
-2.58846
-2.58876
-2.58937
-2.59031
-2.59152
-2.59304
-2.5948
-2.59683
-2.59907
-2.60156
-2.6042
-2.60707
-2.61003
-2.61321
-2.61641
-2.61981
-2.62315
-2.62668
-2.63004
-2.63358
-2.63694
-2.64106
-2.64556
-2.64813
-2.63672
-2.60492
-2.62613
-2.98524
-3.99688
-4.41559
-4.35238
-3.56341
-2.13255
-3.44808
-3.43545
-3.42102
-3.40805
-3.39689
-3.38726
-3.37903
-3.3722
-3.36677
-3.36275
-3.36015
-3.35896
-3.3592
-3.36087
-3.36397
-3.36853
-3.37454
-3.38202
-3.39099
-3.40146
-3.41345
-3.42697
-3.44205
-3.45871
-3.47698
-3.49687
-3.51843
-3.54167
-3.56665
-3.59337
-3.62191
-3.65226
-3.68451
-3.71865
-3.75478
-3.79292
-3.8335
-3.87668
-3.92113
-3.96018
-3.98787
-4.04258
-4.29094
-4.89651
-5.26928
-4.69241
-3.28563
-1.86569
-1.61577
-1.63696
-5.08543
-5.0678
-5.05072
-5.03624
-5.02374
-5.01275
-5.0032
-4.99511
-4.98851
-4.98339
-4.97975
-4.97758
-4.97688
-4.97763
-4.97982
-4.98344
-4.98847
-4.99489
-5.00268
-5.01181
-5.02225
-5.03398
-5.04695
-5.06113
-5.07647
-5.09293
-5.11044
-5.12896
-5.1484
-5.16871
-5.18977
-5.21154
-5.23383
-5.25662
-5.27981
-5.3037
-5.3279
-5.34926
-5.35902
-5.3599
-5.43152
-5.78707
-6.3572
-5.00167
-3.11581
-1.8207
-1.65854
-1.66916
-1.66836
-1.66754
-5.03886
-5.01467
-4.98681
-4.96161
-4.93969
-4.92052
-4.90381
-4.88951
-4.87761
-4.86809
-4.86092
-4.85609
-4.85358
-4.85337
-4.85545
-4.85983
-4.8665
-4.87548
-4.88677
-4.90039
-4.91636
-4.93472
-4.9555
-4.97875
-5.00449
-5.03281
-5.06373
-5.09736
-5.13373
-5.17295
-5.21507
-5.26021
-5.30844
-5.36003
-5.41526
-5.47402
-5.53333
-5.58735
-5.64426
-5.78105
-6.15308
-6.54017
-4.10631
-1.90336
-1.71609
-1.69025
-1.68868
-1.68805
-1.68807
-1.6881
-6.70559
-6.6683
-6.63266
-6.60348
-6.57948
-6.55958
-6.54356
-6.53141
-6.52314
-6.51873
-6.51818
-6.52146
-6.52861
-6.53964
-6.55459
-6.57351
-6.59648
-6.62358
-6.65491
-6.69059
-6.73077
-6.77559
-6.82524
-6.87992
-6.93984
-7.00526
-7.07644
-7.15367
-7.23727
-7.3276
-7.425
-7.52994
-7.64283
-7.76428
-7.89444
-8.03278
-8.17854
-8.33936
-8.54555
-8.82875
-9.00377
-8.18802
-3.58948
-1.9756
-1.68061
-1.68713
-1.70571
-1.71095
-1.71239
-1.71217
-4.86902
-4.85456
-4.83705
-4.82283
-4.81264
-4.80559
-4.80095
-4.79824
-4.7971
-4.79722
-4.7983
-4.80007
-4.80232
-4.80484
-4.80745
-4.81001
-4.81237
-4.81445
-4.81615
-4.8174
-4.81815
-4.81839
-4.81808
-4.81725
-4.8159
-4.8141
-4.81188
-4.80936
-4.80659
-4.80376
-4.80093
-4.79838
-4.79616
-4.79462
-4.79381
-4.79441
-4.79711
-4.803
-4.80755
-4.79506
-4.75742
-4.81246
-5.43844
-6.15362
-2.14041
-1.74199
-1.82478
-1.73792
-1.73571
-1.73544
-5.8094
-5.78595
-5.76989
-5.76232
-5.75996
-5.76067
-5.76332
-5.76706
-5.77112
-5.77482
-5.77756
-5.7788
-5.77807
-5.77497
-5.76911
-5.76017
-5.74787
-5.73192
-5.7121
-5.68818
-5.65997
-5.62729
-5.58997
-5.54786
-5.50085
-5.4488
-5.39162
-5.32921
-5.26153
-5.18851
-5.11016
-5.02643
-4.93742
-4.84313
-4.74379
-4.63944
-4.53046
-4.41663
-4.29825
-4.17689
-4.061
-3.95798
-3.83406
-3.86831
-6.08352
-10.0449
-5.17259
-5.14423
-1.78432
-1.74533
-1.14336
-1.59221
-2.04333
-2.43114
-2.76773
-3.06836
-3.3393
-3.58304
-3.80154
-3.99665
-4.17007
-4.32319
-4.45718
-4.573
-4.67144
-4.75314
-4.81864
-4.86833
-4.90255
-4.9215
-4.92536
-4.91418
-4.88798
-4.84667
-4.79015
-4.71818
-4.6305
-4.52672
-4.40642
-4.26898
-4.1138
-3.93998
-3.74665
-3.5325
-3.29631
-3.03621
-2.7505
-2.43657
-2.09196
-1.71218
-1.29185
-0.825453
-0.324771
0.171166
0.671921
1.00784
3.59161
7.54497
-4.54526
-2.35002
-1.31653
-1.31881
-1.3209
-1.32289
-1.32467
-1.32626
-1.32785
-1.32923
-1.33055
-1.33179
-1.33289
-1.33388
-1.33617
-1.33703
-1.33737
-1.33871
-1.33895
-1.33961
-1.34028
-1.34083
-1.34135
-1.34183
-1.34227
-1.34269
-1.34308
-1.34345
-1.3438
-1.34412
-1.34442
-1.34471
-1.34497
-1.34523
-1.34546
-1.34569
-1.3459
-1.34611
-1.3463
-1.34649
-1.34666
-1.34684
-1.347
-1.34716
-1.34731
-1.34746
-1.34761
-1.34775
-1.34788
-1.34802
-1.34815
-1.34828
-1.38042
-1.37932
-1.37848
-1.37763
-1.37693
-1.37634
-1.37585
-1.37543
-1.37513
-1.37323
-1.37302
-1.3729
-1.37269
-1.37247
-1.3724
-1.37227
-1.37217
-1.37207
-1.37182
-1.37206
-1.372
-1.37169
-1.3717
-1.3711
-1.3715
-1.3715
-1.37148
-1.37146
-1.37146
-1.37145
-1.37145
-1.37145
-1.37145
-1.37145
-1.37147
-1.37149
-1.37151
-1.37154
-1.37158
-1.37161
-1.37166
-1.3717
-1.37175
-1.3718
-1.37185
-1.37191
-1.37196
-1.37202
-1.37209
-1.37215
-1.38814
-1.38893
-1.38976
-1.3904
-1.39084
-1.39112
-1.39129
-1.39137
-1.39115
-1.39122
-1.3903
-1.39117
-1.39124
-1.39132
-1.39139
-1.39133
-1.39152
-1.39159
-1.39168
-1.3918
-1.39185
-1.39189
-1.39215
-1.39226
-1.39235
-1.39244
-1.39257
-1.39268
-1.39173
-1.39256
-1.39223
-1.39217
-1.39222
-1.39227
-1.39231
-1.39236
-1.3924
-1.39245
-1.3925
-1.39255
-1.39261
-1.39267
-1.39274
-1.3928
-1.39288
-1.39295
-1.39303
-1.39312
-1.39321
-1.3933
-1.39225
-1.40747
-1.41586
-1.41925
-1.42024
-1.42061
-1.4208
-1.42088
-1.42092
-1.42091
-1.4209
-1.42088
-1.42088
-1.42089
-1.42088
-1.42094
-1.42098
-1.42104
-1.42111
-1.42119
-1.42111
-1.42118
-1.42241
-1.42258
-1.42276
-1.42297
-1.42321
-1.42348
-1.42381
-1.42421
-1.39989
-1.41249
-1.41332
-1.41343
-1.41363
-1.41386
-1.41407
-1.41426
-1.41444
-1.41459
-1.41474
-1.41488
-1.41501
-1.41514
-1.41527
-1.4154
-1.41553
-1.41565
-1.41579
-1.41592
-1.28214
-1.29503
-1.3268
-1.38199
-1.42031
-1.43513
-1.43853
-1.4391
-1.43925
-1.43934
-1.43939
-1.4394
-1.4393
-1.43921
-1.43861
-1.43913
-1.43908
-1.43911
-1.4391
-1.4387
-1.43868
-1.43868
-1.43863
-1.43856
-1.43847
-1.43838
-1.43827
-1.43816
-1.43812
-1.43785
-1.43699
-1.43679
-1.43807
-1.43854
-1.43872
-1.43872
-1.43873
-1.43879
-1.43888
-1.4388
-1.43853
-1.4389
-1.43908
-1.43912
-1.43915
-1.43919
-1.43922
-1.43925
-1.43922
-1.43932
-1.89649
-1.26499
-0.996611
-1.14873
-1.34189
-1.42495
-1.4524
-1.46056
-1.46282
-1.4635
-1.46374
-1.46384
-1.46389
-1.46391
-1.46392
-1.46357
-1.4636
-1.46403
-1.46404
-1.46406
-1.46408
-1.46409
-1.46409
-1.46412
-1.46417
-1.46419
-1.46415
-1.46394
-1.46347
-1.46314
-1.46491
-1.46547
-1.46583
-1.46618
-1.46617
-1.46605
-1.46618
-1.46634
-1.46714
-1.44665
-1.45542
-1.45928
-1.45956
-1.45976
-1.45994
-1.46013
-1.46031
-1.46049
-1.46067
-1.46084
2.83616
1.69475
0.651084
-0.235106
-0.883492
-1.29853
-1.44988
-1.47955
-1.48405
-1.48503
-1.48537
-1.48552
-1.48557
-1.48556
-1.48555
-1.48555
-1.4855
-1.48554
-1.48554
-1.4855
-1.48546
-1.48548
-1.48545
-1.48541
-1.48537
-1.48531
-1.48521
-1.48398
-1.48424
-1.48501
-1.48465
-1.48404
-1.48492
-1.48487
-1.48462
-1.48415
-1.48325
-1.48243
-1.48217
-1.48228
-1.48309
-1.48369
-1.48397
-1.48407
-1.48413
-1.48419
-1.48427
-1.48435
-1.48444
-1.48452
4.58117
4.52443
3.3793
2.14212
0.395828
-1.04066
-1.44517
-1.50118
-1.50684
-1.50758
-1.50772
-1.50773
-1.50772
-1.50702
-1.50686
-1.50757
-1.50755
-1.50752
-1.5075
-1.50747
-1.50744
-1.50741
-1.50737
-1.50732
-1.50732
-1.50726
-1.50722
-1.50718
-1.50723
-1.50732
-1.50676
-1.50976
-1.50796
-1.51071
-1.51043
-1.50153
-1.50583
-1.50635
-1.50645
-1.50654
-1.50676
-1.50686
-1.50682
-1.50676
-1.50668
-1.50662
-1.50656
-1.50649
-1.50631
-1.50672
3.52158
3.52165
3.35894
2.30579
0.84251
-0.935692
-1.46103
-1.52607
-1.5314
-1.53177
-1.53175
-1.53159
-1.53175
-1.53175
-1.53175
-1.53174
-1.53001
-1.53157
-1.53159
-1.5316
-1.53161
-1.53161
-1.5316
-1.5316
-1.53153
-1.5315
-1.53149
-1.52909
-1.53073
-1.53075
-1.53072
-1.53072
-1.53063
-1.53087
-1.53033
-1.52968
-1.53062
-1.53062
-1.5305
-1.53036
-1.53026
-1.53006
-1.52986
-1.53025
-1.53004
-1.52993
-1.52985
-1.52975
-1.52967
-1.52542
1.0278
0.0442034
-0.513041
-0.851896
-1.13814
-1.42531
-1.54093
-1.5537
-1.55349
-1.55337
-1.55314
-1.55302
-1.55243
-1.55205
-1.55227
-1.5509
-1.55104
-1.55164
-1.55061
-1.55243
-1.55229
-1.5522
-1.55266
-1.55257
-1.55243
-1.55239
-1.55228
-1.55122
-1.55276
-1.55263
-1.55322
-1.55309
-1.55332
-1.55283
-1.55269
-1.55278
-1.5527
-1.55227
-1.55198
-1.55378
-1.55361
-1.5534
-1.5532
-1.55299
-1.55275
-1.55252
-1.55227
-1.55195
-1.55161
-1.5512
-2.13382
-2.15427
-1.97736
-1.78977
-1.6353
-1.58879
-1.57665
-1.57631
-1.57647
-1.57648
-1.57643
-1.57645
-1.57646
-1.57645
-1.57591
-1.5766
-1.57693
-1.57697
-1.57588
-1.57746
-1.57776
-1.57775
-1.57825
-1.57828
-1.5783
-1.57839
-1.57843
-1.57847
-1.57855
-1.57746
-1.57773
-1.57786
-1.57797
-1.57807
-1.57816
-1.57834
-1.57845
-1.57855
-1.57332
-1.57556
-1.57593
-1.57477
-1.57517
-1.57527
-1.57498
-1.57531
-1.57543
-1.57492
-1.57562
-1.56795
-2.99971
-2.1706
-1.69199
-1.58403
-1.59654
-1.60017
-1.59999
-1.59998
-1.59997
-1.59991
-1.59984
-1.59979
-1.59974
-1.59968
-1.5996
-1.59953
-1.59954
-1.5995
-1.5994
-1.59945
-1.59944
-1.59942
-1.59939
-1.59936
-1.59908
-1.59826
-1.59882
-1.59883
-1.59888
-1.59886
-1.59882
-1.59887
-1.59871
-1.59921
-1.59922
-1.59931
-1.59936
-1.5993
-1.59928
-1.5993
-1.59792
-1.59851
-1.59871
-1.59865
-1.59873
-1.59861
-1.59819
-1.59835
-1.59834
-1.59829
-1.5794
-1.56475
-1.62405
-1.62279
-1.62265
-1.62279
-1.62279
-1.62274
-1.62269
-1.62264
-1.6226
-1.62255
-1.62251
-1.62247
-1.62243
-1.62239
-1.62235
-1.62231
-1.62228
-1.62225
-1.62222
-1.62219
-1.62217
-1.62215
-1.62213
-1.62211
-1.6221
-1.62208
-1.62207
-1.62206
-1.62205
-1.62204
-1.62203
-1.62202
-1.62202
-1.62201
-1.622
-1.62199
-1.62198
-1.62196
-1.62195
-1.62195
-1.62194
-1.62194
-1.62194
-1.62195
-1.62193
-1.62196
-1.62193
-1.62199
-1.6462
-1.64453
-1.64472
-1.64468
-1.64463
-1.64467
-1.64472
-1.64476
-1.6448
-1.64485
-1.64488
-1.6449
-1.64493
-1.64495
-1.64496
-1.64497
-1.64498
-1.64498
-1.64499
-1.64498
-1.645
-1.64499
-1.64499
-1.64499
-1.64499
-1.64499
-1.64499
-1.64501
-1.64501
-1.64501
-1.64507
-1.64508
-1.64509
-1.6451
-1.64512
-1.64513
-1.64515
-1.64517
-1.64519
-1.64521
-1.64523
-1.64525
-1.64527
-1.6453
-1.64532
-1.64535
-1.64538
-1.64541
-1.64545
-1.64548
-1.6676
-1.66766
-1.66762
-1.66768
-1.66775
-1.66782
-1.66788
-1.66795
-1.66801
-1.66744
-1.66738
-1.66653
-1.66688
-1.66728
-1.66729
-1.66726
-1.66743
-1.66755
-1.6676
-1.6676
-1.66762
-1.66768
-1.6677
-1.66771
-1.66776
-1.66778
-1.66781
-1.66782
-1.66785
-1.66788
-1.66787
-1.66795
-1.66799
-1.66802
-1.66806
-1.6681
-1.66814
-1.66818
-1.66823
-1.66827
-1.66832
-1.66836
-1.66841
-1.66846
-1.66851
-1.66857
-1.66862
-1.66868
-1.66874
-1.6688
-1.6882
-1.68827
-1.68838
-1.6885
-1.68862
-1.68873
-1.68884
-1.68894
-1.68904
-1.68914
-1.68922
-1.68926
-1.68909
-1.68977
-1.68987
-1.68994
-1.69001
-1.69007
-1.69009
-1.69001
-1.68974
-1.69005
-1.69005
-1.6902
-1.69027
-1.69035
-1.6904
-1.69046
-1.69051
-1.69057
-1.69063
-1.69069
-1.69076
-1.69082
-1.69089
-1.69096
-1.69103
-1.6911
-1.69118
-1.69126
-1.69134
-1.69143
-1.69152
-1.69161
-1.6917
-1.6918
-1.6919
-1.692
-1.69207
-1.69191
-1.71217
-1.71233
-1.71249
-1.71263
-1.71274
-1.71284
-1.71291
-1.71297
-1.71302
-1.71306
-1.71308
-1.7131
-1.71313
-1.71279
-1.71309
-1.71313
-1.71313
-1.71314
-1.71315
-1.71315
-1.71316
-1.71318
-1.71319
-1.71321
-1.71323
-1.71325
-1.71327
-1.71329
-1.71332
-1.71335
-1.71338
-1.71341
-1.71344
-1.71348
-1.71352
-1.71356
-1.7136
-1.71364
-1.71369
-1.71373
-1.71378
-1.71383
-1.71396
-1.71398
-1.71388
-1.71413
-1.71419
-1.71398
-1.71406
-1.71412
-1.7359
-1.73608
-1.73617
-1.73625
-1.73631
-1.73636
-1.73639
-1.7364
-1.7364
-1.7364
-1.73639
-1.73637
-1.73636
-1.73634
-1.73633
-1.73631
-1.73629
-1.73628
-1.73626
-1.73625
-1.73624
-1.73624
-1.73624
-1.73624
-1.73624
-1.73624
-1.73625
-1.73626
-1.73627
-1.73628
-1.7363
-1.73632
-1.73634
-1.73636
-1.73638
-1.7364
-1.73643
-1.73646
-1.73648
-1.73651
-1.73654
-1.73657
-1.73661
-1.73664
-1.73667
-1.73671
-1.73674
-1.73678
-1.73681
-1.73684
-1.75939
-1.75967
-1.75988
-1.75987
-1.75981
-1.75976
-1.75971
-1.75966
-1.75961
-1.75956
-1.75952
-1.75947
-1.75943
-1.7594
-1.75936
-1.75933
-1.7593
-1.75928
-1.75925
-1.75924
-1.75922
-1.75921
-1.75919
-1.75919
-1.75918
-1.75918
-1.75917
-1.75917
-1.75917
-1.75918
-1.75918
-1.75919
-1.7592
-1.75921
-1.75922
-1.75923
-1.75924
-1.75926
-1.75927
-1.75929
-1.75931
-1.75933
-1.75935
-1.75937
-1.75939
-1.75941
-1.75944
-1.75946
-1.75949
-1.75951
-1.78692
-1.77884
-1.78047
-1.78129
-1.78132
-1.78123
-1.78124
-1.78119
-1.78131
-1.78131
-1.78132
-1.78133
-1.78133
-1.78134
-1.78135
-1.78136
-1.78137
-1.78138
-1.7814
-1.78141
-1.78142
-1.78143
-1.78144
-1.78146
-1.78147
-1.78149
-1.7815
-1.78152
-1.78153
-1.78155
-1.78157
-1.78159
-1.78161
-1.78163
-1.78165
-1.78167
-1.78169
-1.78171
-1.78173
-1.78176
-1.78178
-1.78181
-1.78183
-1.78186
-1.78189
-1.78191
-1.78194
-1.78197
-1.782
-1.78203
-1.34837
-1.34844
-1.34852
-1.34859
-1.34866
-1.34874
-1.34881
-1.34888
-1.34896
-1.34903
-1.3491
-1.34917
-1.34925
-1.34932
-1.34939
-1.34947
-1.34954
-1.34961
-1.34968
-1.34976
-1.34983
-1.3499
-1.34998
-1.35005
-1.35012
-1.3502
-1.35027
-1.35035
-1.35042
-1.3505
-1.35057
-1.35065
-1.35072
-1.3508
-1.35087
-1.35095
-1.35103
-1.3511
-1.35118
-1.35126
-1.35134
-1.35141
-1.35149
-1.35157
-1.35165
-1.35173
-1.35181
-1.35189
-1.35197
-1.35205
-1.35213
-1.35221
-1.35229
-1.35237
-1.35245
-1.35254
-1.35262
-1.3527
-1.35278
-1.35287
-1.35295
-1.35303
-1.35312
-1.3532
-1.35329
-1.35337
-1.35346
-1.35354
-1.35363
-1.35371
-1.3538
-1.35389
-1.35397
-1.35406
-1.35415
-1.35424
-1.35433
-1.35442
-1.35451
-1.3546
-1.35469
-1.35478
-1.35487
-1.35496
-1.35506
-1.35515
-1.35524
-1.35534
-1.35543
-1.35552
-1.35562
-1.35571
-1.35581
-1.35591
-1.356
-1.3561
-1.3562
-1.3563
-1.35639
-1.35649
-1.35659
-1.35669
-1.35679
-1.35689
-1.35699
-1.35709
-1.35719
-1.35729
-1.35739
-1.35749
-1.35759
-1.35769
-1.35779
-1.35788
-1.35798
-1.35808
-1.35818
-1.35828
-1.35837
-1.35847
-1.35856
-1.35866
-1.35875
-1.35885
-1.35894
-1.35903
-1.35912
-1.35921
-1.3593
-1.35938
-1.35947
-1.35955
-1.35963
-1.35971
-1.35979
-1.35987
-1.35995
-1.36002
-1.36009
-1.36017
-1.36023
-1.3603
-1.36037
-1.36043
-1.36049
-1.36055
-1.36061
-1.36067
-1.36072
-1.36077
-1.36082
-1.36087
-1.36092
-1.36096
-1.361
-1.36104
-1.36108
-1.36112
-1.36115
-1.36118
-1.36121
-1.36124
-1.36127
-1.3613
-1.36132
-1.36134
-1.36136
-1.36138
-1.3614
-1.36142
-1.36143
-1.36144
-1.36146
-1.36147
-1.36148
-1.36149
-1.36149
-1.3615
-1.36151
-1.36151
-1.36152
-1.36152
-1.36152
-1.36153
-1.36153
-1.36153
-1.36153
-1.36153
-1.36153
-1.36153
-1.36153
-1.36152
-1.36152
-1.36152
-1.36152
-1.36152
-1.36151
-1.36151
-1.36151
-1.3615
-1.3615
-1.3615
-1.3615
-1.36149
-1.36149
-1.36149
-1.36148
-1.36148
-1.36148
-1.36147
-1.36147
-1.36147
-1.36147
-1.36146
-1.36146
-1.36146
-1.36146
-1.36145
-1.36145
-1.36145
-1.36145
-1.36145
-1.36144
-1.36144
-1.36144
-1.36144
-1.36143
-1.36143
-1.36143
-1.36142
-1.36142
-1.36142
-1.36141
-1.36141
-1.36141
-1.3614
-1.3614
-1.36139
-1.36139
-1.36138
-1.36138
-1.36137
-1.36136
-1.36135
-1.36134
-1.36134
-1.36133
-1.36132
-1.36131
-1.36131
-1.3613
-1.36129
-1.36128
-1.36127
-1.36126
-1.36125
-1.36124
-1.36124
-1.36123
-1.36122
-1.36121
-1.3612
-1.36119
-1.36118
-1.36117
-1.36116
-1.36115
-1.36114
-1.36113
-1.36111
-1.3611
-1.36109
-1.36107
-1.36106
-1.36104
-1.36103
-1.36101
-1.361
-1.36098
-1.36096
-1.36094
-1.36092
-1.3609
-1.36088
-1.36086
-1.36084
-1.36082
-1.3608
-1.36077
-1.36075
-1.36072
-1.36069
-1.36067
-1.36064
-1.36061
-1.36058
-1.36055
-1.36052
-1.36049
-1.36046
-1.37221
-1.37225
-1.3723
-1.37234
-1.37238
-1.37243
-1.37247
-1.37252
-1.37257
-1.37261
-1.37266
-1.37271
-1.37276
-1.37281
-1.37286
-1.37291
-1.37296
-1.37302
-1.37307
-1.37313
-1.37318
-1.37324
-1.37329
-1.37335
-1.37341
-1.37347
-1.37353
-1.37358
-1.37365
-1.37371
-1.37377
-1.37383
-1.37389
-1.37396
-1.37402
-1.37408
-1.37415
-1.37421
-1.37428
-1.37435
-1.37441
-1.37448
-1.37455
-1.37461
-1.37468
-1.37475
-1.37482
-1.37489
-1.37496
-1.37503
-1.37511
-1.37518
-1.37525
-1.37532
-1.3754
-1.37547
-1.37554
-1.37562
-1.37569
-1.37577
-1.37584
-1.37592
-1.37599
-1.37607
-1.37615
-1.37623
-1.37631
-1.37638
-1.37646
-1.37654
-1.37663
-1.37671
-1.37679
-1.37687
-1.37696
-1.37704
-1.37713
-1.37721
-1.3773
-1.37739
-1.37748
-1.37757
-1.37766
-1.37775
-1.37784
-1.37794
-1.37803
-1.37813
-1.37822
-1.37832
-1.37842
-1.37852
-1.37862
-1.37872
-1.37882
-1.37893
-1.37903
-1.37914
-1.37924
-1.37935
-1.37946
-1.37956
-1.37967
-1.37978
-1.37989
-1.38
-1.38011
-1.38022
-1.38033
-1.38044
-1.38055
-1.38066
-1.38077
-1.38088
-1.38099
-1.3811
-1.38121
-1.38132
-1.38142
-1.38153
-1.38164
-1.38174
-1.38185
-1.38195
-1.38205
-1.38215
-1.38225
-1.38235
-1.38244
-1.38254
-1.38263
-1.38272
-1.38281
-1.38289
-1.38298
-1.38306
-1.38314
-1.38322
-1.38329
-1.38336
-1.38343
-1.3835
-1.38356
-1.38362
-1.38368
-1.38374
-1.38379
-1.38384
-1.38389
-1.38394
-1.38398
-1.38402
-1.38405
-1.38409
-1.38412
-1.38415
-1.38418
-1.3842
-1.38422
-1.38424
-1.38426
-1.38427
-1.38429
-1.3843
-1.38431
-1.38431
-1.38432
-1.38432
-1.38432
-1.38432
-1.38432
-1.38432
-1.38432
-1.38431
-1.38431
-1.3843
-1.38429
-1.38429
-1.38428
-1.38427
-1.38426
-1.38425
-1.38424
-1.38422
-1.38421
-1.3842
-1.38419
-1.38418
-1.38416
-1.38415
-1.38414
-1.38413
-1.38411
-1.3841
-1.38409
-1.38408
-1.38406
-1.38405
-1.38404
-1.38403
-1.38402
-1.38401
-1.384
-1.38399
-1.38398
-1.38397
-1.38397
-1.38396
-1.38395
-1.38395
-1.38394
-1.38394
-1.38393
-1.38393
-1.38392
-1.38392
-1.38391
-1.38391
-1.38391
-1.3839
-1.3839
-1.3839
-1.38389
-1.38389
-1.38388
-1.38388
-1.38388
-1.38387
-1.38387
-1.38386
-1.38386
-1.38386
-1.38386
-1.38385
-1.38385
-1.38384
-1.38384
-1.38383
-1.38383
-1.38382
-1.38381
-1.3838
-1.38379
-1.38378
-1.38377
-1.38377
-1.38376
-1.38375
-1.38374
-1.38374
-1.38373
-1.38372
-1.38371
-1.38369
-1.38368
-1.38367
-1.38366
-1.38366
-1.38365
-1.38365
-1.38363
-1.38362
-1.38361
-1.3836
-1.38359
-1.38359
-1.38359
-1.38359
-1.38358
-1.38356
-1.38354
-1.38353
-1.38351
-1.38349
-1.38348
-1.38345
-1.38343
-1.38341
-1.38339
-1.38336
-1.38334
-1.38332
-1.3833
-1.38328
-1.38326
-1.38324
-1.38321
-1.38319
-1.38316
-1.38313
-1.38311
-1.38308
-1.38305
-1.38301
-1.38298
-1.38295
-1.38292
-1.38288
-1.38285
-1.38281
-1.39337
-1.39342
-1.39347
-1.39353
-1.39359
-1.39364
-1.3937
-1.39376
-1.39382
-1.39389
-1.39395
-1.39401
-1.39407
-1.39414
-1.3942
-1.39427
-1.39434
-1.39441
-1.39447
-1.39454
-1.39461
-1.39468
-1.39476
-1.39483
-1.3949
-1.39498
-1.39505
-1.39513
-1.3952
-1.39528
-1.39536
-1.39544
-1.39552
-1.3956
-1.39568
-1.39576
-1.39584
-1.39593
-1.39601
-1.3961
-1.39618
-1.39627
-1.39636
-1.39645
-1.39654
-1.39663
-1.39672
-1.39681
-1.39691
-1.397
-1.39708
-1.39717
-1.39726
-1.39735
-1.39743
-1.39752
-1.39761
-1.39769
-1.39778
-1.39786
-1.39795
-1.39803
-1.39812
-1.3982
-1.39829
-1.39837
-1.39846
-1.39854
-1.39863
-1.39872
-1.39881
-1.3989
-1.39899
-1.39908
-1.39917
-1.39926
-1.39935
-1.39945
-1.39954
-1.39964
-1.39974
-1.39984
-1.39994
-1.40004
-1.40014
-1.40025
-1.40035
-1.40046
-1.40057
-1.40068
-1.4008
-1.40091
-1.40103
-1.40115
-1.40127
-1.40139
-1.40151
-1.40164
-1.40176
-1.40189
-1.40202
-1.40216
-1.40229
-1.40243
-1.40257
-1.40271
-1.40285
-1.40299
-1.40313
-1.40328
-1.40342
-1.40356
-1.40371
-1.40385
-1.404
-1.40414
-1.40428
-1.40442
-1.40456
-1.40469
-1.40483
-1.40496
-1.40509
-1.40522
-1.40534
-1.40547
-1.40559
-1.4057
-1.40582
-1.40593
-1.40604
-1.40614
-1.40625
-1.40635
-1.40644
-1.40653
-1.40662
-1.4067
-1.40678
-1.40686
-1.40693
-1.407
-1.40706
-1.40712
-1.40718
-1.40723
-1.40728
-1.40732
-1.40736
-1.40739
-1.40742
-1.40744
-1.40747
-1.40748
-1.4075
-1.40751
-1.40751
-1.40752
-1.40752
-1.40751
-1.40751
-1.4075
-1.40749
-1.40747
-1.40746
-1.40744
-1.40741
-1.40739
-1.40737
-1.40734
-1.40731
-1.40728
-1.40725
-1.40722
-1.40719
-1.40716
-1.40713
-1.40709
-1.40706
-1.40703
-1.407
-1.40696
-1.40693
-1.4069
-1.40687
-1.40683
-1.4068
-1.40677
-1.40674
-1.40672
-1.40669
-1.40666
-1.40663
-1.40661
-1.40658
-1.40656
-1.40654
-1.40652
-1.40649
-1.40647
-1.40646
-1.40644
-1.40642
-1.4064
-1.40639
-1.40637
-1.40636
-1.40635
-1.40634
-1.40633
-1.40632
-1.40631
-1.4063
-1.40629
-1.40629
-1.40628
-1.40628
-1.40627
-1.40627
-1.40626
-1.40626
-1.40626
-1.40625
-1.40622
-1.40623
-1.40623
-1.40623
-1.40622
-1.40622
-1.40622
-1.40622
-1.40617
-1.40621
-1.40622
-1.40622
-1.40622
-1.40623
-1.40624
-1.40605
-1.40607
-1.40609
-1.40607
-1.40608
-1.40609
-1.40609
-1.4061
-1.4061
-1.40609
-1.40609
-1.40608
-1.40558
-1.40599
-1.40601
-1.40601
-1.406
-1.406
-1.406
-1.406
-1.406
-1.40571
-1.40583
-1.40593
-1.40593
-1.40594
-1.40594
-1.40594
-1.40594
-1.40594
-1.40593
-1.40592
-1.40591
-1.4059
-1.40588
-1.40587
-1.40585
-1.40584
-1.40582
-1.4058
-1.40578
-1.40576
-1.40574
-1.40573
-1.40572
-1.40571
-1.4057
-1.40569
-1.40567
-1.40563
-1.4056
-1.40556
-1.40552
-1.40548
-1.40544
-1.4054
-1.40536
-1.40532
-1.40528
-1.40524
-1.4052
-1.40516
-1.41603
-1.4161
-1.41618
-1.41626
-1.41633
-1.41641
-1.41649
-1.41657
-1.41665
-1.41674
-1.41682
-1.4169
-1.41699
-1.41707
-1.41716
-1.41724
-1.41733
-1.41742
-1.41751
-1.4176
-1.41769
-1.41778
-1.41787
-1.41796
-1.41806
-1.41815
-1.41824
-1.41834
-1.41843
-1.41853
-1.41863
-1.41872
-1.41882
-1.41892
-1.41902
-1.41912
-1.41922
-1.4191
-1.41924
-1.41934
-1.41943
-1.41953
-1.41962
-1.41971
-1.41981
-1.41991
-1.42
-1.42011
-1.4202
-1.42028
-1.42037
-1.42046
-1.42054
-1.42062
-1.4207
-1.42078
-1.42085
-1.42091
-1.42097
-1.42103
-1.42109
-1.42114
-1.4212
-1.42125
-1.42131
-1.42136
-1.42142
-1.42147
-1.42153
-1.42158
-1.42164
-1.4217
-1.42176
-1.42181
-1.42187
-1.42194
-1.422
-1.42207
-1.42215
-1.42223
-1.42231
-1.42241
-1.4225
-1.4226
-1.4227
-1.42281
-1.42292
-1.42304
-1.42316
-1.42328
-1.42341
-1.42354
-1.42367
-1.42381
-1.42395
-1.4241
-1.42425
-1.4244
-1.42455
-1.42471
-1.42487
-1.42503
-1.4252
-1.42537
-1.42554
-1.42571
-1.42588
-1.42606
-1.42623
-1.42639
-1.42656
-1.42671
-1.42687
-1.42703
-1.42719
-1.42735
-1.42751
-1.42768
-1.42784
-1.428
-1.42817
-1.42833
-1.42849
-1.42865
-1.4288
-1.42896
-1.42911
-1.42925
-1.42939
-1.42953
-1.42967
-1.42979
-1.42992
-1.43004
-1.43015
-1.43025
-1.43035
-1.43044
-1.43053
-1.43061
-1.43068
-1.43074
-1.4308
-1.43085
-1.43089
-1.43093
-1.43095
-1.43097
-1.43099
-1.43099
-1.43099
-1.43099
-1.43097
-1.43096
-1.43093
-1.4309
-1.43087
-1.43083
-1.43079
-1.43075
-1.4307
-1.43065
-1.43059
-1.43054
-1.43048
-1.43042
-1.43036
-1.4303
-1.43023
-1.43017
-1.43011
-1.43004
-1.42998
-1.42991
-1.42985
-1.42979
-1.42973
-1.42967
-1.42961
-1.42955
-1.42949
-1.42944
-1.42938
-1.42933
-1.42928
-1.42923
-1.42918
-1.42913
-1.42909
-1.42905
-1.42901
-1.42897
-1.42893
-1.42889
-1.42886
-1.42883
-1.42875
-1.42876
-1.42874
-1.42871
-1.42868
-1.42866
-1.42855
-1.42853
-1.42855
-1.42844
-1.42854
-1.42856
-1.42855
-1.42844
-1.42856
-1.42858
-1.42856
-1.42846
-1.42856
-1.42859
-1.42858
-1.42857
-1.42857
-1.42854
-1.42853
-1.42855
-1.4285
-1.42851
-1.42852
-1.42851
-1.42851
-1.42851
-1.42851
-1.42851
-1.4285
-1.42849
-1.4285
-1.42849
-1.42849
-1.42848
-1.42847
-1.42846
-1.42845
-1.42842
-1.42842
-1.42836
-1.42834
-1.42853
-1.42852
-1.42851
-1.4285
-1.42848
-1.42849
-1.42847
-1.42815
-1.42818
-1.42825
-1.42825
-1.42824
-1.42822
-1.42819
-1.42815
-1.42811
-1.42801
-1.42793
-1.42808
-1.42806
-1.42793
-1.42812
-1.42802
-1.42777
-1.42771
-1.4284
-1.4284
-1.42831
-1.42825
-1.42822
-1.42816
-1.42807
-1.42814
-1.42815
-1.42813
-1.42811
-1.42809
-1.42807
-1.42806
-1.42802
-1.42803
-1.42801
-1.428
-1.42799
-1.42798
-1.42795
-1.42792
-1.42789
-1.42785
-1.42781
-1.42777
-1.42772
-1.42768
-1.42764
-1.4276
-1.42755
-1.42751
-1.43935
-1.43937
-1.4394
-1.43942
-1.43944
-1.43947
-1.43949
-1.43952
-1.43953
-1.43955
-1.43968
-1.43975
-1.43979
-1.43982
-1.43985
-1.43988
-1.43991
-1.43994
-1.43998
-1.44002
-1.44006
-1.4401
-1.44014
-1.44018
-1.44022
-1.44026
-1.44031
-1.44035
-1.44039
-1.44044
-1.44048
-1.44053
-1.44056
-1.44061
-1.44065
-1.44069
-1.44073
-1.44077
-1.4408
-1.44083
-1.44049
-1.44091
-1.44091
-1.44094
-1.44097
-1.441
-1.44098
-1.44096
-1.44396
-1.44386
-1.44374
-1.44374
-1.44382
-1.44386
-1.44343
-1.44389
-1.44386
-1.44383
-1.44381
-1.4438
-1.4438
-1.44381
-1.44384
-1.44385
-1.44386
-1.44387
-1.44388
-1.44387
-1.44386
-1.4439
-1.44391
-1.44393
-1.44395
-1.44396
-1.44396
-1.44399
-1.44404
-1.44403
-1.44401
-1.44415
-1.44416
-1.44416
-1.44421
-1.44427
-1.44433
-1.44441
-1.44448
-1.44457
-1.44466
-1.44476
-1.44486
-1.44498
-1.44509
-1.44522
-1.44535
-1.44548
-1.44564
-1.4458
-1.44598
-1.44616
-1.44637
-1.44658
-1.44681
-1.44706
-1.44732
-1.44761
-1.44792
-1.44825
-1.44861
-1.44899
-1.44938
-1.44974
-1.45009
-1.45044
-1.45076
-1.45106
-1.45135
-1.45162
-1.45189
-1.45216
-1.4524
-1.45263
-1.45284
-1.45303
-1.45322
-1.45341
-1.45359
-1.45377
-1.45393
-1.45409
-1.45423
-1.45437
-1.45451
-1.45465
-1.45479
-1.45491
-1.45503
-1.45512
-1.4552
-1.45527
-1.45533
-1.45537
-1.4554
-1.45543
-1.45544
-1.45544
-1.45543
-1.45541
-1.45538
-1.45534
-1.45529
-1.45523
-1.45516
-1.45508
-1.455
-1.45491
-1.45481
-1.45471
-1.4546
-1.45449
-1.45437
-1.45425
-1.45413
-1.454
-1.45388
-1.45375
-1.45362
-1.45349
-1.45336
-1.45324
-1.45311
-1.45298
-1.45286
-1.45274
-1.45262
-1.45251
-1.4524
-1.45229
-1.45218
-1.45208
-1.45198
-1.45189
-1.4518
-1.45171
-1.45163
-1.45155
-1.45148
-1.45141
-1.45134
-1.45128
-1.45122
-1.45116
-1.45111
-1.45106
-1.45102
-1.45098
-1.45094
-1.4509
-1.45087
-1.45084
-1.45081
-1.45079
-1.45076
-1.45074
-1.45072
-1.4507
-1.45069
-1.45067
-1.45067
-1.45066
-1.45058
-1.45067
-1.45068
-1.45068
-1.45059
-1.45068
-1.45071
-1.45071
-1.45071
-1.45071
-1.45071
-1.45071
-1.45072
-1.45072
-1.45072
-1.45073
-1.45073
-1.45074
-1.45074
-1.45075
-1.45075
-1.45076
-1.45076
-1.45076
-1.45077
-1.45077
-1.45078
-1.45078
-1.45078
-1.45079
-1.45079
-1.45079
-1.45079
-1.45079
-1.45079
-1.4508
-1.4508
-1.45079
-1.45079
-1.45078
-1.45077
-1.45075
-1.45073
-1.45073
-1.45072
-1.45071
-1.4507
-1.4507
-1.45069
-1.45069
-1.45069
-1.45069
-1.45068
-1.45068
-1.45068
-1.45067
-1.45066
-1.45065
-1.45064
-1.45062
-1.4506
-1.45057
-1.45054
-1.45052
-1.45049
-1.45046
-1.45042
-1.45038
-1.45034
-1.45029
-1.45021
-1.45016
-1.45012
-1.45
-1.44977
-1.44965
-1.45047
-1.45045
-1.4504
-1.45034
-1.45028
-1.45023
-1.45018
-1.45013
-1.45008
-1.45003
-1.44999
-1.44994
-1.44989
-1.44985
-1.46098
-1.46107
-1.46117
-1.46128
-1.46138
-1.46148
-1.46159
-1.46169
-1.4618
-1.46191
-1.46201
-1.46212
-1.46223
-1.46224
-1.46236
-1.46243
-1.46251
-1.4626
-1.46333
-1.46345
-1.46358
-1.46366
-1.46383
-1.46399
-1.46396
-1.46415
-1.46431
-1.46447
-1.46462
-1.46478
-1.46493
-1.46513
-1.4653
-1.46548
-1.46566
-1.46587
-1.46606
-1.46626
-1.46648
-1.4667
-1.46692
-1.46714
-1.46737
-1.46743
-1.46774
-1.46787
-1.46831
-1.4686
-1.46889
-1.46906
-1.46932
-1.47013
-1.47044
-1.47071
-1.4711
-1.47179
-1.47213
-1.46376
-1.46415
-1.46519
-1.46553
-1.46586
-1.46618
-1.46666
-1.46696
-1.45709
-1.46383
-1.46434
-1.4646
-1.46483
-1.46508
-1.46532
-1.46554
-1.4562
-1.46063
-1.46173
-1.46185
-1.46191
-1.46203
-1.46214
-1.4622
-1.46243
-1.46261
-1.4626
-1.46492
-1.46482
-1.46488
-1.46497
-1.46514
-1.46534
-1.46555
-1.46449
-1.46706
-1.46721
-1.46739
-1.46761
-1.46788
-1.46813
-1.4684
-1.46866
-1.46888
-1.46909
-1.46931
-1.46951
-1.46967
-1.46982
-1.46998
-1.47016
-1.47035
-1.46154
-1.46159
-1.47505
-1.47474
-1.47472
-1.4749
-1.47504
-1.47518
-1.47534
-1.47554
-1.47578
-1.47605
-1.47625
-1.47646
-1.4767
-1.47696
-1.47721
-1.47747
-1.47778
-1.47809
-1.47834
-1.47859
-1.47884
-1.47907
-1.47932
-1.47957
-1.47982
-1.48001
-1.48016
-1.48029
-1.4804
-1.48049
-1.48055
-1.48059
-1.48062
-1.48064
-1.48063
-1.48057
-1.48048
-1.48033
-1.48017
-1.47998
-1.47976
-1.47953
-1.47929
-1.47906
-1.47884
-1.4786
-1.47836
-1.47811
-1.47785
-1.47759
-1.47733
-1.47708
-1.47684
-1.4766
-1.47637
-1.47614
-1.47592
-1.4757
-1.4755
-1.4753
-1.47511
-1.47492
-1.47475
-1.47458
-1.47442
-1.47427
-1.47413
-1.474
-1.47387
-1.47375
-1.47364
-1.47353
-1.47344
-1.47335
-1.47326
-1.47319
-1.47311
-1.47305
-1.47299
-1.47293
-1.47288
-1.47284
-1.4728
-1.47276
-1.47273
-1.4727
-1.47268
-1.47266
-1.47264
-1.47263
-1.47262
-1.47261
-1.4726
-1.4726
-1.4726
-1.4726
-1.47261
-1.47261
-1.47262
-1.47263
-1.47264
-1.47265
-1.47266
-1.47267
-1.47269
-1.4727
-1.47272
-1.47273
-1.47274
-1.47276
-1.47278
-1.47279
-1.47281
-1.47282
-1.47284
-1.47285
-1.47287
-1.47288
-1.4729
-1.47291
-1.47292
-1.47294
-1.47295
-1.47296
-1.47297
-1.47299
-1.473
-1.47301
-1.47302
-1.47303
-1.47304
-1.47305
-1.47306
-1.47306
-1.47307
-1.47307
-1.47307
-1.47308
-1.47308
-1.47308
-1.47308
-1.47308
-1.47308
-1.47307
-1.47307
-1.47307
-1.47307
-1.47307
-1.47308
-1.47307
-1.47307
-1.47307
-1.47306
-1.47306
-1.47306
-1.47306
-1.47305
-1.47303
-1.47301
-1.47299
-1.47298
-1.47296
-1.47295
-1.47293
-1.47291
-1.47289
-1.47287
-1.47286
-1.47284
-1.47282
-1.47281
-1.47279
-1.47277
-1.47276
-1.47275
-1.47272
-1.47269
-1.47266
-1.47262
-1.47258
-1.47254
-1.4725
-1.47245
-1.47241
-1.47236
-1.47231
-1.47225
-1.47222
-1.47217
-1.48458
-1.48465
-1.48471
-1.48476
-1.48483
-1.48486
-1.48496
-1.48501
-1.4851
-1.48518
-1.48527
-1.48536
-1.48546
-1.48541
-1.48552
-1.48561
-1.4851
-1.48533
-1.48563
-1.48574
-1.48587
-1.48602
-1.48345
-1.48511
-1.48529
-1.48545
-1.48562
-1.48579
-1.48596
-1.48613
-1.48633
-1.48652
-1.48647
-1.48695
-1.48719
-1.48743
-1.48768
-1.48794
-1.48821
-1.48854
-1.48808
-1.48838
-1.48874
-1.48907
-1.48941
-1.48977
-1.49016
-1.49013
-1.49053
-1.49114
-1.49143
-1.49192
-1.49255
-1.49307
-1.49153
-1.49273
-1.49158
-1.49221
-1.48219
-1.48658
-1.48782
-1.48839
-1.48876
-1.4915
-1.49212
-1.48546
-1.48624
-1.48711
-1.4878
-1.48766
-1.48832
-1.49
-1.49069
-1.48705
-1.48793
-1.48882
-1.48146
-1.48258
-1.48322
-1.4747
-1.47655
-1.47848
-1.47902
-1.47951
-1.48089
-1.48122
-1.47651
-1.48236
-1.4827
-1.47995
-1.48046
-1.48089
-1.47933
-1.47949
-1.4844
-1.48436
-1.48364
-1.48502
-1.4833
-1.48417
-1.48816
-1.4882
-1.48813
-1.48821
-1.48835
-1.48865
-1.48737
-1.488
-1.48668
-1.48879
-1.48924
-1.48959
-1.48999
-1.49019
-1.49024
-1.4974
-1.49744
-1.49357
-1.49593
-1.49678
-1.4907
-1.49697
-1.49671
-1.49572
-1.49581
-1.4992
-1.49806
-1.50483
-1.4891
-1.5028
-1.50234
-1.5017
-1.50208
-1.50299
-1.50283
-1.49476
-1.51054
-1.51035
-1.51015
-1.51021
-1.51034
-1.51029
-1.51015
-1.51002
-1.50988
-1.50973
-1.50958
-1.50918
-1.50871
-1.50821
-1.50775
-1.50723
-1.50664
-1.50605
-1.50547
-1.50493
-1.50439
-1.50379
-1.50322
-1.50266
-1.50212
-1.5016
-1.50114
-1.5007
-1.50025
-1.49979
-1.49935
-1.49894
-1.49855
-1.49818
-1.49783
-1.4975
-1.4972
-1.49692
-1.49666
-1.49641
-1.49619
-1.49599
-1.4958
-1.49562
-1.49547
-1.49532
-1.49519
-1.49507
-1.49496
-1.49486
-1.49477
-1.49469
-1.49462
-1.49456
-1.49451
-1.49446
-1.49442
-1.49439
-1.49436
-1.49434
-1.49432
-1.49431
-1.4943
-1.4943
-1.4943
-1.49431
-1.49432
-1.49433
-1.49434
-1.49436
-1.49437
-1.49439
-1.49442
-1.49444
-1.49446
-1.49449
-1.49452
-1.49455
-1.49457
-1.4946
-1.49463
-1.49466
-1.49469
-1.49472
-1.49475
-1.49478
-1.49481
-1.49484
-1.49486
-1.49489
-1.49492
-1.49494
-1.49497
-1.495
-1.49502
-1.49504
-1.49507
-1.49509
-1.49511
-1.49513
-1.49515
-1.49517
-1.49519
-1.49521
-1.49522
-1.49524
-1.49525
-1.49527
-1.49528
-1.49529
-1.4953
-1.49531
-1.49532
-1.49533
-1.49533
-1.49534
-1.49534
-1.49535
-1.49535
-1.49535
-1.49536
-1.49536
-1.49536
-1.49536
-1.49536
-1.49536
-1.49535
-1.49535
-1.49535
-1.49534
-1.49533
-1.49533
-1.49532
-1.49531
-1.4953
-1.49529
-1.49527
-1.49526
-1.49525
-1.49524
-1.49522
-1.49521
-1.4952
-1.49518
-1.49517
-1.49516
-1.49515
-1.49514
-1.49512
-1.49509
-1.49506
-1.49502
-1.49498
-1.49494
-1.4949
-1.49485
-1.49481
-1.49477
-1.49472
-1.49468
-1.49463
-1.49458
-1.49453
-1.49449
-1.50667
-1.50662
-1.50657
-1.50653
-1.50649
-1.50645
-1.50642
-1.50639
-1.50636
-1.50634
-1.50632
-1.5063
-1.50629
-1.50627
-1.50627
-1.50626
-1.50591
-1.50622
-1.50622
-1.50622
-1.50623
-1.50622
-1.5062
-1.50344
-1.50709
-1.5071
-1.50712
-1.50713
-1.50714
-1.50717
-1.5072
-1.50592
-1.50663
-1.5067
-1.50673
-1.50679
-1.50686
-1.50691
-1.50393
-1.50694
-1.50705
-1.50703
-1.50711
-1.50721
-1.50728
-1.5071
-1.5072
-1.50731
-1.5074
-1.50747
-1.50756
-1.50762
-1.50768
-1.50774
-1.50779
-1.50775
-1.50767
-1.51031
-1.50819
-1.50771
-1.51012
-1.51035
-1.51032
-1.51038
-1.5108
-1.51103
-1.51105
-1.5111
-1.51119
-1.51136
-1.51128
-1.51124
-1.51131
-1.51165
-1.51177
-1.51171
-1.51195
-1.51335
-1.51357
-1.50863
-1.50908
-1.51004
-1.50277
-1.50539
-1.50597
-1.50101
-1.50808
-1.50866
-1.50763
-1.50994
-1.51055
-1.51075
-1.51336
-1.51437
-1.51389
-1.51482
-1.51562
-1.50921
-1.51018
-1.51189
-1.51277
-1.51209
-1.51385
-1.51478
-1.50204
-1.50802
-1.50891
-1.50949
-1.51005
-1.51083
-1.51143
-1.51142
-1.51165
-1.51724
-1.5121
-1.51407
-1.51451
-1.51352
-1.51953
-1.51981
-1.51996
-1.52401
-1.52444
-1.5228
-1.52532
-1.52598
-1.5205
-1.52095
-1.52393
-1.52358
-1.52356
-1.53559
-1.53007
-1.52999
-1.54673
-1.53902
-1.54052
-1.52254
-1.52862
-1.53127
-1.53082
-1.54215
-1.53073
-1.5311
-1.53271
-1.53097
-1.53027
-1.54024
-1.53997
-1.5312
-1.5338
-1.50983
-1.51892
-1.51902
-1.51639
-1.5263
-1.5187
-1.52288
-1.52226
-1.52128
-1.52078
-1.52035
-1.52001
-1.51969
-1.51931
-1.51895
-1.51867
-1.51842
-1.51813
-1.51786
-1.51761
-1.51737
-1.51715
-1.51694
-1.51672
-1.51651
-1.51631
-1.51614
-1.51598
-1.51585
-1.51573
-1.51562
-1.51554
-1.51546
-1.51541
-1.51536
-1.51533
-1.5153
-1.51529
-1.51528
-1.51529
-1.5153
-1.51531
-1.51534
-1.51536
-1.51539
-1.51543
-1.51547
-1.51551
-1.51555
-1.5156
-1.51565
-1.5157
-1.51575
-1.5158
-1.51586
-1.51591
-1.51597
-1.51602
-1.51608
-1.51613
-1.51619
-1.51624
-1.51629
-1.51635
-1.5164
-1.51645
-1.51651
-1.51656
-1.51661
-1.51665
-1.5167
-1.51675
-1.51679
-1.51684
-1.51688
-1.51692
-1.51697
-1.51701
-1.51704
-1.51708
-1.51712
-1.51715
-1.51719
-1.51722
-1.51725
-1.51728
-1.51731
-1.51734
-1.51736
-1.51739
-1.51741
-1.51743
-1.51745
-1.51747
-1.51749
-1.51751
-1.51753
-1.51754
-1.51756
-1.51757
-1.51758
-1.51759
-1.5176
-1.51761
-1.51762
-1.51763
-1.51763
-1.51764
-1.51764
-1.51764
-1.51764
-1.51764
-1.51764
-1.51764
-1.51764
-1.51764
-1.51763
-1.51762
-1.51762
-1.51761
-1.5176
-1.51759
-1.51757
-1.51756
-1.51755
-1.51753
-1.51752
-1.5175
-1.51749
-1.51747
-1.51745
-1.51743
-1.51741
-1.51738
-1.51736
-1.51733
-1.5173
-1.51726
-1.51723
-1.51719
-1.51715
-1.51711
-1.51707
-1.51703
-1.51699
-1.51694
-1.51689
-1.51684
-1.51679
-1.52631
-1.52637
-1.52634
-1.52628
-1.52625
-1.52622
-1.52621
-1.5262
-1.5262
-1.5262
-1.5262
-1.52621
-1.52622
-1.52624
-1.52627
-1.52629
-1.52632
-1.52635
-1.52639
-1.52642
-1.52646
-1.5265
-1.52648
-1.51736
-1.52319
-1.5232
-1.52301
-1.5231
-1.52319
-1.52327
-1.52329
-1.52342
-1.52353
-1.52361
-1.52369
-1.52377
-1.52384
-1.52387
-1.52388
-1.52397
-1.52552
-1.52567
-1.52529
-1.52564
-1.52464
-1.52559
-1.52572
-1.52586
-1.52601
-1.52618
-1.52635
-1.52655
-1.52677
-1.52695
-1.52716
-1.52752
-1.5248
-1.52675
-1.52709
-1.5274
-1.52772
-1.52805
-1.52833
-1.52839
-1.52838
-1.52865
-1.53311
-1.53366
-1.53434
-1.53446
-1.53484
-1.53547
-1.52314
-1.52999
-1.53048
-1.53078
-1.53103
-1.53127
-1.53149
-1.53137
-1.53018
-1.53269
-1.53245
-1.53258
-1.53291
-1.53289
-1.53237
-1.53251
-1.5384
-1.53882
-1.53426
-1.5359
-1.53659
-1.53572
-1.53825
-1.53071
-1.53274
-1.53285
-1.52944
-1.54113
-1.54161
-1.54162
-1.54217
-1.54325
-1.54452
-1.51943
-1.53739
-1.53823
-1.53902
-1.53931
-1.5403
-1.54132
-1.53342
-1.53737
-1.53813
-1.53721
-1.53819
-1.53943
-1.5401
-1.53889
-1.54415
-1.54482
-1.54487
-1.54559
-1.54715
-1.54826
-1.54048
-1.54082
-1.54191
-1.53809
-1.54162
-1.53956
-1.53952
-1.55301
-1.54804
-1.56497
-1.55827
-1.56151
-1.56147
-1.56118
-1.56124
-1.56159
-1.56223
-1.56277
-1.55709
-1.55713
-1.55745
-1.55671
-1.55621
-1.55573
-1.55772
-1.55803
-1.54794
-1.54828
-1.54886
-1.54036
-1.54076
-1.54167
-1.53768
-1.53878
-1.53877
-1.53315
-1.54574
-1.54338
-1.54569
-1.53721
-1.53665
-1.5285
-1.53441
-1.53548
-1.53529
-1.53509
-1.53512
-1.53507
-1.53505
-1.53505
-1.53506
-1.53507
-1.53509
-1.53513
-1.53517
-1.53522
-1.53528
-1.53535
-1.53542
-1.5355
-1.53558
-1.53566
-1.53575
-1.53584
-1.53594
-1.53603
-1.53613
-1.53622
-1.53632
-1.53642
-1.53651
-1.53661
-1.53671
-1.5368
-1.5369
-1.53699
-1.53708
-1.53718
-1.53727
-1.53736
-1.53745
-1.53754
-1.53762
-1.53771
-1.53779
-1.53788
-1.53796
-1.53804
-1.53811
-1.53819
-1.53826
-1.53833
-1.53841
-1.53847
-1.53854
-1.53861
-1.53867
-1.53873
-1.53879
-1.53885
-1.53891
-1.53896
-1.53901
-1.53906
-1.53911
-1.53916
-1.53921
-1.53925
-1.53929
-1.53934
-1.53937
-1.53941
-1.53945
-1.53948
-1.53952
-1.53955
-1.53958
-1.53961
-1.53963
-1.53966
-1.53968
-1.53971
-1.53973
-1.53975
-1.53977
-1.53978
-1.5398
-1.53981
-1.53983
-1.53984
-1.53985
-1.53986
-1.53987
-1.53988
-1.53988
-1.53989
-1.53989
-1.5399
-1.5399
-1.5399
-1.5399
-1.5399
-1.53989
-1.53989
-1.53988
-1.53988
-1.53987
-1.53986
-1.53985
-1.53984
-1.53983
-1.53982
-1.5398
-1.53979
-1.53977
-1.53975
-1.53973
-1.53971
-1.53968
-1.53966
-1.53963
-1.5396
-1.53957
-1.53953
-1.53949
-1.53946
-1.53942
-1.53937
-1.53933
-1.53929
-1.53924
-1.53919
-1.53914
-1.53909
-1.55091
-1.54869
-1.54865
-1.54872
-1.54876
-1.54873
-1.54865
-1.54855
-1.54844
-1.54834
-1.54824
-1.54812
-1.54801
-1.54783
-1.54754
-1.54562
-1.5492
-1.54913
-1.54903
-1.54899
-1.54889
-1.54875
-1.54848
-1.54797
-1.5473
-1.54695
-1.5471
-1.54747
-1.54779
-1.5479
-1.54786
-1.54778
-1.54772
-1.54761
-1.54755
-1.54746
-1.54751
-1.5475
-1.54729
-1.54722
-1.54771
-1.54771
-1.5477
-1.54765
-1.5476
-1.54755
-1.5475
-1.54746
-1.5474
-1.54741
-1.54717
-1.54656
-1.5458
-1.54594
-1.54649
-1.54683
-1.54686
-1.5468
-1.54717
-1.547
-1.54685
-1.54674
-1.54674
-1.54682
-1.54604
-1.54613
-1.545
-1.54265
-1.55785
-1.55811
-1.5581
-1.55832
-1.55842
-1.55933
-1.55936
-1.55946
-1.55962
-1.55982
-1.56005
-1.56033
-1.56064
-1.56094
-1.56115
-1.56115
-1.55609
-1.55705
-1.5581
-1.55877
-1.55911
-1.55955
-1.55999
-1.5604
-1.55929
-1.5606
-1.56344
-1.56353
-1.56403
-1.56452
-1.56514
-1.56537
-1.56584
-1.56608
-1.56611
-1.56601
-1.56633
-1.56986
-1.5707
-1.57113
-1.57065
-1.57086
-1.57111
-1.56443
-1.56935
-1.56912
-1.56919
-1.56938
-1.56954
-1.56973
-1.56993
-1.56987
-1.56792
-1.5682
-1.56871
-1.56851
-1.56702
-1.56697
-1.56941
-1.56895
-1.56634
-1.57696
-1.57621
-1.5744
-1.58017
-1.57522
-1.57987
-1.57959
-1.57866
-1.57943
-1.58032
-1.5691
-1.57235
-1.58225
-1.58146
-1.58022
-1.5822
-1.58351
-1.5686
-1.5695
-1.56965
-1.56903
-1.56845
-1.5685
-1.56872
-1.56958
-1.57096
-1.5595
-1.56417
-1.56455
-1.55707
-1.55774
-1.56146
-1.55278
-1.55291
-1.56282
-1.55482
-1.55518
-1.55894
-1.55347
-1.55584
-1.55601
-1.55197
-1.55959
-1.55067
-1.5536
-1.55438
-1.55441
-1.55457
-1.55476
-1.55492
-1.55507
-1.55522
-1.55537
-1.55551
-1.55566
-1.55581
-1.55596
-1.55611
-1.55626
-1.55642
-1.55657
-1.55672
-1.55688
-1.55703
-1.55718
-1.55733
-1.55748
-1.55762
-1.55777
-1.55791
-1.55805
-1.55819
-1.55833
-1.55846
-1.55859
-1.55872
-1.55885
-1.55897
-1.55909
-1.55921
-1.55932
-1.55943
-1.55954
-1.55965
-1.55975
-1.55985
-1.55995
-1.56005
-1.56014
-1.56023
-1.56032
-1.5604
-1.56048
-1.56056
-1.56064
-1.56071
-1.56079
-1.56086
-1.56093
-1.56099
-1.56105
-1.56112
-1.56117
-1.56123
-1.56129
-1.56134
-1.56139
-1.56144
-1.56148
-1.56153
-1.56157
-1.56161
-1.56165
-1.56169
-1.56173
-1.56176
-1.56179
-1.56182
-1.56185
-1.56188
-1.56191
-1.56193
-1.56196
-1.56198
-1.562
-1.56202
-1.56204
-1.56205
-1.56207
-1.56208
-1.56209
-1.5621
-1.56211
-1.56212
-1.56213
-1.56213
-1.56214
-1.56214
-1.56215
-1.56215
-1.56215
-1.56214
-1.56214
-1.56214
-1.56213
-1.56212
-1.56212
-1.56211
-1.56209
-1.56208
-1.56207
-1.56205
-1.56203
-1.56201
-1.56199
-1.56197
-1.56195
-1.56192
-1.56189
-1.56186
-1.56183
-1.56179
-1.56175
-1.56172
-1.56167
-1.56163
-1.56159
-1.56154
-1.56149
-1.56144
-1.56138
-1.57019
-1.57033
-1.57039
-1.57045
-1.57052
-1.5706
-1.57066
-1.57076
-1.57082
-1.57075
-1.57083
-1.57078
-1.5708
-1.57081
-1.57076
-1.57075
-1.5726
-1.57274
-1.57281
-1.57293
-1.57286
-1.57292
-1.57297
-1.57315
-1.57321
-1.57328
-1.57331
-1.57338
-1.57348
-1.57343
-1.57372
-1.57378
-1.57381
-1.57379
-1.57371
-1.57377
-1.5772
-1.57745
-1.57474
-1.57581
-1.57316
-1.57458
-1.57477
-1.57427
-1.57448
-1.57466
-1.57478
-1.5737
-1.574
-1.5745
-1.57466
-1.57491
-1.5752
-1.57578
-1.57207
-1.57459
-1.57505
-1.57545
-1.57586
-1.5763
-1.57677
-1.57726
-1.57772
-1.5781
-1.57823
-1.57411
-1.57477
-1.57609
-1.57715
-1.5779
-1.57847
-1.57901
-1.57951
-1.57997
-1.58022
-1.58077
-1.58132
-1.58115
-1.58191
-1.58234
-1.58313
-1.58338
-1.58419
-1.58417
-1.58376
-1.58291
-1.58801
-1.58857
-1.58879
-1.58898
-1.58918
-1.5894
-1.58954
-1.58944
-1.58911
-1.58931
-1.59357
-1.59369
-1.59374
-1.59959
-1.59863
-1.59856
-1.60445
-1.60496
-1.60509
-1.60515
-1.60537
-1.60568
-1.60603
-1.60639
-1.60687
-1.60662
-1.59646
-1.59771
-1.59908
-1.60002
-1.59636
-1.60361
-1.59922
-1.59937
-1.60168
-1.60213
-1.60225
-1.60266
-1.60355
-1.60419
-1.59831
-1.59889
-1.60013
-1.60068
-1.60078
-1.60136
-1.60187
-1.60217
-1.60294
-1.60311
-1.60346
-1.60398
-1.60448
-1.5972
-1.5978
-1.59868
-1.59899
-1.59818
-1.59866
-1.59952
-1.57697
-1.58709
-1.58728
-1.58709
-1.58714
-1.58724
-1.58731
-1.58757
-1.58846
-1.56711
-1.57138
-1.57344
-1.57229
-1.57167
-1.57493
-1.57508
-1.57166
-1.58389
-1.583
-1.58149
-1.58411
-1.58438
-1.58335
-1.58838
-1.57572
-1.57697
-1.57771
-1.57352
-1.57391
-1.57446
-1.57459
-1.57478
-1.57505
-1.57531
-1.57555
-1.57579
-1.57602
-1.57625
-1.57648
-1.5767
-1.57692
-1.57714
-1.57736
-1.57757
-1.57778
-1.57798
-1.57819
-1.57839
-1.57858
-1.57877
-1.57896
-1.57914
-1.57932
-1.57949
-1.57967
-1.57983
-1.57999
-1.58015
-1.58031
-1.58046
-1.5806
-1.58075
-1.58088
-1.58102
-1.58115
-1.58128
-1.5814
-1.58152
-1.58164
-1.58175
-1.58186
-1.58197
-1.58207
-1.58217
-1.58227
-1.58237
-1.58246
-1.58255
-1.58263
-1.58272
-1.5828
-1.58287
-1.58295
-1.58302
-1.58309
-1.58316
-1.58323
-1.58329
-1.58335
-1.58341
-1.58347
-1.58352
-1.58357
-1.58362
-1.58367
-1.58372
-1.58376
-1.58381
-1.58385
-1.58389
-1.58393
-1.58396
-1.584
-1.58403
-1.58406
-1.58409
-1.58412
-1.58414
-1.58417
-1.58419
-1.58421
-1.58424
-1.58425
-1.58427
-1.58429
-1.5843
-1.58432
-1.58433
-1.58434
-1.58435
-1.58436
-1.58437
-1.58437
-1.58438
-1.58438
-1.58438
-1.58438
-1.58438
-1.58438
-1.58438
-1.58437
-1.58437
-1.58436
-1.58435
-1.58434
-1.58432
-1.58431
-1.58429
-1.58427
-1.58425
-1.58423
-1.5842
-1.58417
-1.58414
-1.58411
-1.58407
-1.58403
-1.58399
-1.58395
-1.5839
-1.58386
-1.5838
-1.58375
-1.58369
-1.59826
-1.59835
-1.59841
-1.59807
-1.59879
-1.59876
-1.59873
-1.59875
-1.59875
-1.59871
-1.59867
-1.59863
-1.59859
-1.59819
-1.59791
-1.59907
-1.59855
-1.59948
-1.5994
-1.59932
-1.60071
-1.60067
-1.60064
-1.60061
-1.6006
-1.60064
-1.60025
-1.60026
-1.6002
-1.60012
-1.60015
-1.60014
-1.60012
-1.60007
-1.5981
-1.6005
-1.6004
-1.60036
-1.60034
-1.60034
-1.59968
-1.59984
-1.6014
-1.60139
-1.60143
-1.60144
-1.60147
-1.60151
-1.60157
-1.60107
-1.60115
-1.60127
-1.60129
-1.60131
-1.6014
-1.6015
-1.60161
-1.60174
-1.60187
-1.60198
-1.6004
-1.60055
-1.60078
-1.60073
-1.60086
-1.60104
-1.6015
-1.60187
-1.60106
-1.60421
-1.60444
-1.60467
-1.60488
-1.6051
-1.60533
-1.60552
-1.6055
-1.60484
-1.60495
-1.6099
-1.61049
-1.61094
-1.61131
-1.61151
-1.61173
-1.61213
-1.61249
-1.61293
-1.61326
-1.61356
-1.61367
-1.61404
-1.61562
-1.61594
-1.61621
-1.61664
-1.61713
-1.61749
-1.61772
-1.61796
-1.61813
-1.61765
-1.61669
-1.61639
-1.62679
-1.62706
-1.62507
-1.62483
-1.62808
-1.62706
-1.62543
-1.63253
-1.63224
-1.63156
-1.63071
-1.63067
-1.63028
-1.63056
-1.63017
-1.63017
-1.63037
-1.63021
-1.62619
-1.62644
-1.62683
-1.62684
-1.62665
-1.6263
-1.62623
-1.62631
-1.62542
-1.62518
-1.63166
-1.63162
-1.6313
-1.6312
-1.6316
-1.63179
-1.61803
-1.61782
-1.62244
-1.62222
-1.62165
-1.62197
-1.6219
-1.59716
-1.60844
-1.60761
-1.60696
-1.60647
-1.60599
-1.60551
-1.60537
-1.60492
-1.60153
-1.60403
-1.6025
-1.59871
-1.59812
-1.60059
-1.59994
-1.59474
-1.60783
-1.60691
-1.60508
-1.60663
-1.60636
-1.60416
-1.60896
-1.59739
-1.59757
-1.59733
-1.59526
-1.59492
-1.59865
-1.59851
-1.59828
-1.59818
-1.59816
-1.59816
-1.59819
-1.59825
-1.59834
-1.59845
-1.59858
-1.59872
-1.59887
-1.59903
-1.5992
-1.59938
-1.59956
-1.59974
-1.59993
-1.60011
-1.60029
-1.60048
-1.60066
-1.60084
-1.60102
-1.6012
-1.60137
-1.60154
-1.6017
-1.60187
-1.60203
-1.60218
-1.60234
-1.60249
-1.60263
-1.60278
-1.60291
-1.60305
-1.60318
-1.60331
-1.60344
-1.60356
-1.60368
-1.60379
-1.6039
-1.60401
-1.60412
-1.60422
-1.60432
-1.60442
-1.60451
-1.6046
-1.60469
-1.60478
-1.60486
-1.60494
-1.60502
-1.6051
-1.60517
-1.60524
-1.60531
-1.60538
-1.60545
-1.60551
-1.60557
-1.60563
-1.60568
-1.60574
-1.60579
-1.60584
-1.60589
-1.60594
-1.60598
-1.60603
-1.60607
-1.60611
-1.60615
-1.60618
-1.60622
-1.60625
-1.60629
-1.60632
-1.60635
-1.60637
-1.6064
-1.60642
-1.60645
-1.60647
-1.60649
-1.60651
-1.60653
-1.60655
-1.60656
-1.60658
-1.60659
-1.6066
-1.60661
-1.60662
-1.60662
-1.60663
-1.60664
-1.60664
-1.60664
-1.60664
-1.60664
-1.60663
-1.60663
-1.60662
-1.60661
-1.6066
-1.60659
-1.60657
-1.60656
-1.60654
-1.60651
-1.60649
-1.60646
-1.60642
-1.60639
-1.60635
-1.60631
-1.60626
-1.60621
-1.60616
-1.60611
-1.60605
-1.62193
-1.62185
-1.62184
-1.62069
-1.62239
-1.62242
-1.62247
-1.62253
-1.62256
-1.6226
-1.62264
-1.62269
-1.62274
-1.62279
-1.62285
-1.62291
-1.62297
-1.62303
-1.62093
-1.62231
-1.62239
-1.62245
-1.62252
-1.62267
-1.62274
-1.62281
-1.62288
-1.62296
-1.62303
-1.62086
-1.62363
-1.62371
-1.62375
-1.6239
-1.62468
-1.62476
-1.62484
-1.62493
-1.62502
-1.62453
-1.62504
-1.62513
-1.62523
-1.62534
-1.62546
-1.62453
-1.62526
-1.62535
-1.62548
-1.62562
-1.62586
-1.62389
-1.62559
-1.62575
-1.62594
-1.62655
-1.62609
-1.6263
-1.62605
-1.62625
-1.62693
-1.62263
-1.6254
-1.62569
-1.62579
-1.62628
-1.62662
-1.62699
-1.62726
-1.62755
-1.63109
-1.6315
-1.63193
-1.63238
-1.6328
-1.63342
-1.63395
-1.63444
-1.62855
-1.63301
-1.63386
-1.63447
-1.63508
-1.63556
-1.63617
-1.63682
-1.63745
-1.63191
-1.6326
-1.63392
-1.63457
-1.63499
-1.6356
-1.63648
-1.63711
-1.63772
-1.63812
-1.63662
-1.63728
-1.63824
-1.63884
-1.63939
-1.63999
-1.6406
-1.64074
-1.64136
-1.64187
-1.64183
-1.64154
-1.64096
-1.65156
-1.65181
-1.65184
-1.65172
-1.65153
-1.6513
-1.65106
-1.65069
-1.65013
-1.64917
-1.64866
-1.65207
-1.65184
-1.65125
-1.65037
-1.65006
-1.64939
-1.6475
-1.64672
-1.65209
-1.65136
-1.65069
-1.64959
-1.64893
-1.6487
-1.64776
-1.64651
-1.64539
-1.65233
-1.65113
-1.65014
-1.64929
-1.64853
-1.64791
-1.64718
-1.62484
-1.63553
-1.6351
-1.63348
-1.63273
-1.63481
-1.63389
-1.6324
-1.63495
-1.63509
-1.6331
-1.63318
-1.63335
-1.62674
-1.62738
-1.62784
-1.62829
-1.62717
-1.62778
-1.62843
-1.62224
-1.62283
-1.6238
-1.61853
-1.61921
-1.62025
-1.61341
-1.61796
-1.61839
-1.61854
-1.6188
-1.61906
-1.6193
-1.61951
-1.6197
-1.61988
-1.62006
-1.62023
-1.6204
-1.62056
-1.62073
-1.62089
-1.62106
-1.62122
-1.62139
-1.62156
-1.62173
-1.6219
-1.62207
-1.62223
-1.6224
-1.62257
-1.62274
-1.6229
-1.62307
-1.62323
-1.62339
-1.62354
-1.6237
-1.62385
-1.624
-1.62415
-1.6243
-1.62444
-1.62458
-1.62472
-1.62485
-1.62499
-1.62512
-1.62524
-1.62537
-1.62549
-1.62561
-1.62572
-1.62583
-1.62594
-1.62605
-1.62616
-1.62626
-1.62636
-1.62646
-1.62655
-1.62665
-1.62674
-1.62682
-1.62691
-1.62699
-1.62708
-1.62715
-1.62723
-1.62731
-1.62738
-1.62745
-1.62752
-1.62758
-1.62765
-1.62771
-1.62777
-1.62783
-1.62789
-1.62794
-1.628
-1.62805
-1.6281
-1.62815
-1.6282
-1.62824
-1.62828
-1.62833
-1.62837
-1.62841
-1.62844
-1.62848
-1.62851
-1.62855
-1.62858
-1.62861
-1.62864
-1.62867
-1.62869
-1.62872
-1.62874
-1.62877
-1.62879
-1.62881
-1.62883
-1.62884
-1.62886
-1.62887
-1.62889
-1.6289
-1.62891
-1.62892
-1.62893
-1.62894
-1.62894
-1.62894
-1.62895
-1.62895
-1.62894
-1.62894
-1.62893
-1.62892
-1.6289
-1.62888
-1.62886
-1.62883
-1.62881
-1.62877
-1.62873
-1.62869
-1.62865
-1.6286
-1.62855
-1.62849
-1.64551
-1.64552
-1.64554
-1.64556
-1.64558
-1.6456
-1.64561
-1.64563
-1.64564
-1.64565
-1.64566
-1.64565
-1.64566
-1.64567
-1.64564
-1.64564
-1.64563
-1.64536
-1.64555
-1.64554
-1.64555
-1.64554
-1.64543
-1.64551
-1.64549
-1.64548
-1.64546
-1.64544
-1.64535
-1.64528
-1.64731
-1.64728
-1.64725
-1.64725
-1.64735
-1.64723
-1.64728
-1.64725
-1.64724
-1.64709
-1.64722
-1.64722
-1.64719
-1.64719
-1.64721
-1.64649
-1.64763
-1.64763
-1.64765
-1.64767
-1.64742
-1.64766
-1.64771
-1.64776
-1.64781
-1.64787
-1.64766
-1.64802
-1.64808
-1.64816
-1.64826
-1.6482
-1.64813
-1.64803
-1.64846
-1.64761
-1.64843
-1.64831
-1.64837
-1.64887
-1.64748
-1.65004
-1.65021
-1.65037
-1.65056
-1.65082
-1.65008
-1.64951
-1.65147
-1.65167
-1.65384
-1.65291
-1.65329
-1.65354
-1.65332
-1.65639
-1.65201
-1.6528
-1.65323
-1.65347
-1.6539
-1.65431
-1.65446
-1.65467
-1.65832
-1.65844
-1.65853
-1.65875
-1.65925
-1.6596
-1.6595
-1.65961
-1.66307
-1.66308
-1.66282
-1.66317
-1.66321
-1.66316
-1.66302
-1.6629
-1.65902
-1.66505
-1.665
-1.66486
-1.66457
-1.66489
-1.66441
-1.66371
-1.66027
-1.67205
-1.67177
-1.67019
-1.66969
-1.67039
-1.66988
-1.66912
-1.66658
-1.67342
-1.67309
-1.67145
-1.67134
-1.67172
-1.6711
-1.66978
-1.66938
-1.66895
-1.66837
-1.66717
-1.66679
-1.66647
-1.66567
-1.66462
-1.66368
-1.66302
-1.66229
-1.66102
-1.65973
-1.65882
-1.65766
-1.65622
-1.65568
-1.65511
-1.65138
-1.65059
-1.65058
-1.64977
-1.64894
-1.65151
-1.65084
-1.64967
-1.64879
-1.64908
-1.64882
-1.64751
-1.6471
-1.64676
-1.64589
-1.64476
-1.64584
-1.64413
-1.64381
-1.64455
-1.64411
-1.64382
-1.64362
-1.64345
-1.64331
-1.64321
-1.64313
-1.64308
-1.64305
-1.64305
-1.64306
-1.6431
-1.64315
-1.64321
-1.64329
-1.64338
-1.64348
-1.64359
-1.6437
-1.64383
-1.64395
-1.64408
-1.64422
-1.64436
-1.6445
-1.64464
-1.64478
-1.64492
-1.64507
-1.64521
-1.64536
-1.6455
-1.64564
-1.64578
-1.64592
-1.64606
-1.6462
-1.64634
-1.64647
-1.6466
-1.64673
-1.64686
-1.64699
-1.64711
-1.64723
-1.64736
-1.64747
-1.64759
-1.64771
-1.64782
-1.64793
-1.64804
-1.64814
-1.64825
-1.64835
-1.64845
-1.64855
-1.64864
-1.64874
-1.64883
-1.64892
-1.64901
-1.64909
-1.64918
-1.64926
-1.64934
-1.64942
-1.64949
-1.64957
-1.64964
-1.64971
-1.64978
-1.64985
-1.64991
-1.64997
-1.65004
-1.6501
-1.65015
-1.65021
-1.65027
-1.65032
-1.65037
-1.65042
-1.65047
-1.65052
-1.65057
-1.65061
-1.65066
-1.6507
-1.65074
-1.65078
-1.65082
-1.65085
-1.65089
-1.65092
-1.65096
-1.65099
-1.65102
-1.65105
-1.65108
-1.6511
-1.65113
-1.65115
-1.65118
-1.6512
-1.65122
-1.65124
-1.65126
-1.65128
-1.6513
-1.65132
-1.65134
-1.65136
-1.65137
-1.65138
-1.65138
-1.65137
-1.65137
-1.65135
-1.65134
-1.65132
-1.6513
-1.65127
-1.65124
-1.65121
-1.65117
-1.65113
-1.65108
-1.66884
-1.66888
-1.66892
-1.66896
-1.669
-1.66904
-1.66908
-1.66912
-1.66916
-1.66921
-1.66925
-1.6693
-1.66934
-1.66939
-1.66943
-1.66948
-1.66953
-1.66958
-1.66963
-1.66969
-1.66974
-1.6698
-1.66978
-1.66983
-1.66978
-1.66888
-1.66962
-1.66968
-1.66975
-1.66982
-1.66987
-1.66979
-1.66911
-1.66971
-1.66962
-1.66977
-1.66977
-1.66984
-1.66986
-1.66992
-1.66997
-1.66983
-1.67034
-1.67039
-1.67044
-1.67053
-1.67081
-1.67085
-1.67089
-1.67093
-1.67098
-1.67102
-1.67106
-1.67111
-1.67115
-1.67102
-1.67111
-1.67116
-1.6712
-1.67125
-1.67129
-1.67139
-1.67144
-1.67068
-1.67142
-1.67147
-1.67153
-1.67159
-1.67164
-1.67169
-1.67178
-1.67187
-1.67194
-1.6719
-1.67187
-1.67191
-1.67197
-1.67201
-1.67206
-1.67211
-1.67221
-1.67222
-1.67141
-1.67372
-1.67377
-1.67384
-1.67392
-1.67315
-1.67378
-1.67377
-1.67383
-1.67416
-1.67415
-1.67112
-1.67716
-1.67721
-1.67729
-1.67738
-1.67748
-1.6776
-1.67769
-1.67406
-1.67896
-1.67902
-1.67912
-1.67924
-1.67921
-1.67881
-1.67871
-1.68101
-1.67429
-1.67955
-1.67968
-1.6797
-1.67971
-1.67968
-1.67902
-1.67479
-1.68521
-1.68493
-1.68477
-1.68462
-1.68446
-1.68405
-1.68217
-1.68561
-1.68535
-1.68462
-1.68452
-1.68458
-1.68424
-1.67956
-1.68021
-1.68024
-1.67949
-1.67869
-1.67961
-1.67936
-1.67814
-1.67771
-1.67943
-1.67894
-1.67847
-1.67742
-1.67714
-1.67697
-1.67646
-1.67491
-1.67583
-1.67548
-1.67327
-1.67319
-1.67311
-1.67077
-1.67043
-1.67076
-1.67044
-1.66956
-1.66906
-1.66963
-1.66937
-1.66793
-1.66884
-1.66867
-1.66827
-1.66742
-1.66742
-1.66704
-1.66689
-1.66698
-1.66676
-1.66658
-1.66643
-1.6663
-1.6662
-1.66609
-1.66599
-1.66591
-1.66582
-1.66573
-1.66567
-1.66562
-1.66559
-1.66558
-1.66558
-1.66559
-1.66562
-1.66566
-1.66572
-1.66578
-1.66585
-1.66593
-1.66602
-1.66612
-1.66622
-1.66633
-1.66644
-1.66655
-1.66667
-1.66679
-1.66692
-1.66704
-1.66717
-1.6673
-1.66743
-1.66756
-1.66769
-1.66782
-1.66795
-1.66807
-1.6682
-1.66833
-1.66846
-1.66859
-1.66871
-1.66884
-1.66896
-1.66908
-1.6692
-1.66932
-1.66944
-1.66956
-1.66967
-1.66979
-1.6699
-1.67001
-1.67012
-1.67023
-1.67033
-1.67044
-1.67054
-1.67064
-1.67074
-1.67083
-1.67093
-1.67102
-1.67111
-1.6712
-1.67129
-1.67138
-1.67146
-1.67155
-1.67163
-1.67171
-1.67178
-1.67186
-1.67193
-1.67201
-1.67208
-1.67215
-1.67221
-1.67228
-1.67235
-1.67241
-1.67247
-1.67253
-1.67259
-1.67265
-1.67271
-1.67276
-1.67282
-1.67287
-1.67292
-1.67297
-1.67302
-1.67306
-1.67311
-1.67316
-1.6732
-1.67324
-1.67329
-1.67333
-1.67337
-1.67341
-1.67344
-1.67348
-1.67352
-1.67355
-1.67359
-1.67362
-1.67365
-1.67368
-1.67372
-1.67375
-1.67367
-1.67381
-1.67387
-1.67389
-1.67391
-1.67392
-1.67393
-1.67394
-1.67395
-1.67395
-1.67395
-1.67394
-1.67394
-1.67393
-1.67392
-1.6739
-1.69213
-1.6922
-1.69228
-1.69233
-1.69239
-1.69233
-1.69182
-1.69232
-1.69239
-1.69247
-1.69251
-1.69258
-1.69265
-1.6921
-1.69266
-1.69269
-1.69274
-1.69285
-1.69292
-1.6925
-1.693
-1.69311
-1.69318
-1.69325
-1.69318
-1.69217
-1.69302
-1.69309
-1.69276
-1.69309
-1.69317
-1.69325
-1.69326
-1.69333
-1.6934
-1.69341
-1.69342
-1.69318
-1.69355
-1.69363
-1.6937
-1.69377
-1.69384
-1.69378
-1.69278
-1.69366
-1.69372
-1.69365
-1.69297
-1.69351
-1.69347
-1.69342
-1.69284
-1.69346
-1.69352
-1.69357
-1.69364
-1.69368
-1.69375
-1.69381
-1.69387
-1.69392
-1.69399
-1.69352
-1.69383
-1.69391
-1.69398
-1.69406
-1.69413
-1.69421
-1.69429
-1.69437
-1.69446
-1.69455
-1.69464
-1.69473
-1.69483
-1.69493
-1.69408
-1.69492
-1.69501
-1.69503
-1.69507
-1.69533
-1.6955
-1.69563
-1.69572
-1.69581
-1.6959
-1.69599
-1.69608
-1.69594
-1.69651
-1.69655
-1.69663
-1.6967
-1.69672
-1.69676
-1.69683
-1.69635
-1.69671
-1.69676
-1.69718
-1.69722
-1.69721
-1.69842
-1.6984
-1.69839
-1.69839
-1.69839
-1.69838
-1.69837
-1.69846
-1.69746
-1.69932
-1.69928
-1.69952
-1.70036
-1.7005
-1.70043
-1.70036
-1.7003
-1.7002
-1.69428
-1.69964
-1.69965
-1.69945
-1.69932
-1.69914
-1.69897
-1.69883
-1.69711
-1.69694
-1.69759
-1.69715
-1.69694
-1.69669
-1.69638
-1.69583
-1.69451
-1.69584
-1.695
-1.69464
-1.69455
-1.69418
-1.6924
-1.69455
-1.69417
-1.69372
-1.69326
-1.69286
-1.6926
-1.6913
-1.69154
-1.6914
-1.69106
-1.69075
-1.69053
-1.69034
-1.68926
-1.68953
-1.6895
-1.68926
-1.68905
-1.68886
-1.68874
-1.68825
-1.68836
-1.68824
-1.68814
-1.68805
-1.68797
-1.68796
-1.68753
-1.68736
-1.68847
-1.68812
-1.68793
-1.68784
-1.68779
-1.68774
-1.68771
-1.68769
-1.68768
-1.68768
-1.68769
-1.68772
-1.68775
-1.68779
-1.68784
-1.6879
-1.68797
-1.68804
-1.68811
-1.68819
-1.68828
-1.68837
-1.68846
-1.68856
-1.68866
-1.68877
-1.68888
-1.68899
-1.6891
-1.68921
-1.68933
-1.68945
-1.68957
-1.68969
-1.68981
-1.68993
-1.69006
-1.69018
-1.6903
-1.69043
-1.69055
-1.69067
-1.6908
-1.69092
-1.69104
-1.69116
-1.69128
-1.6914
-1.69152
-1.69164
-1.69176
-1.69188
-1.69199
-1.69211
-1.69222
-1.69233
-1.69245
-1.69256
-1.69267
-1.69278
-1.69288
-1.69298
-1.69308
-1.69318
-1.69327
-1.69337
-1.69346
-1.69355
-1.69364
-1.69373
-1.69382
-1.6939
-1.69399
-1.69407
-1.69416
-1.69424
-1.69432
-1.69439
-1.69447
-1.69454
-1.69462
-1.69469
-1.69476
-1.69483
-1.69489
-1.69496
-1.69502
-1.69508
-1.69514
-1.6952
-1.69526
-1.69532
-1.69539
-1.69545
-1.69551
-1.69556
-1.69562
-1.69568
-1.69573
-1.69578
-1.69583
-1.69588
-1.6958
-1.6959
-1.69597
-1.696
-1.69602
-1.69604
-1.69604
-1.69595
-1.69562
-1.69645
-1.69649
-1.69647
-1.6965
-1.69651
-1.69652
-1.69665
-1.69669
-1.69672
-1.69676
-1.6968
-1.69684
-1.69688
-1.69692
-1.71411
-1.71415
-1.71418
-1.71404
-1.71418
-1.71421
-1.71424
-1.71428
-1.71431
-1.71434
-1.71437
-1.7144
-1.71444
-1.71446
-1.71449
-1.71452
-1.71455
-1.71458
-1.7146
-1.71463
-1.71429
-1.71476
-1.71476
-1.71481
-1.71483
-1.7144
-1.71495
-1.71503
-1.71505
-1.71506
-1.71507
-1.71418
-1.71573
-1.71572
-1.71573
-1.71593
-1.71594
-1.71595
-1.71596
-1.71594
-1.71579
-1.71584
-1.71562
-1.71571
-1.71511
-1.71555
-1.71559
-1.7159
-1.71557
-1.71625
-1.71656
-1.71654
-1.71659
-1.71654
-1.71653
-1.71655
-1.71645
-1.71656
-1.71655
-1.71656
-1.71655
-1.71654
-1.71612
-1.71672
-1.71684
-1.71684
-1.71686
-1.71685
-1.71687
-1.71687
-1.71686
-1.71686
-1.71688
-1.71612
-1.71707
-1.7173
-1.7173
-1.71658
-1.71736
-1.71738
-1.7174
-1.71743
-1.71745
-1.71744
-1.7175
-1.71754
-1.71758
-1.71761
-1.7167
-1.71757
-1.71779
-1.71809
-1.7172
-1.71837
-1.7184
-1.71844
-1.71839
-1.71849
-1.71853
-1.71751
-1.71889
-1.71893
-1.71882
-1.71893
-1.719
-1.71905
-1.71909
-1.719
-1.71909
-1.71879
-1.719
-1.71906
-1.71822
-1.71837
-1.71843
-1.71846
-1.71847
-1.71848
-1.71847
-1.71844
-1.71844
-1.71842
-1.71835
-1.7183
-1.71828
-1.71827
-1.71818
-1.71607
-1.71791
-1.7179
-1.71769
-1.71747
-1.71727
-1.7171
-1.71691
-1.71672
-1.71654
-1.71636
-1.71617
-1.71598
-1.71577
-1.71555
-1.71534
-1.71514
-1.71493
-1.71465
-1.71324
-1.71303
-1.71288
-1.71268
-1.71246
-1.71225
-1.71202
-1.71178
-1.71155
-1.71133
-1.71111
-1.71091
-1.71071
-1.71052
-1.71034
-1.71016
-1.70998
-1.70981
-1.70964
-1.70944
-1.70935
-1.70923
-1.70913
-1.70906
-1.70901
-1.70901
-1.70906
-1.70932
-1.70987
-1.70921
-1.7054
-1.70617
-1.70743
-1.70804
-1.70832
-1.70848
-1.70862
-1.70877
-1.7089
-1.70902
-1.70913
-1.70924
-1.70934
-1.70944
-1.70954
-1.70963
-1.70973
-1.70982
-1.70992
-1.71001
-1.71011
-1.71021
-1.71031
-1.71042
-1.71052
-1.71063
-1.71074
-1.71085
-1.71097
-1.71108
-1.7112
-1.71132
-1.71145
-1.71157
-1.71169
-1.71181
-1.71194
-1.71206
-1.71219
-1.71231
-1.71244
-1.71256
-1.71269
-1.71282
-1.71294
-1.71307
-1.7132
-1.71332
-1.71345
-1.71357
-1.7137
-1.71382
-1.71395
-1.71407
-1.71419
-1.71431
-1.71442
-1.71454
-1.71465
-1.71476
-1.71487
-1.71498
-1.71509
-1.71519
-1.71529
-1.7154
-1.7155
-1.7156
-1.7157
-1.7158
-1.71591
-1.71601
-1.71611
-1.71621
-1.7163
-1.7164
-1.71649
-1.71658
-1.71667
-1.71676
-1.71686
-1.71695
-1.71705
-1.71656
-1.717
-1.71712
-1.7172
-1.71728
-1.71736
-1.71744
-1.71752
-1.71759
-1.71767
-1.71774
-1.71781
-1.71773
-1.718
-1.71809
-1.71816
-1.71825
-1.71834
-1.71772
-1.7182
-1.71834
-1.71842
-1.71849
-1.71856
-1.71864
-1.71868
-1.71846
-1.71858
-1.71889
-1.71899
-1.71897
-1.7192
-1.71921
-1.7193
-1.7194
-1.71949
-1.71957
-1.71966
-1.71969
-1.7198
-1.71991
-1.73687
-1.73689
-1.73691
-1.73693
-1.73696
-1.73698
-1.737
-1.73667
-1.73713
-1.73728
-1.73729
-1.73754
-1.73768
-1.7377
-1.73772
-1.73774
-1.73776
-1.73776
-1.73779
-1.73743
-1.73757
-1.73759
-1.73761
-1.73763
-1.73765
-1.73766
-1.73768
-1.73769
-1.7377
-1.73771
-1.73771
-1.73774
-1.7383
-1.73832
-1.73833
-1.73835
-1.73837
-1.73839
-1.73841
-1.73843
-1.73845
-1.73846
-1.73845
-1.73847
-1.73849
-1.7382
-1.73837
-1.7384
-1.73842
-1.73844
-1.73843
-1.73841
-1.73844
-1.73772
-1.73774
-1.73781
-1.73783
-1.73782
-1.73794
-1.73794
-1.73789
-1.73821
-1.73822
-1.73823
-1.73824
-1.73825
-1.73825
-1.73823
-1.73823
-1.73876
-1.73877
-1.73877
-1.73874
-1.73875
-1.73876
-1.7382
-1.73823
-1.73855
-1.73852
-1.73853
-1.73919
-1.73897
-1.7389
-1.7389
-1.73863
-1.73882
-1.73883
-1.73884
-1.73896
-1.73896
-1.73896
-1.73894
-1.73849
-1.73935
-1.73935
-1.73937
-1.73936
-1.7394
-1.73939
-1.73938
-1.73935
-1.73937
-1.73935
-1.73902
-1.73954
-1.73966
-1.73966
-1.73963
-1.73958
-1.73951
-1.73947
-1.73834
-1.73932
-1.73929
-1.73897
-1.73912
-1.73901
-1.73851
-1.73972
-1.73964
-1.73956
-1.73944
-1.73932
-1.73925
-1.73912
-1.73896
-1.73876
-1.73671
-1.73656
-1.73942
-1.7393
-1.73915
-1.73899
-1.73884
-1.73868
-1.73854
-1.7384
-1.73827
-1.73815
-1.73806
-1.73801
-1.7379
-1.73747
-1.73765
-1.73527
-1.73535
-1.73249
-1.73391
-1.73396
-1.73345
-1.73338
-1.73323
-1.73242
-1.73229
-1.73267
-1.73257
-1.73244
-1.73231
-1.73218
-1.73205
-1.73191
-1.73177
-1.73163
-1.73149
-1.73135
-1.73122
-1.73107
-1.73094
-1.73082
-1.73073
-1.73049
-1.72996
-1.72902
-1.72859
-1.7285
-1.72887
-1.7298
-1.73022
-1.73038
-1.73044
-1.73044
-1.73048
-1.73052
-1.73057
-1.73063
-1.73069
-1.73076
-1.73083
-1.7309
-1.73098
-1.73106
-1.73115
-1.73124
-1.73133
-1.73143
-1.73153
-1.73163
-1.73174
-1.73185
-1.73196
-1.73208
-1.7322
-1.73232
-1.73244
-1.73257
-1.7327
-1.73283
-1.73297
-1.73311
-1.73326
-1.73339
-1.73353
-1.73367
-1.7338
-1.73394
-1.73408
-1.73421
-1.73434
-1.73448
-1.73461
-1.73473
-1.73488
-1.73498
-1.73514
-1.73528
-1.73541
-1.73555
-1.73568
-1.73581
-1.73595
-1.73608
-1.73624
-1.73634
-1.73636
-1.7365
-1.73669
-1.73681
-1.73693
-1.73706
-1.73718
-1.73729
-1.73741
-1.73752
-1.73763
-1.73774
-1.73784
-1.73794
-1.73804
-1.73811
-1.73817
-1.73845
-1.73854
-1.73862
-1.73871
-1.7388
-1.73889
-1.73898
-1.73906
-1.73916
-1.73919
-1.7392
-1.73936
-1.73947
-1.73955
-1.73963
-1.73971
-1.73979
-1.73987
-1.73994
-1.74002
-1.74008
-1.74013
-1.74034
-1.74041
-1.74045
-1.74065
-1.74067
-1.74061
-1.74075
-1.74088
-1.74095
-1.74101
-1.74109
-1.74117
-1.74126
-1.74134
-1.74141
-1.74149
-1.74162
-1.74166
-1.74177
-1.74186
-1.74194
-1.74203
-1.74213
-1.74223
-1.74233
-1.74238
-1.7425
-1.74259
-1.75953
-1.75955
-1.75957
-1.75959
-1.7596
-1.75962
-1.75964
-1.75966
-1.75968
-1.7597
-1.75972
-1.75974
-1.75976
-1.75978
-1.75981
-1.75983
-1.75985
-1.75988
-1.7599
-1.75992
-1.75995
-1.75997
-1.76
-1.76003
-1.76006
-1.76008
-1.76011
-1.76014
-1.76017
-1.7602
-1.76023
-1.76026
-1.7603
-1.76033
-1.76036
-1.76039
-1.76043
-1.76046
-1.76049
-1.76052
-1.76056
-1.76059
-1.76063
-1.76066
-1.7607
-1.76074
-1.76077
-1.76081
-1.76086
-1.7609
-1.76094
-1.76097
-1.76098
-1.76102
-1.7605
-1.76054
-1.76083
-1.76087
-1.7609
-1.76094
-1.76094
-1.7609
-1.76072
-1.76081
-1.76085
-1.76038
-1.76045
-1.76048
-1.76051
-1.76055
-1.76058
-1.76059
-1.76061
-1.76064
-1.76024
-1.7603
-1.76034
-1.76022
-1.76053
-1.76053
-1.76054
-1.76087
-1.76088
-1.76088
-1.76088
-1.76087
-1.7609
-1.7609
-1.76068
-1.76078
-1.76076
-1.76068
-1.76101
-1.76088
-1.76086
-1.76131
-1.76092
-1.76098
-1.76095
-1.76086
-1.76104
-1.76101
-1.761
-1.76099
-1.76094
-1.76092
-1.76086
-1.7608
-1.76091
-1.7608
-1.7608
-1.76073
-1.76062
-1.76041
-1.76112
-1.761
-1.76096
-1.76097
-1.76092
-1.76077
-1.76063
-1.76055
-1.76047
-1.76036
-1.76037
-1.76027
-1.76014
-1.76012
-1.76005
-1.75989
-1.75964
-1.7597
-1.75953
-1.75939
-1.75928
-1.75915
-1.75896
-1.75876
-1.75851
-1.75828
-1.75905
-1.75887
-1.75869
-1.7584
-1.75806
-1.75758
-1.75744
-1.75753
-1.75718
-1.75702
-1.75681
-1.75572
-1.7556
-1.75561
-1.75546
-1.7553
-1.75516
-1.75499
-1.75481
-1.75464
-1.75488
-1.75478
-1.75456
-1.75456
-1.7544
-1.75321
-1.75317
-1.75318
-1.75184
-1.75338
-1.7525
-1.75207
-1.75414
-1.75378
-1.75366
-1.75357
-1.75357
-1.75331
-1.75332
-1.7533
-1.75313
-1.75319
-1.75317
-1.75314
-1.75311
-1.75308
-1.75308
-1.75307
-1.75311
-1.75313
-1.75317
-1.75322
-1.75328
-1.75335
-1.75342
-1.7535
-1.75359
-1.75368
-1.75378
-1.75388
-1.75398
-1.75409
-1.75419
-1.75431
-1.75442
-1.75453
-1.75464
-1.75474
-1.75481
-1.7549
-1.75539
-1.75552
-1.75562
-1.75574
-1.75601
-1.75603
-1.75617
-1.75631
-1.75645
-1.75658
-1.75671
-1.75684
-1.75697
-1.75712
-1.75726
-1.75739
-1.75752
-1.75765
-1.75775
-1.75787
-1.75821
-1.75834
-1.75841
-1.75854
-1.75868
-1.75883
-1.75888
-1.75908
-1.75921
-1.75933
-1.75945
-1.75959
-1.75972
-1.75985
-1.75997
-1.7601
-1.76023
-1.76016
-1.7603
-1.76049
-1.76061
-1.76072
-1.76084
-1.76095
-1.76107
-1.76118
-1.76119
-1.76131
-1.76143
-1.76151
-1.76161
-1.76169
-1.76178
-1.76187
-1.76196
-1.76205
-1.76214
-1.76223
-1.76233
-1.76239
-1.76243
-1.76268
-1.76276
-1.76284
-1.76293
-1.76302
-1.76311
-1.76319
-1.76325
-1.76332
-1.76336
-1.76344
-1.76354
-1.76362
-1.76372
-1.76381
-1.76391
-1.76399
-1.76408
-1.76416
-1.76424
-1.76433
-1.76441
-1.7645
-1.76458
-1.76467
-1.76476
-1.76484
-1.76493
-1.76502
-1.78205
-1.78207
-1.78209
-1.78211
-1.78213
-1.78215
-1.78217
-1.78219
-1.78222
-1.78224
-1.78226
-1.78228
-1.7823
-1.78232
-1.78234
-1.78236
-1.78238
-1.7824
-1.78242
-1.78244
-1.78246
-1.78248
-1.7825
-1.78253
-1.78255
-1.78257
-1.78259
-1.78261
-1.78263
-1.78265
-1.78266
-1.78268
-1.7827
-1.78272
-1.78274
-1.78276
-1.78277
-1.78279
-1.78281
-1.78282
-1.78284
-1.78285
-1.78287
-1.78288
-1.7829
-1.78291
-1.78292
-1.78293
-1.78294
-1.78295
-1.78296
-1.78297
-1.78297
-1.78298
-1.78299
-1.78299
-1.78299
-1.783
-1.783
-1.78301
-1.78301
-1.78301
-1.78302
-1.78302
-1.78302
-1.78303
-1.78303
-1.78303
-1.78304
-1.78304
-1.78304
-1.78305
-1.78305
-1.78306
-1.78307
-1.78307
-1.78308
-1.78308
-1.78309
-1.78311
-1.78312
-1.78312
-1.78313
-1.78314
-1.78314
-1.78315
-1.78316
-1.78317
-1.78317
-1.78317
-1.78318
-1.78318
-1.78318
-1.78319
-1.78319
-1.78319
-1.78319
-1.78319
-1.78318
-1.78318
-1.78317
-1.78316
-1.78314
-1.78313
-1.78312
-1.7831
-1.78309
-1.78307
-1.78304
-1.78301
-1.78298
-1.78296
-1.78293
-1.7829
-1.78286
-1.78282
-1.78278
-1.78274
-1.78268
-1.78263
-1.78257
-1.7825
-1.78244
-1.78237
-1.78229
-1.78221
-1.78213
-1.78204
-1.78194
-1.78183
-1.78172
-1.78161
-1.78149
-1.78137
-1.78125
-1.78112
-1.78099
-1.78086
-1.78072
-1.78058
-1.78043
-1.78026
-1.78009
-1.77992
-1.77975
-1.77957
-1.7794
-1.77922
-1.77905
-1.77888
-1.77871
-1.77855
-1.77837
-1.7782
-1.77804
-1.77789
-1.77774
-1.7776
-1.77747
-1.77735
-1.77722
-1.7771
-1.77699
-1.77689
-1.77679
-1.7767
-1.77659
-1.7765
-1.77644
-1.77641
-1.77639
-1.77638
-1.77635
-1.77631
-1.77629
-1.77622
-1.77613
-1.77602
-1.77593
-1.77584
-1.77576
-1.77568
-1.77562
-1.77556
-1.77551
-1.77548
-1.77546
-1.77545
-1.77546
-1.77547
-1.7755
-1.77554
-1.77558
-1.77564
-1.7757
-1.77578
-1.77586
-1.77595
-1.77605
-1.77615
-1.77626
-1.77638
-1.7765
-1.77663
-1.77676
-1.7769
-1.77704
-1.77719
-1.77734
-1.77749
-1.77762
-1.77776
-1.7779
-1.77805
-1.7782
-1.77834
-1.77848
-1.77863
-1.77877
-1.77892
-1.77906
-1.77921
-1.77936
-1.77951
-1.77966
-1.77981
-1.77996
-1.78012
-1.78028
-1.78043
-1.78057
-1.7807
-1.78084
-1.78098
-1.78112
-1.78125
-1.78139
-1.7815
-1.78162
-1.78174
-1.78187
-1.78199
-1.78211
-1.78224
-1.78236
-1.78248
-1.7826
-1.78272
-1.78283
-1.78292
-1.78303
-1.78313
-1.78324
-1.78334
-1.78345
-1.78355
-1.78366
-1.78376
-1.78385
-1.78395
-1.78404
-1.78414
-1.78423
-1.78432
-1.78441
-1.7845
-1.78459
-1.78469
-1.78478
-1.78488
-1.78498
-1.78507
-1.78516
-1.78525
-1.78533
-1.78542
-1.78551
-1.7856
-1.78568
-1.78575
-1.78583
-1.7859
-1.78597
-1.78605
-1.78613
-1.78621
-1.78629
-1.78638
-1.78646
-1.78654
-1.78663
-1.78671
-1.78679
-1.78687
-1.78695
-1.78704
-1.78712
-1.78721
-1.7873
-1.78738
)
;

boundaryField
{
    Inlet
    {
        type            calculated;
        value           nonuniform List<scalar> 
50
(
-1.81854
-2.26739
-2.71851
-3.10632
-3.4429
-3.74354
-4.01447
-4.25822
-4.47671
-4.67183
-4.84524
-4.99837
-5.13236
-5.24817
-5.34661
-5.42832
-5.49381
-5.5435
-5.57772
-5.59668
-5.60053
-5.58935
-5.56315
-5.52185
-5.46532
-5.39335
-5.30567
-5.20189
-5.08159
-4.94416
-4.78898
-4.61516
-4.42182
-4.20768
-3.97149
-3.7114
-3.4257
-3.11178
-2.76719
-2.38743
-1.96713
-1.50077
-1.00014
-0.504293
-0.00370153
0.327343
-6.28928
3.67956
-38.778
-105.666
)
;
    }
    BotOutlet1
    {
        type            calculated;
        value           nonuniform 0();
    }
    BotOutlet2
    {
        type            calculated;
        value           nonuniform 0();
    }
    TopInlet
    {
        type            calculated;
        value           nonuniform List<scalar> 
350
(
-1.7981
-1.78998
-1.79158
-1.79246
-1.79248
-1.7924
-1.7924
-1.79234
-1.79249
-1.79249
-1.7925
-1.79251
-1.79252
-1.79253
-1.79254
-1.79255
-1.79256
-1.79257
-1.79258
-1.79259
-1.7926
-1.79262
-1.79263
-1.79264
-1.79266
-1.79267
-1.79269
-1.7927
-1.79272
-1.79273
-1.79275
-1.79277
-1.79279
-1.79281
-1.79283
-1.79285
-1.79287
-1.79289
-1.79292
-1.79294
-1.79297
-1.79299
-1.79302
-1.79304
-1.79307
-1.7931
-1.79312
-1.79315
-1.79318
-1.79321
-1.79324
-1.79326
-1.79328
-1.7933
-1.79332
-1.79334
-1.79336
-1.79338
-1.7934
-1.79342
-1.79344
-1.79346
-1.79348
-1.7935
-1.79353
-1.79355
-1.79357
-1.79359
-1.79361
-1.79363
-1.79365
-1.79367
-1.79369
-1.79371
-1.79373
-1.79375
-1.79377
-1.79379
-1.79381
-1.79383
-1.79385
-1.79387
-1.79389
-1.7939
-1.79392
-1.79394
-1.79396
-1.79397
-1.79399
-1.79401
-1.79402
-1.79404
-1.79405
-1.79406
-1.79408
-1.79409
-1.7941
-1.79411
-1.79412
-1.79413
-1.79414
-1.79415
-1.79415
-1.79416
-1.79417
-1.79417
-1.79417
-1.79418
-1.79418
-1.79419
-1.79419
-1.79419
-1.79419
-1.7942
-1.7942
-1.79421
-1.79421
-1.79421
-1.79421
-1.79421
-1.79422
-1.79422
-1.79423
-1.79423
-1.79424
-1.79424
-1.79425
-1.79426
-1.79427
-1.79428
-1.79429
-1.79429
-1.7943
-1.7943
-1.79431
-1.79432
-1.79432
-1.79433
-1.79434
-1.79434
-1.79434
-1.79434
-1.79435
-1.79436
-1.79436
-1.79436
-1.79435
-1.79435
-1.79435
-1.79434
-1.79433
-1.79432
-1.7943
-1.79429
-1.79428
-1.79426
-1.79424
-1.79422
-1.7942
-1.79417
-1.79414
-1.79411
-1.79409
-1.79406
-1.79402
-1.79398
-1.79393
-1.79389
-1.79383
-1.79377
-1.79371
-1.79365
-1.79358
-1.79351
-1.79344
-1.79336
-1.79327
-1.79318
-1.79308
-1.79298
-1.79287
-1.79275
-1.79263
-1.79251
-1.79238
-1.79225
-1.79212
-1.79199
-1.79186
-1.79172
-1.79157
-1.79141
-1.79124
-1.79106
-1.79089
-1.79072
-1.79054
-1.79036
-1.79019
-1.79001
-1.78985
-1.78969
-1.78952
-1.78935
-1.78919
-1.78903
-1.78888
-1.78874
-1.78861
-1.78849
-1.78836
-1.78824
-1.78813
-1.78802
-1.78792
-1.78783
-1.78773
-1.78765
-1.78758
-1.78755
-1.78754
-1.78752
-1.78749
-1.78746
-1.78743
-1.78737
-1.78727
-1.78717
-1.78707
-1.78698
-1.78691
-1.78684
-1.78678
-1.78672
-1.78668
-1.78665
-1.78663
-1.78662
-1.78662
-1.78664
-1.78667
-1.7867
-1.78675
-1.78681
-1.78687
-1.78695
-1.78703
-1.78712
-1.78722
-1.78732
-1.78744
-1.78755
-1.78767
-1.7878
-1.78793
-1.78807
-1.78821
-1.78836
-1.78851
-1.78866
-1.7888
-1.78894
-1.78908
-1.78922
-1.78937
-1.78952
-1.78966
-1.7898
-1.78995
-1.79009
-1.79024
-1.79039
-1.79054
-1.79069
-1.79084
-1.79099
-1.79114
-1.7913
-1.79145
-1.79161
-1.79175
-1.79188
-1.79202
-1.79216
-1.7923
-1.79243
-1.79257
-1.79269
-1.7928
-1.79292
-1.79305
-1.79317
-1.79329
-1.79342
-1.79354
-1.79366
-1.79379
-1.7939
-1.79401
-1.79411
-1.79421
-1.79431
-1.79442
-1.79452
-1.79463
-1.79474
-1.79484
-1.79494
-1.79503
-1.79513
-1.79523
-1.79532
-1.79541
-1.7955
-1.79559
-1.79568
-1.79578
-1.79587
-1.79597
-1.79606
-1.79616
-1.79625
-1.79634
-1.79643
-1.79652
-1.7966
-1.79669
-1.79678
-1.79686
-1.79694
-1.79701
-1.79708
-1.79716
-1.79723
-1.79731
-1.79739
-1.79748
-1.79756
-1.79764
-1.79773
-1.79781
-1.79789
-1.79797
-1.79805
-1.79814
-1.79822
-1.79831
-1.79839
-1.79848
-1.79856
)
;
    }
    FreeStream
    {
        type            calculated;
        value           nonuniform List<scalar> 
20
(
-1.36045
-1.3828
-1.40514
-1.42749
-1.44983
-1.47214
-1.49446
-1.51677
-1.53907
-1.56136
-1.58367
-1.60602
-1.62846
-1.65106
-1.67389
-1.69694
-1.71996
-1.74264
-1.76506
-1.78742
)
;
    }
    FrontNBack
    {
        type            empty;
    }
    LeftSide
    {
        type            calculated;
        value           nonuniform List<scalar> 
20
(
-1.10885
1.67647
2.02004
4.03665
3.81922
4.54452
3.9461
3.57861
2.48479
1.48792
0.0558798
-0.915948
-2.64464
-3.44808
-5.08543
-5.03886
-6.70559
-4.86902
-5.8094
-1.14336
)
;
    }
    procBoundary3to2
    {
        type            processor;
        value           nonuniform List<scalar> 
400
(
-3.29073
-3.1813
-3.03964
-2.9103
-2.83792
-2.78345
-2.89246
-3.14998
-3.602
-4.12081
-4.28596
-2.14685
1.06784
0.68671
-13.3451
-11.5361
-8.87095
-5.29425
-3.77744
-3.51212
-4.18156
-5.6406
-6.91264
-6.19135
-3.40735
-1.70309
-1.2028
-1.11778
-1.17293
-1.22198
-1.245
-1.27637
-1.30969
-1.3205
-1.30727
-1.31086
-1.30102
-1.31954
-1.29936
-1.29646
-1.3096
-1.33817
-1.33773
-1.33409
-1.33559
-1.3354
-1.33274
-1.32885
-1.3318
-1.32333
-1.32798
-1.32794
-1.32743
-1.32699
-1.32804
-1.32769
-1.32737
-1.32924
-1.32897
-1.32871
-1.32839
-1.32824
-1.32808
-1.32746
-1.32804
-1.32792
-1.32779
-1.3277
-1.32763
-1.32757
-1.32752
-1.32748
-1.32745
-1.32744
-1.32742
-1.32742
-1.32742
-1.32743
-1.32745
-1.32747
-1.32749
-1.32751
-1.32754
-1.32758
-1.32761
-1.32765
-1.32769
-1.32773
-1.32777
-1.32781
-1.32786
-1.3279
-1.32795
-1.328
-1.32805
-1.3281
-1.32815
-1.3282
-1.32825
-1.32831
-1.32836
-1.32839
-1.32843
-1.32846
-1.32849
-1.32853
-1.32857
-1.3286
-1.32864
-1.32867
-1.32871
-1.32875
-1.32879
-1.32882
-1.32886
-1.3289
-1.32894
-1.32898
-1.32902
-1.32906
-1.3291
-1.32915
-1.32919
-1.32923
-1.32927
-1.32932
-1.32936
-1.3294
-1.32945
-1.3295
-1.32954
-1.32959
-1.32963
-1.32968
-1.32973
-1.32978
-1.32983
-1.32988
-1.32993
-1.32998
-1.33003
-1.33008
-1.33013
-1.33018
-1.33024
-1.33029
-1.33034
-1.3304
-1.33045
-1.33051
-1.33056
-1.33062
-1.33068
-1.33074
-1.33079
-1.33085
-1.33091
-1.33097
-1.33103
-1.33109
-1.33115
-1.33122
-1.33128
-1.33134
-1.33141
-1.33147
-1.33154
-1.3316
-1.33167
-1.33173
-1.3318
-1.33187
-1.33194
-1.332
-1.33207
-1.33214
-1.33221
-1.33229
-1.33236
-1.33243
-1.3325
-1.33257
-1.33265
-1.33272
-1.3328
-1.33287
-1.33295
-1.33302
-1.3331
-1.33318
-1.33325
-1.33333
-1.33341
-1.33349
-1.33357
-1.33365
-1.33373
-1.33381
-1.33389
-1.33397
-1.33405
-1.33413
-1.33421
-1.3343
-1.33438
-1.33446
-1.33454
-1.33462
-1.33471
-1.33479
-1.33487
-1.33495
-1.33504
-1.33512
-1.3352
-1.33528
-1.33536
-1.33545
-1.33553
-1.33561
-1.33569
-1.33577
-1.33585
-1.33593
-1.336
-1.33608
-1.33616
-1.33624
-1.33631
-1.33639
-1.33646
-1.33654
-1.33661
-1.33668
-1.33675
-1.33682
-1.33689
-1.33696
-1.33703
-1.33709
-1.33716
-1.33722
-1.33728
-1.33734
-1.3374
-1.33746
-1.33752
-1.33757
-1.33763
-1.33768
-1.33774
-1.33779
-1.33783
-1.33788
-1.33793
-1.33797
-1.33802
-1.33806
-1.3381
-1.33814
-1.33818
-1.33822
-1.33825
-1.33829
-1.33832
-1.33835
-1.33838
-1.33841
-1.33844
-1.33847
-1.33849
-1.33852
-1.33854
-1.33856
-1.33858
-1.3386
-1.33862
-1.33864
-1.33866
-1.33868
-1.33869
-1.33871
-1.33872
-1.33873
-1.33875
-1.33876
-1.33877
-1.33878
-1.33879
-1.3388
-1.33881
-1.33882
-1.33883
-1.33883
-1.33884
-1.33885
-1.33885
-1.33886
-1.33886
-1.33887
-1.33887
-1.33888
-1.33888
-1.33888
-1.33889
-1.33889
-1.33889
-1.3389
-1.3389
-1.3389
-1.33891
-1.33891
-1.33891
-1.33891
-1.33891
-1.33892
-1.33892
-1.33892
-1.33892
-1.33892
-1.33892
-1.33892
-1.33892
-1.33892
-1.33892
-1.33892
-1.33892
-1.33892
-1.33892
-1.33892
-1.33892
-1.33892
-1.33891
-1.33891
-1.33891
-1.33891
-1.3389
-1.3389
-1.3389
-1.3389
-1.33889
-1.33889
-1.33888
-1.33888
-1.33887
-1.33887
-1.33886
-1.33886
-1.33885
-1.33884
-1.33884
-1.33883
-1.33882
-1.33882
-1.33881
-1.3388
-1.33879
-1.33879
-1.33878
-1.33877
-1.33876
-1.33875
-1.33875
-1.33874
-1.33873
-1.33872
-1.33871
-1.3387
-1.33869
-1.33868
-1.33866
-1.33865
-1.33864
-1.33862
-1.33861
-1.33859
-1.33858
-1.33856
-1.33855
-1.33853
-1.33851
-1.3385
-1.33848
-1.33846
-1.33844
-1.33842
-1.3384
-1.33838
-1.33836
-1.33834
-1.33832
-1.3383
-1.33828
-1.33825
-1.33823
-1.33821
-1.33818
-1.33816
-1.33814
-1.33811
)
;
    }
}


// ************************************************************************* //
