/*--------------------------------*- C++ -*----------------------------------*\
| =========                 |                                                 |
| \\      /  F ield         | OpenFOAM: The Open Source CFD Toolbox           |
|  \\    /   O peration     | Version:  2.4.0                                 |
|   \\  /    A nd           | Web:      www.OpenFOAM.org                      |
|    \\/     M anipulation  |                                                 |
\*---------------------------------------------------------------------------*/
FoamFile
{
    version     2.0;
    format      ascii;
    class       volScalarField;
    location    "2.6";
    object      H;
}
// * * * * * * * * * * * * * * * * * * * * * * * * * * * * * * * * * * * * * //

dimensions      [0 2 -2 0 0 0 0];

internalField   nonuniform List<scalar> 
8000
(
-11992.1
-11516.5
-11041.7
-10568.2
-10096
-9625.4
-9156.53
-8689.46
-8224.27
-7760.99
-7299.61
-6840.07
-6382.22
-5925.8
-5470.43
-5015.6
-4560.65
-4104.81
-3647.4
-3188.12
-2727.69
-2268.75
-1816.69
-1379.14
-962.517
-565.144
-13.0121
-10.0341
-9.92423
-9.94515
-9.91646
-9.84748
-9.74661
-9.62159
-9.47949
-9.32658
-9.16818
-9.00866
-8.85144
-8.699
-8.55301
-8.41442
-8.28357
-8.16032
-8.0442
-7.93443
-7.83013
-7.7303
-7.63396
-7.54014
-11992.1
-11516.6
-11041.8
-10568.2
-10096.1
-9625.56
-9156.86
-8690.08
-8225.33
-7762.64
-7302.04
-6843.46
-6386.79
-5931.84
-5478.35
-5026.01
-4574.57
-4123.89
-3674.16
-3225.98
-2780.42
-2338.75
-1901.69
-1468.07
-1032.97
-585.772
-8.39901
-6.60662
-6.80071
-7.09317
-7.33267
-7.52431
-7.67347
-7.78531
-7.86469
-7.91606
-7.94342
-7.95039
-7.94015
-7.91551
-7.87893
-7.83252
-7.77808
-7.71711
-7.65085
-7.5803
-7.50623
-7.42924
-7.34979
-7.26819
-11991.9
-11515.8
-11040.3
-10565.7
-10092.4
-9620.67
-9150.67
-8682.62
-8216.7
-7753
-7291.62
-6832.56
-6375.8
-5921.24
-5468.78
-5018.29
-4569.7
-4122.99
-3678.25
-3235.63
-2795.21
-2356.66
-1918.69
-1478.37
-1030.4
-565.786
-7.19165
-5.79158
-5.91016
-6.15735
-6.34505
-6.49049
-6.60679
-6.70276
-6.78366
-6.8521
-6.90909
-6.95473
-6.98888
-7.01146
-7.02266
-7.02294
-7.013
-6.99368
-6.9659
-6.93057
-6.88856
-6.84063
-6.78747
-6.72965
-11991.8
-11515.7
-11040.4
-10566.2
-10093.6
-9622.78
-9154.08
-8687.7
-8223.86
-7762.69
-7304.31
-6848.8
-6396.18
-5946.45
-5499.58
-5055.5
-4614.09
-4175.18
-3738.44
-3303.35
-2869
-2433.91
-1995.84
-1552.69
-1107.74
-684.849
-344.018
-15.4818
-10.775
-9.73206
-8.8878
-8.1743
-7.60758
-7.18152
-6.87815
-6.67423
-6.54559
-6.46999
-6.42878
-6.40749
-6.39568
-6.38638
-6.3753
-6.36009
-6.33968
-6.31378
-6.28253
-6.24626
-6.20535
-6.1602
-11991.9
-11516.1
-11041.1
-10567.5
-10095.7
-9626.03
-9158.82
-8694.36
-8232.85
-7774.48
-7319.39
-6867.66
-6419.35
-5974.46
-5532.93
-5094.66
-4659.49
-4227.18
-3797.45
-3370.09
-2945.05
-2522.86
-2104.89
-1693.41
-1290.6
-896.171
-503.629
-7.24049
-5.75615
-5.74635
-5.90288
-6.01437
-6.09057
-6.13956
-6.16753
-6.17916
-6.17791
-6.16645
-6.14682
-6.12066
-6.08929
-6.05382
-6.01512
-5.97389
-5.93065
-5.88575
-5.83943
-5.79179
-5.74286
-5.69262
-11992.5
-11518
-11044.4
-10572.4
-10102.4
-9634.9
-9170.2
-8708.63
-8250.42
-7795.77
-7344.83
-6897.69
-6454.41
-6015
-5579.42
-5147.6
-4719.45
-4294.87
-3873.75
-3455.99
-3041.4
-2629.65
-2219.98
-1810.71
-1398.15
-974.347
-522.988
-5.85216
-5.64045
-4.69928
-4.88199
-5.0398
-5.1694
-5.27302
-5.35324
-5.4128
-5.4545
-5.48099
-5.49471
-5.49786
-5.49233
-5.47973
-5.46134
-5.43823
-5.41117
-5.38077
-5.34747
-5.31157
-5.27326
-5.2327
-11993.6
-11521.1
-11049.8
-10580.2
-10112.9
-9648.35
-9186.89
-8728.88
-8274.6
-7824.25
-7377.99
-6935.93
-6498.15
-6064.66
-5635.44
-5210.43
-4789.53
-4372.58
-3959.37
-3549.64
-3143.04
-2739.31
-2338.57
-1941.95
-1552.17
-1173.32
-808.39
-454.17
-6.95694
-5.54031
-5.36001
-5.42969
-5.47244
-5.49202
-5.49251
-5.47785
-5.45165
-5.41706
-5.37674
-5.33285
-5.28705
-5.24053
-5.19409
-5.1482
-5.10306
-5.05867
-5.01488
-4.97146
-4.92815
-4.88465
-11994.9
-11525.1
-11056.5
-10589.7
-10125.4
-9664.08
-9206.1
-8751.86
-8301.62
-7855.64
-7414.08
-6977.06
-6544.66
-6116.9
-5693.77
-5275.2
-4861.11
-4451.39
-4045.91
-3644.55
-3247.19
-2853.71
-2463.87
-2077.12
-1692.11
-1305.53
-909.856
-489.236
-5.51878
-5.34664
-4.40023
-4.53693
-4.65383
-4.74522
-4.81345
-4.8613
-4.89164
-4.90728
-4.91081
-4.90458
-4.89062
-4.87063
-4.84599
-4.81778
-4.78682
-4.7537
-4.71881
-4.68242
-4.64467
-4.60566
-11996.4
-11529.7
-11064.2
-10600.7
-10139.8
-9681.97
-9227.71
-8777.4
-8331.32
-7889.73
-7452.81
-7020.7
-6593.47
-6171.16
-5753.76
-5341.23
-4933.48
-4530.4
-4131.83
-3737.57
-3347.35
-2960.89
-2577.97
-2198.73
-1824.2
-1456.88
-1100.43
-757.595
-425.669
-6.57861
-5.18767
-5.04422
-5.08561
-5.1043
-5.10261
-5.08441
-5.05348
-5.0132
-4.96652
-4.9159
-4.86328
-4.81011
-4.75741
-4.70583
-4.6557
-4.60711
-4.55996
-4.51405
-4.4691
-4.42481
-11998
-11534.4
-11072
-10611.7
-10154
-9699.58
-9248.79
-8802.08
-8359.78
-7922.15
-7489.38
-7061.61
-6638.93
-6221.38
-5808.97
-5401.63
-4999.3
-4601.86
-4209.2
-3821.18
-3437.68
-3058.56
-2683.67
-2312.75
-1945.24
-1579.98
-1214.47
-843.159
-453.562
-5.22001
-4.96583
-4.27017
-4.38277
-4.48954
-4.56412
-4.61172
-4.63728
-4.64534
-4.63987
-4.62426
-4.60131
-4.57319
-4.54158
-4.50764
-4.4722
-4.43573
-4.39852
-4.36066
-4.32217
-4.28299
-11999.7
-11539.5
-11080.7
-10624
-10170
-9719.37
-9272.54
-8829.92
-8391.84
-7958.56
-7530.27
-7107.11
-6689.18
-6276.5
-5869.07
-5466.85
-5069.76
-4677.69
-4290.5
-3908.02
-3530.03
-3156.24
-2786.31
-2419.87
-2056.8
-1697.9
-1346.04
-1007
-688.105
-392.793
-8.10499
-6.15572
-5.8623
-5.73174
-5.59785
-5.46305
-5.33022
-5.20191
-5.08016
-4.96641
-4.8615
-4.76571
-4.67881
-4.60019
-4.52899
-4.46418
-4.40467
-4.34937
-4.29731
-4.24758
-12001.5
-11544.8
-11089.5
-10636.3
-10185.9
-9738.78
-9295.48
-8856.38
-8421.83
-7992.08
-7567.32
-7147.68
-6733.26
-6324.09
-5920.17
-5521.44
-5127.84
-4739.26
-4355.58
-3976.66
-3602.38
-3232.66
-2867.46
-2506.83
-2150.85
-1799.48
-1452.28
-1107.93
-763.686
-414.87
-4.91096
-3.8213
-3.92464
-4.07094
-4.1875
-4.27753
-4.34463
-4.3923
-4.42378
-4.44191
-4.44908
-4.44725
-4.43797
-4.42246
-4.40165
-4.37625
-4.34685
-4.3139
-4.27782
-4.23894
-12003.1
-11549.8
-11097.7
-10647.6
-10200.1
-9755.83
-9315.27
-8878.82
-8446.82
-8019.53
-7597.15
-7179.83
-6767.65
-6360.65
-5958.82
-5562.15
-5170.55
-4783.96
-4402.25
-4025.31
-3652.96
-3285.01
-2921.2
-2561.13
-2204.21
-1849.48
-1495.59
-1140.63
-781.808
-412.96
-4.63163
-4.17777
-4.07329
-4.31767
-4.48598
-4.59502
-4.65995
-4.69322
-4.70461
-4.70133
-4.68844
-4.66923
-4.64563
-4.61862
-4.5886
-4.55559
-4.51952
-4.48027
-4.43781
-4.3922
-12004.8
-11554.8
-11106
-10659.2
-10215.1
-9774.06
-9336.71
-8903.41
-8474.5
-8050.22
-7630.77
-7216.29
-6806.85
-6402.5
-6003.22
-5608.96
-5219.64
-4835.15
-4455.36
-4080.1
-3709.19
-3342.43
-2979.58
-2620.39
-2264.56
-1911.81
-1562.43
-1218.79
-888.609
-587.626
-333.624
-14.1744
-10.3774
-9.71244
-9.07375
-8.47808
-7.93642
-7.45468
-7.0344
-6.67343
-6.36691
-6.10826
-5.8901
-5.70495
-5.5458
-5.40644
-5.28163
-5.16718
-5.05987
-4.95737
-12006.5
-11559.9
-11114.5
-10671.2
-10230.4
-9792.77
-9358.75
-8928.71
-8502.94
-8081.7
-7665.13
-7253.36
-6846.44
-6444.37
-6047.12
-5654.63
-5266.8
-4883.53
-4504.72
-4130.29
-3760.21
-3394.58
-3033.61
-2677.82
-2328.05
-1985.57
-1652.03
-1329.14
-1018.06
-718.318
-426.669
-10.4713
-7.90999
-7.90264
-7.85921
-7.78458
-7.68523
-7.56677
-7.43389
-7.29045
-7.13949
-6.98338
-6.82393
-6.66256
-6.50033
-6.33811
-6.1766
-6.01641
-5.85806
-5.70202
-12008.2
-11564.9
-11122.9
-10682.7
-10245.2
-9810.66
-9379.62
-8952.41
-8529.29
-8110.47
-7696.08
-7286.19
-6880.83
-6479.99
-6083.61
-5691.64
-5303.99
-4920.61
-4541.5
-4166.72
-3796.44
-3430.98
-3070.85
-2716.7
-2369.32
-2029.52
-1697.93
-1374.72
-1059.34
-750.197
-444.271
-10.061
-7.62076
-7.68454
-7.7196
-7.72707
-7.70898
-7.66752
-7.60497
-7.52356
-7.42551
-7.31291
-7.18778
-7.05202
-6.90744
-6.75571
-6.59843
-6.43704
-6.2729
-6.10724
-12009.8
-11569.7
-11130.9
-10693.9
-10259.3
-9827.63
-9399.22
-8974.4
-8553.38
-8136.32
-7723.33
-7314.44
-6909.65
-6508.94
-6112.26
-5719.54
-5330.75
-4945.87
-4564.94
-4188.11
-3815.61
-3447.82
-3085.24
-2728.49
-2378.24
-2035.11
-1699.61
-1372.07
-1052.74
-741.72
-438.414
-10.6349
-8.10532
-8.19165
-8.22286
-8.21135
-8.16644
-8.09504
-8.00223
-7.89183
-7.76673
-7.62921
-7.48115
-7.32415
-7.15969
-6.98914
-6.81384
-6.63506
-6.45404
-6.27198
-12011.2
-11573.9
-11137.7
-10703.2
-10270.9
-9841.13
-9414.33
-8990.72
-8570.51
-8153.8
-7740.67
-7331.14
-6925.19
-6522.79
-6123.9
-5728.46
-5336.46
-4947.9
-4562.84
-4181.43
-3803.88
-3430.53
-3061.8
-2698.14
-2340.01
-1987.73
-1641.59
-1302.34
-972.485
-658.436
-372.887
-17.2886
-12.2639
-11.2665
-10.4589
-9.80253
-9.26541
-8.82141
-8.4491
-8.13115
-7.85361
-7.6055
-7.37827
-7.16546
-6.96233
-6.76557
-6.57299
-6.3833
-6.19589
-6.01065
-12012.1
-11576.7
-11142.1
-10709
-10277.7
-9848.76
-9422.32
-8998.64
-8577.89
-8160.12
-7745.39
-7333.67
-6924.94
-6519.16
-6116.27
-5716.27
-5319.14
-4924.93
-4533.72
-4145.64
-3760.89
-3379.7
-3002.28
-2628.73
-2258.81
-1891.61
-1525.22
-1156.72
-782.944
-401.971
-3.88875
-3.26568
-3.52979
-3.91521
-4.24083
-4.51444
-4.74203
-4.92826
-5.07683
-5.19081
-5.27285
-5.32542
-5.35087
-5.3516
-5.33002
-5.28863
-5.22996
-5.15654
-5.07087
-4.97536
-12013.1
-11579.5
-11146.8
-10715.4
-10285.8
-9858.12
-9432.67
-9009.52
-8588.71
-8170.23
-7754.04
-7340.08
-6928.29
-6518.62
-6111.07
-5705.66
-5302.47
-4901.64
-4503.36
-4107.86
-3715.42
-3326.36
-2941.01
-2559.76
-2183.06
-1811.52
-1446
-1087.58
-737.535
-397.532
-5.22756
-3.93056
-3.98667
-4.03366
-4.07247
-4.10387
-4.12829
-4.14595
-4.15692
-4.1612
-4.15882
-4.14982
-4.13435
-4.11263
-4.08497
-4.05179
-4.01357
-3.97083
-3.92415
-3.87411
-7.44797
-7.35665
-7.26548
-7.17387
-7.08134
-6.98749
-6.89203
-6.79474
-6.69546
-6.5941
-6.49064
-6.38507
-6.27744
-6.16784
-6.05637
-5.94316
-5.82837
-5.71216
-5.5947
-5.47618
-5.35681
-5.23676
-5.11626
-4.99549
-4.87467
-4.75397
-4.6336
-4.51375
-4.39458
-4.27628
-4.159
-4.04291
-3.92813
-3.81481
-3.70308
-3.59303
-3.48479
-3.37843
-3.27405
-3.17172
-3.0715
-2.97344
-2.87759
-2.78398
-2.69266
-2.60362
-2.5169
-2.43249
-2.3504
-2.27062
-7.18466
-7.09935
-7.01234
-6.92366
-6.83335
-6.74139
-6.64778
-6.55251
-6.45557
-6.35696
-6.2567
-6.15481
-6.05135
-5.94638
-5.83996
-5.7322
-5.62321
-5.51309
-5.40199
-5.29005
-5.17741
-5.06423
-4.95067
-4.8369
-4.72307
-4.60936
-4.49592
-4.38291
-4.27049
-4.15881
-4.04801
-3.93823
-3.8296
-3.72223
-3.61626
-3.51177
-3.40887
-3.30764
-3.20817
-3.11053
-3.01477
-2.92097
-2.82915
-2.73937
-2.65165
-2.56602
-2.48249
-2.40109
-2.32181
-2.24465
-6.66767
-6.60193
-6.53278
-6.46049
-6.3853
-6.30739
-6.22695
-6.14413
-6.05905
-5.97184
-5.88262
-5.79152
-5.69865
-5.60413
-5.50808
-5.41064
-5.31193
-5.21209
-5.11126
-5.00957
-4.90716
-4.8042
-4.70081
-4.59715
-4.49336
-4.38958
-4.28596
-4.18264
-4.07975
-3.97742
-3.87578
-3.77495
-3.67504
-3.57616
-3.47842
-3.38191
-3.28671
-3.19292
-3.1006
-3.00982
-2.92065
-2.83314
-2.74734
-2.66329
-2.58102
-2.50056
-2.42194
-2.34518
-2.27028
-2.19725
-6.11113
-6.05844
-6.00236
-5.94311
-5.88086
-5.81578
-5.74799
-5.67766
-5.60491
-5.52987
-5.45268
-5.37348
-5.29239
-5.20956
-5.12513
-5.03923
-4.952
-4.86359
-4.77413
-4.68376
-4.59263
-4.50087
-4.40861
-4.31599
-4.22314
-4.13018
-4.03726
-3.94448
-3.85198
-3.75987
-3.66826
-3.57725
-3.48695
-3.39744
-3.30883
-3.2212
-3.13462
-3.04918
-2.96493
-2.88195
-2.80029
-2.72
-2.64114
-2.56373
-2.48783
-2.41345
-2.34063
-2.26938
-2.19973
-2.13168
-5.64099
-5.58789
-5.53322
-5.4769
-5.41886
-5.35906
-5.29746
-5.23406
-5.16887
-5.10193
-5.03329
-4.96302
-4.8912
-4.81791
-4.74325
-4.66732
-4.59023
-4.51208
-4.43299
-4.35307
-4.27243
-4.19118
-4.10944
-4.02732
-3.94492
-3.86236
-3.77975
-3.69717
-3.61474
-3.53256
-3.45071
-3.36929
-3.28838
-3.20808
-3.12845
-3.04957
-2.97151
-2.89435
-2.81815
-2.74296
-2.66884
-2.59584
-2.52399
-2.45335
-2.38394
-2.3158
-2.24896
-2.18344
-2.11925
-2.05642
-5.18996
-5.14512
-5.09822
-5.0493
-4.99842
-4.94563
-4.89098
-4.83455
-4.7764
-4.71663
-4.65531
-4.59253
-4.52839
-4.46298
-4.39638
-4.3287
-4.26002
-4.19044
-4.12005
-4.04894
-3.97721
-3.90494
-3.83223
-3.75916
-3.68583
-3.61231
-3.53869
-3.46507
-3.39151
-3.31811
-3.24493
-3.17206
-3.09957
-3.02753
-2.956
-2.88506
-2.81475
-2.74515
-2.6763
-2.60825
-2.54106
-2.47477
-2.40942
-2.34504
-2.28167
-2.21934
-2.15808
-2.09792
-2.03887
-1.98096
-4.84068
-4.796
-4.75041
-4.70372
-4.65583
-4.60666
-4.55614
-4.50429
-4.45109
-4.39659
-4.34083
-4.28387
-4.22577
-4.1666
-4.10643
-4.04535
-3.98342
-3.92072
-3.85732
-3.79331
-3.72875
-3.66372
-3.59829
-3.53254
-3.46653
-3.40034
-3.33404
-3.26769
-3.20137
-3.13514
-3.06907
-3.00321
-2.93764
-2.87241
-2.80757
-2.74319
-2.67931
-2.61599
-2.55327
-2.4912
-2.42982
-2.36918
-2.3093
-2.25022
-2.19197
-2.13459
-2.0781
-2.02252
-1.96788
-1.91418
-4.56541
-4.52392
-4.48121
-4.43725
-4.39206
-4.34564
-4.29801
-4.2492
-4.19926
-4.14823
-4.09616
-4.04312
-3.98915
-3.93432
-3.87869
-3.82231
-3.76526
-3.70759
-3.64935
-3.59061
-3.53143
-3.47185
-3.41195
-3.35177
-3.29137
-3.23081
-3.17015
-3.10944
-3.04874
-2.9881
-2.92757
-2.86721
-2.80706
-2.74719
-2.68762
-2.62843
-2.56963
-2.51129
-2.45345
-2.39613
-2.33938
-2.28324
-2.22774
-2.1729
-2.11876
-2.06535
-2.01269
-1.9608
-1.9097
-1.85942
-4.38086
-4.33698
-4.29291
-4.24845
-4.20344
-4.15776
-4.11133
-4.06411
-4.01606
-3.96719
-3.91751
-3.86707
-3.81589
-3.76401
-3.71149
-3.65836
-3.60468
-3.5505
-3.49586
-3.44081
-3.3854
-3.32967
-3.27368
-3.21746
-3.16106
-3.10454
-3.04793
-2.99129
-2.93465
-2.87806
-2.82157
-2.76521
-2.70904
-2.65309
-2.59741
-2.54203
-2.487
-2.43234
-2.3781
-2.32432
-2.27102
-2.21823
-2.16599
-2.11433
-2.06326
-2.01282
-1.96304
-1.91392
-1.8655
-1.81778
-4.24306
-4.20228
-4.16061
-4.118
-4.07444
-4.02993
-3.9845
-3.93818
-3.89103
-3.8431
-3.79445
-3.74513
-3.69521
-3.64473
-3.59374
-3.5423
-3.49045
-3.43823
-3.38568
-3.33284
-3.27975
-3.22644
-3.17295
-3.11931
-3.06556
-3.01174
-2.95788
-2.90402
-2.85019
-2.79642
-2.74277
-2.68925
-2.6359
-2.58276
-2.52987
-2.47725
-2.42494
-2.37296
-2.32136
-2.27016
-2.21939
-2.16908
-2.11925
-2.06993
-2.02115
-1.97292
-1.92527
-1.87821
-1.83178
-1.78598
-4.19944
-4.15226
-4.10556
-4.05897
-4.01222
-3.96514
-3.91762
-3.8696
-3.82107
-3.77203
-3.72251
-3.67255
-3.62217
-3.57144
-3.52038
-3.46903
-3.41744
-3.36564
-3.31365
-3.26152
-3.20927
-3.15692
-3.10452
-3.05207
-2.99961
-2.94717
-2.89477
-2.84244
-2.7902
-2.73809
-2.68612
-2.63433
-2.58274
-2.53138
-2.48028
-2.42946
-2.37895
-2.32877
-2.27894
-2.22951
-2.18047
-2.13187
-2.08372
-2.03605
-1.98887
-1.94221
-1.89608
-1.85051
-1.80551
-1.76109
-4.19758
-4.15405
-4.10863
-4.06156
-4.0131
-3.96347
-3.91286
-3.86146
-3.80941
-3.75686
-3.70392
-3.65069
-3.59726
-3.54368
-3.49003
-3.43634
-3.38266
-3.32903
-3.27545
-3.22198
-3.16861
-3.11537
-3.06229
-3.00936
-2.95661
-2.90406
-2.85171
-2.79958
-2.74768
-2.69603
-2.64464
-2.59353
-2.54272
-2.4922
-2.44202
-2.39217
-2.34268
-2.29355
-2.24482
-2.1965
-2.14859
-2.10112
-2.05411
-2.00757
-1.96152
-1.91597
-1.87094
-1.82644
-1.78249
-1.7391
-4.3436
-4.29227
-4.23851
-4.18267
-4.12512
-4.06618
-4.0062
-3.94547
-3.88424
-3.82275
-3.76117
-3.69966
-3.63835
-3.57734
-3.5167
-3.45649
-3.39676
-3.33755
-3.27886
-3.22072
-3.16313
-3.10609
-3.04961
-2.99368
-2.9383
-2.88345
-2.82913
-2.77533
-2.72205
-2.66927
-2.61699
-2.5652
-2.51391
-2.4631
-2.41277
-2.36293
-2.31356
-2.26468
-2.21629
-2.16838
-2.12097
-2.07405
-2.02764
-1.98175
-1.93637
-1.89152
-1.8472
-1.80343
-1.76022
-1.71756
-4.85807
-4.76092
-4.66533
-4.57101
-4.47786
-4.38592
-4.29528
-4.20607
-4.11841
-4.03241
-3.94814
-3.86565
-3.78499
-3.70615
-3.62914
-3.55391
-3.48043
-3.40866
-3.33854
-3.27
-3.203
-3.13746
-3.07332
-3.01052
-2.94898
-2.88866
-2.82949
-2.77141
-2.71438
-2.65833
-2.60322
-2.549
-2.49565
-2.4431
-2.39134
-2.34033
-2.29004
-2.24045
-2.19153
-2.14327
-2.09566
-2.04867
-2.00231
-1.95655
-1.91139
-1.86684
-1.82288
-1.77951
-1.73674
-1.69457
-5.54869
-5.39844
-5.25157
-5.10836
-4.96902
-4.8337
-4.70249
-4.57547
-4.45263
-4.33397
-4.21942
-4.10891
-4.00233
-3.89958
-3.80052
-3.70501
-3.6129
-3.52405
-3.4383
-3.3555
-3.2755
-3.19816
-3.12331
-3.05083
-2.98058
-2.91242
-2.84624
-2.78189
-2.71929
-2.65831
-2.59885
-2.54083
-2.48415
-2.42872
-2.37448
-2.32136
-2.26929
-2.21821
-2.16808
-2.11884
-2.07045
-2.02288
-1.9761
-1.93007
-1.88477
-1.84019
-1.7963
-1.75308
-1.71053
-1.66864
-5.94117
-5.77568
-5.61165
-5.44984
-5.29088
-5.13531
-4.98357
-4.836
-4.69284
-4.55428
-4.42042
-4.29129
-4.16689
-4.04719
-3.93208
-3.82146
-3.7152
-3.61313
-3.5151
-3.42093
-3.33044
-3.24345
-3.15977
-3.07922
-3.00162
-2.9268
-2.85459
-2.78483
-2.71736
-2.65203
-2.58871
-2.52726
-2.46757
-2.40951
-2.35298
-2.29789
-2.24413
-2.19163
-2.14031
-2.0901
-2.04094
-1.99278
-1.94555
-1.89922
-1.85374
-1.80908
-1.76522
-1.72211
-1.67975
-1.6381
-6.08997
-5.90907
-5.73019
-5.55418
-5.38173
-5.21344
-5.04979
-4.89114
-4.73776
-4.58981
-4.44738
-4.31048
-4.17908
-4.05306
-3.9323
-3.81662
-3.70584
-3.59976
-3.49815
-3.4008
-3.30748
-3.21797
-3.13206
-3.04952
-2.97017
-2.89379
-2.8202
-2.74923
-2.6807
-2.61446
-2.55035
-2.48824
-2.42799
-2.36948
-2.31259
-2.25723
-2.2033
-2.1507
-2.09936
-2.0492
-2.00015
-1.95216
-1.90516
-1.85911
-1.81397
-1.76968
-1.72623
-1.68357
-1.64168
-1.60054
-5.82781
-5.6478
-5.47117
-5.29848
-5.1303
-4.96709
-4.80924
-4.65703
-4.51065
-4.37018
-4.23562
-4.10688
-3.98383
-3.86627
-3.75398
-3.64671
-3.54419
-3.44616
-3.35235
-3.26248
-3.1763
-3.09357
-3.01405
-2.93752
-2.86378
-2.79263
-2.7239
-2.65742
-2.59304
-2.53061
-2.47002
-2.41114
-2.35385
-2.29806
-2.24368
-2.19062
-2.13881
-2.08817
-2.03864
-1.99015
-1.94267
-1.89614
-1.85051
-1.80575
-1.76183
-1.7187
-1.67636
-1.63476
-1.59389
-1.55374
-4.8723
-4.76376
-4.65164
-4.53759
-4.42301
-4.30909
-4.19676
-4.08674
-3.97956
-3.8756
-3.77507
-3.67809
-3.58466
-3.49472
-3.40818
-3.32487
-3.24464
-3.16731
-3.09268
-3.02057
-2.95082
-2.88324
-2.81769
-2.75402
-2.69209
-2.63178
-2.57298
-2.5156
-2.45954
-2.40472
-2.35107
-2.29852
-2.24701
-2.1965
-2.14693
-2.09826
-2.05045
-2.00347
-1.95729
-1.91188
-1.86722
-1.82328
-1.78005
-1.73751
-1.69564
-1.65444
-1.61388
-1.57396
-1.53468
-1.49602
-3.82129
-3.76625
-3.70949
-3.6515
-3.59269
-3.53342
-3.474
-3.41466
-3.35562
-3.29702
-3.23897
-3.18156
-3.12483
-3.06881
-3.0135
-2.95891
-2.90502
-2.85181
-2.79927
-2.74736
-2.69606
-2.64534
-2.5952
-2.54559
-2.49652
-2.44796
-2.3999
-2.35232
-2.30523
-2.25862
-2.21247
-2.1668
-2.12159
-2.07684
-2.03257
-1.98876
-1.94543
-1.90257
-1.86018
-1.81828
-1.77687
-1.73594
-1.69551
-1.65558
-1.61615
-1.57724
-1.53884
-1.50095
-1.4636
-1.42677
-2.21101
-2.16995
-2.12934
-2.08917
-2.04945
-2.0102
-1.97141
-1.93308
-1.89523
-1.85786
-1.82096
-1.78455
-1.74863
-1.71319
-1.67824
-1.64378
-1.60982
-1.57635
-1.54337
-1.51089
-1.4789
-1.44741
-1.41641
-1.3859
-1.35589
-1.32636
-1.29732
-1.26877
-1.2407
-1.21311
-1.18599
-1.15935
-1.13318
-1.10748
-1.08224
-1.05746
-1.03314
-1.00926
-0.985834
-0.962846
-0.940294
-0.918173
-0.896478
-0.875204
-0.854345
-0.833896
-0.813851
-0.794206
-0.774953
-0.756088
-0.737604
-0.719496
-0.701759
-0.684385
-0.66737
-0.650708
-0.634392
-0.618417
-0.602777
-0.587467
-0.57248
-0.557812
-0.543455
-0.529406
-0.515657
-0.502205
-0.489043
-0.476165
-0.463568
-0.451245
-0.439191
-0.427402
-0.415873
-0.404598
-0.393572
-0.382792
-0.372253
-0.361949
-0.351876
-0.342031
-0.332409
-0.323005
-0.313816
-0.304837
-0.296064
-0.287495
-0.279124
-0.270948
-0.262964
-0.255167
-0.247555
-0.240124
-0.232871
-0.225792
-0.218884
-0.212144
-0.205569
-0.199156
-0.192902
-0.186803
-0.180858
-0.175062
-0.169414
-0.16391
-0.158549
-0.153326
-0.14824
-0.143288
-0.138468
-0.133777
-0.129212
-0.124771
-0.120452
-0.116252
-0.112169
-0.108201
-0.104345
-0.1006
-0.0969616
-0.0934293
-0.0900004
-0.0866728
-0.0834444
-0.080313
-0.0772766
-0.0743331
-0.0714805
-0.0687167
-0.0660397
-0.0634477
-0.0609385
-0.0585104
-0.0561613
-0.0538895
-0.051693
-0.04957
-0.0475187
-0.0455374
-0.0436242
-0.0417774
-0.0399953
-0.0382762
-0.0366185
-0.0350204
-0.0334803
-0.0319968
-0.0305681
-0.0291927
-0.0278692
-0.0265959
-0.0253716
-0.0241946
-0.0230636
-0.0219772
-0.020934
-0.0199327
-0.018972
-0.0180505
-0.0171671
-0.0163204
-0.0155093
-0.0147325
-0.013989
-0.0132775
-0.012597
-0.0119464
-0.0113247
-0.0107307
-0.0101636
-0.00962226
-0.0091058
-0.00861328
-0.00814379
-0.00769645
-0.00727041
-0.00686483
-0.0064789
-0.00611185
-0.0057629
-0.00543131
-0.00511638
-0.0048174
-0.0045337
-0.00426463
-0.00400955
-0.00376786
-0.00353897
-0.00332231
-0.00311733
-0.00292348
-0.00274028
-0.00256721
-0.0024038
-0.0022496
-0.00210416
-0.00196705
-0.00183788
-0.00171624
-0.00160176
-0.00149408
-0.00139284
-0.00129773
-0.00120841
-0.00112459
-0.00104597
-0.000972269
-0.000903222
-0.000838573
-0.000778078
-0.000721505
-0.000668632
-0.000619247
-0.000573148
-0.000530144
-0.000490053
-0.000452701
-0.000417924
-0.000385564
-0.000355474
-0.000327513
-0.000301548
-0.000277452
-0.000255107
-0.000234398
-0.00021522
-0.000197472
-0.000181059
-0.000165891
-0.000151884
-0.000138958
-0.000127038
-0.000116055
-0.000105942
-9.66374e-05
-8.80829e-05
-8.02241e-05
-7.30099e-05
-6.63926e-05
-6.03276e-05
-5.47732e-05
-4.96904e-05
-4.5043e-05
-4.0797e-05
-3.6921e-05
-3.33856e-05
-3.01637e-05
-2.72298e-05
-2.45604e-05
-2.21339e-05
-1.99299e-05
-1.79299e-05
-1.61165e-05
-1.44737e-05
-1.29869e-05
-1.16423e-05
-1.04276e-05
-9.33105e-06
-8.34223e-06
-7.4513e-06
-6.64929e-06
-5.92807e-06
-5.28007e-06
-4.69839e-06
-4.17679e-06
-3.70947e-06
-3.29122e-06
-2.91723e-06
-2.58314e-06
-2.28503e-06
-2.01922e-06
-1.7825e-06
-1.57187e-06
-1.38466e-06
-1.2184e-06
-1.07093e-06
-9.40226e-07
-8.24506e-07
-7.22169e-07
-6.31712e-07
-5.51867e-07
-4.81436e-07
-4.1936e-07
-3.64684e-07
-3.16589e-07
-2.74267e-07
-2.37064e-07
-2.04366e-07
-1.7562e-07
-1.50351e-07
-1.28115e-07
-1.08519e-07
-9.1226e-08
-7.59166e-08
-6.23147e-08
-5.01582e-08
-3.92419e-08
-2.93313e-08
-2.0255e-08
-1.18486e-08
-3.90056e-09
-2.18695
-2.14717
-2.10779
-2.06882
-2.03026
-1.99211
-1.95439
-1.9171
-1.88025
-1.84383
-1.80785
-1.77231
-1.73723
-1.7026
-1.66842
-1.6347
-1.60144
-1.56864
-1.53631
-1.50443
-1.47302
-1.44208
-1.4116
-1.38158
-1.35203
-1.32295
-1.29432
-1.26615
-1.23845
-1.2112
-1.18441
-1.15807
-1.13218
-1.10673
-1.08174
-1.05718
-1.03306
-1.00937
-0.986117
-0.963287
-0.940879
-0.918889
-0.897311
-0.876142
-0.855377
-0.83501
-0.815038
-0.795455
-0.776255
-0.757435
-0.738988
-0.720909
-0.703193
-0.685835
-0.668829
-0.65217
-0.635853
-0.619871
-0.604221
-0.588895
-0.57389
-0.559199
-0.544818
-0.53074
-0.516962
-0.503477
-0.49028
-0.477367
-0.464732
-0.45237
-0.440277
-0.428448
-0.416877
-0.405561
-0.394493
-0.383671
-0.37309
-0.362744
-0.35263
-0.342744
-0.33308
-0.323636
-0.314407
-0.305389
-0.296578
-0.287971
-0.279563
-0.271352
-0.263333
-0.255502
-0.247858
-0.240395
-0.233111
-0.226002
-0.219065
-0.212298
-0.205696
-0.199257
-0.192978
-0.186856
-0.180888
-0.175071
-0.169403
-0.16388
-0.1585
-0.153261
-0.148159
-0.143192
-0.138357
-0.133652
-0.129075
-0.124622
-0.120292
-0.116083
-0.111991
-0.108014
-0.104151
-0.100398
-0.0967536
-0.0932157
-0.089782
-0.0864501
-0.083218
-0.0800836
-0.0770446
-0.0740991
-0.0712449
-0.0684801
-0.0658025
-0.0632103
-0.0607014
-0.0582738
-0.0559257
-0.0536552
-0.0514603
-0.0493393
-0.0472902
-0.0453113
-0.0434008
-0.041557
-0.039778
-0.0380622
-0.0364079
-0.0348134
-0.0332772
-0.0317975
-0.0303728
-0.0290015
-0.0276821
-0.0264131
-0.025193
-0.0240204
-0.0228938
-0.0218118
-0.020773
-0.0197762
-0.0188198
-0.0179028
-0.0170237
-0.0161814
-0.0153746
-0.0146021
-0.0138628
-0.0131555
-0.0124792
-0.0118327
-0.0112149
-0.0106249
-0.0100617
-0.00952412
-0.00901139
-0.00852251
-0.00805658
-0.00761272
-0.00719007
-0.0067878
-0.0064051
-0.00604118
-0.00569528
-0.00536665
-0.00505459
-0.00475839
-0.00447738
-0.00421092
-0.00395837
-0.00371912
-0.00349258
-0.00327818
-0.00307538
-0.00288365
-0.00270246
-0.00253134
-0.0023698
-0.00221739
-0.00207367
-0.00193821
-0.00181061
-0.00169048
-0.00157745
-0.00147114
-0.00137123
-0.00127736
-0.00118924
-0.00110656
-0.00102902
-0.000956346
-0.000888276
-0.000824554
-0.000764939
-0.000709199
-0.000657115
-0.000608476
-0.000563083
-0.000520746
-0.000481284
-0.000444525
-0.000410306
-0.000378473
-0.000348878
-0.000321382
-0.000295854
-0.000272168
-0.000250207
-0.000229858
-0.000211018
-0.000193585
-0.000177466
-0.000162573
-0.000148822
-0.000136135
-0.000124438
-0.000113662
-0.000103742
-9.4616e-05
-8.62274e-05
-7.85223e-05
-7.14506e-05
-6.4965e-05
-5.90219e-05
-5.35799e-05
-4.86009e-05
-4.40492e-05
-3.98914e-05
-3.60965e-05
-3.26356e-05
-2.94821e-05
-2.6611e-05
-2.39993e-05
-2.16254e-05
-1.94697e-05
-1.75137e-05
-1.57404e-05
-1.41343e-05
-1.26809e-05
-1.13667e-05
-1.01796e-05
-9.10823e-06
-8.14215e-06
-7.27185e-06
-6.48854e-06
-5.78419e-06
-5.15144e-06
-4.58354e-06
-4.07434e-06
-3.61819e-06
-3.20998e-06
-2.84502e-06
-2.51904e-06
-2.22815e-06
-1.96886e-06
-1.73794e-06
-1.53251e-06
-1.34992e-06
-1.1878e-06
-1.04399e-06
-9.16559e-07
-8.03737e-07
-7.03966e-07
-6.15798e-07
-5.37977e-07
-4.69326e-07
-4.08832e-07
-3.55554e-07
-3.08685e-07
-2.67454e-07
-2.31209e-07
-1.99354e-07
-1.71353e-07
-1.46743e-07
-1.25079e-07
-1.06003e-07
-8.91589e-08
-7.42392e-08
-6.0992e-08
-4.91498e-08
-3.84894e-08
-2.88163e-08
-1.99299e-08
-1.16622e-08
-3.8756e-09
-2.14255
-2.10481
-2.06741
-2.03036
-1.99366
-1.95733
-1.92136
-1.88577
-1.85055
-1.81572
-1.78127
-1.74721
-1.71356
-1.6803
-1.64744
-1.61499
-1.58295
-1.55132
-1.52011
-1.48931
-1.45894
-1.42898
-1.39944
-1.37032
-1.34162
-1.31335
-1.2855
-1.25807
-1.23106
-1.20448
-1.17831
-1.15256
-1.12723
-1.10231
-1.0778
-1.05371
-1.03002
-1.00674
-0.983868
-0.961392
-0.939313
-0.917628
-0.896333
-0.875424
-0.854899
-0.834753
-0.814982
-0.795582
-0.776548
-0.757878
-0.739565
-0.721607
-0.703997
-0.686733
-0.669808
-0.653219
-0.636961
-0.621029
-0.605418
-0.590123
-0.575141
-0.560465
-0.546092
-0.532016
-0.518234
-0.504739
-0.491528
-0.478596
-0.465938
-0.453549
-0.441426
-0.429564
-0.417958
-0.406603
-0.395496
-0.384633
-0.374008
-0.363619
-0.35346
-0.343528
-0.333819
-0.324328
-0.315053
-0.305988
-0.297132
-0.288479
-0.280026
-0.27177
-0.263707
-0.255833
-0.248146
-0.240642
-0.233318
-0.22617
-0.219195
-0.212391
-0.205754
-0.199281
-0.192969
-0.186815
-0.180817
-0.174971
-0.169275
-0.163725
-0.15832
-0.153057
-0.147933
-0.142944
-0.13809
-0.133367
-0.128772
-0.124304
-0.119959
-0.115735
-0.111631
-0.107643
-0.103769
-0.100007
-0.0963546
-0.0928095
-0.0893694
-0.0860322
-0.0827957
-0.0796576
-0.0766159
-0.0736684
-0.070813
-0.0680476
-0.0653702
-0.0627788
-0.0602713
-0.0578458
-0.0555003
-0.0532329
-0.0510416
-0.0489246
-0.04688
-0.044906
-0.0430008
-0.0411625
-0.0393894
-0.0376798
-0.036032
-0.0344442
-0.0329148
-0.0314422
-0.0300248
-0.0286609
-0.0273491
-0.0260877
-0.0248754
-0.0237105
-0.0225917
-0.0215176
-0.0204867
-0.0194977
-0.0185492
-0.01764
-0.0167687
-0.0159342
-0.015135
-0.0143702
-0.0136384
-0.0129386
-0.0122696
-0.0116303
-0.0110197
-0.0104366
-0.00988024
-0.00934945
-0.00884331
-0.00836089
-0.00790128
-0.0074636
-0.00704697
-0.00665057
-0.00627359
-0.00591523
-0.00557474
-0.00525137
-0.0049444
-0.00465315
-0.00437693
-0.0041151
-0.00386703
-0.00363211
-0.00340975
-0.00319939
-0.00300048
-0.00281248
-0.0026349
-0.00246724
-0.00230903
-0.00215981
-0.00201915
-0.00188663
-0.00176185
-0.0016444
-0.00153394
-0.00143009
-0.00133252
-0.0012409
-0.00115491
-0.00107425
-0.000998644
-0.000927808
-0.000861483
-0.000799417
-0.000741373
-0.000687123
-0.000636449
-0.000589144
-0.000545013
-0.000503868
-0.000465531
-0.000429834
-0.000396615
-0.000365724
-0.000337016
-0.000310353
-0.000285608
-0.000262657
-0.000241384
-0.000221682
-0.000203445
-0.000186578
-0.000170988
-0.000156588
-0.000143298
-0.00013104
-0.000119743
-0.000109339
-9.9765e-05
-9.09606e-05
-8.28703e-05
-7.54419e-05
-6.86264e-05
-6.23782e-05
-5.66544e-05
-5.14152e-05
-4.66234e-05
-4.22442e-05
-3.82454e-05
-3.45969e-05
-3.12707e-05
-2.82409e-05
-2.54834e-05
-2.29757e-05
-2.06973e-05
-1.86288e-05
-1.67526e-05
-1.50523e-05
-1.35127e-05
-1.212e-05
-1.0861e-05
-9.72419e-06
-8.69846e-06
-7.77386e-06
-6.94116e-06
-6.19193e-06
-5.51842e-06
-4.91356e-06
-4.37084e-06
-3.88437e-06
-3.4487e-06
-3.05893e-06
-2.71054e-06
-2.39947e-06
-2.12195e-06
-1.87463e-06
-1.65444e-06
-1.4586e-06
-1.28458e-06
-1.13012e-06
-9.93113e-07
-8.71767e-07
-7.6435e-07
-6.69368e-07
-5.85473e-07
-5.11422e-07
-4.46128e-07
-3.88596e-07
-3.37947e-07
-2.93392e-07
-2.54212e-07
-2.19774e-07
-1.89533e-07
-1.62938e-07
-1.39582e-07
-1.19021e-07
-1.00919e-07
-8.49422e-08
-7.07993e-08
-5.82186e-08
-4.69706e-08
-3.68528e-08
-2.76384e-08
-1.91667e-08
-1.12396e-08
-3.70061e-09
-2.08062
-2.04535
-2.01037
-1.97567
-1.94126
-1.90716
-1.87336
-1.83987
-1.8067
-1.77386
-1.74134
-1.70916
-1.67732
-1.64581
-1.61466
-1.58385
-1.5534
-1.5233
-1.49356
-1.46419
-1.43518
-1.40654
-1.37827
-1.35037
-1.32285
-1.29569
-1.26892
-1.24252
-1.21649
-1.19084
-1.16557
-1.14068
-1.11616
-1.09201
-1.06824
-1.04485
-1.02182
-0.99917
-0.976886
-0.95497
-0.933418
-0.91223
-0.891402
-0.870932
-0.850818
-0.831057
-0.811646
-0.792581
-0.77386
-0.755479
-0.737435
-0.719725
-0.702344
-0.68529
-0.668558
-0.652146
-0.636048
-0.620261
-0.604782
-0.589606
-0.574729
-0.560148
-0.545857
-0.531854
-0.518134
-0.504693
-0.491528
-0.478633
-0.466005
-0.45364
-0.441535
-0.429684
-0.418084
-0.406732
-0.395622
-0.384752
-0.374118
-0.363715
-0.35354
-0.34359
-0.33386
-0.324347
-0.315048
-0.305959
-0.297076
-0.288396
-0.279915
-0.271631
-0.263539
-0.255637
-0.247922
-0.240389
-0.233037
-0.225862
-0.21886
-0.212029
-0.205367
-0.198869
-0.192533
-0.186356
-0.180336
-0.174469
-0.168753
-0.163184
-0.157762
-0.152482
-0.147342
-0.142339
-0.137471
-0.132736
-0.12813
-0.123652
-0.119298
-0.115067
-0.110956
-0.106962
-0.103084
-0.0993181
-0.0956631
-0.0921164
-0.0886756
-0.0853386
-0.082103
-0.0789668
-0.0759277
-0.0729836
-0.0701324
-0.0673718
-0.0646999
-0.0621146
-0.0596138
-0.0571955
-0.0548578
-0.0525986
-0.050416
-0.0483081
-0.046273
-0.0443089
-0.0424138
-0.040586
-0.0388237
-0.0371251
-0.0354884
-0.033912
-0.0323941
-0.0309332
-0.0295275
-0.0281755
-0.0268755
-0.0256261
-0.0244257
-0.0232728
-0.022166
-0.0211037
-0.0200847
-0.0191074
-0.0181706
-0.017273
-0.0164131
-0.0155899
-0.014802
-0.0140481
-0.0133272
-0.0126381
-0.0119796
-0.0113507
-0.0107502
-0.0101771
-0.00963042
-0.00910916
-0.00861233
-0.008139
-0.00768826
-0.00725922
-0.00685102
-0.00646281
-0.00609379
-0.00574318
-0.0054102
-0.00509411
-0.0047942
-0.00450979
-0.00424018
-0.00398475
-0.00374285
-0.00351389
-0.00329728
-0.00309245
-0.00289887
-0.002716
-0.00254335
-0.00238043
-0.00222676
-0.00208191
-0.00194542
-0.0018169
-0.00169595
-0.00158217
-0.0014752
-0.00137469
-0.0012803
-0.00119171
-0.00110862
-0.00103071
-0.000957723
-0.000889374
-0.00082541
-0.000765585
-0.000709665
-0.000657427
-0.000608657
-0.000563154
-0.000520726
-0.000481188
-0.000444369
-0.000410102
-0.000378231
-0.000348608
-0.000321092
-0.000295551
-0.000271859
-0.000249896
-0.00022955
-0.000210714
-0.00019329
-0.000177182
-0.000162301
-0.000148564
-0.000135892
-0.00012421
-0.00011345
-0.000103545
-9.44345e-05
-8.6061e-05
-7.83706e-05
-7.13129e-05
-6.48409e-05
-5.89106e-05
-5.34808e-05
-4.85132e-05
-4.39721e-05
-3.98241e-05
-3.60383e-05
-3.25858e-05
-2.94399e-05
-2.65758e-05
-2.39703e-05
-2.16021e-05
-1.94514e-05
-1.74999e-05
-1.57306e-05
-1.4128e-05
-1.26775e-05
-1.1366e-05
-1.01812e-05
-9.11163e-06
-8.14713e-06
-7.27814e-06
-6.49587e-06
-5.79235e-06
-5.16024e-06
-4.59279e-06
-4.0839e-06
-3.62793e-06
-3.21977e-06
-2.85478e-06
-2.52868e-06
-2.23763e-06
-1.9781e-06
-1.74691e-06
-1.5412e-06
-1.35825e-06
-1.1958e-06
-1.05164e-06
-9.23861e-07
-8.10697e-07
-7.10591e-07
-6.22101e-07
-5.43971e-07
-4.75038e-07
-4.14284e-07
-3.60774e-07
-3.1368e-07
-2.723e-07
-2.3588e-07
-2.03928e-07
-1.75847e-07
-1.51193e-07
-1.29538e-07
-1.10486e-07
-9.37218e-08
-7.89299e-08
-6.58365e-08
-5.41945e-08
-4.37881e-08
-3.44069e-08
-2.58561e-08
-1.79647e-08
-1.05738e-08
-3.46832e-09
-2.00919
-1.97653
-1.9441
-1.9119
-1.87994
-1.84822
-1.81675
-1.78553
-1.75458
-1.72389
-1.69347
-1.66333
-1.63347
-1.6039
-1.57462
-1.54563
-1.51694
-1.48855
-1.46047
-1.43269
-1.40523
-1.37808
-1.35125
-1.32474
-1.29856
-1.2727
-1.24716
-1.22195
-1.19707
-1.17252
-1.1483
-1.12442
-1.10087
-1.07765
-1.05476
-1.0322
-1.00998
-0.988095
-0.966538
-0.945311
-0.924415
-0.903848
-0.883608
-0.863695
-0.844106
-0.82484
-0.805894
-0.787268
-0.768959
-0.750964
-0.733281
-0.715909
-0.698843
-0.682082
-0.665623
-0.649462
-0.633598
-0.618027
-0.602746
-0.587752
-0.573042
-0.558613
-0.544461
-0.530583
-0.516976
-0.503637
-0.490561
-0.477747
-0.46519
-0.452888
-0.440836
-0.429031
-0.41747
-0.40615
-0.395067
-0.384218
-0.3736
-0.363208
-0.353041
-0.343094
-0.333364
-0.323848
-0.314543
-0.305445
-0.296552
-0.28786
-0.279366
-0.271067
-0.262959
-0.255041
-0.247308
-0.239758
-0.232388
-0.225194
-0.218175
-0.211326
-0.204646
-0.198131
-0.191778
-0.185586
-0.17955
-0.173668
-0.167939
-0.162358
-0.156923
-0.151632
-0.146481
-0.14147
-0.136594
-0.131851
-0.127239
-0.122756
-0.118398
-0.114164
-0.110051
-0.106056
-0.102177
-0.0984127
-0.0947595
-0.0912154
-0.0877781
-0.0844455
-0.0812152
-0.078085
-0.0750526
-0.072116
-0.0692729
-0.0665212
-0.0638587
-0.0612834
-0.0587932
-0.056386
-0.0540599
-0.0518128
-0.0496427
-0.0475476
-0.0455258
-0.0435752
-0.0416939
-0.0398802
-0.0381321
-0.036448
-0.034826
-0.0332644
-0.0317614
-0.0303154
-0.0289248
-0.0275878
-0.026303
-0.0250686
-0.0238832
-0.0227453
-0.0216534
-0.0206059
-0.0196015
-0.0186388
-0.0177165
-0.0168331
-0.0159873
-0.0151779
-0.0144037
-0.0136634
-0.0129557
-0.0122796
-0.0116339
-0.0110175
-0.0104293
-0.00986826
-0.00933336
-0.00882359
-0.00833799
-0.00787561
-0.00743554
-0.0070169
-0.0066188
-0.00624043
-0.00588096
-0.00553961
-0.00521562
-0.00490824
-0.00461677
-0.00434051
-0.00407879
-0.00383097
-0.00359642
-0.00337455
-0.00316477
-0.00296653
-0.00277928
-0.0026025
-0.00243569
-0.00227838
-0.0021301
-0.00199041
-0.00185887
-0.00173508
-0.00161865
-0.00150919
-0.00140635
-0.00130978
-0.00121915
-0.00113414
-0.00105445
-0.000979785
-0.000909874
-0.00084445
-0.000783263
-0.00072607
-0.000672645
-0.000622769
-0.000576234
-0.000532844
-0.000492411
-0.000454757
-0.000419714
-0.000387121
-0.000356827
-0.000328688
-0.000302567
-0.000278336
-0.000255873
-0.000235064
-0.000215799
-0.000197976
-0.000181498
-0.000166275
-0.000152221
-0.000139256
-0.000127303
-0.000116292
-0.000106155
-9.68304e-05
-8.82592e-05
-8.03863e-05
-7.31604e-05
-6.65333e-05
-6.04599e-05
-5.48984e-05
-4.98096e-05
-4.51569e-05
-4.09063e-05
-3.70262e-05
-3.34871e-05
-3.02617e-05
-2.73246e-05
-2.46522e-05
-2.22226e-05
-2.00157e-05
-1.80127e-05
-1.61964e-05
-1.45508e-05
-1.3061e-05
-1.17136e-05
-1.04959e-05
-9.39652e-06
-8.40479e-06
-7.51098e-06
-6.70615e-06
-5.9821e-06
-5.33132e-06
-4.74694e-06
-4.22268e-06
-3.75278e-06
-3.332e-06
-2.95558e-06
-2.61915e-06
-2.31876e-06
-2.0508e-06
-1.81201e-06
-1.59942e-06
-1.41033e-06
-1.24232e-06
-1.09317e-06
-9.60932e-07
-8.43743e-07
-7.40045e-07
-6.4836e-07
-5.67355e-07
-4.95875e-07
-4.32849e-07
-3.77332e-07
-3.28464e-07
-2.85484e-07
-2.47717e-07
-2.14548e-07
-1.8542e-07
-1.59861e-07
-1.3743e-07
-1.17742e-07
-1.0044e-07
-8.52165e-08
-7.17976e-08
-5.99226e-08
-4.93776e-08
-3.99403e-08
-3.14252e-08
-2.36647e-08
-1.64896e-08
-9.71046e-09
-3.19422e-09
-1.93735
-1.90717
-1.87716
-1.84733
-1.81769
-1.78825
-1.759
-1.72996
-1.70113
-1.67251
-1.64412
-1.61595
-1.58801
-1.56031
-1.53284
-1.50562
-1.47865
-1.45193
-1.42547
-1.39927
-1.37333
-1.34766
-1.32226
-1.29713
-1.27228
-1.2477
-1.22341
-1.1994
-1.17567
-1.15224
-1.12909
-1.10623
-1.08366
-1.06138
-1.0394
-1.01771
-0.996319
-0.975221
-0.95442
-0.933914
-0.913704
-0.893789
-0.87417
-0.854845
-0.835814
-0.817077
-0.798632
-0.780479
-0.762615
-0.74504
-0.727753
-0.710751
-0.694034
-0.677599
-0.661445
-0.64557
-0.629971
-0.614647
-0.599595
-0.584813
-0.570299
-0.556051
-0.542065
-0.52834
-0.514873
-0.501662
-0.488702
-0.475993
-0.463532
-0.451315
-0.439339
-0.427603
-0.416103
-0.404836
-0.3938
-0.382991
-0.372407
-0.362045
-0.351902
-0.341976
-0.332262
-0.32276
-0.313464
-0.304373
-0.295484
-0.286794
-0.2783
-0.27
-0.26189
-0.253967
-0.246229
-0.238673
-0.231296
-0.224096
-0.217069
-0.210214
-0.203526
-0.197004
-0.190645
-0.184446
-0.178404
-0.172517
-0.166783
-0.161197
-0.155759
-0.150465
-0.145313
-0.1403
-0.135424
-0.130682
-0.126071
-0.12159
-0.117236
-0.113006
-0.108897
-0.104908
-0.101036
-0.0972789
-0.0936339
-0.0900987
-0.0866712
-0.0833491
-0.0801299
-0.0770115
-0.0739917
-0.0710681
-0.0682387
-0.0655011
-0.0628534
-0.0602933
-0.0578188
-0.0554277
-0.053118
-0.0508876
-0.0487346
-0.046657
-0.0446527
-0.0427199
-0.0408567
-0.0390611
-0.0373314
-0.0356656
-0.0340621
-0.0325189
-0.0310345
-0.029607
-0.0282348
-0.0269162
-0.0256497
-0.0244335
-0.0232662
-0.0221462
-0.021072
-0.0200422
-0.0190552
-0.0181097
-0.0172042
-0.0163375
-0.0155082
-0.0147151
-0.0139567
-0.013232
-0.0125397
-0.0118786
-0.0112477
-0.0106457
-0.0100715
-0.00952427
-0.0090028
-0.00850613
-0.0080333
-0.00758336
-0.00715539
-0.00674851
-0.00636184
-0.00599456
-0.00564585
-0.00531493
-0.00500104
-0.00470343
-0.00442141
-0.00415427
-0.00390137
-0.00366206
-0.00343571
-0.00322174
-0.00301956
-0.00282863
-0.0026484
-0.00247837
-0.00231805
-0.00216695
-0.00202462
-0.00189063
-0.00176454
-0.00164597
-0.00153452
-0.00142982
-0.00133152
-0.00123928
-0.00115277
-0.00107169
-0.000995726
-0.00092461
-0.000858068
-0.000795842
-0.000737686
-0.000683366
-0.000632661
-0.000585358
-0.000541257
-0.000500165
-0.000461902
-0.000426295
-0.00039318
-0.000362404
-0.000333819
-0.000307286
-0.000282675
-0.000259862
-0.000238728
-0.000219165
-0.000201066
-0.000184335
-0.000168878
-0.000154609
-0.000141445
-0.00012931
-0.00011813
-0.000107839
-9.83724e-05
-8.96706e-05
-8.16777e-05
-7.43415e-05
-6.76131e-05
-6.14468e-05
-5.58e-05
-5.06329e-05
-4.59084e-05
-4.1592e-05
-3.76516e-05
-3.40572e-05
-3.07812e-05
-2.77978e-05
-2.50829e-05
-2.26146e-05
-2.03722e-05
-1.83368e-05
-1.64909e-05
-1.48181e-05
-1.33037e-05
-1.19337e-05
-1.06955e-05
-9.57735e-06
-8.56853e-06
-7.65917e-06
-6.84017e-06
-6.10323e-06
-5.44075e-06
-4.84571e-06
-4.31177e-06
-3.8331e-06
-3.40435e-06
-3.02072e-06
-2.67775e-06
-2.37144e-06
-2.09813e-06
-1.8545e-06
-1.63753e-06
-1.44451e-06
-1.27294e-06
-1.1206e-06
-9.85476e-07
-8.65707e-07
-7.59716e-07
-6.65926e-07
-5.83061e-07
-5.09923e-07
-4.45433e-07
-3.88591e-07
-3.38564e-07
-2.94555e-07
-2.55887e-07
-2.2193e-07
-1.92122e-07
-1.65977e-07
-1.43049e-07
-1.22944e-07
-1.05307e-07
-8.98305e-08
-7.62241e-08
-6.42373e-08
-5.36401e-08
-4.42255e-08
-3.58173e-08
-2.82189e-08
-2.12871e-08
-1.48607e-08
-8.77209e-09
-2.88298e-09
-1.87369
-1.84563
-1.8177
-1.78991
-1.76228
-1.73479
-1.70746
-1.6803
-1.65331
-1.62649
-1.59985
-1.57339
-1.54712
-1.52105
-1.49517
-1.46949
-1.44403
-1.41877
-1.39373
-1.36891
-1.34431
-1.31994
-1.2958
-1.27189
-1.24821
-1.22478
-1.20159
-1.17864
-1.15594
-1.13349
-1.11129
-1.08935
-1.06766
-1.04623
-1.02506
-1.00415
-0.983497
-0.96311
-0.942988
-0.923131
-0.90354
-0.884214
-0.865155
-0.846363
-0.827838
-0.80958
-0.791589
-0.773865
-0.756407
-0.739214
-0.722287
-0.705624
-0.689225
-0.673088
-0.657212
-0.641598
-0.626242
-0.611144
-0.596302
-0.581715
-0.567382
-0.5533
-0.539468
-0.525883
-0.512545
-0.499452
-0.4866
-0.473988
-0.461615
-0.449477
-0.437573
-0.4259
-0.414457
-0.40324
-0.392248
-0.381478
-0.370927
-0.360594
-0.350475
-0.340569
-0.330872
-0.321383
-0.312098
-0.303015
-0.294132
-0.285446
-0.276955
-0.268655
-0.260544
-0.25262
-0.24488
-0.237321
-0.229941
-0.222738
-0.215707
-0.208848
-0.202157
-0.195632
-0.18927
-0.183069
-0.177025
-0.171137
-0.165402
-0.159817
-0.154379
-0.149087
-0.143937
-0.138928
-0.134056
-0.129319
-0.124714
-0.12024
-0.115893
-0.111671
-0.107572
-0.103593
-0.0997323
-0.0959867
-0.0923542
-0.0888323
-0.0854188
-0.0821113
-0.0789074
-0.075805
-0.0728016
-0.0698952
-0.0670833
-0.0643639
-0.0617347
-0.0591935
-0.0567383
-0.0543669
-0.0520771
-0.049867
-0.0477345
-0.0456775
-0.0436941
-0.0417823
-0.0399402
-0.0381658
-0.0364573
-0.0348128
-0.0332305
-0.0317086
-0.0302453
-0.0288389
-0.0274876
-0.0261899
-0.024944
-0.0237483
-0.0226013
-0.0215013
-0.020447
-0.0194367
-0.018469
-0.0175425
-0.0166558
-0.0158076
-0.0149964
-0.014221
-0.0134801
-0.0127725
-0.012097
-0.0114523
-0.0108374
-0.010251
-0.00969221
-0.00915985
-0.00865293
-0.00817043
-0.00771138
-0.00727485
-0.0068599
-0.00646566
-0.00609127
-0.00573588
-0.00539869
-0.00507892
-0.00477581
-0.00448863
-0.00421668
-0.00395927
-0.00371574
-0.00348546
-0.00326781
-0.00306221
-0.00286808
-0.00268488
-0.00251209
-0.00234918
-0.00219569
-0.00205114
-0.00191508
-0.00178708
-0.00166673
-0.00155363
-0.0014474
-0.00134769
-0.00125414
-0.00116643
-0.00108423
-0.00100724
-0.000935171
-0.000867752
-0.000804718
-0.000745819
-0.000690815
-0.00063948
-0.000591598
-0.000546965
-0.000505384
-0.000466673
-0.000430654
-0.000397162
-0.00036604
-0.000337138
-0.000310316
-0.00028544
-0.000262383
-0.000241028
-0.000221261
-0.000202977
-0.000186077
-0.000170465
-0.000156055
-0.000142762
-0.00013051
-0.000119223
-0.000108834
-9.92785e-05
-9.04955e-05
-8.24287e-05
-7.50251e-05
-6.82353e-05
-6.2013e-05
-5.6315e-05
-5.11014e-05
-4.63345e-05
-4.19796e-05
-3.80042e-05
-3.43779e-05
-3.10729e-05
-2.80631e-05
-2.53242e-05
-2.2834e-05
-2.05717e-05
-1.85182e-05
-1.66558e-05
-1.4968e-05
-1.34399e-05
-1.20574e-05
-1.08079e-05
-9.67943e-06
-8.6612e-06
-7.74328e-06
-6.91648e-06
-6.17245e-06
-5.50349e-06
-4.90257e-06
-4.36328e-06
-3.87973e-06
-3.44656e-06
-3.0589e-06
-2.71227e-06
-2.40263e-06
-2.12629e-06
-1.87993e-06
-1.66047e-06
-1.4652e-06
-1.29159e-06
-1.1374e-06
-1.0006e-06
-8.79337e-07
-7.71951e-07
-6.76966e-07
-5.93001e-07
-5.18881e-07
-4.53496e-07
-3.95864e-07
-3.45143e-07
-3.00512e-07
-2.61304e-07
-2.26849e-07
-1.96648e-07
-1.70143e-07
-1.46916e-07
-1.26569e-07
-1.08734e-07
-9.3119e-08
-7.94147e-08
-6.73825e-08
-5.67998e-08
-4.74487e-08
-3.91434e-08
-3.1723e-08
-2.50391e-08
-1.89185e-08
-1.32336e-08
-7.83216e-09
-2.5926e-09
-1.82144
-1.79509
-1.76885
-1.74271
-1.7167
-1.6908
-1.66503
-1.63939
-1.61389
-1.58852
-1.56331
-1.53824
-1.51333
-1.48858
-1.464
-1.43958
-1.41534
-1.39127
-1.36739
-1.34369
-1.32018
-1.29687
-1.27375
-1.25083
-1.22811
-1.20561
-1.18331
-1.16123
-1.13936
-1.11772
-1.09629
-1.07509
-1.05412
-1.03338
-1.01286
-0.992586
-0.972542
-0.952736
-0.933167
-0.913838
-0.894751
-0.875905
-0.857303
-0.838945
-0.820831
-0.802964
-0.785342
-0.767966
-0.750838
-0.733956
-0.717321
-0.700932
-0.684791
-0.668895
-0.653246
-0.637842
-0.622682
-0.607767
-0.593094
-0.578664
-0.564476
-0.550527
-0.536818
-0.523346
-0.510111
-0.497111
-0.484345
-0.47181
-0.459506
-0.447431
-0.435583
-0.423961
-0.412562
-0.401384
-0.390426
-0.379686
-0.369161
-0.35885
-0.34875
-0.338859
-0.329176
-0.319697
-0.310421
-0.301345
-0.292467
-0.283785
-0.275296
-0.266998
-0.258889
-0.250965
-0.243225
-0.235667
-0.228287
-0.221083
-0.214053
-0.207194
-0.200505
-0.193981
-0.187621
-0.181422
-0.175382
-0.169497
-0.163767
-0.158187
-0.152756
-0.147471
-0.14233
-0.137329
-0.132467
-0.12774
-0.123148
-0.118686
-0.114352
-0.110144
-0.10606
-0.102097
-0.0982528
-0.0945245
-0.0909099
-0.0874067
-0.0840125
-0.0807248
-0.0775414
-0.07446
-0.0714781
-0.0685936
-0.0658041
-0.0631074
-0.0605013
-0.0579836
-0.0555521
-0.0532046
-0.050939
-0.0487531
-0.0466451
-0.0446126
-0.0426538
-0.0407666
-0.0389491
-0.0371994
-0.0355154
-0.0338953
-0.0323373
-0.0308396
-0.0294003
-0.0280177
-0.0266901
-0.0254157
-0.0241929
-0.0230201
-0.0218957
-0.020818
-0.0197856
-0.0187969
-0.0178505
-0.0169449
-0.0160787
-0.0152506
-0.0144591
-0.013703
-0.0129811
-0.012292
-0.0116345
-0.0110075
-0.0104098
-0.0098403
-0.00929787
-0.00878146
-0.00829004
-0.00782262
-0.00737823
-0.00695591
-0.00655476
-0.00617389
-0.00581245
-0.00546959
-0.00514453
-0.00483648
-0.00454469
-0.00426843
-0.00400701
-0.00375975
-0.003526
-0.00330513
-0.00309653
-0.00289962
-0.00271385
-0.00253866
-0.00237355
-0.00221801
-0.00207157
-0.00193376
-0.00180416
-0.00168232
-0.00156786
-0.00146038
-0.00135951
-0.0012649
-0.00117621
-0.00109312
-0.00101531
-0.0009425
-0.000874395
-0.000810733
-0.000751261
-0.000695735
-0.000643926
-0.000595613
-0.000550588
-0.000508653
-0.000469619
-0.000433308
-0.000399552
-0.000368191
-0.000339073
-0.000312055
-0.000287003
-0.000263788
-0.00024229
-0.000222394
-0.000203995
-0.000186991
-0.000171286
-0.000156792
-0.000143424
-0.000131104
-0.000119757
-0.000109314
-9.97095e-05
-9.08831e-05
-8.27774e-05
-7.53391e-05
-6.85182e-05
-6.22681e-05
-5.65454e-05
-5.13096e-05
-4.65229e-05
-4.21501e-05
-3.81586e-05
-3.4518e-05
-3.11999e-05
-2.81784e-05
-2.5429e-05
-2.29293e-05
-2.06585e-05
-1.85973e-05
-1.67278e-05
-1.50337e-05
-1.34999e-05
-1.21122e-05
-1.0858e-05
-9.7252e-06
-8.70307e-06
-7.78158e-06
-6.95151e-06
-6.20451e-06
-5.53283e-06
-4.92943e-06
-4.38785e-06
-3.90221e-06
-3.46713e-06
-3.0777e-06
-2.72946e-06
-2.41835e-06
-2.14063e-06
-1.89303e-06
-1.67244e-06
-1.47612e-06
-1.30154e-06
-1.14647e-06
-1.00888e-06
-8.86889e-07
-7.78811e-07
-6.83218e-07
-5.9871e-07
-5.24081e-07
-4.58238e-07
-4.00204e-07
-3.49117e-07
-3.04161e-07
-2.64649e-07
-2.2997e-07
-1.99514e-07
-1.72838e-07
-1.49457e-07
-1.28986e-07
-1.11056e-07
-9.53852e-08
-8.1643e-08
-6.96153e-08
-5.90648e-08
-4.97858e-08
-4.16029e-08
-3.43451e-08
-2.78672e-08
-2.20073e-08
-1.66651e-08
-1.1679e-08
-6.93794e-09
-2.32828e-09
-1.78169
-1.75664
-1.73166
-1.70678
-1.68198
-1.65729
-1.63269
-1.6082
-1.58383
-1.55957
-1.53543
-1.51142
-1.48754
-1.46379
-1.44019
-1.41672
-1.39341
-1.37024
-1.34724
-1.32439
-1.30171
-1.2792
-1.25686
-1.23469
-1.2127
-1.1909
-1.16928
-1.14786
-1.12662
-1.10558
-1.08474
-1.06411
-1.04367
-1.02345
-1.00343
-0.983623
-0.964031
-0.944656
-0.925498
-0.906561
-0.887846
-0.869353
-0.851087
-0.833047
-0.815235
-0.797652
-0.780299
-0.763177
-0.746288
-0.72963
-0.713206
-0.697015
-0.681057
-0.665334
-0.649844
-0.634589
-0.619567
-0.604779
-0.590224
-0.575902
-0.561813
-0.547955
-0.534328
-0.520932
-0.507765
-0.494826
-0.482114
-0.469629
-0.457369
-0.445333
-0.433519
-0.421926
-0.410552
-0.399397
-0.388458
-0.377733
-0.367222
-0.356921
-0.34683
-0.336946
-0.327268
-0.317793
-0.30852
-0.299446
-0.290569
-0.281887
-0.273399
-0.2651
-0.256991
-0.249067
-0.241328
-0.233769
-0.22639
-0.219188
-0.21216
-0.205304
-0.198617
-0.192097
-0.185742
-0.179549
-0.173516
-0.167639
-0.161917
-0.156347
-0.150927
-0.145653
-0.140524
-0.135537
-0.130689
-0.125978
-0.121402
-0.116957
-0.112642
-0.108453
-0.104389
-0.100446
-0.096623
-0.0929167
-0.0893248
-0.0858449
-0.0824746
-0.0792114
-0.076053
-0.072997
-0.070041
-0.0671828
-0.0644199
-0.0617502
-0.0591712
-0.0566809
-0.054277
-0.0519572
-0.0497195
-0.0475616
-0.0454815
-0.043477
-0.0415461
-0.0396868
-0.0378971
-0.0361749
-0.0345184
-0.0329256
-0.0313947
-0.0299238
-0.0285111
-0.0271548
-0.0258531
-0.0246044
-0.023407
-0.0222591
-0.0211592
-0.0201057
-0.019097
-0.0181317
-0.0172082
-0.0163251
-0.0154809
-0.0146743
-0.013904
-0.0131686
-0.0124668
-0.0117973
-0.0111591
-0.0105508
-0.00997128
-0.00941949
-0.0088943
-0.00839465
-0.00791952
-0.0074679
-0.00703882
-0.00663136
-0.00624459
-0.00587764
-0.00552965
-0.00519979
-0.00488727
-0.00459133
-0.00431121
-0.00404622
-0.00379564
-0.00355882
-0.00333511
-0.00312389
-0.00292457
-0.00273656
-0.00255932
-0.00239231
-0.00223503
-0.00208699
-0.00194772
-0.00181677
-0.00169371
-0.00157812
-0.00146962
-0.00136781
-0.00127235
-0.00118289
-0.00109909
-0.00102065
-0.000947257
-0.000878632
-0.000814502
-0.000754607
-0.000698701
-0.000646548
-0.000597927
-0.000552625
-0.000510442
-0.000471187
-0.000434679
-0.000400747
-0.00036923
-0.000339974
-0.000312834
-0.000287674
-0.000264364
-0.000242783
-0.000222815
-0.000204352
-0.000187292
-0.00017154
-0.000157004
-0.000143601
-0.00013125
-0.000119877
-0.000109412
-9.97887e-05
-9.09465e-05
-8.28276e-05
-7.53783e-05
-6.85484e-05
-6.2291e-05
-5.65624e-05
-5.13218e-05
-4.65313e-05
-4.21557e-05
-3.8162e-05
-3.45197e-05
-3.12006e-05
-2.81783e-05
-2.54285e-05
-2.29286e-05
-2.06578e-05
-1.85967e-05
-1.67275e-05
-1.50337e-05
-1.35001e-05
-1.21129e-05
-1.0859e-05
-9.72654e-06
-8.70475e-06
-7.78356e-06
-6.95379e-06
-6.20701e-06
-5.53554e-06
-4.93231e-06
-4.39087e-06
-3.90534e-06
-3.47031e-06
-3.08095e-06
-2.73269e-06
-2.42159e-06
-2.14386e-06
-1.89618e-06
-1.67552e-06
-1.47913e-06
-1.30444e-06
-1.1493e-06
-1.01158e-06
-8.89473e-07
-7.81302e-07
-6.85587e-07
-6.00971e-07
-5.26224e-07
-4.60276e-07
-4.02166e-07
-3.50958e-07
-3.0592e-07
-2.66337e-07
-2.31571e-07
-2.01069e-07
-1.74346e-07
-1.50916e-07
-1.30419e-07
-1.12489e-07
-9.68017e-08
-8.30926e-08
-7.1101e-08
-6.06048e-08
-5.14132e-08
-4.33349e-08
-3.62234e-08
-2.99123e-08
-2.4292e-08
-1.92156e-08
-1.45685e-08
-1.02359e-08
-6.10476e-09
-2.02206e-09
-1.7513
-1.72721
-1.70319
-1.67923
-1.65535
-1.63155
-1.60784
-1.58421
-1.56068
-1.53724
-1.51391
-1.49069
-1.46757
-1.44458
-1.4217
-1.39895
-1.37632
-1.35383
-1.33148
-1.30927
-1.28721
-1.26529
-1.24353
-1.22192
-1.20048
-1.1792
-1.15809
-1.13715
-1.11638
-1.0958
-1.07539
-1.05517
-1.03514
-1.01529
-0.995642
-0.976188
-0.956932
-0.937876
-0.919024
-0.900377
-0.881938
-0.863708
-0.84569
-0.827884
-0.810294
-0.79292
-0.775763
-0.758826
-0.742108
-0.725612
-0.709339
-0.693289
-0.677463
-0.661861
-0.646485
-0.631335
-0.616411
-0.601712
-0.58724
-0.572994
-0.558973
-0.545178
-0.531609
-0.518264
-0.505144
-0.492247
-0.479574
-0.467122
-0.454892
-0.442882
-0.431091
-0.419519
-0.408163
-0.397023
-0.386097
-0.375384
-0.364883
-0.354591
-0.344507
-0.33463
-0.324957
-0.315487
-0.306218
-0.297148
-0.288276
-0.279598
-0.271114
-0.26282
-0.254715
-0.246797
-0.239063
-0.231511
-0.224139
-0.216944
-0.209925
-0.203078
-0.196402
-0.189893
-0.183551
-0.177371
-0.171351
-0.16549
-0.159784
-0.154231
-0.148829
-0.143575
-0.138466
-0.133499
-0.128674
-0.123986
-0.119433
-0.115012
-0.110722
-0.10656
-0.102522
-0.0986068
-0.0948117
-0.0911341
-0.0875714
-0.0841212
-0.080781
-0.0775485
-0.0744211
-0.0713964
-0.068472
-0.0656456
-0.0629148
-0.0602773
-0.0577307
-0.0552728
-0.0529014
-0.0506141
-0.0484087
-0.0462832
-0.0442353
-0.042263
-0.040364
-0.0385365
-0.0367782
-0.0350873
-0.0334617
-0.0318996
-0.0303989
-0.028958
-0.0275748
-0.0262476
-0.0249746
-0.0237542
-0.0225845
-0.0214639
-0.0203909
-0.0193637
-0.0183808
-0.0174407
-0.0165419
-0.015683
-0.0148625
-0.0140791
-0.0133313
-0.012618
-0.0119376
-0.0112891
-0.0106713
-0.0100828
-0.00952258
-0.00898951
-0.00848249
-0.00800048
-0.00754243
-0.00710737
-0.00669432
-0.00630236
-0.00593058
-0.00557811
-0.00524411
-0.00492775
-0.00462825
-0.00434484
-0.0040768
-0.00382342
-0.003584
-0.0033579
-0.00314448
-0.00294313
-0.00275327
-0.00257433
-0.00240577
-0.00224707
-0.00209773
-0.00195728
-0.00182526
-0.00170122
-0.00158475
-0.00147544
-0.00137292
-0.00127681
-0.00118676
-0.00110244
-0.00102353
-0.000949715
-0.000880718
-0.000816257
-0.00075607
-0.000699905
-0.000647526
-0.000598706
-0.000553231
-0.000510897
-0.000471512
-0.000434893
-0.000400867
-0.000369269
-0.000339946
-0.000312751
-0.000287545
-0.000264198
-0.000242588
-0.000222598
-0.000204119
-0.000187048
-0.000171289
-0.00015675
-0.000143347
-0.000130999
-0.00011963
-0.000109172
-9.95566e-05
-9.07234e-05
-8.26143e-05
-7.51754e-05
-6.83562e-05
-6.21096e-05
-5.6392e-05
-5.11623e-05
-4.63825e-05
-4.20173e-05
-3.80337e-05
-3.44012e-05
-3.10914e-05
-2.8078e-05
-2.53366e-05
-2.28446e-05
-2.05813e-05
-1.85271e-05
-1.66645e-05
-1.49768e-05
-1.34488e-05
-1.20667e-05
-1.08176e-05
-9.68959e-06
-8.6718e-06
-7.75427e-06
-6.92783e-06
-6.18408e-06
-5.51535e-06
-4.91459e-06
-4.37536e-06
-3.89183e-06
-3.45859e-06
-3.07079e-06
-2.72398e-06
-2.41409e-06
-2.13747e-06
-1.89079e-06
-1.67098e-06
-1.47532e-06
-1.30131e-06
-1.14672e-06
-1.00951e-06
-8.87811e-07
-7.80017e-07
-6.84611e-07
-6.00257e-07
-5.25751e-07
-4.6e-07
-4.02034e-07
-3.50985e-07
-3.06068e-07
-2.66587e-07
-2.31907e-07
-2.01485e-07
-1.74826e-07
-1.51466e-07
-1.31027e-07
-1.13153e-07
-9.75298e-08
-8.38934e-08
-7.19584e-08
-6.15503e-08
-5.24519e-08
-4.44795e-08
-3.74957e-08
-3.13411e-08
-2.59029e-08
-2.10444e-08
-1.6663e-08
-1.26639e-08
-8.90955e-09
-5.32641e-09
-1.8112e-09
-1.72744
-1.70405
-1.68072
-1.65744
-1.63423
-1.61109
-1.58802
-1.56502
-1.54211
-1.51928
-1.49655
-1.4739
-1.45136
-1.42892
-1.40658
-1.38436
-1.36225
-1.34026
-1.3184
-1.29666
-1.27505
-1.25358
-1.23225
-1.21107
-1.19003
-1.16914
-1.14841
-1.12783
-1.10742
-1.08717
-1.06709
-1.04718
-1.02745
-1.0079
-0.988521
-0.969331
-0.950327
-0.931513
-0.912891
-0.894463
-0.876232
-0.8582
-0.840369
-0.822741
-0.805319
-0.788104
-0.771097
-0.754301
-0.737717
-0.721346
-0.70519
-0.689249
-0.673526
-0.658019
-0.642732
-0.627663
-0.612815
-0.598187
-0.583779
-0.569593
-0.555627
-0.541883
-0.528359
-0.515057
-0.501975
-0.489114
-0.476472
-0.464051
-0.451847
-0.439862
-0.428095
-0.416543
-0.405207
-0.394085
-0.383176
-0.372479
-0.361992
-0.351714
-0.341644
-0.331779
-0.322119
-0.312662
-0.303406
-0.294349
-0.285489
-0.276824
-0.268353
-0.260073
-0.251983
-0.24408
-0.236361
-0.228826
-0.221471
-0.214294
-0.207294
-0.200467
-0.193811
-0.187324
-0.181003
-0.174847
-0.168852
-0.163015
-0.157336
-0.15181
-0.146435
-0.141209
-0.13613
-0.131194
-0.126399
-0.121743
-0.117222
-0.112835
-0.108578
-0.10445
-0.100447
-0.0965675
-0.0928082
-0.0891668
-0.0856407
-0.0822275
-0.0789245
-0.0757294
-0.0726396
-0.0696527
-0.0667663
-0.0639778
-0.0612849
-0.0586853
-0.0561766
-0.0537565
-0.0514227
-0.0491729
-0.0470049
-0.0449165
-0.0429054
-0.0409696
-0.0391068
-0.0373151
-0.0355923
-0.0339364
-0.0323454
-0.0308174
-0.0293504
-0.0279425
-0.026592
-0.0252969
-0.0240554
-0.0228659
-0.0217266
-0.0206358
-0.0195919
-0.0185933
-0.0176384
-0.0167257
-0.0158536
-0.0150208
-0.0142257
-0.0134671
-0.0127434
-0.0120535
-0.011396
-0.0107697
-0.0101734
-0.00960586
-0.00906594
-0.00855255
-0.00806459
-0.00760102
-0.00716083
-0.00674302
-0.00634664
-0.00597077
-0.00561452
-0.00527702
-0.00495745
-0.00465498
-0.00436885
-0.00409831
-0.00384262
-0.00360111
-0.00337309
-0.00315791
-0.00295497
-0.00276365
-0.0025834
-0.00241364
-0.00225387
-0.00210356
-0.00196223
-0.00182943
-0.00170469
-0.00158759
-0.00147773
-0.00137472
-0.00127817
-0.00118774
-0.00110309
-0.00102389
-0.000949825
-0.000880614
-0.000815971
-0.00075563
-0.000699338
-0.000646854
-0.00059795
-0.000552409
-0.000510026
-0.000470606
-0.000433963
-0.000399924
-0.000368324
-0.000339005
-0.000311821
-0.000286633
-0.000263308
-0.000241723
-0.000221762
-0.000203314
-0.000186276
-0.00017055
-0.000156047
-0.000142679
-0.000130366
-0.000119033
-0.000108609
-9.90276e-05
-9.02276e-05
-8.21506e-05
-7.47426e-05
-6.79532e-05
-6.17352e-05
-5.60448e-05
-5.08409e-05
-4.60857e-05
-4.17437e-05
-3.77819e-05
-3.417e-05
-3.08794e-05
-2.7884e-05
-2.51594e-05
-2.26831e-05
-2.04343e-05
-1.83936e-05
-1.65433e-05
-1.48671e-05
-1.33498e-05
-1.19774e-05
-1.07371e-05
-9.61725e-06
-8.6069e-06
-7.69615e-06
-6.87587e-06
-6.13773e-06
-5.47407e-06
-4.8779e-06
-4.34282e-06
-3.86301e-06
-3.43313e-06
-3.04835e-06
-2.70423e-06
-2.39677e-06
-2.1223e-06
-1.87753e-06
-1.65942e-06
-1.46528e-06
-1.29261e-06
-1.1392e-06
-1.00302e-06
-8.82251e-07
-7.75266e-07
-6.8057e-07
-5.96833e-07
-5.22863e-07
-4.57589e-07
-4.00031e-07
-3.49332e-07
-3.04733e-07
-2.65529e-07
-2.31078e-07
-2.00867e-07
-1.74384e-07
-1.51195e-07
-1.30885e-07
-1.13147e-07
-9.76419e-08
-8.41021e-08
-7.22919e-08
-6.1981e-08
-5.29914e-08
-4.51353e-08
-3.82728e-08
-3.22572e-08
-2.69719e-08
-2.22927e-08
-1.81303e-08
-1.4369e-08
-1.09335e-08
-7.71976e-09
-4.61609e-09
-1.55332e-09
-1.70622
-1.68336
-1.66055
-1.63779
-1.61508
-1.59244
-1.56987
-1.54736
-1.52492
-1.50257
-1.48029
-1.4581
-1.436
-1.414
-1.39209
-1.37028
-1.34858
-1.32699
-1.30551
-1.28415
-1.26292
-1.24181
-1.22083
-1.19998
-1.17927
-1.1587
-1.13828
-1.118
-1.09788
-1.07791
-1.0581
-1.03845
-1.01897
-0.999661
-0.980521
-0.961556
-0.942768
-0.924161
-0.905738
-0.887501
-0.869452
-0.851595
-0.833931
-0.816463
-0.799193
-0.782123
-0.765255
-0.748591
-0.732132
-0.71588
-0.699837
-0.684004
-0.668382
-0.652973
-0.637777
-0.622796
-0.60803
-0.593479
-0.579146
-0.565029
-0.55113
-0.537449
-0.523985
-0.51074
-0.497712
-0.484902
-0.47231
-0.459935
-0.447776
-0.435834
-0.424107
-0.412595
-0.401296
-0.390211
-0.379338
-0.368675
-0.358222
-0.347978
-0.337941
-0.328109
-0.318481
-0.309056
-0.299832
-0.290807
-0.281979
-0.273347
-0.264908
-0.256662
-0.248604
-0.240735
-0.233051
-0.22555
-0.21823
-0.211089
-0.204125
-0.197335
-0.190716
-0.184268
-0.177986
-0.171868
-0.165913
-0.160117
-0.154478
-0.148994
-0.143661
-0.138478
-0.133441
-0.128549
-0.123798
-0.119186
-0.11471
-0.110368
-0.106157
-0.102075
-0.0981176
-0.0942839
-0.0905708
-0.0869757
-0.083496
-0.0801292
-0.0768726
-0.0737239
-0.0706803
-0.0677396
-0.0648991
-0.0621565
-0.0595092
-0.0569549
-0.0544912
-0.0521157
-0.0498262
-0.0476202
-0.0454956
-0.04345
-0.0414813
-0.0395873
-0.0377659
-0.0360149
-0.0343322
-0.0327158
-0.0311637
-0.0296739
-0.0282444
-0.0268734
-0.025559
-0.0242994
-0.0230926
-0.0219371
-0.0208311
-0.0197728
-0.0187607
-0.0177931
-0.0168685
-0.0159852
-0.0151419
-0.0143371
-0.0135692
-0.0128371
-0.0121392
-0.0114743
-0.010841
-0.0102383
-0.00966474
-0.00911928
-0.00860076
-0.00810805
-0.00764009
-0.00719585
-0.00677431
-0.0063745
-0.00599549
-0.00563635
-0.00529621
-0.00497422
-0.00466955
-0.00438142
-0.00410906
-0.00385173
-0.00360873
-0.00337937
-0.00316299
-0.00295897
-0.00276669
-0.00258558
-0.00241507
-0.00225463
-0.00210374
-0.00196191
-0.00182866
-0.00170355
-0.00158613
-0.001476
-0.00137276
-0.00127604
-0.00118547
-0.0011007
-0.00102142
-0.000947307
-0.000878066
-0.000813413
-0.00075308
-0.000696811
-0.000644364
-0.000595508
-0.000550025
-0.000507706
-0.000468357
-0.000431792
-0.000397833
-0.000366316
-0.000337083
-0.000309985
-0.000284883
-0.000261645
-0.000240146
-0.000220269
-0.000201904
-0.000184947
-0.0001693
-0.000154872
-0.000141578
-0.000129336
-0.00011807
-0.000107711
-9.8192e-05
-8.94507e-05
-8.14295e-05
-7.40744e-05
-6.73349e-05
-6.1164e-05
-5.55178e-05
-5.03555e-05
-4.56392e-05
-4.13336e-05
-3.74059e-05
-3.38256e-05
-3.05645e-05
-2.75964e-05
-2.48972e-05
-2.24443e-05
-2.02172e-05
-1.81965e-05
-1.63646e-05
-1.47053e-05
-1.32035e-05
-1.18453e-05
-1.06181e-05
-9.51013e-06
-8.51063e-06
-7.60975e-06
-6.79846e-06
-6.06845e-06
-5.41218e-06
-4.8227e-06
-4.29365e-06
-3.81929e-06
-3.39431e-06
-3.01394e-06
-2.67379e-06
-2.36986e-06
-2.09859e-06
-1.85664e-06
-1.64107e-06
-1.44917e-06
-1.27852e-06
-1.12688e-06
-9.9228e-07
-8.72913e-07
-7.67152e-07
-6.73546e-07
-5.90763e-07
-5.1765e-07
-4.53097e-07
-3.96202e-07
-3.46053e-07
-3.01971e-07
-2.6319e-07
-2.2913e-07
-1.9925e-07
-1.73051e-07
-1.50125e-07
-1.30044e-07
-1.12501e-07
-9.71716e-08
-8.38033e-08
-7.21274e-08
-6.19547e-08
-5.30971e-08
-4.53609e-08
-3.86278e-08
-3.27381e-08
-2.75913e-08
-2.3069e-08
-1.90843e-08
-1.55262e-08
-1.23202e-08
-9.38462e-09
-6.63967e-09
-3.98872e-09
-1.34114e-09
-1.68524
-1.66277
-1.64035
-1.61798
-1.59567
-1.57342
-1.55123
-1.5291
-1.50705
-1.48507
-1.46317
-1.44134
-1.41961
-1.39796
-1.37641
-1.35495
-1.33359
-1.31234
-1.29119
-1.27016
-1.24924
-1.22844
-1.20777
-1.18722
-1.1668
-1.14652
-1.12637
-1.10637
-1.08651
-1.0668
-1.04725
-1.02784
-1.0086
-0.989519
-0.970603
-0.951855
-0.933278
-0.914876
-0.89665
-0.878605
-0.860742
-0.843064
-0.825574
-0.808273
-0.791165
-0.774252
-0.757535
-0.741017
-0.724699
-0.708583
-0.692672
-0.676965
-0.661466
-0.646175
-0.631093
-0.616222
-0.601562
-0.587115
-0.572881
-0.558861
-0.545055
-0.531464
-0.518088
-0.504928
-0.491982
-0.479253
-0.466738
-0.454439
-0.442355
-0.430485
-0.418829
-0.407386
-0.396156
-0.385137
-0.374329
-0.363731
-0.353342
-0.343161
-0.333185
-0.323415
-0.313848
-0.304483
-0.295319
-0.286354
-0.277585
-0.269012
-0.260633
-0.252445
-0.244447
-0.236636
-0.22901
-0.221568
-0.214308
-0.207226
-0.20032
-0.193589
-0.18703
-0.18064
-0.174418
-0.16836
-0.162464
-0.156728
-0.151149
-0.145724
-0.140452
-0.135329
-0.130352
-0.12552
-0.120828
-0.116276
-0.11186
-0.107578
-0.103426
-0.0994027
-0.0955049
-0.09173
-0.0880754
-0.0845385
-0.0811167
-0.0778074
-0.0746079
-0.0715159
-0.0685286
-0.0656435
-0.0628582
-0.0601702
-0.0575769
-0.0550761
-0.0526652
-0.0503418
-0.0481037
-0.0459484
-0.0438738
-0.0418775
-0.0399573
-0.038111
-0.0363364
-0.0346314
-0.0329939
-0.0314219
-0.0299132
-0.028466
-0.0270783
-0.0257482
-0.0244737
-0.0232531
-0.0220846
-0.0209663
-0.0198966
-0.0188738
-0.0178962
-0.0169622
-0.0160703
-0.0152189
-0.0144065
-0.0136317
-0.0128931
-0.0121892
-0.0115187
-0.0108804
-0.0102729
-0.0096951
-0.00914567
-0.0086235
-0.00812747
-0.00765649
-0.00720948
-0.00678544
-0.00638337
-0.00600231
-0.00564134
-0.00529955
-0.00497609
-0.00467012
-0.00438083
-0.00410746
-0.00384924
-0.00360547
-0.00337545
-0.00315851
-0.00295402
-0.00276136
-0.00257993
-0.00240917
-0.00224855
-0.00209752
-0.00195561
-0.00182232
-0.0016972
-0.00157982
-0.00146976
-0.00136661
-0.00126999
-0.00117955
-0.00109493
-0.00101581
-0.000941869
-0.000872807
-0.00080834
-0.000748198
-0.000692124
-0.000639873
-0.000591213
-0.000545926
-0.000503802
-0.000464644
-0.000428267
-0.000394493
-0.000363156
-0.000334097
-0.000307169
-0.000282231
-0.000259151
-0.000237804
-0.000218073
-0.000199848
-0.000183024
-0.000167505
-0.000153198
-0.000140019
-0.000127885
-0.000116723
-0.000106461
-9.7034e-05
-8.83791e-05
-8.04392e-05
-7.31603e-05
-6.64921e-05
-6.0388e-05
-5.48042e-05
-4.97001e-05
-4.5038e-05
-4.07827e-05
-3.69017e-05
-3.33648e-05
-3.01439e-05
-2.72129e-05
-2.4548e-05
-2.21268e-05
-1.99287e-05
-1.79348e-05
-1.61275e-05
-1.44907e-05
-1.30095e-05
-1.16702e-05
-1.04603e-05
-9.36799e-06
-8.38281e-06
-7.49496e-06
-6.6955e-06
-5.97624e-06
-5.32968e-06
-4.74899e-06
-4.22789e-06
-3.7607e-06
-3.34219e-06
-2.96763e-06
-2.63269e-06
-2.33346e-06
-2.06637e-06
-1.82818e-06
-1.61597e-06
-1.42706e-06
-1.25907e-06
-1.10981e-06
-9.77313e-07
-8.59807e-07
-7.55711e-07
-6.63562e-07
-5.82081e-07
-5.10098e-07
-4.46566e-07
-3.90542e-07
-3.41194e-07
-2.97777e-07
-2.59594e-07
-2.26069e-07
-1.96633e-07
-1.70853e-07
-1.48273e-07
-1.28512e-07
-1.11227e-07
-9.61475e-08
-8.29801e-08
-7.15011e-08
-6.1507e-08
-5.27913e-08
-4.52104e-08
-3.86093e-08
-3.28536e-08
-2.78482e-08
-2.34579e-08
-1.96121e-08
-1.6228e-08
-1.32087e-08
-1.04962e-08
-8.015e-09
-5.66603e-09
-3.40953e-09
-1.18559e-09
-1.66263
-1.64044
-1.6183
-1.59623
-1.57421
-1.55226
-1.53037
-1.50855
-1.48681
-1.46513
-1.44354
-1.42203
-1.40061
-1.37927
-1.35803
-1.33688
-1.31583
-1.29488
-1.27404
-1.2533
-1.23268
-1.21218
-1.19179
-1.17153
-1.1514
-1.13139
-1.11152
-1.09179
-1.0722
-1.05275
-1.03345
-1.0143
-0.995301
-0.976463
-0.957785
-0.939271
-0.920923
-0.902744
-0.884738
-0.866908
-0.849255
-0.831783
-0.814494
-0.79739
-0.780474
-0.763749
-0.747216
-0.730877
-0.714735
-0.698791
-0.683048
-0.667506
-0.652167
-0.637032
-0.622104
-0.607383
-0.59287
-0.578567
-0.564474
-0.550591
-0.536921
-0.523462
-0.510216
-0.497183
-0.484363
-0.471756
-0.459362
-0.447181
-0.435213
-0.423458
-0.411914
-0.400583
-0.389462
-0.378551
-0.36785
-0.357357
-0.347071
-0.336992
-0.327118
-0.317447
-0.30798
-0.298713
-0.289646
-0.280776
-0.272103
-0.263625
-0.255339
-0.247244
-0.239337
-0.231618
-0.224083
-0.216731
-0.20956
-0.202566
-0.195749
-0.189106
-0.182633
-0.17633
-0.170193
-0.164221
-0.158409
-0.152757
-0.147262
-0.14192
-0.136729
-0.131687
-0.126792
-0.122039
-0.117428
-0.112954
-0.108616
-0.104411
-0.100336
-0.0963885
-0.0925657
-0.088865
-0.0852838
-0.0818194
-0.0784692
-0.0752307
-0.0721011
-0.0690779
-0.0661586
-0.0633405
-0.0606213
-0.0579983
-0.0554691
-0.0530312
-0.0506823
-0.0484198
-0.0462415
-0.0441451
-0.0421281
-0.0401884
-0.0383236
-0.0365316
-0.0348103
-0.0331574
-0.0315709
-0.0300487
-0.0285888
-0.0271892
-0.025848
-0.0245632
-0.0233329
-0.0221554
-0.0210288
-0.0199513
-0.0189213
-0.0179371
-0.0169971
-0.0160996
-0.015243
-0.0144259
-0.0136468
-0.0129043
-0.0121968
-0.0115232
-0.010882
-0.0102719
-0.00969171
-0.00914022
-0.00861623
-0.0081186
-0.00764621
-0.00719801
-0.00677294
-0.00637
-0.00598822
-0.00562667
-0.00528443
-0.00496062
-0.00465441
-0.00436498
-0.00409154
-0.00383335
-0.00358966
-0.00335978
-0.00314304
-0.00293879
-0.00274641
-0.0025653
-0.00239489
-0.00223464
-0.00208401
-0.00194251
-0.00180965
-0.00168497
-0.00156803
-0.00145841
-0.00135571
-0.00125954
-0.00116954
-0.00108537
-0.00100668
-0.000933164
-0.000864521
-0.000800464
-0.000740722
-0.000685037
-0.000633163
-0.000584868
-0.000539934
-0.00049815
-0.00045932
-0.000423257
-0.000389784
-0.000358735
-0.000329952
-0.000303287
-0.000278599
-0.000255757
-0.000234635
-0.000215119
-0.000197096
-0.000180463
-0.000165125
-0.000150989
-0.00013797
-0.000125987
-0.000114967
-0.000104838
-9.55348e-05
-8.69963e-05
-7.9165e-05
-7.19876e-05
-6.5414e-05
-5.93978e-05
-5.38957e-05
-4.88676e-05
-4.42759e-05
-4.00858e-05
-3.62652e-05
-3.2784e-05
-2.96145e-05
-2.6731e-05
-2.41097e-05
-2.17287e-05
-1.95674e-05
-1.76074e-05
-1.58311e-05
-1.42227e-05
-1.27674e-05
-1.14518e-05
-1.02634e-05
-9.19078e-06
-8.22348e-06
-7.35186e-06
-6.56714e-06
-5.86123e-06
-5.22677e-06
-4.65701e-06
-4.1458e-06
-3.68749e-06
-3.27699e-06
-2.90965e-06
-2.58118e-06
-2.28776e-06
-2.02589e-06
-1.79235e-06
-1.58431e-06
-1.39912e-06
-1.23444e-06
-1.08812e-06
-9.58256e-07
-8.43082e-07
-7.41055e-07
-6.50742e-07
-5.70872e-07
-5.00314e-07
-4.38044e-07
-3.83147e-07
-3.34767e-07
-2.92214e-07
-2.54789e-07
-2.21922e-07
-1.93085e-07
-1.67802e-07
-1.45665e-07
-1.26294e-07
-1.09368e-07
-9.45844e-08
-8.16821e-08
-7.04487e-08
-6.06435e-08
-5.21209e-08
-4.4715e-08
-3.82595e-08
-3.26498e-08
-2.77736e-08
-2.35249e-08
-1.98144e-08
-1.65729e-08
-1.37114e-08
-1.11653e-08
-8.87812e-09
-6.78659e-09
-4.81663e-09
-2.92264e-09
-9.824e-10
-1.63695
-1.61496
-1.59303
-1.57117
-1.54938
-1.52767
-1.50603
-1.48447
-1.46298
-1.44158
-1.42026
-1.39903
-1.37789
-1.35684
-1.33589
-1.31503
-1.29427
-1.27362
-1.25307
-1.23263
-1.21231
-1.1921
-1.17201
-1.15205
-1.1322
-1.11249
-1.09291
-1.07347
-1.05416
-1.035
-1.01598
-0.997104
-0.978384
-0.959818
-0.94141
-0.923162
-0.905077
-0.887159
-0.869409
-0.851832
-0.834429
-0.817204
-0.800158
-0.783294
-0.766615
-0.750122
-0.733819
-0.717707
-0.701788
-0.686064
-0.670536
-0.655208
-0.640079
-0.625152
-0.610428
-0.595908
-0.581593
-0.567485
-0.553584
-0.539891
-0.526407
-0.513133
-0.500068
-0.487214
-0.47457
-0.462138
-0.449916
-0.437904
-0.426103
-0.414513
-0.403132
-0.391961
-0.380999
-0.370244
-0.359697
-0.349357
-0.339222
-0.329292
-0.319565
-0.31004
-0.300715
-0.29159
-0.282663
-0.273932
-0.265396
-0.257052
-0.2489
-0.240937
-0.233161
-0.22557
-0.218163
-0.210937
-0.20389
-0.19702
-0.190324
-0.183801
-0.177448
-0.171262
-0.165241
-0.159382
-0.153684
-0.148144
-0.142758
-0.137525
-0.132442
-0.127506
-0.122715
-0.118066
-0.113556
-0.109183
-0.104943
-0.100836
-0.0968564
-0.0930032
-0.0892733
-0.0856641
-0.0821729
-0.0787971
-0.0755339
-0.0723809
-0.0693354
-0.0663948
-0.0635565
-0.0608181
-0.0581769
-0.0556304
-0.0531763
-0.050812
-0.048535
-0.0463431
-0.0442339
-0.0422049
-0.040254
-0.0383788
-0.0365771
-0.0348467
-0.0331855
-0.0315912
-0.0300619
-0.0285954
-0.0271898
-0.025843
-0.0245532
-0.0233184
-0.0221367
-0.0210065
-0.0199257
-0.0188928
-0.0179061
-0.0169638
-0.0160643
-0.0152061
-0.0143877
-0.0136075
-0.012864
-0.0121559
-0.0114818
-0.0108403
-0.0102301
-0.00964991
-0.00909858
-0.00857487
-0.00807764
-0.00760577
-0.00715815
-0.00673376
-0.00633158
-0.00595061
-0.00558992
-0.00524859
-0.00492574
-0.00462051
-0.00433208
-0.00405967
-0.00380252
-0.00355988
-0.00333106
-0.00311537
-0.00291217
-0.00272083
-0.00254076
-0.00237137
-0.00221212
-0.00206248
-0.00192195
-0.00179003
-0.00166627
-0.00155023
-0.00144149
-0.00133963
-0.00124429
-0.00115509
-0.00107168
-0.000993728
-0.000920925
-0.000852966
-0.000789566
-0.000730453
-0.00067537
-0.000624073
-0.000576328
-0.000531918
-0.000490633
-0.000452278
-0.000416666
-0.000383622
-0.000352979
-0.00032458
-0.000298278
-0.000273933
-0.000251415
-0.000230599
-0.000211369
-0.000193616
-0.000177238
-0.000162137
-0.000148224
-0.000135414
-0.000123627
-0.000112789
-0.000102831
-9.36864e-05
-8.52959e-05
-7.76022e-05
-7.05526e-05
-6.40978e-05
-5.81917e-05
-5.27916e-05
-4.78578e-05
-4.33533e-05
-3.92438e-05
-3.54975e-05
-3.20848e-05
-2.89783e-05
-2.61527e-05
-2.35846e-05
-2.12523e-05
-1.91358e-05
-1.72167e-05
-1.54778e-05
-1.39036e-05
-1.24795e-05
-1.11924e-05
-1.00298e-05
-8.98073e-06
-8.03479e-06
-7.18257e-06
-6.41539e-06
-5.72538e-06
-5.10528e-06
-4.5485e-06
-4.04895e-06
-3.6012e-06
-3.20018e-06
-2.84134e-06
-2.52053e-06
-2.23395e-06
-1.97821e-06
-1.75017e-06
-1.54701e-06
-1.36619e-06
-1.20541e-06
-1.06256e-06
-9.35773e-07
-8.23326e-07
-7.23721e-07
-6.35549e-07
-5.57577e-07
-4.88708e-07
-4.27908e-07
-3.74302e-07
-3.27091e-07
-2.85528e-07
-2.48998e-07
-2.16912e-07
-1.88753e-07
-1.64073e-07
-1.42432e-07
-1.23554e-07
-1.07016e-07
-9.25867e-08
-7.9993e-08
-6.90198e-08
-5.94694e-08
-5.11473e-08
-4.39268e-08
-3.76438e-08
-3.21851e-08
-2.745e-08
-2.33327e-08
-1.9754e-08
-1.66356e-08
-1.39066e-08
-1.15064e-08
-9.37785e-09
-7.4623e-09
-5.70893e-09
-4.06974e-09
-2.44216e-09
-8.55886e-10
-1.60665
-1.58484
-1.5631
-1.54145
-1.51989
-1.4984
-1.477
-1.45569
-1.43447
-1.41333
-1.39229
-1.37134
-1.35049
-1.32973
-1.30907
-1.28852
-1.26807
-1.24772
-1.22749
-1.20737
-1.18736
-1.16747
-1.1477
-1.12805
-1.10853
-1.08914
-1.06988
-1.05076
-1.03177
-1.01292
-0.994223
-0.975668
-0.957264
-0.939012
-0.920916
-0.902979
-0.885203
-0.867592
-0.850147
-0.832872
-0.81577
-0.798842
-0.782092
-0.765521
-0.749132
-0.732928
-0.71691
-0.70108
-0.685441
-0.669995
-0.654742
-0.639685
-0.624826
-0.610165
-0.595704
-0.581445
-0.567389
-0.553536
-0.539888
-0.526445
-0.513208
-0.500178
-0.487355
-0.47474
-0.462332
-0.450133
-0.438141
-0.426358
-0.414782
-0.403414
-0.392254
-0.3813
-0.370552
-0.36001
-0.349672
-0.339539
-0.329608
-0.31988
-0.310352
-0.301023
-0.291893
-0.282959
-0.274221
-0.265677
-0.257324
-0.249162
-0.241189
-0.233402
-0.225801
-0.218382
-0.211144
-0.204085
-0.197202
-0.190494
-0.183958
-0.177591
-0.171392
-0.165359
-0.159488
-0.153777
-0.148224
-0.142826
-0.137581
-0.132487
-0.127539
-0.122737
-0.118077
-0.113556
-0.109173
-0.104924
-0.100807
-0.0968188
-0.092957
-0.089219
-0.0856021
-0.0821036
-0.0787209
-0.0754514
-0.0722924
-0.0692413
-0.0662956
-0.0634526
-0.0607098
-0.0580648
-0.0555148
-0.0530576
-0.0506905
-0.0484112
-0.0462173
-0.0441064
-0.0420761
-0.0401242
-0.0382483
-0.0364462
-0.0347157
-0.0330545
-0.0314607
-0.029932
-0.0284663
-0.0270618
-0.0257162
-0.0244278
-0.0231946
-0.0220148
-0.0208864
-0.0198077
-0.0187769
-0.0177924
-0.0168524
-0.0159554
-0.0150997
-0.0142838
-0.0135062
-0.0127654
-0.01206
-0.0113886
-0.0107498
-0.0101423
-0.00956492
-0.00901632
-0.00849535
-0.00800083
-0.00753164
-0.00708669
-0.00666493
-0.00626534
-0.00588693
-0.00552875
-0.00518988
-0.00486944
-0.00456658
-0.00428046
-0.0040103
-0.00375534
-0.00351483
-0.00328809
-0.00307441
-0.00287317
-0.00268372
-0.00250547
-0.00233785
-0.0021803
-0.0020323
-0.00189335
-0.00176295
-0.00164065
-0.00152601
-0.00141861
-0.00131804
-0.00122393
-0.0011359
-0.00105361
-0.000976736
-0.000904953
-0.000837966
-0.000775489
-0.000717254
-0.000663004
-0.000612497
-0.000565501
-0.000521799
-0.000481184
-0.000443462
-0.000408448
-0.000375966
-0.000345854
-0.000317955
-0.000292123
-0.000268219
-0.000246115
-0.000225688
-0.000206822
-0.00018941
-0.00017335
-0.000158547
-0.000144912
-0.000132361
-0.000120815
-0.000110202
-0.000100452
-9.15018e-05
-8.32913e-05
-7.57646e-05
-6.88697e-05
-6.25579e-05
-5.67841e-05
-5.15062e-05
-4.66851e-05
-4.22845e-05
-3.82707e-05
-3.46123e-05
-3.12804e-05
-2.82481e-05
-2.54906e-05
-2.29848e-05
-2.07096e-05
-1.86452e-05
-1.67736e-05
-1.50782e-05
-1.35435e-05
-1.21554e-05
-1.0901e-05
-9.76811e-06
-8.74598e-06
-7.82443e-06
-6.99428e-06
-6.24707e-06
-5.57506e-06
-4.97122e-06
-4.42904e-06
-3.94268e-06
-3.50673e-06
-3.11631e-06
-2.76698e-06
-2.45466e-06
-2.1757e-06
-1.92673e-06
-1.70475e-06
-1.50698e-06
-1.33095e-06
-1.17441e-06
-1.03535e-06
-9.1189e-07
-8.02414e-07
-7.05415e-07
-6.19543e-07
-5.43615e-07
-4.76513e-07
-4.17301e-07
-3.65067e-07
-3.19059e-07
-2.78586e-07
-2.42957e-07
-2.11679e-07
-1.8424e-07
-1.60174e-07
-1.39091e-07
-1.20662e-07
-1.04545e-07
-9.04644e-08
-7.8189e-08
-6.74827e-08
-5.81731e-08
-5.00738e-08
-4.30205e-08
-3.69098e-08
-3.15992e-08
-2.69951e-08
-2.30047e-08
-1.95328e-08
-1.65284e-08
-1.3908e-08
-1.16279e-08
-9.6188e-09
-7.83469e-09
-6.25097e-09
-4.78425e-09
-3.40722e-09
-2.07036e-09
-6.85933e-10
-1.5695
-1.54797
-1.52654
-1.50519
-1.48394
-1.46277
-1.4417
-1.42072
-1.39983
-1.37903
-1.35833
-1.33773
-1.31723
-1.29683
-1.27653
-1.25633
-1.23625
-1.21627
-1.1964
-1.17665
-1.15701
-1.1375
-1.1181
-1.09883
-1.07968
-1.06067
-1.04179
-1.02304
-1.00443
-0.985957
-0.967631
-0.949452
-0.931421
-0.913543
-0.895819
-0.878253
-0.860847
-0.843604
-0.826527
-0.809617
-0.792878
-0.776312
-0.759922
-0.743709
-0.727676
-0.711826
-0.696159
-0.680679
-0.665387
-0.650285
-0.635374
-0.620657
-0.606135
-0.591809
-0.57768
-0.56375
-0.55002
-0.53649
-0.523163
-0.510037
-0.497115
-0.484397
-0.471883
-0.459573
-0.447469
-0.435569
-0.423874
-0.412383
-0.401098
-0.390017
-0.379139
-0.368465
-0.357994
-0.347725
-0.337657
-0.32779
-0.318122
-0.308653
-0.29938
-0.290304
-0.281423
-0.272735
-0.264238
-0.255933
-0.247815
-0.239885
-0.23214
-0.224578
-0.217197
-0.209996
-0.202972
-0.196123
-0.189448
-0.182943
-0.176607
-0.170437
-0.164432
-0.158588
-0.152903
-0.147375
-0.142002
-0.13678
-0.131708
-0.126783
-0.122001
-0.117362
-0.112861
-0.108497
-0.104267
-0.100167
-0.0961967
-0.0923519
-0.0886304
-0.0850295
-0.0815466
-0.0781791
-0.0749244
-0.0717798
-0.0687428
-0.0658108
-0.0629813
-0.0602516
-0.0576194
-0.055082
-0.052637
-0.050282
-0.0480145
-0.0458321
-0.0437325
-0.0417133
-0.0397722
-0.037907
-0.0361153
-0.034395
-0.0327439
-0.0311599
-0.0296408
-0.0281846
-0.0267893
-0.0254528
-0.0241733
-0.0229487
-0.0217773
-0.0206572
-0.0195867
-0.0185638
-0.0175871
-0.0166547
-0.015765
-0.0149165
-0.0141077
-0.0133369
-0.0126028
-0.0119038
-0.0112387
-0.0106061
-0.0100046
-0.00943296
-0.00888999
-0.00837447
-0.00788523
-0.00742117
-0.00698117
-0.00656421
-0.00616925
-0.00579532
-0.00544146
-0.00510676
-0.00479035
-0.00449135
-0.00420897
-0.0039424
-0.00369088
-0.00345369
-0.00323013
-0.0030195
-0.00282118
-0.00263454
-0.00245897
-0.00229392
-0.00213882
-0.00199316
-0.00185644
-0.00172818
-0.00160791
-0.0014952
-0.00138964
-0.00129082
-0.00119837
-0.00111192
-0.00103113
-0.000955671
-0.000885232
-0.000819516
-0.000758242
-0.000701143
-0.000647966
-0.00059847
-0.000552428
-0.000509624
-0.000469856
-0.000432928
-0.000398661
-0.000366881
-0.000337427
-0.000310145
-0.00028489
-0.000261528
-0.000239929
-0.000219973
-0.000201548
-0.000184547
-0.00016887
-0.000154423
-0.00014112
-0.000128877
-0.000117617
-0.000107269
-9.7765e-05
-8.90424e-05
-8.10425e-05
-7.37103e-05
-6.6995e-05
-6.08488e-05
-5.52276e-05
-5.00902e-05
-4.53983e-05
-4.11164e-05
-3.72114e-05
-3.36529e-05
-3.04124e-05
-2.74636e-05
-2.47825e-05
-2.23464e-05
-2.01347e-05
-1.81281e-05
-1.63092e-05
-1.46615e-05
-1.31702e-05
-1.18214e-05
-1.06025e-05
-9.50178e-06
-8.50862e-06
-7.61323e-06
-6.80662e-06
-6.08056e-06
-5.42755e-06
-4.84071e-06
-4.31378e-06
-3.84102e-06
-3.41724e-06
-3.03764e-06
-2.69793e-06
-2.39418e-06
-2.12277e-06
-1.88053e-06
-1.66446e-06
-1.47193e-06
-1.3005e-06
-1.148e-06
-1.01248e-06
-8.92128e-07
-7.85357e-07
-6.90743e-07
-6.06918e-07
-5.32761e-07
-4.67234e-07
-4.09339e-07
-3.58275e-07
-3.13268e-07
-2.73621e-07
-2.38756e-07
-2.08111e-07
-1.81197e-07
-1.57589e-07
-1.3691e-07
-1.18822e-07
-1.02974e-07
-8.91485e-08
-7.70773e-08
-6.65536e-08
-5.73905e-08
-4.94174e-08
-4.24927e-08
-3.64739e-08
-3.12569e-08
-2.67292e-08
-2.2804e-08
-1.94135e-08
-1.64749e-08
-1.39193e-08
-1.17076e-08
-9.77861e-09
-8.08172e-09
-6.59164e-09
-5.25076e-09
-4.0288e-09
-2.87682e-09
-1.7496e-09
-5.76498e-10
-1.52342
-1.5024
-1.48146
-1.46061
-1.43984
-1.41916
-1.39856
-1.37806
-1.35765
-1.33733
-1.3171
-1.29697
-1.27693
-1.257
-1.23716
-1.21743
-1.19781
-1.1783
-1.15889
-1.1396
-1.12042
-1.10136
-1.08243
-1.06361
-1.04493
-1.02637
-1.00794
-0.989647
-0.971491
-0.953476
-0.935603
-0.917875
-0.900296
-0.882868
-0.865593
-0.848475
-0.831516
-0.814719
-0.798085
-0.781618
-0.765321
-0.749194
-0.733242
-0.717465
-0.701866
-0.686448
-0.671212
-0.656159
-0.641293
-0.626614
-0.612124
-0.597825
-0.583718
-0.569805
-0.556086
-0.542563
-0.529237
-0.516109
-0.503179
-0.490448
-0.477917
-0.465587
-0.453457
-0.441527
-0.429799
-0.418272
-0.406946
-0.395821
-0.384897
-0.374173
-0.363649
-0.353324
-0.343198
-0.333269
-0.323538
-0.314002
-0.304662
-0.295516
-0.286562
-0.2778
-0.269227
-0.260843
-0.252647
-0.244636
-0.236808
-0.229163
-0.221698
-0.214412
-0.207303
-0.200368
-0.193607
-0.187015
-0.180593
-0.174336
-0.168243
-0.162312
-0.156541
-0.150927
-0.145467
-0.140159
-0.135002
-0.129991
-0.125126
-0.120403
-0.11582
-0.111373
-0.107062
-0.102883
-0.0988329
-0.0949101
-0.0911116
-0.0874348
-0.0838773
-0.0804363
-0.0771094
-0.0738939
-0.0707872
-0.0677869
-0.0648904
-0.0620951
-0.0593986
-0.0567984
-0.0542921
-0.0518771
-0.049551
-0.0473115
-0.0451562
-0.0430828
-0.0410889
-0.0391723
-0.0373306
-0.0355618
-0.0338635
-0.0322338
-0.0306703
-0.0291711
-0.0277341
-0.0263573
-0.0250388
-0.0237765
-0.0225687
-0.0214134
-0.0203088
-0.0192532
-0.0182448
-0.017282
-0.016363
-0.0154863
-0.0146503
-0.0138534
-0.0130942
-0.0123712
-0.011683
-0.0110282
-0.0104055
-0.00981349
-0.00925103
-0.00871686
-0.00820978
-0.00772865
-0.00727236
-0.00683983
-0.00643002
-0.00604191
-0.00567454
-0.00532697
-0.00499829
-0.00468763
-0.00439414
-0.00411701
-0.00385546
-0.00360873
-0.00337611
-0.00315691
-0.00295044
-0.00275607
-0.0025732
-0.00240121
-0.00223957
-0.00208771
-0.00194513
-0.00181133
-0.00168583
-0.00156819
-0.00145797
-0.00135476
-0.00125817
-0.00116783
-0.00108337
-0.00100446
-0.000930772
-0.000862006
-0.000797866
-0.000738077
-0.000682374
-0.000630511
-0.000582249
-0.000537366
-0.00049565
-0.000456901
-0.000420929
-0.000387556
-0.000356612
-0.000327939
-0.000301387
-0.000276814
-0.000254086
-0.000233079
-0.000213674
-0.000195761
-0.000179235
-0.000164
-0.000149963
-0.000137039
-0.000125147
-0.000114212
-0.000104165
-9.49377e-05
-8.64705e-05
-7.87058e-05
-7.15901e-05
-6.50737e-05
-5.91102e-05
-5.36565e-05
-4.86725e-05
-4.41209e-05
-3.99671e-05
-3.61792e-05
-3.27272e-05
-2.95837e-05
-2.67232e-05
-2.41221e-05
-2.17586e-05
-1.96125e-05
-1.76652e-05
-1.58998e-05
-1.43003e-05
-1.28522e-05
-1.15423e-05
-1.03581e-05
-9.28853e-06
-8.32311e-06
-7.45239e-06
-6.66769e-06
-5.96105e-06
-5.32519e-06
-4.75347e-06
-4.23982e-06
-3.77869e-06
-3.36506e-06
-2.99432e-06
-2.66225e-06
-2.3651e-06
-2.0994e-06
-1.862e-06
-1.65006e-06
-1.46102e-06
-1.29252e-06
-1.14246e-06
-1.00895e-06
-8.90244e-07
-7.84792e-07
-6.9121e-07
-6.0821e-07
-5.34667e-07
-4.69581e-07
-4.12006e-07
-3.61126e-07
-3.16218e-07
-2.76597e-07
-2.41693e-07
-2.10953e-07
-1.83924e-07
-1.60185e-07
-1.39328e-07
-1.21054e-07
-1.05054e-07
-9.10346e-08
-7.87971e-08
-6.81093e-08
-5.87861e-08
-5.06627e-08
-4.35961e-08
-3.7456e-08
-3.21225e-08
-2.74964e-08
-2.34911e-08
-2.00203e-08
-1.70207e-08
-1.44217e-08
-1.21727e-08
-1.02225e-08
-8.53023e-09
-7.04394e-09
-5.74439e-09
-4.58104e-09
-3.50444e-09
-2.52189e-09
-1.50891e-09
-5.35953e-10
-1.46678
-1.4465
-1.42628
-1.40613
-1.38606
-1.36606
-1.34614
-1.3263
-1.30654
-1.28686
-1.26727
-1.24777
-1.22835
-1.20903
-1.18981
-1.17069
-1.15166
-1.13274
-1.11393
-1.09522
-1.07663
-1.05815
-1.03979
-1.02155
-1.00343
-0.985443
-0.967583
-0.949855
-0.932262
-0.914807
-0.897493
-0.880322
-0.863298
-0.846423
-0.8297
-0.813132
-0.79672
-0.780469
-0.764379
-0.748454
-0.732697
-0.717108
-0.701691
-0.686448
-0.67138
-0.65649
-0.641779
-0.62725
-0.612904
-0.598743
-0.584767
-0.570979
-0.55738
-0.543971
-0.530754
-0.517728
-0.504895
-0.492256
-0.479812
-0.467562
-0.455508
-0.44365
-0.431989
-0.420523
-0.409254
-0.398181
-0.387304
-0.376623
-0.366138
-0.355848
-0.345752
-0.33585
-0.326142
-0.316625
-0.307301
-0.298166
-0.289221
-0.280464
-0.271894
-0.26351
-0.25531
-0.247292
-0.239456
-0.231799
-0.22432
-0.217017
-0.209888
-0.202931
-0.196145
-0.189527
-0.183077
-0.176791
-0.170667
-0.164704
-0.158898
-0.153249
-0.147753
-0.142408
-0.137212
-0.132163
-0.127257
-0.122494
-0.117869
-0.113381
-0.109027
-0.104805
-0.100712
-0.0967462
-0.0929043
-0.0891841
-0.085583
-0.0820986
-0.0787282
-0.0754694
-0.0723197
-0.0692767
-0.0663377
-0.0635003
-0.0607621
-0.0581206
-0.0555734
-0.0531182
-0.0507524
-0.0484738
-0.04628
-0.0441687
-0.0421377
-0.0401845
-0.0383071
-0.0365033
-0.0347707
-0.0331074
-0.0315112
-0.0299801
-0.0285119
-0.0271047
-0.0257566
-0.0244655
-0.0232296
-0.0220471
-0.0209162
-0.019835
-0.0188018
-0.0178149
-0.0168726
-0.0159734
-0.0151156
-0.0142977
-0.0135182
-0.0127756
-0.0120685
-0.0113955
-0.0107553
-0.0101465
-0.00956782
-0.00901809
-0.00849608
-0.00800062
-0.00753058
-0.00708488
-0.00666245
-0.00626227
-0.00588335
-0.00552473
-0.0051855
-0.00486477
-0.00456166
-0.00427536
-0.00400507
-0.00375003
-0.00350949
-0.00328274
-0.0030691
-0.00286792
-0.00267857
-0.00250045
-0.00233297
-0.00217559
-0.00202777
-0.001889
-0.00175881
-0.00163673
-0.00152231
-0.00141513
-0.00131479
-0.0012209
-0.0011331
-0.00105104
-0.000974384
-0.000902819
-0.000836045
-0.000773776
-0.000715742
-0.000661686
-0.000611364
-0.000564546
-0.000521014
-0.000480561
-0.000442991
-0.000408119
-0.000375772
-0.000345785
-0.000318003
-0.000292278
-0.000268474
-0.000246461
-0.000226116
-0.000207325
-0.00018998
-0.00017398
-0.000159229
-0.00014564
-0.000133128
-0.000121616
-0.00011103
-0.000101303
-9.23694e-05
-8.41711e-05
-7.66522e-05
-6.9761e-05
-6.34491e-05
-5.76717e-05
-5.2387e-05
-4.75563e-05
-4.31434e-05
-3.9115e-05
-3.54399e-05
-3.20896e-05
-2.90372e-05
-2.62582e-05
-2.37298e-05
-2.1431e-05
-1.93422e-05
-1.74457e-05
-1.57249e-05
-1.41646e-05
-1.27507e-05
-1.14704e-05
-1.03118e-05
-9.26414e-06
-8.31739e-06
-7.46239e-06
-6.69081e-06
-5.99497e-06
-5.36785e-06
-4.80306e-06
-4.29475e-06
-3.83757e-06
-3.42666e-06
-3.05761e-06
-2.72635e-06
-2.42924e-06
-2.16292e-06
-1.92439e-06
-1.71085e-06
-1.51988e-06
-1.34915e-06
-1.19666e-06
-1.06056e-06
-9.39153e-07
-8.30946e-07
-7.34579e-07
-6.48788e-07
-5.72517e-07
-5.04737e-07
-4.44552e-07
-3.91148e-07
-3.43811e-07
-3.01874e-07
-2.64784e-07
-2.31972e-07
-2.02989e-07
-1.7742e-07
-1.5487e-07
-1.35014e-07
-1.17535e-07
-1.02189e-07
-8.87177e-08
-7.6893e-08
-6.65508e-08
-5.74996e-08
-4.95943e-08
-4.27016e-08
-3.66917e-08
-3.14673e-08
-2.69339e-08
-2.29917e-08
-1.95863e-08
-1.66325e-08
-1.40709e-08
-1.18663e-08
-9.95436e-09
-8.29217e-09
-6.84207e-09
-5.5721e-09
-4.43763e-09
-3.39927e-09
-2.43512e-09
-1.49997e-09
-4.94381e-10
-1.39885
-1.37947
-1.36014
-1.34087
-1.32166
-1.30251
-1.28342
-1.2644
-1.24545
-1.22657
-1.20777
-1.18905
-1.17041
-1.15186
-1.13339
-1.11502
-1.09674
-1.07856
-1.06048
-1.0425
-1.02464
-1.00688
-0.989234
-0.971708
-0.954301
-0.937017
-0.919859
-0.902831
-0.885935
-0.869173
-0.85255
-0.836068
-0.819729
-0.803537
-0.787494
-0.771603
-0.755866
-0.740286
-0.724866
-0.709607
-0.694512
-0.679583
-0.664823
-0.650233
-0.635815
-0.621571
-0.607503
-0.593613
-0.579902
-0.566371
-0.553022
-0.539856
-0.526874
-0.514078
-0.501468
-0.489045
-0.47681
-0.464764
-0.452906
-0.441238
-0.42976
-0.418472
-0.407374
-0.396466
-0.385748
-0.37522
-0.364882
-0.354733
-0.344773
-0.335001
-0.325417
-0.31602
-0.306809
-0.297783
-0.288941
-0.280283
-0.271806
-0.26351
-0.255394
-0.247455
-0.239694
-0.232107
-0.224694
-0.217453
-0.210382
-0.20348
-0.196744
-0.190173
-0.183764
-0.177517
-0.171428
-0.165495
-0.159718
-0.154094
-0.148621
-0.143295
-0.138117
-0.133082
-0.128189
-0.123435
-0.118818
-0.114335
-0.109985
-0.105765
-0.101672
-0.0977038
-0.0938585
-0.0901333
-0.0865259
-0.0830338
-0.0796545
-0.0763857
-0.0732249
-0.0701698
-0.0672178
-0.0643667
-0.061614
-0.0589573
-0.0563943
-0.0539227
-0.0515402
-0.0492444
-0.0470331
-0.0449039
-0.0428548
-0.0408834
-0.0389876
-0.0371653
-0.0354143
-0.0337325
-0.0321178
-0.0305683
-0.0290819
-0.0276566
-0.0262905
-0.0249817
-0.0237284
-0.0225286
-0.0213807
-0.0202827
-0.0192331
-0.0182302
-0.0172722
-0.0163576
-0.0154847
-0.0146522
-0.0138583
-0.0131018
-0.0123811
-0.011695
-0.0110419
-0.0104207
-0.00983001
-0.00926863
-0.00873534
-0.00822899
-0.00774843
-0.00729258
-0.00686036
-0.00645076
-0.00606277
-0.00569543
-0.00534781
-0.00501903
-0.0047082
-0.00441449
-0.00413711
-0.00387527
-0.00362823
-0.00339527
-0.00317569
-0.00296885
-0.00277409
-0.00259081
-0.00241842
-0.00225635
-0.00210408
-0.00196108
-0.00182686
-0.00170095
-0.0015829
-0.00147227
-0.00136866
-0.00127168
-0.00118094
-0.0010961
-0.00101682
-0.000942763
-0.000873636
-0.000809143
-0.000749008
-0.000692968
-0.000640774
-0.00059219
-0.000546992
-0.000504968
-0.000465918
-0.000429653
-0.000395993
-0.00036477
-0.000335824
-0.000309005
-0.000284171
-0.00026119
-0.000239935
-0.000220288
-0.000202139
-0.000185383
-0.000169923
-0.000155666
-0.000142528
-0.000130428
-0.000119289
-0.000109043
-9.96225e-05
-9.09669e-05
-8.30187e-05
-7.57242e-05
-6.90339e-05
-6.29011e-05
-5.72829e-05
-5.21389e-05
-4.7432e-05
-4.31275e-05
-3.91933e-05
-3.55996e-05
-3.23188e-05
-2.93253e-05
-2.65956e-05
-2.41077e-05
-2.18416e-05
-1.97785e-05
-1.79014e-05
-1.61943e-05
-1.46428e-05
-1.32333e-05
-1.19536e-05
-1.07922e-05
-9.73889e-06
-8.78401e-06
-7.91877e-06
-7.13519e-06
-6.4259e-06
-5.78416e-06
-5.20383e-06
-4.67929e-06
-4.20539e-06
-3.77746e-06
-3.39121e-06
-3.04275e-06
-2.72853e-06
-2.44533e-06
-2.1902e-06
-1.96046e-06
-1.75369e-06
-1.5677e-06
-1.40046e-06
-1.25015e-06
-1.11517e-06
-9.93976e-07
-8.85244e-07
-7.87737e-07
-7.00354e-07
-6.22097e-07
-5.52033e-07
-4.89371e-07
-4.33397e-07
-3.83348e-07
-3.38694e-07
-2.9891e-07
-2.63434e-07
-2.31864e-07
-2.038e-07
-1.78852e-07
-1.56736e-07
-1.3713e-07
-1.19766e-07
-1.04423e-07
-9.08788e-08
-7.89509e-08
-6.84382e-08
-5.9203e-08
-5.1106e-08
-4.40143e-08
-3.78031e-08
-3.24073e-08
-2.76927e-08
-2.35952e-08
-2.00406e-08
-1.69589e-08
-1.42887e-08
-1.19744e-08
-9.9724e-09
-8.22421e-09
-6.68974e-09
-5.33243e-09
-4.09128e-09
-2.9293e-09
-1.8096e-09
-6.17003e-10
)
;

boundaryField
{
    Inlet
    {
        type            zeroGradient;
    }
    BotOutlet1
    {
        type            zeroGradient;
    }
    BotOutlet2
    {
        type            zeroGradient;
    }
    TopInlet
    {
        type            zeroGradient;
    }
    FreeStream
    {
        type            zeroGradient;
    }
    FrontNBack
    {
        type            empty;
    }
    LeftSide
    {
        type            zeroGradient;
    }
    procBoundary0to1
    {
        type            processor;
        value           nonuniform List<scalar> 
400
(
-12014.1
-11582.6
-11151.8
-10722.1
-10293.6
-9866.57
-9440.96
-9016.75
-8593.88
-8172.23
-7751.71
-7332.23
-6913.76
-6496.31
-6079.98
-5664.94
-5251.44
-4839.83
-4430.51
-4023.98
-3620.75
-3221.36
-2826.37
-2436.43
-2052.43
-1675.86
-1308.98
-954.652
-614.823
-286.927
-8.12922
-5.80254
-5.38535
-5.03191
-4.73395
-4.48373
-4.2742
-4.099
-3.95252
-3.82983
-3.7267
-3.63949
-3.56512
-3.50101
-3.44502
-3.39535
-3.35054
-3.30939
-3.27095
-3.23442
-3.1992
-3.1648
-3.13084
-3.09705
-3.0632
-3.02914
-2.99477
-2.96001
-2.92481
-2.88915
-2.85302
-2.81644
-2.77941
-2.74195
-2.70409
-2.66585
-2.62726
-2.58835
-2.54915
-2.50969
-2.47
-2.43012
-2.39006
-2.34986
-2.30955
-2.26916
-2.22872
-2.18826
-2.14781
-2.10739
-2.06704
-2.02677
-1.98663
-1.94663
-1.9068
-1.86716
-1.82775
-1.78858
-1.74968
-1.71106
-1.67276
-1.63478
-1.59715
-1.55988
-1.523
-1.48651
-1.45044
-1.41479
-1.37959
-1.34483
-1.31845
-1.30012
-1.28183
-1.26358
-1.24539
-1.22724
-1.20915
-1.19112
-1.17315
-1.15524
-1.1374
-1.11963
-1.10194
-1.08433
-1.0668
-1.04935
-1.032
-1.01473
-0.997567
-0.980499
-0.963532
-0.946672
-0.929921
-0.913282
-0.896759
-0.880355
-0.864072
-0.847914
-0.831885
-0.815986
-0.800221
-0.784593
-0.769104
-0.753757
-0.738555
-0.723501
-0.708597
-0.693845
-0.679247
-0.664806
-0.650525
-0.636405
-0.622447
-0.608655
-0.595029
-0.581572
-0.568285
-0.55517
-0.542227
-0.529459
-0.516866
-0.50445
-0.492212
-0.480151
-0.46827
-0.456569
-0.445049
-0.433709
-0.422551
-0.411574
-0.40078
-0.390167
-0.379736
-0.369487
-0.35942
-0.349534
-0.339829
-0.330304
-0.32096
-0.311794
-0.302808
-0.293999
-0.285367
-0.276911
-0.26863
-0.260522
-0.252588
-0.244824
-0.237231
-0.229806
-0.222549
-0.215457
-0.208529
-0.201764
-0.195159
-0.188713
-0.182425
-0.176292
-0.170312
-0.164484
-0.158806
-0.153274
-0.147889
-0.142646
-0.137546
-0.132586
-0.127763
-0.123075
-0.11852
-0.114096
-0.1098
-0.105631
-0.101586
-0.0976624
-0.0938583
-0.0901713
-0.0865992
-0.0831395
-0.0797901
-0.0765485
-0.0734126
-0.0703799
-0.0674482
-0.0646152
-0.0618786
-0.0592362
-0.0566857
-0.0542249
-0.0518516
-0.0495634
-0.0473584
-0.0452342
-0.0431888
-0.0412201
-0.0393258
-0.037504
-0.0357527
-0.0340696
-0.032453
-0.0309008
-0.029411
-0.0279819
-0.0266113
-0.0252977
-0.024039
-0.0228335
-0.0216796
-0.0205754
-0.0195192
-0.0185095
-0.0175446
-0.016623
-0.015743
-0.0149032
-0.0141021
-0.0133383
-0.0126103
-0.0119169
-0.0112566
-0.0106282
-0.0100304
-0.009462
-0.0089218
-0.00840865
-0.00792142
-0.00745902
-0.0070204
-0.00660453
-0.00621043
-0.00583715
-0.00548374
-0.00514933
-0.00483304
-0.00453404
-0.00425153
-0.00398473
-0.0037329
-0.00349531
-0.00327128
-0.00306013
-0.00286123
-0.00267397
-0.00249776
-0.00233203
-0.00217623
-0.00202985
-0.0018924
-0.00176339
-0.00164237
-0.00152891
-0.00142258
-0.00132301
-0.0012298
-0.0011426
-0.00106106
-0.000984863
-0.00091369
-0.000847247
-0.000785255
-0.000727446
-0.000673568
-0.00062338
-0.000576657
-0.000533181
-0.00049275
-0.00045517
-0.00042026
-0.000387848
-0.00035777
-0.000329875
-0.000304018
-0.000280062
-0.000257879
-0.00023735
-0.000218361
-0.000200806
-0.000184584
-0.000169603
-0.000155774
-0.000143015
-0.00013125
-0.000120406
-0.000110416
-0.000101217
-9.27503e-05
-8.49617e-05
-7.77998e-05
-7.12172e-05
-6.51696e-05
-5.9616e-05
-5.45181e-05
-4.98404e-05
-4.555e-05
-4.16163e-05
-3.8011e-05
-3.47079e-05
-3.16828e-05
-2.89131e-05
-2.63781e-05
-2.40587e-05
-2.19372e-05
-1.99972e-05
-1.82238e-05
-1.66031e-05
-1.51222e-05
-1.37696e-05
-1.25344e-05
-1.14065e-05
-1.03771e-05
-9.43768e-06
-8.58053e-06
-7.79865e-06
-7.08557e-06
-6.43537e-06
-5.84264e-06
-5.30241e-06
-4.81013e-06
-4.36164e-06
-3.95316e-06
-3.58117e-06
-3.24253e-06
-2.9343e-06
-2.65387e-06
-2.39875e-06
-2.16676e-06
-1.95587e-06
-1.76424e-06
-1.59015e-06
-1.43208e-06
-1.28862e-06
-1.15849e-06
-1.0405e-06
-9.3357e-07
-8.36752e-07
-7.49122e-07
-6.69879e-07
-5.98279e-07
-5.33618e-07
-4.75294e-07
-4.22735e-07
-3.75411e-07
-3.32866e-07
-2.9464e-07
-2.60351e-07
-2.29627e-07
-2.02159e-07
-1.77602e-07
-1.55714e-07
-1.36227e-07
-1.18914e-07
-1.03542e-07
-8.99452e-08
-7.79274e-08
-6.73664e-08
-5.80262e-08
-4.98558e-08
-4.27088e-08
-3.64466e-08
-3.10118e-08
-2.62712e-08
-2.21503e-08
-1.85758e-08
-1.54785e-08
-1.27708e-08
-1.03926e-08
-8.29164e-09
-6.3694e-09
-4.58205e-09
-2.8313e-09
-9.81398e-10
)
;
    }
}


// ************************************************************************* //
