/*--------------------------------*- C++ -*----------------------------------*\
| =========                 |                                                 |
| \\      /  F ield         | OpenFOAM: The Open Source CFD Toolbox           |
|  \\    /   O peration     | Version:  2.4.0                                 |
|   \\  /    A nd           | Web:      www.OpenFOAM.org                      |
|    \\/     M anipulation  |                                                 |
\*---------------------------------------------------------------------------*/
FoamFile
{
    version     2.0;
    format      ascii;
    class       labelList;
    note        "nPoints: 312 nCells: 125 nFaces: 530 nInternalFaces: 220";
    location    "constant/polyMesh";
    object      neighbour;
}
// * * * * * * * * * * * * * * * * * * * * * * * * * * * * * * * * * * * * * //


220
(
1
5
2
6
3
7
4
8
9
6
10
7
11
8
12
9
13
14
11
15
12
16
13
17
14
18
19
16
20
17
21
18
22
19
23
24
21
25
22
26
23
27
24
28
29
26
30
27
31
28
32
29
33
34
31
35
32
36
33
37
34
38
39
36
40
37
41
38
42
39
43
44
41
45
42
46
43
47
44
48
49
46
50
47
51
48
52
49
53
54
51
55
52
56
53
57
54
58
59
56
60
57
61
58
62
59
63
64
61
65
62
66
63
67
64
68
69
66
70
67
71
68
72
69
73
74
71
75
72
76
73
77
74
78
79
76
80
77
81
78
82
79
83
84
81
85
82
86
83
87
84
88
89
86
90
87
91
88
92
89
93
94
91
95
92
96
93
97
94
98
99
96
100
97
101
98
102
99
103
104
101
105
102
106
103
107
104
108
109
106
110
107
111
108
112
109
113
114
111
115
112
116
113
117
114
118
119
116
120
117
121
118
122
119
123
124
121
122
123
124
)


// ************************************************************************* //
