/*--------------------------------*- C++ -*----------------------------------*\
| =========                 |                                                 |
| \\      /  F ield         | OpenFOAM: The Open Source CFD Toolbox           |
|  \\    /   O peration     | Version:  2.4.0                                 |
|   \\  /    A nd           | Web:      www.OpenFOAM.org                      |
|    \\/     M anipulation  |                                                 |
\*---------------------------------------------------------------------------*/
FoamFile
{
    version     2.0;
    format      ascii;
    class       volScalarField;
    location    "3.7";
    object      H;
}
// * * * * * * * * * * * * * * * * * * * * * * * * * * * * * * * * * * * * * //

dimensions      [0 2 -2 0 0 0 0];

internalField   nonuniform List<scalar> 
8000
(
-11964.1
-11433.9
-10908
-10388.7
-9877.81
-9376.62
-8885.74
-8405.43
-7935.4
-7475.12
-7023.74
-6580.3
-6143.73
-5713.02
-5287.24
-4865.69
-4447.9
-4033.76
-3623.52
-3217.79
-2817.56
-2424.11
-2038.89
-1663.55
-1298.71
-949.104
-608.665
-255.165
-2.69586
-4.53593
-4.68399
-4.12444
-3.61688
-3.08369
-2.54176
-2.25819
-2.03617
-1.85897
-1.72122
-1.61703
-1.54714
-1.50842
-1.49449
-1.50137
-1.52182
-1.55253
-1.59058
-1.6337
-1.68006
-1.72811
-11963.8
-11432.1
-10902.9
-10377.5
-9857.07
-9342.24
-8833.31
-8330.12
-7832.2
-7338.79
-6848.94
-6361.66
-5875.99
-5391.17
-4906.67
-4422.38
-3938.68
-3456.62
-2977.73
-2504.22
-2038.75
-1584.54
-1145.17
-728.864
-302.645
-3.21445
-0.0760943
-0.0279537
-0.232939
-0.526543
-0.809236
-0.930829
-1.11292
-1.21951
-1.32088
-1.40419
-1.46791
-1.51606
-1.55189
-1.5789
-1.60218
-1.62563
-1.65132
-1.68006
-1.71184
-1.74627
-1.7828
-1.82078
-1.85958
-1.8986
-11960.5
-11421.6
-10883.4
-10346.3
-9810.53
-9276.08
-8742.64
-8209.58
-7676.01
-7140.87
-6603.08
-6061.59
-5515.58
-4964.59
-4408.72
-3848.71
-3286.12
-2723.21
-2163.08
-1610.12
-1070.42
-529.041
-5.41591
-0.105459
-0.0343485
-0.155861
-0.310443
-0.404898
-0.554898
-0.699215
-0.837435
-0.966155
-1.08447
-1.19049
-1.28477
-1.36788
-1.44075
-1.50479
-1.56161
-1.61287
-1.66016
-1.7048
-1.74778
-1.78974
-1.83107
-1.87193
-1.91237
-1.95232
-1.99169
-2.03036
-11954.7
-11403.7
-10851.9
-10298.6
-9743.17
-9184.67
-8621.93
-8053.58
-7478.2
-6894.18
-6300.05
-5694.51
-5076.74
-4446.54
-3804.71
-3152.97
-2493.82
-1829.55
-1162.22
-485.037
-4.73126
-0.101668
-0.0144103
-0.203558
-0.363664
-0.496331
-0.636834
-0.773321
-0.902371
-1.02053
-1.1287
-1.22799
-1.31985
-1.40384
-1.48065
-1.55102
-1.61588
-1.67613
-1.73258
-1.78599
-1.83696
-1.88601
-1.93351
-1.97974
-2.02488
-2.06904
-2.11227
-2.15458
-2.19578
-2.23546
-11946.2
-11377.9
-10807.5
-10233.2
-9653.22
-9065.44
-8467.62
-7857.4
-7232.41
-6590.36
-5929.17
-5247.17
-4543.52
-3818.54
-3073.81
-2311.2
-1528.37
-710.819
-6.68412
-0.180418
-0.287849
-0.405312
-0.470931
-0.580648
-0.697433
-0.81115
-0.919842
-1.02443
-1.12791
-1.2278
-1.32309
-1.41294
-1.49713
-1.57578
-1.64927
-1.71812
-1.7829
-1.84418
-1.90249
-1.95829
-2.01198
-2.06389
-2.11426
-2.16326
-2.21087
-2.25698
-2.30139
-2.34384
-2.38401
-2.42208
-11933.3
-11338.4
-10738.7
-10131.1
-9512.7
-8880.22
-8230.65
-7561.05
-6868.66
-6150.99
-5405.47
-4629.95
-3825.91
-2994.02
-2134.65
-1248.39
-329.398
-5.25712
-3.64777
-2.21344
-1.44116
-1.11137
-0.993302
-0.97888
-1.01143
-1.06536
-1.12814
-1.1946
-1.263
-1.33226
-1.4017
-1.47047
-1.53828
-1.60501
-1.67063
-1.73518
-1.79881
-1.86167
-1.92408
-1.98633
-2.04881
-2.1112
-2.17316
-2.23416
-2.29397
-2.35217
-2.40841
-2.4622
-2.51323
-2.56105
-11912
-11273
-10625.9
-9966.33
-9290.34
-8594.55
-7876
-7132.23
-6361.59
-5563.51
-4738.69
-3888.16
-3008.92
-2084.32
-1082.07
-10.2853
-0.555082
-1.01468
-1.55535
-1.95221
-2.21207
-2.35159
-2.40895
-2.42335
-2.39976
-2.35092
-2.28976
-2.2269
-2.16995
-2.12347
-2.08963
-2.06896
-2.061
-2.0649
-2.0797
-2.10461
-2.1391
-2.18301
-2.23556
-2.29432
-2.357
-2.42196
-2.4878
-2.55329
-2.61734
-2.67893
-2.73719
-2.79126
-2.84045
-2.88418
-11884.7
-11190.8
-10488.1
-9771.77
-9038.13
-8284.21
-7507.94
-6708.23
-5885.32
-5041.2
-4179.94
-3307.11
-2426.95
-1535
-605.015
-13.0263
-9.31105
-8.491
-7.75181
-7.07953
-6.49823
-6.00327
-5.57349
-5.19796
-4.86756
-4.57812
-4.32751
-4.11405
-3.93593
-3.79103
-3.677
-3.5914
-3.53178
-3.49385
-3.47359
-3.46715
-3.47055
-3.47975
-3.49167
-3.50509
-3.51886
-3.53198
-3.54351
-3.55262
-3.55857
-3.56069
-3.55847
-3.55134
-3.53887
-3.52088
-11869.2
-11144.9
-10413.3
-9670.42
-8913.16
-8139.32
-7347.71
-6538.28
-5712.4
-4873.04
-4024.77
-3172.72
-2319.01
-1454.02
-541.121
-14.1772
-10.3583
-9.83454
-9.33416
-8.85225
-8.39752
-7.9745
-7.58915
-7.24131
-6.93053
-6.65506
-6.41182
-6.19805
-6.01038
-5.84451
-5.69712
-5.5643
-5.44258
-5.33013
-5.22519
-5.12629
-5.03225
-4.94169
-4.8535
-4.76668
-4.6804
-4.59394
-4.50673
-4.41829
-4.32827
-4.23641
-4.14257
-4.04666
-3.94869
-3.84872
-11865.3
-11133.9
-10396.5
-9649.63
-8890.91
-8118.51
-7331.45
-6529.7
-5714.36
-4888.02
-4054.93
-3221.17
-2394.06
-1580.63
-784.886
-12.6217
-9.29604
-8.95193
-8.67273
-8.4186
-8.18492
-7.9679
-7.76445
-7.57204
-7.38848
-7.21223
-7.04218
-6.87705
-6.71576
-6.55744
-6.40136
-6.2469
-6.09357
-5.94099
-5.78891
-5.63718
-5.4857
-5.33444
-5.1834
-5.03263
-4.88222
-4.73229
-4.58296
-4.43442
-4.28684
-4.1404
-3.99531
-3.85178
-3.71001
-3.57019
-11866.1
-11136.8
-10402.9
-9661.88
-8911.82
-8151.25
-7379.23
-6595.33
-5799.68
-4993.11
-4177.29
-3354.91
-2529.7
-1706.06
-888.579
-10.4789
-8.43475
-8.46047
-8.71869
-8.86818
-8.92637
-8.9085
-8.82821
-8.69762
-8.52735
-8.3266
-8.10315
-7.86349
-7.61322
-7.3571
-7.0986
-6.84038
-6.58443
-6.33224
-6.08488
-5.84307
-5.60731
-5.37791
-5.15503
-4.93872
-4.729
-4.52581
-4.32909
-4.13875
-3.95469
-3.77682
-3.60504
-3.43924
-3.27932
-3.12519
-11870
-11149.1
-10425.5
-9697.87
-8965.03
-8226.33
-7481.51
-6730.67
-5974.26
-5213.06
-4448.24
-3681.54
-2915.73
-2155.14
-1405.96
-677.113
-31.5851
-22.3732
-20.3197
-18.4863
-16.8516
-15.3964
-14.1018
-12.9503
-11.9256
-11.0129
-10.1985
-9.47054
-8.81795
-8.23103
-7.70165
-7.22264
-6.78729
-6.38978
-6.02504
-5.68876
-5.37725
-5.08739
-4.81658
-4.56262
-4.3237
-4.09831
-3.8852
-3.68333
-3.49184
-3.30999
-3.13717
-2.97285
-2.81656
-2.66789
-11873
-11158.6
-10442.9
-9725.31
-9005.2
-8282.29
-7556.51
-6828
-6097.07
-5364.15
-4629.63
-3893.82
-3156.82
-2418.5
-1677.81
-930.112
-12.6314
-10.0115
-9.70872
-9.69114
-9.57151
-9.36649
-9.09586
-8.77898
-8.43208
-8.06846
-7.69869
-7.33081
-6.97062
-6.62205
-6.28743
-5.96788
-5.66386
-5.37522
-5.10132
-4.8413
-4.59425
-4.35928
-4.13557
-3.92239
-3.71912
-3.52524
-3.34028
-3.16388
-2.99571
-2.83545
-2.68284
-2.53761
-2.3995
-2.26826
-11876.6
-11170
-10463.6
-9757.48
-9051.38
-8345.09
-7638.3
-6930.62
-6221.39
-5509.7
-4794.41
-4074.89
-3353.17
-2637.96
-1948.7
-1313.56
-751.919
-20.5121
-15.6502
-13.8514
-12.8102
-11.7856
-10.8019
-9.88459
-9.04768
-8.2969
-7.63163
-7.04671
-6.5342
-6.08481
-5.68901
-5.33784
-5.02326
-4.73847
-4.4779
-4.23711
-4.01264
-3.80185
-3.60281
-3.41408
-3.23466
-3.06381
-2.90102
-2.74587
-2.59808
-2.45739
-2.32355
-2.19635
-2.07555
-1.96091
-11882.8
-11189.4
-10498.3
-9810.1
-9125.4
-8444.37
-7767.12
-7093.74
-6424.26
-5758.61
-5096.36
-4436.25
-3775.42
-3108.7
-2429.79
-1740.04
-1074.27
-528.588
-15.5655
-12.0839
-9.21424
-8.14555
-7.29998
-6.59934
-6.03642
-5.59208
-5.24249
-4.96364
-4.73417
-4.53683
-4.35885
-4.19147
-4.0293
-3.86939
-3.71049
-3.55243
-3.39564
-3.24083
-3.08875
-2.94015
-2.79563
-2.65569
-2.52068
-2.39085
-2.26633
-2.14721
-2.03352
-1.92517
-1.82202
-1.72391
-11891.3
-11215.2
-10542.8
-9875.69
-9214.68
-8560.3
-7912.7
-7271.82
-6637.42
-6009.17
-5386.64
-4769.2
-4155.73
-3544.22
-2931.97
-2318.03
-1710.44
-1133.99
-617.649
-11.1565
-10.0782
-7.80374
-6.77648
-6.23245
-5.74357
-5.30796
-4.92714
-4.59815
-4.31521
-4.07121
-3.85875
-3.67093
-3.50174
-3.34632
-3.20094
-3.06291
-2.9304
-2.80229
-2.67795
-2.55708
-2.43962
-2.32561
-2.21518
-2.10842
-2.00543
-1.90628
-1.81098
-1.71953
-1.63187
-1.54798
-11900
-11241.6
-10587.4
-9939.2
-9298.37
-8665.73
-8041.75
-7426.57
-6820.14
-6222.23
-5632.46
-5050.35
-4475.21
-3906.17
-3342.42
-2783.94
-2232.84
-1693.44
-1167.46
-640.58
-8.21128
-7.84772
-6.47201
-5.24403
-4.91023
-4.62928
-4.36906
-4.13048
-3.91311
-3.71536
-3.53494
-3.36925
-3.21573
-3.07209
-2.93642
-2.80722
-2.68342
-2.56427
-2.44928
-2.33818
-2.23082
-2.12714
-2.0271
-1.9307
-1.83791
-1.74869
-1.66299
-1.58078
-1.50201
-1.42655
-11907.9
-11265.2
-10626.4
-9993.66
-9368.55
-8752.25
-8145.56
-7548.97
-6962.76
-6386.98
-5821.56
-5266.28
-4720.82
-4184.82
-3657.93
-3140.01
-2631.09
-2130.65
-1635.35
-1134.72
-605.916
-6.66914
-1.17684
-1.73779
-1.7411
-1.96752
-2.18561
-2.3616
-2.49532
-2.58844
-2.64407
-2.6663
-2.65972
-2.62911
-2.5791
-2.51399
-2.43761
-2.35328
-2.2638
-2.17145
-2.07805
-1.985
-1.89337
-1.80398
-1.71736
-1.63381
-1.55349
-1.47646
-1.40269
-1.3321
-11914.9
-11286
-10660.9
-10041.8
-9430.26
-8827.78
-8235.36
-7653.74
-7083.43
-6524.72
-5977.75
-5442.55
-4919.04
-4407.14
-3906.72
-3417.66
-2939.71
-2472.25
-2014.03
-1564.23
-1127.35
-721.234
-371.778
-5.93063
-5.57185
-4.22906
-3.7488
-3.48864
-3.26921
-3.08436
-2.92786
-2.79336
-2.675
-2.56781
-2.46786
-2.37231
-2.2793
-2.18778
-2.09735
-2.00799
-1.91996
-1.83363
-1.74939
-1.66759
-1.58847
-1.51221
-1.4389
-1.36853
-1.30104
-1.23635
-11921.9
-11307.2
-10696.2
-10091
-9493.34
-8904.45
-8325.32
-7756.65
-7198.91
-6652.43
-6117.43
-5594.06
-5082.41
-4582.57
-4094.64
-3618.73
-3154.94
-2703.32
-2263.83
-1836.63
-1423.64
-1031.62
-674.134
-363.164
-6.32661
-5.50064
-4.28667
-3.96764
-3.6766
-3.40807
-3.16396
-2.94424
-2.74763
-2.57211
-2.41527
-2.27464
-2.14788
-2.03287
-1.92779
-1.83112
-1.74158
-1.65813
-1.5799
-1.50618
-1.43636
-1.36995
-1.30652
-1.2457
-1.18721
-1.13081
-1.77662
-1.82462
-1.87134
-1.9162
-1.95878
-1.99879
-2.03604
-2.07041
-2.10187
-2.13042
-2.156
-2.17855
-2.19809
-2.21467
-2.22844
-2.23954
-2.24807
-2.25414
-2.25784
-2.25925
-2.25846
-2.25554
-2.25056
-2.24362
-2.23481
-2.22421
-2.2119
-2.19795
-2.18244
-2.16545
-2.14705
-2.12731
-2.10632
-2.08416
-2.06091
-2.03665
-2.01145
-1.98542
-1.95863
-1.93116
-1.90311
-1.87456
-1.84559
-1.81631
-1.78679
-1.75713
-1.72741
-1.69773
-1.66817
-1.63884
-1.93732
-1.97529
-2.01215
-2.04761
-2.08144
-2.11347
-2.14356
-2.1714
-2.19677
-2.2195
-2.23955
-2.25694
-2.2717
-2.28384
-2.29336
-2.30029
-2.30462
-2.3064
-2.30569
-2.30255
-2.29703
-2.28918
-2.27908
-2.26678
-2.25236
-2.23588
-2.21743
-2.19708
-2.17491
-2.15104
-2.12553
-2.09851
-2.07006
-2.04029
-2.00933
-1.97726
-1.94423
-1.91033
-1.87568
-1.84041
-1.80464
-1.76849
-1.73207
-1.69552
-1.65895
-1.62249
-1.58627
-1.55042
-1.51507
-1.48039
-2.06821
-2.10514
-2.14104
-2.17545
-2.20793
-2.23813
-2.26571
-2.29061
-2.31274
-2.33205
-2.34837
-2.36167
-2.37196
-2.37926
-2.38357
-2.38493
-2.38335
-2.37886
-2.37151
-2.36133
-2.34838
-2.33273
-2.31444
-2.29359
-2.27028
-2.2446
-2.21667
-2.18659
-2.1545
-2.12052
-2.0848
-2.04747
-2.00868
-1.96859
-1.92735
-1.88511
-1.84204
-1.7983
-1.75403
-1.70941
-1.66458
-1.61971
-1.57494
-1.53043
-1.48633
-1.4428
-1.39997
-1.35802
-1.31709
-1.27737
-2.2732
-2.30858
-2.34121
-2.37108
-2.39815
-2.42241
-2.44356
-2.46161
-2.47652
-2.4883
-2.49682
-2.50209
-2.50407
-2.50272
-2.49801
-2.48996
-2.47854
-2.46381
-2.4458
-2.42457
-2.4002
-2.37279
-2.34244
-2.30929
-2.27349
-2.23517
-2.19453
-2.15172
-2.10695
-2.06039
-2.01226
-1.96275
-1.91208
-1.86043
-1.80803
-1.75508
-1.70177
-1.6483
-1.59487
-1.54166
-1.48885
-1.43662
-1.38513
-1.33455
-1.28503
-1.23672
-1.18976
-1.14429
-1.10046
-1.05839
-2.45778
-2.49078
-2.52091
-2.54808
-2.57218
-2.59286
-2.61009
-2.6237
-2.6335
-2.63937
-2.64121
-2.6389
-2.63244
-2.62171
-2.6068
-2.58772
-2.56453
-2.53734
-2.50628
-2.4715
-2.43319
-2.39155
-2.3468
-2.29917
-2.24892
-2.1963
-2.14158
-2.08504
-2.02695
-1.96757
-1.90719
-1.84606
-1.78446
-1.72262
-1.66079
-1.59921
-1.53809
-1.47765
-1.41809
-1.35958
-1.30231
-1.24642
-1.19206
-1.13937
-1.08848
-1.03948
-0.992481
-0.947567
-0.90483
-0.864347
-2.60528
-2.64553
-2.68146
-2.71274
-2.73909
-2.76021
-2.77593
-2.78612
-2.79058
-2.7893
-2.78227
-2.76951
-2.75112
-2.72724
-2.69805
-2.66378
-2.62469
-2.58106
-2.53323
-2.48152
-2.42629
-2.36791
-2.30676
-2.24322
-2.17766
-2.11045
-2.04196
-1.97254
-1.90254
-1.83227
-1.76204
-1.69215
-1.62287
-1.55444
-1.4871
-1.42106
-1.35651
-1.29363
-1.23257
-1.17345
-1.11641
-1.06154
-1.00891
-0.958608
-0.910673
-0.865155
-0.822086
-0.781488
-0.743376
-0.707766
-2.92201
-2.95349
-2.97827
-2.99612
-3.00686
-3.0104
-3.00674
-2.99592
-2.97809
-2.95342
-2.92218
-2.88466
-2.84124
-2.7923
-2.73827
-2.67962
-2.61681
-2.55033
-2.48067
-2.40832
-2.33376
-2.25746
-2.17987
-2.10142
-2.02253
-1.94358
-1.86492
-1.7869
-1.70982
-1.63395
-1.55953
-1.4868
-1.41594
-1.34713
-1.2805
-1.21619
-1.15428
-1.09487
-1.03801
-0.983752
-0.932122
-0.883134
-0.836788
-0.793072
-0.751965
-0.713437
-0.677447
-0.643958
-0.612911
-0.584266
-3.49714
-3.46751
-3.43196
-3.39055
-3.3434
-3.2907
-3.23271
-3.16975
-3.10217
-3.03037
-2.95477
-2.87582
-2.79398
-2.70972
-2.6235
-2.53579
-2.44704
-2.35768
-2.26812
-2.17876
-2.08995
-2.00204
-1.91532
-1.83008
-1.74657
-1.665
-1.58557
-1.50844
-1.43375
-1.36161
-1.29213
-1.22536
-1.16137
-1.10018
-1.04181
-0.986276
-0.933559
-0.88364
-0.836487
-0.792058
-0.750304
-0.711168
-0.674587
-0.640492
-0.608811
-0.579463
-0.552372
-0.527457
-0.504642
-0.483839
-3.74689
-3.64336
-3.53835
-3.43211
-3.32489
-3.21699
-3.10871
-3.00034
-2.89219
-2.78456
-2.67773
-2.57199
-2.46758
-2.36476
-2.26376
-2.16478
-2.06801
-1.97361
-1.88174
-1.79252
-1.70605
-1.62243
-1.54173
-1.46399
-1.38926
-1.31755
-1.24888
-1.18323
-1.12061
-1.06097
-1.00429
-0.95053
-0.89963
-0.851538
-0.806193
-0.763529
-0.723475
-0.685957
-0.650899
-0.618221
-0.587838
-0.55967
-0.533631
-0.509635
-0.487597
-0.467428
-0.449043
-0.432357
-0.417283
-0.403742
-3.43253
-3.2972
-3.1644
-3.03427
-2.90698
-2.78266
-2.66142
-2.54339
-2.42864
-2.31727
-2.20932
-2.10485
-2.00388
-1.90645
-1.81256
-1.7222
-1.63537
-1.55203
-1.47216
-1.39572
-1.32266
-1.25292
-1.18645
-1.12318
-1.06305
-1.00598
-0.951896
-0.900729
-0.852395
-0.806814
-0.763905
-0.723587
-0.685774
-0.650384
-0.617333
-0.586537
-0.557912
-0.531373
-0.506838
-0.484223
-0.463444
-0.444418
-0.427064
-0.411299
-0.397042
-0.384213
-0.372733
-0.362522
-0.353505
-0.345606
-2.97674
-2.83387
-2.69647
-2.56444
-2.43766
-2.31601
-2.19938
-2.08766
-1.98071
-1.87842
-1.78067
-1.68731
-1.59824
-1.51331
-1.43242
-1.35542
-1.28221
-1.21265
-1.14663
-1.08403
-1.02473
-0.968631
-0.915608
-0.865559
-0.818378
-0.773962
-0.732212
-0.69303
-0.65632
-0.621989
-0.589945
-0.560101
-0.532369
-0.506663
-0.482899
-0.460996
-0.440872
-0.422447
-0.405644
-0.390383
-0.37659
-0.364188
-0.353102
-0.343259
-0.334584
-0.327007
-0.320456
-0.314861
-0.310153
-0.306265
-2.52647
-2.39196
-2.26404
-2.14242
-2.02683
-1.917
-1.81268
-1.71363
-1.61961
-1.53042
-1.44584
-1.36566
-1.28971
-1.21778
-1.14972
-1.08534
-1.0245
-0.96705
-0.912836
-0.861726
-0.813592
-0.768309
-0.725762
-0.685836
-0.648427
-0.61343
-0.580748
-0.550287
-0.521955
-0.495665
-0.471332
-0.448873
-0.428208
-0.409259
-0.391949
-0.376204
-0.36195
-0.349114
-0.337625
-0.327413
-0.318409
-0.310542
-0.303746
-0.297953
-0.293097
-0.28911
-0.28593
-0.28349
-0.281729
-0.280585
-2.14362
-2.02533
-1.91312
-1.80674
-1.70593
-1.61045
-1.52004
-1.43446
-1.3535
-1.27691
-1.2045
-1.13607
-1.07141
-1.01036
-0.95275
-0.898412
-0.847201
-0.798975
-0.753603
-0.71096
-0.670929
-0.6334
-0.598268
-0.565432
-0.5348
-0.506281
-0.479789
-0.455241
-0.432557
-0.41166
-0.392475
-0.37493
-0.358953
-0.344475
-0.331427
-0.319742
-0.309353
-0.300194
-0.292202
-0.28531
-0.279456
-0.274575
-0.270603
-0.267479
-0.265139
-0.263521
-0.262566
-0.262213
-0.262404
-0.263082
-1.8522
-1.74915
-1.65153
-1.55909
-1.47157
-1.38874
-1.31036
-1.23621
-1.16607
-1.09975
-1.03706
-0.977816
-0.921853
-0.869018
-0.819166
-0.772163
-0.727883
-0.68621
-0.647034
-0.610252
-0.575769
-0.543492
-0.513336
-0.485218
-0.45906
-0.434786
-0.412324
-0.391604
-0.372556
-0.355116
-0.339217
-0.324797
-0.311792
-0.300141
-0.289782
-0.280655
-0.272697
-0.265848
-0.260049
-0.255243
-0.251374
-0.248379
-0.246195
-0.244761
-0.244016
-0.243901
-0.244357
-0.245326
-0.246752
-0.248579
-1.63066
-1.54207
-1.45794
-1.37806
-1.30224
-1.23029
-1.16202
-1.09725
-1.03582
-0.977575
-0.922369
-0.87007
-0.820553
-0.773703
-0.729412
-0.687582
-0.648118
-0.610934
-0.575947
-0.54308
-0.512257
-0.483409
-0.456467
-0.431364
-0.408038
-0.386424
-0.366464
-0.348096
-0.331261
-0.315903
-0.301964
-0.289386
-0.278115
-0.268104
-0.2593
-0.251643
-0.245073
-0.239534
-0.234967
-0.231315
-0.228522
-0.226531
-0.225287
-0.224732
-0.224811
-0.225471
-0.226656
-0.228312
-0.230388
-0.232831
-1.46781
-1.39121
-1.31809
-1.24829
-1.1817
-1.11819
-1.05763
-0.99992
-0.944943
-0.892599
-0.842796
-0.795445
-0.750466
-0.707781
-0.66732
-0.629015
-0.592801
-0.558618
-0.526407
-0.496109
-0.467669
-0.441031
-0.416141
-0.392945
-0.371389
-0.351419
-0.332982
-0.316026
-0.300497
-0.286344
-0.273521
-0.261983
-0.251672
-0.242536
-0.234519
-0.227569
-0.221632
-0.216657
-0.212591
-0.209382
-0.206979
-0.205332
-0.204389
-0.2041
-0.204417
-0.20529
-0.20667
-0.208511
-0.210764
-0.213383
-1.3543
-1.28513
-1.21893
-1.15557
-1.09495
-1.03696
-0.981503
-0.928487
-0.877833
-0.829467
-0.783321
-0.739334
-0.697448
-0.657612
-0.619775
-0.583891
-0.549915
-0.5178
-0.487504
-0.45898
-0.432185
-0.407073
-0.383598
-0.361711
-0.341366
-0.322513
-0.305104
-0.289088
-0.274414
-0.261034
-0.248895
-0.23795
-0.22815
-0.219451
-0.2118
-0.205144
-0.199435
-0.194624
-0.190661
-0.1875
-0.185095
-0.183398
-0.182366
-0.181955
-0.182121
-0.182822
-0.184016
-0.185664
-0.187724
-0.190159
-1.26456
-1.19995
-1.13814
-1.07898
-1.02235
-0.968132
-0.91623
-0.86655
-0.819015
-0.773558
-0.730122
-0.688658
-0.649121
-0.611474
-0.575679
-0.541703
-0.509511
-0.479069
-0.450341
-0.423293
-0.397883
-0.374074
-0.351821
-0.331081
-0.311808
-0.293954
-0.277471
-0.262309
-0.248417
-0.235745
-0.224241
-0.213855
-0.204536
-0.196235
-0.188903
-0.182493
-0.17696
-0.172256
-0.168335
-0.165152
-0.162663
-0.160828
-0.159605
-0.158955
-0.158841
-0.159226
-0.160073
-0.16135
-0.163022
-0.165057
-1.17433
-1.11485
-1.05777
-1.00298
-0.950361
-0.899823
-0.851287
-0.804688
-0.759977
-0.717114
-0.676068
-0.636816
-0.599338
-0.563615
-0.529631
-0.497367
-0.466802
-0.437912
-0.410672
-0.385049
-0.36101
-0.338517
-0.317528
-0.297999
-0.279882
-0.263129
-0.247688
-0.233506
-0.220532
-0.20871
-0.197988
-0.188313
-0.179631
-0.171892
-0.165046
-0.159042
-0.153835
-0.149377
-0.145626
-0.142538
-0.140073
-0.138192
-0.136859
-0.136038
-0.135695
-0.135797
-0.136314
-0.137217
-0.138477
-0.140068
-1.07629
-1.02352
-0.972387
-0.922818
-0.874771
-0.828226
-0.78318
-0.739646
-0.697646
-0.657203
-0.618344
-0.581096
-0.545479
-0.511511
-0.479201
-0.448553
-0.419562
-0.392216
-0.366493
-0.342367
-0.319803
-0.298762
-0.279199
-0.261065
-0.244308
-0.228873
-0.214704
-0.201742
-0.18993
-0.179208
-0.169518
-0.160806
-0.153014
-0.14609
-0.139983
-0.13464
-0.130013
-0.126057
-0.122726
-0.11998
-0.117779
-0.116087
-0.114868
-0.114091
-0.113724
-0.113738
-0.114107
-0.114805
-0.115808
-0.117095
-1.61656
-1.60028
-1.58394
-1.56756
-1.55114
-1.53469
-1.51822
-1.50173
-1.48524
-1.46875
-1.45228
-1.43581
-1.41938
-1.403
-1.38664
-1.37035
-1.35414
-1.33799
-1.32194
-1.306
-1.29015
-1.27443
-1.25884
-1.24339
-1.22808
-1.21296
-1.19795
-1.18311
-1.16846
-1.15401
-1.13977
-1.12574
-1.11192
-1.09834
-1.08499
-1.07187
-1.05901
-1.04639
-1.03403
-1.02192
-1.01008
-0.998508
-0.987201
-0.976166
-0.965404
-0.954917
-0.944708
-0.934778
-0.925128
-0.915761
-0.906678
-0.897882
-0.889402
-0.881202
-0.873284
-0.865636
-0.858297
-0.851248
-0.844501
-0.838018
-0.831793
-0.82584
-0.820168
-0.814761
-0.809616
-0.804729
-0.800097
-0.795719
-0.791592
-0.787714
-0.784085
-0.780704
-0.77757
-0.774684
-0.772048
-0.769662
-0.767528
-0.76565
-0.764027
-0.762663
-0.761561
-0.760725
-0.760181
-0.759913
-0.759922
-0.760211
-0.760819
-0.761743
-0.762978
-0.764528
-0.766396
-0.768585
-0.7711
-0.773954
-0.77715
-0.780675
-0.784541
-0.788756
-0.79335
-0.798325
-0.803689
-0.80945
-0.81562
-0.822221
-0.829246
-0.836716
-0.844644
-0.853056
-0.861952
-0.871343
-0.88124
-0.891654
-0.902622
-0.914105
-0.926108
-0.938647
-0.951736
-0.965337
-0.979451
-0.993957
-1.00887
-1.02415
-1.03967
-1.05541
-1.07134
-1.08744
-1.10374
-1.12018
-1.13677
-1.15344
-1.17015
-1.18681
-1.20332
-1.21955
-1.23542
-1.25087
-1.26576
-1.28
-1.29349
-1.30614
-1.31785
-1.32852
-1.33806
-1.34639
-1.35341
-1.35905
-1.36323
-1.36588
-1.36692
-1.36631
-1.36397
-1.35988
-1.35397
-1.34624
-1.33664
-1.32516
-1.31181
-1.29658
-1.27948
-1.26053
-1.23978
-1.21727
-1.19304
-1.16717
-1.13973
-1.1108
-1.08048
-1.04888
-1.0161
-0.982271
-0.947516
-0.911973
-0.875781
-0.839083
-0.802026
-0.76476
-0.727433
-0.690194
-0.653188
-0.616557
-0.580438
-0.544962
-0.51025
-0.476416
-0.443566
-0.411793
-0.381178
-0.351794
-0.3237
-0.296941
-0.271553
-0.24756
-0.224973
-0.203792
-0.184008
-0.165601
-0.148543
-0.132798
-0.118323
-0.105069
-0.0929801
-0.0819995
-0.0720654
-0.0631143
-0.0550818
-0.0479026
-0.0415122
-0.0358471
-0.0308452
-0.026447
-0.0225952
-0.0192357
-0.0163174
-0.0137926
-0.011617
-0.0097499
-0.00815395
-0.00679522
-0.00564303
-0.00466985
-0.00385109
-0.00316493
-0.00259213
-0.00211579
-0.00172118
-0.0013955
-0.00112773
-0.000908372
-0.000729334
-0.000583732
-0.000465743
-0.000370464
-0.00029379
-0.000232298
-0.000183147
-0.000143988
-0.000112892
-8.82751e-05
-6.8849e-05
-5.35655e-05
-4.15774e-05
-3.22017e-05
-2.48906e-05
-1.92058e-05
-1.47982e-05
-1.13907e-05
-8.76411e-06
-6.74552e-06
-5.19911e-06
-4.01846e-06
-3.12051e-06
-2.44055e-06
-1.92835e-06
-1.5451e-06
-1.26079e-06
-1.05234e-06
-9.02102e-07
-7.96531e-07
-7.2531e-07
-6.80634e-07
-6.56585e-07
-6.48701e-07
-6.53639e-07
-6.68929e-07
-6.9271e-07
-7.23629e-07
-7.60722e-07
-8.03265e-07
-8.50778e-07
-9.02917e-07
-9.59456e-07
-1.02022e-06
-1.08507e-06
-1.15384e-06
-1.22626e-06
-1.30198e-06
-1.38055e-06
-1.46138e-06
-1.54362e-06
-1.6262e-06
-1.70776e-06
-1.78669e-06
-1.86122e-06
-1.92911e-06
-1.98744e-06
-2.03299e-06
-2.06262e-06
-2.0732e-06
-2.0617e-06
-2.02521e-06
-1.96123e-06
-1.86775e-06
-1.74347e-06
-1.58804e-06
-1.40224e-06
-1.18815e-06
-9.49275e-07
-6.90641e-07
-4.1876e-07
-1.41476e-07
-1.45438
-1.43529
-1.41625
-1.39727
-1.37836
-1.35953
-1.34079
-1.32215
-1.30363
-1.28524
-1.26698
-1.24886
-1.23091
-1.21312
-1.19547
-1.178
-1.16073
-1.14362
-1.12672
-1.11003
-1.09354
-1.07727
-1.06123
-1.04543
-1.02986
-1.01457
-0.999517
-0.984689
-0.970123
-0.955842
-0.941832
-0.928098
-0.914644
-0.90147
-0.888579
-0.875974
-0.863656
-0.851629
-0.839893
-0.82845
-0.817302
-0.806451
-0.795898
-0.785644
-0.77569
-0.766037
-0.756686
-0.747638
-0.738893
-0.730451
-0.722314
-0.714481
-0.706972
-0.699761
-0.692822
-0.686192
-0.679858
-0.673808
-0.668054
-0.662571
-0.65734
-0.652375
-0.647675
-0.643225
-0.639019
-0.635052
-0.63132
-0.627817
-0.62454
-0.621485
-0.618648
-0.616026
-0.613618
-0.61142
-0.609431
-0.607649
-0.606075
-0.604708
-0.603548
-0.602598
-0.601862
-0.601342
-0.601045
-0.601001
-0.601163
-0.601554
-0.602193
-0.603076
-0.604203
-0.605575
-0.607197
-0.609072
-0.611204
-0.613598
-0.61626
-0.619203
-0.622433
-0.625939
-0.629735
-0.633836
-0.638269
-0.643035
-0.648146
-0.653628
-0.659474
-0.665707
-0.672351
-0.679415
-0.686917
-0.694871
-0.703301
-0.712225
-0.721684
-0.731657
-0.742146
-0.75319
-0.764781
-0.776896
-0.78953
-0.802562
-0.816034
-0.830018
-0.84458
-0.859731
-0.875461
-0.891755
-0.90861
-0.925952
-0.943759
-0.962
-0.980592
-0.999457
-1.01852
-1.03772
-1.05694
-1.07604
-1.09497
-1.11365
-1.13197
-1.14982
-1.16711
-1.18368
-1.19942
-1.2143
-1.2282
-1.24101
-1.25265
-1.26301
-1.27203
-1.2796
-1.28567
-1.29015
-1.29298
-1.29411
-1.29348
-1.29105
-1.28677
-1.28063
-1.2726
-1.26265
-1.2508
-1.23703
-1.22136
-1.20381
-1.18442
-1.16323
-1.14029
-1.11567
-1.08944
-1.06169
-1.03252
-1.00203
-0.970342
-0.937576
-0.903868
-0.869355
-0.834183
-0.798502
-0.762462
-0.726219
-0.689925
-0.653733
-0.617791
-0.582244
-0.547231
-0.512883
-0.479323
-0.446665
-0.415011
-0.384453
-0.355071
-0.326931
-0.300091
-0.27459
-0.250461
-0.22772
-0.206375
-0.186419
-0.167838
-0.150606
-0.134692
-0.120052
-0.106641
-0.0944047
-0.0832855
-0.0732228
-0.0641531
-0.0560117
-0.0487332
-0.0422527
-0.0365061
-0.0314308
-0.0269665
-0.0230556
-0.019643
-0.0166774
-0.0141103
-0.0118971
-0.00999642
-0.00837062
-0.00698534
-0.00580958
-0.00481548
-0.00397817
-0.00327559
-0.00268827
-0.00219912
-0.00179322
-0.00145762
-0.00118115
-0.000954178
-0.000768499
-0.000617119
-0.000494119
-0.000394509
-0.000314105
-0.00024941
-0.00019752
-0.000156028
-0.000122951
-9.66615e-05
-7.58274e-05
-5.93645e-05
-4.6393e-05
-3.62015e-05
-2.82171e-05
-2.198e-05
-1.71223e-05
-1.33506e-05
-1.0432e-05
-8.18178e-06
-6.45411e-06
-5.13418e-06
-4.13187e-06
-3.37663e-06
-2.81344e-06
-2.39945e-06
-2.10149e-06
-1.89389e-06
-1.75689e-06
-1.67539e-06
-1.63778e-06
-1.63532e-06
-1.66135e-06
-1.71095e-06
-1.78037e-06
-1.86692e-06
-1.9686e-06
-2.08397e-06
-2.21199e-06
-2.35195e-06
-2.50334e-06
-2.66579e-06
-2.83904e-06
-3.0228e-06
-3.21667e-06
-3.4201e-06
-3.63214e-06
-3.85149e-06
-4.07621e-06
-4.30374e-06
-4.5306e-06
-4.75234e-06
-4.96361e-06
-5.1585e-06
-5.32975e-06
-5.46769e-06
-5.56135e-06
-5.6001e-06
-5.57342e-06
-5.47118e-06
-5.2841e-06
-5.00433e-06
-4.62627e-06
-4.14722e-06
-3.56832e-06
-2.89521e-06
-2.13857e-06
-1.31451e-06
-4.44449e-07
-1.24793
-1.22648
-1.20522
-1.18419
-1.16339
-1.14284
-1.12256
-1.10255
-1.08284
-1.06344
-1.04433
-1.02555
-1.0071
-0.988994
-0.971202
-0.953751
-0.936656
-0.919911
-0.90352
-0.887466
-0.871773
-0.856442
-0.841476
-0.826871
-0.812633
-0.798784
-0.785283
-0.772123
-0.759328
-0.746908
-0.734827
-0.7231
-0.71173
-0.70069
-0.689995
-0.679636
-0.669608
-0.659907
-0.650528
-0.641468
-0.632724
-0.624293
-0.616167
-0.608347
-0.60083
-0.593606
-0.586678
-0.580042
-0.573686
-0.567613
-0.561819
-0.556296
-0.551053
-0.546052
-0.541312
-0.536824
-0.532581
-0.528574
-0.524812
-0.521259
-0.517925
-0.514809
-0.5119
-0.509193
-0.50668
-0.504357
-0.502224
-0.500267
-0.498489
-0.496885
-0.49545
-0.494182
-0.493078
-0.492135
-0.491351
-0.490725
-0.490254
-0.48994
-0.489774
-0.489764
-0.489909
-0.490209
-0.490672
-0.49129
-0.492057
-0.49299
-0.494086
-0.495345
-0.49677
-0.498361
-0.500123
-0.502061
-0.504179
-0.506483
-0.508982
-0.51168
-0.51457
-0.517657
-0.520959
-0.524493
-0.528263
-0.53228
-0.536559
-0.541113
-0.545959
-0.551112
-0.55659
-0.562412
-0.568598
-0.575178
-0.582158
-0.589533
-0.597354
-0.605637
-0.614392
-0.623633
-0.633372
-0.643626
-0.654415
-0.665786
-0.67777
-0.690401
-0.703684
-0.717614
-0.732188
-0.747397
-0.763254
-0.779701
-0.796731
-0.814324
-0.832431
-0.851001
-0.869975
-0.889313
-0.90891
-0.92867
-0.948522
-0.968417
-0.988282
-1.008
-1.02751
-1.04663
-1.06527
-1.08332
-1.10074
-1.11741
-1.13323
-1.1481
-1.16193
-1.17461
-1.18606
-1.1962
-1.20495
-1.21223
-1.21797
-1.22212
-1.22461
-1.22538
-1.2244
-1.22162
-1.217
-1.21053
-1.20217
-1.19193
-1.17979
-1.16577
-1.14988
-1.13216
-1.11263
-1.09135
-1.06838
-1.0438
-1.01768
-0.990115
-0.961212
-0.931086
-0.89986
-0.867663
-0.834635
-0.800919
-0.766663
-0.732021
-0.697145
-0.66219
-0.627307
-0.592646
-0.558352
-0.524565
-0.491416
-0.459028
-0.427515
-0.39698
-0.367513
-0.339194
-0.312091
-0.286256
-0.261732
-0.238546
-0.216715
-0.196245
-0.177127
-0.159347
-0.142877
-0.127683
-0.113723
-0.100949
-0.0893084
-0.0787426
-0.0691915
-0.0605923
-0.0528815
-0.0459949
-0.0398691
-0.0344416
-0.0296521
-0.0254421
-0.0217562
-0.0185417
-0.0157492
-0.0133327
-0.0112496
-0.00946072
-0.00793033
-0.00662598
-0.0055184
-0.00458138
-0.00379152
-0.00312811
-0.00257288
-0.00210982
-0.00172496
-0.00140619
-0.00114305
-0.000926531
-0.000748964
-0.000603802
-0.000485503
-0.000389392
-0.000311543
-0.000248673
-0.000198048
-0.0001574
-0.000124855
-9.88708e-05
-7.81832e-05
-6.17587e-05
-4.87561e-05
-3.84926e-05
-3.04162e-05
-2.40817e-05
-1.91314e-05
-1.52789e-05
-1.22951e-05
-9.99778e-06
-8.24221e-06
-6.91379e-06
-5.92215e-06
-5.19612e-06
-4.68e-06
-4.33024e-06
-4.11298e-06
-4.00204e-06
-3.97727e-06
-4.02326e-06
-4.12833e-06
-4.28372e-06
-4.48289e-06
-4.72108e-06
-4.99483e-06
-5.30168e-06
-5.63986e-06
-6.00815e-06
-6.40562e-06
-6.83156e-06
-7.28533e-06
-7.76627e-06
-8.27349e-06
-8.80571e-06
-9.36096e-06
-9.9362e-06
-1.0527e-05
-1.11271e-05
-1.17281e-05
-1.23187e-05
-1.28843e-05
-1.34071e-05
-1.38674e-05
-1.42413e-05
-1.44962e-05
-1.45965e-05
-1.45077e-05
-1.41959e-05
-1.36293e-05
-1.27798e-05
-1.16258e-05
-1.01551e-05
-8.36792e-06
-6.27982e-06
-3.92427e-06
-1.354e-06
-1.02755
-1.00539
-0.983609
-0.962228
-0.941264
-0.920725
-0.900636
-0.880989
-0.861804
-0.843101
-0.82486
-0.807108
-0.789842
-0.773071
-0.756783
-0.740989
-0.725686
-0.710873
-0.696545
-0.682693
-0.669312
-0.656406
-0.643964
-0.631977
-0.620438
-0.609359
-0.598685
-0.588424
-0.578587
-0.569159
-0.560112
-0.551451
-0.543172
-0.535246
-0.527679
-0.520459
-0.51357
-0.507009
-0.500765
-0.494829
-0.489191
-0.483847
-0.478779
-0.473986
-0.46946
-0.465184
-0.461159
-0.457376
-0.45382
-0.450487
-0.447371
-0.444464
-0.441759
-0.439248
-0.436926
-0.434786
-0.432823
-0.43103
-0.429401
-0.427933
-0.42662
-0.425457
-0.42444
-0.423565
-0.422826
-0.422222
-0.421751
-0.421402
-0.421179
-0.421077
-0.421093
-0.421225
-0.42147
-0.421827
-0.422293
-0.422866
-0.423544
-0.42433
-0.425213
-0.426196
-0.427285
-0.428465
-0.429745
-0.431123
-0.432598
-0.434169
-0.435835
-0.437598
-0.439463
-0.441418
-0.443471
-0.445628
-0.447895
-0.450265
-0.452741
-0.455332
-0.458046
-0.4609
-0.463874
-0.466979
-0.470242
-0.473668
-0.477267
-0.481053
-0.485038
-0.489238
-0.493669
-0.49835
-0.503302
-0.508556
-0.514121
-0.519999
-0.526241
-0.532876
-0.539927
-0.547424
-0.555413
-0.563931
-0.573014
-0.582678
-0.592957
-0.603866
-0.615406
-0.627585
-0.640404
-0.653862
-0.66796
-0.682693
-0.697996
-0.713882
-0.73035
-0.747361
-0.764898
-0.782912
-0.801328
-0.820089
-0.839152
-0.858465
-0.877932
-0.89751
-0.917008
-0.936395
-0.955589
-0.974526
-0.993041
-1.01102
-1.02844
-1.0452
-1.06119
-1.07631
-1.09047
-1.10359
-1.11557
-1.12634
-1.13582
-1.14392
-1.15059
-1.15576
-1.15937
-1.16136
-1.16168
-1.16029
-1.15716
-1.15225
-1.14554
-1.13702
-1.12668
-1.11451
-1.10054
-1.08477
-1.06725
-1.04801
-1.02711
-1.0046
-0.980556
-0.955071
-0.928234
-0.900151
-0.870936
-0.840712
-0.809608
-0.777763
-0.745319
-0.712422
-0.679222
-0.645867
-0.612509
-0.579294
-0.546366
-0.513863
-0.481917
-0.450652
-0.420182
-0.390612
-0.362034
-0.334531
-0.30817
-0.28301
-0.259094
-0.236454
-0.215109
-0.195067
-0.176326
-0.158872
-0.142681
-0.127725
-0.113963
-0.101351
-0.0898393
-0.0793738
-0.0698971
-0.0613496
-0.0536705
-0.0467987
-0.0406731
-0.035234
-0.0304229
-0.0261837
-0.0224626
-0.0192085
-0.0163735
-0.0139129
-0.0117849
-0.00995149
-0.00837744
-0.00703092
-0.0058831
-0.00490808
-0.00408269
-0.00338633
-0.00280079
-0.00231007
-0.00190013
-0.00155878
-0.00127541
-0.00104091
-0.000847438
-0.000688279
-0.000557732
-0.000450959
-0.000363875
-0.000293046
-0.000235595
-0.000189123
-0.000151634
-0.000121474
-9.72783e-05
-7.79236e-05
-6.24886e-05
-5.022e-05
-4.05039e-05
-3.28414e-05
-2.68281e-05
-2.21374e-05
-1.85062e-05
-1.57234e-05
-1.36197e-05
-1.20602e-05
-1.09377e-05
-1.01671e-05
-9.68138e-06
-9.42805e-06
-9.36611e-06
-9.46385e-06
-9.69697e-06
-1.00471e-05
-1.05004e-05
-1.10468e-05
-1.16793e-05
-1.23926e-05
-1.31835e-05
-1.40497e-05
-1.49897e-05
-1.60025e-05
-1.70871e-05
-1.82422e-05
-1.94663e-05
-2.0757e-05
-2.2111e-05
-2.35232e-05
-2.49864e-05
-2.64898e-05
-2.80179e-05
-2.95495e-05
-3.1056e-05
-3.25e-05
-3.3833e-05
-3.49963e-05
-3.59251e-05
-3.65367e-05
-3.67213e-05
-3.63685e-05
-3.53699e-05
-3.36205e-05
-3.10257e-05
-2.75087e-05
-2.3022e-05
-1.75577e-05
-1.116e-05
-3.93366e-06
-0.835049
-0.814264
-0.794014
-0.774294
-0.755128
-0.736517
-0.718469
-0.700993
-0.684081
-0.667746
-0.651985
-0.636798
-0.622182
-0.608133
-0.594646
-0.581713
-0.569337
-0.557489
-0.546168
-0.535368
-0.525074
-0.515274
-0.505955
-0.497104
-0.488705
-0.480744
-0.473209
-0.466084
-0.459354
-0.453012
-0.44703
-0.441403
-0.436122
-0.43116
-0.426515
-0.422174
-0.418119
-0.414341
-0.410832
-0.407569
-0.404551
-0.401769
-0.399197
-0.396838
-0.394683
-0.392715
-0.39093
-0.389324
-0.387879
-0.386597
-0.385465
-0.38448
-0.383637
-0.382929
-0.382352
-0.3819
-0.381571
-0.38136
-0.381263
-0.381279
-0.381403
-0.381634
-0.381969
-0.382407
-0.382945
-0.383582
-0.384316
-0.385145
-0.386068
-0.387085
-0.388191
-0.389388
-0.390673
-0.392044
-0.393501
-0.39504
-0.396661
-0.398364
-0.400138
-0.40199
-0.403921
-0.405912
-0.407975
-0.410104
-0.412296
-0.414549
-0.41686
-0.419228
-0.421653
-0.424133
-0.426661
-0.429232
-0.431859
-0.434538
-0.437269
-0.440052
-0.44289
-0.445799
-0.448764
-0.451787
-0.454879
-0.458065
-0.461343
-0.464724
-0.468235
-0.471857
-0.475623
-0.479558
-0.483671
-0.487987
-0.492539
-0.497326
-0.502384
-0.507742
-0.513458
-0.51956
-0.526117
-0.533128
-0.540666
-0.548769
-0.557449
-0.566715
-0.57658
-0.587053
-0.598139
-0.609842
-0.62217
-0.635109
-0.648631
-0.66273
-0.677417
-0.692679
-0.708493
-0.724797
-0.741581
-0.758791
-0.776359
-0.794228
-0.812358
-0.830615
-0.848917
-0.8672
-0.88542
-0.903513
-0.921301
-0.938698
-0.955649
-0.972111
-0.987969
-1.00314
-1.01753
-1.03107
-1.04368
-1.05528
-1.06578
-1.07513
-1.08325
-1.09008
-1.09556
-1.09963
-1.10224
-1.10335
-1.10291
-1.10089
-1.09725
-1.09198
-1.08504
-1.07644
-1.06615
-1.05419
-1.04056
-1.02529
-1.00839
-0.989906
-0.969885
-0.948384
-0.925468
-0.901215
-0.875713
-0.849058
-0.821356
-0.792722
-0.763277
-0.73315
-0.702475
-0.671389
-0.640032
-0.608545
-0.577069
-0.545744
-0.514703
-0.484077
-0.453989
-0.424555
-0.395881
-0.368066
-0.341195
-0.315343
-0.290574
-0.26694
-0.24448
-0.223222
-0.203184
-0.18437
-0.166778
-0.150392
-0.135191
-0.121144
-0.108216
-0.0963622
-0.0855369
-0.0756888
-0.0667639
-0.0587066
-0.0514603
-0.0449677
-0.0391724
-0.0340185
-0.0294521
-0.0254209
-0.0218751
-0.0187674
-0.0160533
-0.0136914
-0.011643
-0.00987267
-0.00834781
-0.00703877
-0.00591871
-0.00496345
-0.00415134
-0.0034631
-0.00288162
-0.00239184
-0.00198052
-0.0016361
-0.00134852
-0.00110908
-0.000910264
-0.000745628
-0.00060966
-0.000497663
-0.000405652
-0.000330259
-0.000268643
-0.000218421
-0.000177598
-0.00014451
-0.000117774
-9.62427e-05
-7.89681e-05
-6.51689e-05
-5.42031e-05
-4.55447e-05
-3.87638e-05
-3.35104e-05
-2.95001e-05
-2.6503e-05
-2.43334e-05
-2.28424e-05
-2.19109e-05
-2.14442e-05
-2.13677e-05
-2.16229e-05
-2.21646e-05
-2.29582e-05
-2.39779e-05
-2.52047e-05
-2.66255e-05
-2.82314e-05
-3.00169e-05
-3.19791e-05
-3.41169e-05
-3.643e-05
-3.89187e-05
-4.15826e-05
-4.44205e-05
-4.74294e-05
-5.06041e-05
-5.39359e-05
-5.74123e-05
-6.10144e-05
-6.47153e-05
-6.84765e-05
-7.22443e-05
-7.59455e-05
-7.94832e-05
-8.27305e-05
-8.5525e-05
-8.76775e-05
-8.89692e-05
-8.90928e-05
-8.77099e-05
-8.44815e-05
-7.9073e-05
-7.11719e-05
-6.05162e-05
-4.69301e-05
-3.03665e-05
-1.09483e-05
-0.682331
-0.664489
-0.647242
-0.630592
-0.614542
-0.599089
-0.584234
-0.569972
-0.556302
-0.543219
-0.530715
-0.518783
-0.507416
-0.496605
-0.486337
-0.476601
-0.467392
-0.458676
-0.450458
-0.442718
-0.43544
-0.428609
-0.42221
-0.416225
-0.410638
-0.405434
-0.400595
-0.396106
-0.391949
-0.388114
-0.384576
-0.381327
-0.378349
-0.37563
-0.373153
-0.370912
-0.368884
-0.367064
-0.365444
-0.363999
-0.362731
-0.361633
-0.36068
-0.359878
-0.359214
-0.358681
-0.358273
-0.357983
-0.357807
-0.35774
-0.357778
-0.357917
-0.358154
-0.358487
-0.358913
-0.359432
-0.36004
-0.360739
-0.361527
-0.362404
-0.36337
-0.364425
-0.36557
-0.366805
-0.368134
-0.369549
-0.371058
-0.37266
-0.374355
-0.376143
-0.378024
-0.379998
-0.382065
-0.384223
-0.386473
-0.388812
-0.391238
-0.393753
-0.396346
-0.399021
-0.40178
-0.404603
-0.407501
-0.410465
-0.413492
-0.416575
-0.419712
-0.422898
-0.426127
-0.429397
-0.432711
-0.436045
-0.439414
-0.44281
-0.44623
-0.449673
-0.453138
-0.456637
-0.460145
-0.46367
-0.467209
-0.470791
-0.474408
-0.478066
-0.481785
-0.485548
-0.489395
-0.493355
-0.497403
-0.501564
-0.505878
-0.510365
-0.515041
-0.519934
-0.525073
-0.530489
-0.536237
-0.542319
-0.548781
-0.555669
-0.563052
-0.570931
-0.579318
-0.588222
-0.597657
-0.60764
-0.618143
-0.629172
-0.640732
-0.652835
-0.66546
-0.678593
-0.692221
-0.706329
-0.720834
-0.735743
-0.751015
-0.766613
-0.782428
-0.798406
-0.814487
-0.830635
-0.846764
-0.862814
-0.878643
-0.894168
-0.909366
-0.924165
-0.938465
-0.952189
-0.965263
-0.977611
-0.989163
-0.999849
-1.0096
-1.01836
-1.02607
-1.03266
-1.03809
-1.04231
-1.04527
-1.04693
-1.04725
-1.0462
-1.04375
-1.03988
-1.03455
-1.02775
-1.01947
-1.00969
-0.998429
-0.985676
-0.971446
-0.955759
-0.938642
-0.920131
-0.900272
-0.879117
-0.856732
-0.833189
-0.80857
-0.782967
-0.756479
-0.729212
-0.701281
-0.672804
-0.643906
-0.614713
-0.585354
-0.555957
-0.526651
-0.497561
-0.468808
-0.440508
-0.412769
-0.385694
-0.359376
-0.333897
-0.309331
-0.285742
-0.26318
-0.241688
-0.221296
-0.202023
-0.18388
-0.166867
-0.150974
-0.136187
-0.122479
-0.109822
-0.0981774
-0.0875053
-0.0777609
-0.0688962
-0.0608614
-0.0536053
-0.047076
-0.0412217
-0.0359912
-0.0313344
-0.0272027
-0.0235495
-0.0203302
-0.0175029
-0.0150281
-0.0128687
-0.0109907
-0.00936254
-0.00795539
-0.00674296
-0.00570143
-0.00480936
-0.00404751
-0.00339872
-0.00284774
-0.0023811
-0.00198694
-0.00165489
-0.00137587
-0.00114201
-0.000946496
-0.000783439
-0.000647788
-0.000535219
-0.00044204
-0.00036511
-0.000301768
-0.000249765
-0.000207204
-0.000172492
-0.000144295
-0.000121498
-0.000103172
-8.85448e-05
-7.69769e-05
-6.79402e-05
-6.09997e-05
-5.57987e-05
-5.20454e-05
-4.95023e-05
-4.79772e-05
-4.73156e-05
-4.73939e-05
-4.81146e-05
-4.94016e-05
-5.11966e-05
-5.34559e-05
-5.61481e-05
-5.92515e-05
-6.27528e-05
-6.6645e-05
-7.09266e-05
-7.55993e-05
-8.06679e-05
-8.61379e-05
-9.20152e-05
-9.83038e-05
-0.000105005
-0.000112115
-0.000119624
-0.000127513
-0.000135753
-0.000144298
-0.000153081
-0.000162008
-0.000170944
-0.000179702
-0.000188031
-0.0001956
-0.000201974
-0.000206617
-0.000208917
-0.00020802
-0.00020293
-0.000192618
-0.00017603
-0.000152151
-0.00012009
-7.92109e-05
-2.92744e-05
-0.564074
-0.550032
-0.536559
-0.523651
-0.511301
-0.499503
-0.488251
-0.477536
-0.46735
-0.457685
-0.448529
-0.439872
-0.431703
-0.424009
-0.41678
-0.409996
-0.403649
-0.397722
-0.392201
-0.38707
-0.382315
-0.377919
-0.373867
-0.370145
-0.366734
-0.363622
-0.360792
-0.358229
-0.355919
-0.353847
-0.351999
-0.350363
-0.348924
-0.347671
-0.346591
-0.345676
-0.344909
-0.344286
-0.343799
-0.343429
-0.343177
-0.343036
-0.342996
-0.343051
-0.343197
-0.34343
-0.343745
-0.34414
-0.344611
-0.345157
-0.345776
-0.346469
-0.347233
-0.34807
-0.34898
-0.349966
-0.351027
-0.352166
-0.353386
-0.354689
-0.356078
-0.357555
-0.359123
-0.360787
-0.362548
-0.36441
-0.366376
-0.36845
-0.370629
-0.372922
-0.375329
-0.37785
-0.380486
-0.383239
-0.386111
-0.389097
-0.392203
-0.395416
-0.398744
-0.402182
-0.405724
-0.409374
-0.413112
-0.416947
-0.420877
-0.424878
-0.428961
-0.433114
-0.437332
-0.441604
-0.445934
-0.4503
-0.454708
-0.459152
-0.463627
-0.468125
-0.472646
-0.477195
-0.481745
-0.486314
-0.490893
-0.495484
-0.500088
-0.50471
-0.509354
-0.514029
-0.518738
-0.523519
-0.528337
-0.533222
-0.538214
-0.543313
-0.54854
-0.553911
-0.559449
-0.565173
-0.571105
-0.577267
-0.583695
-0.590378
-0.597351
-0.604644
-0.61231
-0.620339
-0.628738
-0.637518
-0.646683
-0.656233
-0.666168
-0.676481
-0.687167
-0.698211
-0.709621
-0.721344
-0.733361
-0.745623
-0.758149
-0.770892
-0.783775
-0.796776
-0.809836
-0.822926
-0.835955
-0.848855
-0.861545
-0.874022
-0.886202
-0.898014
-0.909392
-0.920273
-0.930593
-0.940293
-0.949315
-0.957604
-0.965106
-0.971774
-0.977558
-0.982415
-0.986304
-0.989185
-0.991022
-0.991779
-0.991426
-0.989931
-0.987268
-0.983412
-0.978339
-0.972029
-0.964467
-0.955638
-0.945534
-0.934151
-0.92149
-0.907557
-0.892368
-0.875943
-0.85831
-0.839506
-0.819577
-0.798576
-0.776566
-0.753616
-0.729807
-0.705224
-0.679962
-0.65412
-0.627804
-0.601122
-0.574187
-0.547113
-0.520016
-0.493007
-0.4662
-0.439702
-0.413617
-0.388042
-0.363067
-0.338778
-0.315247
-0.292542
-0.270718
-0.249823
-0.229896
-0.210962
-0.193043
-0.176146
-0.160274
-0.14542
-0.131569
-0.118702
-0.106791
-0.0958059
-0.0857105
-0.0764654
-0.0680289
-0.0603567
-0.0534038
-0.047124
-0.0414712
-0.0363998
-0.0318648
-0.0278226
-0.0242312
-0.0210503
-0.0182418
-0.0157695
-0.0135999
-0.0117014
-0.0100449
-0.0086038
-0.00735348
-0.00627166
-0.00533813
-0.00453468
-0.00384495
-0.00325434
-0.00274983
-0.00231993
-0.00195447
-0.00164452
-0.00138227
-0.00116088
-0.000974438
-0.000817794
-0.000686511
-0.000576766
-0.000485277
-0.000409235
-0.000346241
-0.000294254
-0.000251542
-0.000216636
-0.000188298
-0.000165484
-0.000147318
-0.000133066
-0.000122117
-0.000113962
-0.000108178
-0.00010442
-0.000102401
-0.000101892
-0.000102706
-0.000104694
-0.00010774
-0.000111754
-0.000116671
-0.000122444
-0.000129042
-0.000136449
-0.00014466
-0.000153679
-0.000163519
-0.000174197
-0.000185734
-0.000198153
-0.000211476
-0.00022572
-0.000240898
-0.000257009
-0.000274038
-0.000291951
-0.000310684
-0.000330135
-0.000350149
-0.000370497
-0.000390848
-0.000410737
-0.000429521
-0.000446335
-0.000460027
-0.000469129
-0.000471905
-0.000465913
-0.00044831
-0.000415996
-0.000365676
-0.000294028
-0.000197996
-7.52005e-05
-0.469356
-0.459374
-0.449867
-0.440825
-0.432241
-0.424105
-0.416409
-0.409143
-0.402297
-0.395859
-0.38982
-0.38417
-0.378892
-0.373979
-0.369419
-0.365194
-0.361296
-0.357712
-0.354428
-0.35143
-0.348707
-0.346244
-0.344028
-0.342048
-0.340289
-0.338739
-0.337386
-0.336217
-0.335221
-0.334387
-0.333703
-0.333158
-0.332743
-0.332448
-0.332264
-0.332182
-0.332194
-0.332294
-0.332474
-0.332727
-0.333048
-0.333434
-0.333879
-0.33438
-0.334934
-0.335539
-0.336195
-0.336899
-0.337651
-0.338452
-0.339304
-0.340206
-0.341162
-0.342174
-0.343245
-0.344378
-0.345577
-0.346847
-0.348192
-0.349617
-0.351127
-0.352727
-0.354423
-0.35622
-0.358122
-0.360137
-0.36227
-0.364523
-0.366904
-0.369417
-0.372066
-0.374853
-0.377784
-0.38086
-0.384084
-0.387459
-0.39098
-0.394654
-0.398475
-0.402451
-0.406563
-0.41082
-0.415216
-0.419751
-0.424405
-0.429188
-0.434087
-0.4391
-0.444209
-0.449426
-0.454713
-0.460095
-0.465541
-0.471058
-0.476633
-0.482256
-0.487939
-0.49364
-0.499388
-0.505172
-0.510958
-0.516785
-0.522617
-0.52847
-0.534345
-0.540227
-0.546126
-0.552048
-0.557985
-0.563957
-0.569967
-0.576021
-0.582131
-0.588306
-0.594556
-0.60089
-0.607317
-0.613862
-0.620488
-0.627243
-0.63412
-0.641137
-0.648328
-0.65571
-0.663296
-0.671094
-0.67911
-0.687355
-0.695812
-0.704516
-0.71339
-0.722493
-0.731774
-0.741234
-0.750839
-0.760602
-0.770434
-0.780358
-0.790324
-0.800301
-0.810238
-0.820098
-0.829838
-0.839414
-0.848786
-0.857907
-0.866729
-0.875202
-0.883279
-0.890915
-0.898066
-0.904688
-0.910741
-0.916184
-0.92098
-0.925092
-0.928487
-0.931129
-0.932989
-0.934034
-0.934236
-0.933566
-0.931997
-0.929502
-0.926057
-0.921637
-0.91622
-0.909785
-0.902314
-0.893792
-0.884204
-0.873543
-0.861804
-0.848986
-0.835096
-0.820145
-0.804151
-0.787141
-0.769147
-0.750209
-0.730375
-0.709701
-0.68825
-0.666093
-0.643306
-0.619971
-0.596178
-0.572018
-0.547588
-0.522985
-0.498309
-0.47366
-0.449135
-0.424831
-0.40084
-0.377251
-0.354147
-0.331606
-0.309696
-0.288482
-0.268019
-0.248353
-0.229524
-0.211562
-0.194491
-0.178323
-0.163068
-0.148723
-0.135283
-0.122735
-0.111059
-0.100232
-0.0902264
-0.081011
-0.0725515
-0.0648112
-0.0577518
-0.0513341
-0.0455181
-0.0402638
-0.0355313
-0.0312819
-0.0274774
-0.0240812
-0.0210582
-0.0183749
-0.0159998
-0.0139031
-0.0120572
-0.0104361
-0.00901626
-0.00777567
-0.00669435
-0.00575411
-0.00493845
-0.00423246
-0.00362279
-0.00309746
-0.00264578
-0.00225829
-0.00192659
-0.00164327
-0.00140183
-0.00119655
-0.00102246
-0.000875213
-0.000751025
-0.000646629
-0.000559196
-0.00048629
-0.000425815
-0.000375974
-0.000335229
-0.000302269
-0.000275979
-0.000255414
-0.000239774
-0.000228387
-0.000220689
-0.000216212
-0.000214567
-0.000215436
-0.00021856
-0.000223733
-0.000230794
-0.000239618
-0.000250116
-0.000262227
-0.000275917
-0.000291172
-0.000307997
-0.000326413
-0.000346456
-0.000368173
-0.000391619
-0.000416853
-0.000443937
-0.000472932
-0.000503891
-0.000536851
-0.000571831
-0.000608817
-0.000647751
-0.000688509
-0.000730878
-0.000774513
-0.000818885
-0.000863203
-0.000906322
-0.000946625
-0.000981879
-0.00100905
-0.00102421
-0.00102232
-0.000996454
-0.000938487
-0.000839062
-0.000687727
-0.000473401
-0.000185228
-0.394458
-0.388145
-0.382192
-0.376588
-0.371327
-0.366398
-0.361792
-0.357501
-0.353518
-0.349825
-0.34642
-0.343289
-0.340427
-0.337814
-0.335447
-0.333315
-0.331405
-0.329708
-0.328213
-0.326909
-0.325786
-0.324834
-0.324041
-0.323398
-0.322895
-0.322522
-0.32227
-0.322128
-0.322089
-0.322144
-0.322284
-0.322502
-0.322789
-0.32314
-0.323548
-0.324006
-0.324509
-0.325051
-0.325633
-0.326242
-0.32688
-0.327544
-0.328232
-0.328943
-0.329675
-0.330428
-0.331202
-0.331998
-0.332818
-0.333663
-0.334537
-0.335441
-0.336381
-0.337359
-0.33838
-0.33945
-0.340574
-0.341757
-0.343008
-0.344326
-0.345726
-0.347211
-0.348788
-0.350465
-0.352249
-0.354147
-0.356166
-0.358314
-0.360597
-0.363023
-0.365596
-0.368325
-0.371213
-0.374267
-0.377491
-0.380888
-0.384463
-0.388217
-0.392153
-0.396271
-0.40057
-0.405046
-0.409691
-0.414505
-0.41948
-0.424619
-0.429917
-0.435355
-0.440943
-0.446663
-0.45251
-0.458475
-0.464553
-0.470729
-0.476996
-0.483344
-0.489767
-0.496255
-0.502808
-0.509389
-0.516027
-0.522699
-0.529403
-0.53613
-0.542877
-0.549639
-0.556413
-0.563205
-0.569978
-0.576779
-0.583579
-0.590366
-0.597165
-0.60396
-0.610754
-0.617548
-0.624337
-0.631135
-0.637936
-0.644743
-0.651561
-0.658383
-0.665207
-0.672029
-0.678895
-0.685815
-0.692816
-0.699831
-0.706956
-0.714149
-0.721415
-0.728748
-0.73616
-0.743588
-0.751069
-0.758564
-0.766064
-0.773532
-0.780958
-0.78831
-0.795563
-0.802683
-0.809638
-0.816375
-0.822886
-0.829134
-0.835087
-0.840714
-0.845984
-0.850866
-0.855331
-0.859349
-0.862892
-0.865932
-0.868441
-0.870393
-0.871761
-0.872521
-0.872646
-0.872112
-0.870893
-0.868966
-0.866306
-0.86289
-0.858694
-0.853696
-0.847875
-0.841211
-0.833685
-0.825282
-0.815989
-0.805795
-0.794694
-0.782684
-0.769769
-0.755956
-0.741259
-0.725697
-0.709298
-0.692094
-0.674124
-0.655434
-0.636078
-0.616112
-0.595603
-0.574618
-0.553231
-0.531522
-0.50957
-0.487459
-0.465272
-0.443096
-0.421012
-0.399104
-0.377452
-0.356132
-0.335215
-0.31477
-0.294859
-0.275536
-0.256853
-0.238852
-0.221568
-0.205032
-0.189265
-0.174283
-0.160095
-0.146705
-0.134109
-0.1223
-0.111263
-0.100982
-0.0914349
-0.0825976
-0.0744423
-0.0669394
-0.0600574
-0.0537636
-0.0480244
-0.042806
-0.0380745
-0.0337964
-0.0299386
-0.0264691
-0.0233571
-0.0205727
-0.0180878
-0.0158756
-0.0139108
-0.0121698
-0.0106307
-0.00927317
-0.00807833
-0.00702897
-0.00610931
-0.00530501
-0.00460304
-0.00399162
-0.00346018
-0.0029992
-0.00260019
-0.00225557
-0.0019586
-0.00170334
-0.00148449
-0.00129742
-0.00113804
-0.00100277
-0.000888487
-0.00079245
-0.000712287
-0.000645932
-0.000591601
-0.000547752
-0.000513057
-0.000486379
-0.000466745
-0.00045333
-0.000445433
-0.000442467
-0.000443942
-0.000449455
-0.000458677
-0.000471346
-0.00048726
-0.000506266
-0.000528259
-0.000553173
-0.00058098
-0.000611684
-0.000645317
-0.000681939
-0.000721629
-0.00076449
-0.000810639
-0.000860205
-0.000913327
-0.000970147
-0.0010308
-0.00109542
-0.00116411
-0.00123693
-0.00131388
-0.00139489
-0.00147972
-0.00156794
-0.0016588
-0.0017511
-0.00184297
-0.00193163
-0.00201306
-0.00208157
-0.00212922
-0.00214555
-0.0021157
-0.00202057
-0.00183644
-0.00153444
-0.00108051
-0.00043633
-0.340343
-0.336848
-0.333615
-0.330635
-0.3279
-0.325403
-0.323135
-0.321089
-0.319252
-0.31762
-0.316182
-0.314932
-0.313857
-0.312951
-0.312205
-0.31161
-0.311157
-0.310837
-0.310642
-0.310563
-0.310592
-0.31072
-0.310939
-0.311242
-0.311619
-0.312065
-0.312571
-0.313131
-0.313738
-0.314385
-0.315066
-0.315775
-0.316508
-0.31726
-0.318025
-0.3188
-0.319581
-0.320366
-0.32115
-0.321932
-0.322711
-0.323486
-0.324255
-0.325019
-0.325778
-0.326533
-0.327285
-0.328036
-0.328789
-0.329545
-0.33031
-0.331085
-0.331876
-0.332687
-0.333523
-0.334389
-0.335292
-0.336236
-0.33723
-0.33828
-0.339392
-0.340573
-0.341833
-0.343177
-0.344614
-0.346152
-0.347798
-0.349561
-0.351448
-0.353466
-0.355623
-0.357926
-0.360382
-0.362997
-0.365776
-0.368726
-0.371846
-0.375138
-0.378606
-0.382254
-0.386079
-0.390088
-0.394277
-0.398648
-0.403198
-0.407924
-0.412824
-0.417896
-0.423132
-0.428529
-0.434084
-0.439779
-0.445624
-0.451603
-0.457718
-0.463943
-0.470297
-0.476758
-0.483326
-0.489993
-0.496752
-0.503595
-0.510516
-0.517505
-0.524555
-0.531657
-0.538808
-0.545979
-0.553182
-0.560402
-0.567633
-0.574839
-0.582057
-0.589259
-0.596443
-0.603604
-0.610733
-0.617836
-0.624868
-0.631868
-0.638812
-0.645667
-0.652471
-0.659193
-0.66583
-0.67236
-0.678776
-0.685094
-0.691329
-0.69749
-0.703585
-0.709615
-0.715583
-0.721484
-0.727314
-0.733065
-0.738725
-0.744285
-0.749728
-0.755041
-0.760205
-0.765202
-0.770014
-0.774618
-0.778997
-0.783129
-0.78699
-0.790559
-0.793813
-0.796731
-0.799289
-0.801466
-0.80324
-0.804585
-0.805479
-0.805904
-0.805839
-0.805264
-0.804158
-0.8025
-0.800269
-0.797444
-0.794004
-0.789927
-0.785194
-0.779784
-0.77368
-0.766864
-0.759321
-0.751037
-0.742002
-0.732208
-0.721652
-0.710332
-0.698252
-0.685422
-0.671853
-0.657566
-0.642583
-0.626933
-0.610653
-0.59378
-0.576362
-0.558446
-0.540089
-0.521349
-0.502287
-0.482969
-0.463463
-0.443838
-0.424163
-0.404509
-0.384946
-0.365542
-0.346362
-0.32747
-0.308926
-0.290786
-0.273102
-0.255919
-0.239281
-0.223222
-0.207775
-0.192963
-0.178807
-0.165321
-0.152513
-0.140388
-0.128945
-0.118177
-0.108076
-0.0986291
-0.0898187
-0.0816261
-0.0740296
-0.0670054
-0.0605283
-0.0545718
-0.0491085
-0.0441106
-0.0395502
-0.0353994
-0.0316305
-0.0282167
-0.0251317
-0.0223502
-0.019848
-0.017602
-0.0155902
-0.013792
-0.0121879
-0.01076
-0.00949132
-0.00836635
-0.00737074
-0.0064913
-0.00571598
-0.00503379
-0.00443475
-0.00390981
-0.00345081
-0.0030504
-0.00270197
-0.00239964
-0.0021381
-0.00191268
-0.00171919
-0.00155393
-0.00141363
-0.0012954
-0.0011967
-0.0011153
-0.00104926
-0.000996868
-0.000956647
-0.000927317
-0.000907774
-0.000897072
-0.000894406
-0.000899095
-0.000910572
-0.000928367
-0.000952103
-0.000981481
-0.00101628
-0.00105633
-0.00110154
-0.00115186
-0.00120729
-0.00126787
-0.00133371
-0.00140492
-0.00148167
-0.00156415
-0.00165258
-0.0017472
-0.00184828
-0.0019561
-0.00207094
-0.00219309
-0.00232282
-0.00246036
-0.00260589
-0.00275947
-0.00292097
-0.00308995
-0.00326548
-0.00344588
-0.00362838
-0.00380857
-0.00397977
-0.00413203
-0.00425091
-0.00431601
-0.00429757
-0.00415502
-0.00383418
-0.00326354
-0.00235088
-0.000980741
-0.303857
-0.302346
-0.301026
-0.299887
-0.298924
-0.298129
-0.297495
-0.297011
-0.296672
-0.296472
-0.296398
-0.296446
-0.296608
-0.296876
-0.297242
-0.297698
-0.298237
-0.298852
-0.299533
-0.300277
-0.301074
-0.301918
-0.302803
-0.303722
-0.304669
-0.305638
-0.306623
-0.307618
-0.30862
-0.309622
-0.310622
-0.311613
-0.312594
-0.31356
-0.314508
-0.315436
-0.316342
-0.31723
-0.318081
-0.318911
-0.319715
-0.320491
-0.321242
-0.321967
-0.322666
-0.323343
-0.323999
-0.324636
-0.325256
-0.325864
-0.326462
-0.327054
-0.327645
-0.328238
-0.328838
-0.329452
-0.330083
-0.330738
-0.331423
-0.332143
-0.332906
-0.333718
-0.334584
-0.335517
-0.336513
-0.337589
-0.338748
-0.339998
-0.341346
-0.342798
-0.344363
-0.346046
-0.347853
-0.349791
-0.351862
-0.354073
-0.356428
-0.358931
-0.361588
-0.3644
-0.367372
-0.370506
-0.373804
-0.377267
-0.380897
-0.384692
-0.388655
-0.392784
-0.397077
-0.401534
-0.406153
-0.410931
-0.415866
-0.420954
-0.426192
-0.431576
-0.437102
-0.442765
-0.448558
-0.454478
-0.460515
-0.466664
-0.472917
-0.479266
-0.485701
-0.492214
-0.498797
-0.50544
-0.512134
-0.518869
-0.525638
-0.532432
-0.539243
-0.546063
-0.552884
-0.559696
-0.566492
-0.573263
-0.579999
-0.586694
-0.593341
-0.599933
-0.606465
-0.61293
-0.619322
-0.625636
-0.63185
-0.637937
-0.643892
-0.649711
-0.655393
-0.660935
-0.666335
-0.671589
-0.676694
-0.681644
-0.686435
-0.691058
-0.695507
-0.699772
-0.703843
-0.70771
-0.711362
-0.714787
-0.717974
-0.720907
-0.723572
-0.725954
-0.728037
-0.729806
-0.731243
-0.732332
-0.733056
-0.733397
-0.733339
-0.732863
-0.731953
-0.730589
-0.728753
-0.726428
-0.723595
-0.720234
-0.716327
-0.711864
-0.706831
-0.701213
-0.694997
-0.688168
-0.680717
-0.672636
-0.663918
-0.65456
-0.644562
-0.633929
-0.622667
-0.610787
-0.598306
-0.585241
-0.571617
-0.557461
-0.542804
-0.527683
-0.512137
-0.49621
-0.479948
-0.463399
-0.446617
-0.429654
-0.412567
-0.395411
-0.378243
-0.36112
-0.344098
-0.327231
-0.310572
-0.29417
-0.278075
-0.262329
-0.246974
-0.232047
-0.21758
-0.203603
-0.19014
-0.17721
-0.164829
-0.153009
-0.141758
-0.131078
-0.120969
-0.111426
-0.102444
-0.0940123
-0.0861175
-0.078745
-0.071878
-0.065498
-0.059585
-0.0541182
-0.0490758
-0.0444358
-0.0401757
-0.0362732
-0.0327061
-0.0294523
-0.0264907
-0.0238003
-0.0213614
-0.0191546
-0.0171617
-0.0153654
-0.0137492
-0.0122979
-0.0109969
-0.0098328
-0.00879319
-0.00786649
-0.00704204
-0.00631006
-0.00566158
-0.00508839
-0.00458303
-0.0041387
-0.00374926
-0.00340916
-0.00311336
-0.00285737
-0.00263714
-0.00244904
-0.00228983
-0.00215665
-0.00204692
-0.00195838
-0.00188902
-0.0018371
-0.00180106
-0.00177956
-0.00177144
-0.0017757
-0.00179149
-0.00181807
-0.00185487
-0.00190138
-0.00195723
-0.00202212
-0.00209585
-0.00217828
-0.00226936
-0.00236911
-0.00247758
-0.00259493
-0.00272133
-0.00285703
-0.00300231
-0.00315751
-0.003323
-0.00349919
-0.00368655
-0.00388555
-0.0040967
-0.00432055
-0.00455763
-0.00480848
-0.00507357
-0.00535324
-0.00564758
-0.00595624
-0.00627812
-0.00661098
-0.00695085
-0.00729112
-0.00762133
-0.00792533
-0.00817893
-0.00834521
-0.0083689
-0.00817154
-0.00764038
-0.00661497
-0.00487066
-0.00209935
-0.280133
-0.279963
-0.279934
-0.280035
-0.280265
-0.280614
-0.281073
-0.281638
-0.2823
-0.283053
-0.283889
-0.284799
-0.285778
-0.286819
-0.287915
-0.289058
-0.290241
-0.291459
-0.292705
-0.293972
-0.295255
-0.296549
-0.297846
-0.299142
-0.300431
-0.30171
-0.302974
-0.304217
-0.305437
-0.306629
-0.307794
-0.30892
-0.310016
-0.31107
-0.312087
-0.31306
-0.313997
-0.314883
-0.31573
-0.316533
-0.317294
-0.318013
-0.31869
-0.319329
-0.319929
-0.320493
-0.321025
-0.321525
-0.321998
-0.322447
-0.322874
-0.323284
-0.323681
-0.324068
-0.324451
-0.324834
-0.325222
-0.325621
-0.326035
-0.32647
-0.326933
-0.327428
-0.327962
-0.328539
-0.329167
-0.329853
-0.330601
-0.331418
-0.33231
-0.333283
-0.334344
-0.335498
-0.336752
-0.338109
-0.339577
-0.34116
-0.342863
-0.344691
-0.346647
-0.348736
-0.350961
-0.353325
-0.355831
-0.358481
-0.361276
-0.364219
-0.36731
-0.370549
-0.373936
-0.377471
-0.381153
-0.38498
-0.388951
-0.393063
-0.397313
-0.401698
-0.406213
-0.410856
-0.415621
-0.420503
-0.425497
-0.430597
-0.435796
-0.44109
-0.446471
-0.451933
-0.45747
-0.463074
-0.468739
-0.474459
-0.480226
-0.486033
-0.491873
-0.497739
-0.503623
-0.509519
-0.515418
-0.521314
-0.527198
-0.533065
-0.538907
-0.544718
-0.550489
-0.556214
-0.561886
-0.567499
-0.573045
-0.578501
-0.583845
-0.589067
-0.594157
-0.599107
-0.60391
-0.608557
-0.613041
-0.617355
-0.621492
-0.625444
-0.629205
-0.632764
-0.636115
-0.639248
-0.642156
-0.644828
-0.647255
-0.649426
-0.65133
-0.652954
-0.654286
-0.655315
-0.656028
-0.656411
-0.656451
-0.656135
-0.655449
-0.654379
-0.652911
-0.651031
-0.648726
-0.645981
-0.642783
-0.639119
-0.634976
-0.630344
-0.625211
-0.619568
-0.613406
-0.606718
-0.5995
-0.591746
-0.583457
-0.574633
-0.565276
-0.555387
-0.544988
-0.534103
-0.522753
-0.510952
-0.498724
-0.486092
-0.473084
-0.459731
-0.44607
-0.432135
-0.417966
-0.403603
-0.389088
-0.374466
-0.359779
-0.345072
-0.33039
-0.315776
-0.301274
-0.286925
-0.27277
-0.258847
-0.245192
-0.231838
-0.218817
-0.206155
-0.193878
-0.182007
-0.17056
-0.159552
-0.148995
-0.138896
-0.129263
-0.120095
-0.111395
-0.103157
-0.0953774
-0.0880478
-0.0811588
-0.074699
-0.0686554
-0.0630141
-0.0577597
-0.0528763
-0.0483473
-0.0441555
-0.0402839
-0.0367149
-0.0334313
-0.030416
-0.0276522
-0.0251237
-0.0228146
-0.0207095
-0.018794
-0.017054
-0.0154763
-0.0140483
-0.0127582
-0.0115948
-0.010548
-0.00960783
-0.00876545
-0.00801249
-0.00734125
-0.00674466
-0.00621619
-0.00574987
-0.00534026
-0.00498238
-0.0046717
-0.00440412
-0.00417593
-0.00398377
-0.00382463
-0.0036958
-0.00359486
-0.00351965
-0.00346824
-0.00343896
-0.00343031
-0.00344099
-0.00346988
-0.00351601
-0.00357858
-0.00365691
-0.00375043
-0.00385873
-0.00398148
-0.00411845
-0.00426953
-0.00443466
-0.00461392
-0.0048074
-0.00501534
-0.00523798
-0.00547568
-0.00572885
-0.00599795
-0.00628352
-0.00658614
-0.00690648
-0.00724525
-0.00760322
-0.00798123
-0.00838018
-0.00880099
-0.00924457
-0.00971175
-0.0102031
-0.0107189
-0.0112585
-0.0118203
-0.0124009
-0.0129945
-0.0135912
-0.0141753
-0.0147224
-0.0151944
-0.0155276
-0.0156316
-0.015367
-0.0145188
-0.0127581
-0.00958769
-0.00426657
-0.263933
-0.264641
-0.265456
-0.266373
-0.267384
-0.268484
-0.269662
-0.270914
-0.272233
-0.273611
-0.275045
-0.276517
-0.278031
-0.279577
-0.281149
-0.282739
-0.28434
-0.285948
-0.287556
-0.289158
-0.29075
-0.292327
-0.29388
-0.295409
-0.296905
-0.298369
-0.299796
-0.301178
-0.302518
-0.303811
-0.305055
-0.306245
-0.307387
-0.308469
-0.309499
-0.310472
-0.31139
-0.312252
-0.313058
-0.31381
-0.314507
-0.315152
-0.315746
-0.316291
-0.316789
-0.317242
-0.317654
-0.318027
-0.318365
-0.31867
-0.318944
-0.31919
-0.31942
-0.319625
-0.319819
-0.320008
-0.320186
-0.320367
-0.320552
-0.320747
-0.320957
-0.321186
-0.321438
-0.321719
-0.322036
-0.322392
-0.322793
-0.323244
-0.323751
-0.324318
-0.324951
-0.325655
-0.326436
-0.327298
-0.328247
-0.329287
-0.330423
-0.331659
-0.332999
-0.334446
-0.336005
-0.337678
-0.339468
-0.341377
-0.343408
-0.345561
-0.347839
-0.350242
-0.352771
-0.355425
-0.358205
-0.361109
-0.364137
-0.367286
-0.370556
-0.373943
-0.377445
-0.38106
-0.384783
-0.388611
-0.392541
-0.396568
-0.400688
-0.404895
-0.409186
-0.413555
-0.417996
-0.422505
-0.427075
-0.4317
-0.436376
-0.441094
-0.445851
-0.450638
-0.45545
-0.460281
-0.465124
-0.469973
-0.474821
-0.479662
-0.48449
-0.489298
-0.494081
-0.498831
-0.503543
-0.508209
-0.512825
-0.517384
-0.521856
-0.526211
-0.530443
-0.534544
-0.538507
-0.542324
-0.545989
-0.549493
-0.55283
-0.555992
-0.558972
-0.561761
-0.564352
-0.566737
-0.568906
-0.570852
-0.572565
-0.574034
-0.575251
-0.576205
-0.576887
-0.577285
-0.577389
-0.577189
-0.576674
-0.575833
-0.574656
-0.573132
-0.57125
-0.569001
-0.566375
-0.563361
-0.559951
-0.556136
-0.551909
-0.547262
-0.54219
-0.536688
-0.530753
-0.524382
-0.517576
-0.510337
-0.502667
-0.494573
-0.486061
-0.477142
-0.467828
-0.458131
-0.448071
-0.437664
-0.42693
-0.415889
-0.404561
-0.392976
-0.38119
-0.369235
-0.357142
-0.34494
-0.332659
-0.320332
-0.307991
-0.29567
-0.283402
-0.271218
-0.25915
-0.24723
-0.235486
-0.223946
-0.212637
-0.201581
-0.190802
-0.180319
-0.17015
-0.16031
-0.150811
-0.141664
-0.132878
-0.124458
-0.116407
-0.108728
-0.101419
-0.0944785
-0.0879021
-0.0816841
-0.0758175
-0.0702938
-0.0651036
-0.0602365
-0.0556813
-0.0514263
-0.0474591
-0.0437671
-0.0403376
-0.0371576
-0.0342142
-0.0314947
-0.0289864
-0.0266769
-0.0245543
-0.022607
-0.0208236
-0.0191936
-0.0177065
-0.0163526
-0.0151227
-0.014008
-0.0130001
-0.0120915
-0.0112749
-0.0105434
-0.00989089
-0.00931145
-0.00879971
-0.00835068
-0.0079598
-0.00762285
-0.00733597
-0.00709566
-0.00689871
-0.00674222
-0.00662355
-0.00654035
-0.00649048
-0.00647204
-0.00648336
-0.00652295
-0.00658951
-0.00668191
-0.00679919
-0.00694054
-0.00710529
-0.00729291
-0.00750299
-0.00773526
-0.00798952
-0.00826572
-0.00856389
-0.00888416
-0.00922675
-0.00959196
-0.00998021
-0.010392
-0.0108278
-0.0112883
-0.0117742
-0.0122864
-0.0128257
-0.0133931
-0.0139895
-0.0146163
-0.0152744
-0.0159651
-0.0166894
-0.0174483
-0.0182421
-0.0190709
-0.0199336
-0.0208282
-0.0217508
-0.0226952
-0.0236518
-0.0246061
-0.0255366
-0.0264032
-0.0271474
-0.0276859
-0.0278808
-0.0275032
-0.0261766
-0.023284
-0.0178228
-0.00817749
-0.250264
-0.251532
-0.25289
-0.254331
-0.255848
-0.257436
-0.259083
-0.260787
-0.26254
-0.264334
-0.266163
-0.26802
-0.269898
-0.271791
-0.273691
-0.275596
-0.277491
-0.279378
-0.281248
-0.283097
-0.284918
-0.28671
-0.28846
-0.290174
-0.291837
-0.293455
-0.295024
-0.296532
-0.297986
-0.299382
-0.300719
-0.301987
-0.303194
-0.304337
-0.305412
-0.306422
-0.307368
-0.308243
-0.309055
-0.309803
-0.310487
-0.31111
-0.311671
-0.312176
-0.312625
-0.313021
-0.313366
-0.313664
-0.313923
-0.314144
-0.314302
-0.31444
-0.314547
-0.314628
-0.314686
-0.314722
-0.314746
-0.314755
-0.31476
-0.314761
-0.314767
-0.314774
-0.314798
-0.314825
-0.314878
-0.314953
-0.315053
-0.315187
-0.315357
-0.315568
-0.315824
-0.31613
-0.31649
-0.316908
-0.31739
-0.317938
-0.318557
-0.31925
-0.320021
-0.320873
-0.321809
-0.322832
-0.323944
-0.325147
-0.326445
-0.327837
-0.329327
-0.330915
-0.332601
-0.334388
-0.336274
-0.338261
-0.340347
-0.342532
-0.344815
-0.347195
-0.349672
-0.352242
-0.354906
-0.357659
-0.3605
-0.363426
-0.366435
-0.369522
-0.372684
-0.375918
-0.37922
-0.382585
-0.386009
-0.389488
-0.393018
-0.396592
-0.400206
-0.403856
-0.407535
-0.411238
-0.41496
-0.418695
-0.422437
-0.426181
-0.42992
-0.433649
-0.437362
-0.441053
-0.444716
-0.448345
-0.451935
-0.455479
-0.458974
-0.4624
-0.465721
-0.468919
-0.471987
-0.47492
-0.477711
-0.480355
-0.482844
-0.485174
-0.487337
-0.489326
-0.491134
-0.492755
-0.49418
-0.495401
-0.496412
-0.497203
-0.497766
-0.498094
-0.498178
-0.498009
-0.49758
-0.496882
-0.495908
-0.494649
-0.493097
-0.491247
-0.489089
-0.486619
-0.483828
-0.480712
-0.477266
-0.473484
-0.469364
-0.464901
-0.460094
-0.454943
-0.449446
-0.443605
-0.437423
-0.430903
-0.424051
-0.416872
-0.40938
-0.401585
-0.393494
-0.385126
-0.376493
-0.367613
-0.358503
-0.349182
-0.33967
-0.32999
-0.320164
-0.310216
-0.300165
-0.290038
-0.279894
-0.269756
-0.259647
-0.249588
-0.2396
-0.229704
-0.219923
-0.210276
-0.200783
-0.191463
-0.182335
-0.173414
-0.164716
-0.156254
-0.148041
-0.140085
-0.132397
-0.124983
-0.117848
-0.110997
-0.104432
-0.0981543
-0.0921628
-0.086456
-0.0810311
-0.0758841
-0.0710101
-0.0664032
-0.0620568
-0.0579637
-0.0541161
-0.0505057
-0.0471239
-0.0439619
-0.0410107
-0.038261
-0.0357038
-0.0333298
-0.0311302
-0.029096
-0.0272185
-0.0254893
-0.0239003
-0.0224435
-0.0211114
-0.0198968
-0.0187927
-0.0177926
-0.0168903
-0.01608
-0.015356
-0.0147133
-0.0141471
-0.0136527
-0.0132261
-0.0128633
-0.0125607
-0.012315
-0.0121233
-0.0119825
-0.0118904
-0.0118444
-0.0118426
-0.0118831
-0.0119641
-0.0120843
-0.0122422
-0.0124367
-0.0126669
-0.0129319
-0.0132311
-0.0135638
-0.0139297
-0.0143285
-0.0147601
-0.0152243
-0.0157213
-0.0162511
-0.0168142
-0.0174107
-0.0180413
-0.0187064
-0.0194067
-0.0201429
-0.0209159
-0.0217266
-0.022576
-0.0234649
-0.0243946
-0.0253659
-0.0263797
-0.0274366
-0.0285368
-0.02968
-0.0308656
-0.0320918
-0.0333561
-0.0346548
-0.0359827
-0.0373326
-0.0386972
-0.0400616
-0.0414064
-0.0427108
-0.0439463
-0.0450767
-0.0460388
-0.04672
-0.0469239
-0.0463066
-0.044266
-0.0397489
-0.0309203
-0.0145997
-0.234975
-0.236558
-0.238222
-0.239965
-0.241778
-0.243654
-0.245589
-0.247573
-0.249602
-0.251668
-0.253766
-0.255885
-0.258023
-0.260172
-0.262329
-0.264479
-0.266625
-0.268757
-0.27087
-0.272959
-0.275019
-0.277044
-0.279031
-0.280974
-0.28287
-0.284712
-0.286501
-0.288234
-0.289901
-0.291506
-0.293045
-0.294514
-0.295913
-0.29724
-0.298493
-0.299671
-0.300776
-0.301806
-0.30276
-0.303641
-0.304449
-0.305184
-0.30585
-0.306446
-0.306976
-0.307443
-0.307844
-0.308191
-0.308488
-0.308724
-0.308893
-0.30903
-0.309124
-0.309178
-0.309194
-0.309178
-0.309133
-0.309062
-0.308968
-0.308857
-0.308731
-0.308595
-0.308458
-0.30832
-0.308161
-0.308016
-0.307882
-0.307761
-0.307655
-0.307569
-0.307506
-0.307471
-0.307467
-0.307497
-0.307566
-0.307676
-0.307831
-0.308032
-0.308281
-0.308587
-0.308948
-0.309364
-0.309841
-0.310381
-0.310985
-0.311654
-0.312389
-0.313192
-0.314064
-0.315007
-0.31602
-0.317104
-0.318259
-0.319486
-0.320785
-0.322157
-0.323602
-0.325119
-0.326709
-0.32837
-0.330102
-0.331903
-0.333772
-0.335707
-0.337705
-0.339765
-0.341884
-0.344059
-0.346289
-0.348569
-0.350897
-0.353268
-0.355681
-0.358131
-0.360613
-0.363124
-0.36566
-0.368215
-0.370786
-0.373367
-0.375954
-0.378542
-0.381125
-0.3837
-0.38626
-0.388801
-0.391318
-0.393805
-0.396257
-0.398671
-0.401041
-0.403346
-0.405553
-0.407632
-0.409581
-0.411395
-0.413071
-0.414604
-0.415991
-0.417226
-0.418305
-0.419221
-0.41997
-0.420545
-0.42094
-0.42115
-0.421166
-0.420983
-0.420594
-0.419992
-0.419172
-0.418127
-0.416851
-0.41534
-0.413588
-0.411591
-0.409344
-0.406842
-0.404083
-0.401063
-0.397782
-0.394233
-0.390422
-0.386345
-0.382007
-0.377405
-0.372547
-0.367432
-0.362067
-0.356452
-0.350598
-0.344507
-0.338191
-0.331658
-0.324919
-0.317986
-0.310871
-0.303588
-0.296149
-0.288571
-0.280869
-0.273059
-0.265158
-0.257183
-0.249152
-0.241082
-0.23299
-0.224905
-0.216871
-0.208901
-0.201009
-0.193207
-0.185508
-0.177925
-0.170471
-0.163158
-0.155997
-0.148999
-0.142174
-0.135531
-0.129078
-0.122821
-0.116767
-0.110919
-0.105283
-0.0998603
-0.094653
-0.0896617
-0.0848866
-0.0803265
-0.0759797
-0.0718439
-0.0679159
-0.064192
-0.060668
-0.0573393
-0.0542008
-0.0512472
-0.0484729
-0.045872
-0.0434386
-0.0411667
-0.0390502
-0.037083
-0.035259
-0.0335723
-0.0320169
-0.0305873
-0.0292777
-0.0280829
-0.0269975
-0.0260166
-0.0251353
-0.0243492
-0.0236538
-0.0230451
-0.0225191
-0.0220722
-0.0217011
-0.0214024
-0.0211732
-0.0210107
-0.0209124
-0.020876
-0.0208993
-0.0209802
-0.0211171
-0.0213083
-0.0215524
-0.0218481
-0.0221942
-0.0225898
-0.0230341
-0.0235263
-0.0240659
-0.0246523
-0.0252853
-0.0259646
-0.0266902
-0.0274619
-0.02828
-0.0291447
-0.0300563
-0.0310153
-0.0320221
-0.0330773
-0.0341814
-0.035335
-0.0365386
-0.0377925
-0.039097
-0.0404523
-0.0418581
-0.043314
-0.0448191
-0.0463717
-0.0479691
-0.0496073
-0.0512807
-0.0529828
-0.0547064
-0.0564355
-0.0581561
-0.0598576
-0.0615304
-0.0631656
-0.0647532
-0.0662873
-0.0677614
-0.0691617
-0.0704634
-0.0716242
-0.0725684
-0.0731587
-0.0731425
-0.0720513
-0.0690135
-0.062407
-0.0492163
-0.023854
-0.215665
-0.217346
-0.219115
-0.220963
-0.222888
-0.224883
-0.226942
-0.229058
-0.231226
-0.23344
-0.235694
-0.237981
-0.240296
-0.242635
-0.244985
-0.247349
-0.249716
-0.252083
-0.254445
-0.25679
-0.259121
-0.261429
-0.26371
-0.265959
-0.268167
-0.270333
-0.272455
-0.274519
-0.27653
-0.278482
-0.280369
-0.282193
-0.283942
-0.285622
-0.287228
-0.288759
-0.29021
-0.291585
-0.292881
-0.294097
-0.295232
-0.296289
-0.297265
-0.298165
-0.298984
-0.29973
-0.300397
-0.300993
-0.301527
-0.301989
-0.302365
-0.302695
-0.302965
-0.303176
-0.303334
-0.303439
-0.303496
-0.303507
-0.303477
-0.303406
-0.303301
-0.303167
-0.303012
-0.302821
-0.302593
-0.302356
-0.302108
-0.301848
-0.301578
-0.301303
-0.301025
-0.300749
-0.300476
-0.30021
-0.299954
-0.299716
-0.299492
-0.29927
-0.29908
-0.298918
-0.298782
-0.298659
-0.29857
-0.298514
-0.298495
-0.298508
-0.298546
-0.298628
-0.298748
-0.298907
-0.299105
-0.299347
-0.299621
-0.299942
-0.300308
-0.300718
-0.301175
-0.30168
-0.302233
-0.302834
-0.303485
-0.304185
-0.304934
-0.305732
-0.306579
-0.307474
-0.308416
-0.309404
-0.310437
-0.311513
-0.312632
-0.313791
-0.314988
-0.316222
-0.317489
-0.318788
-0.320114
-0.321466
-0.32284
-0.324232
-0.325638
-0.327056
-0.328481
-0.32991
-0.331339
-0.332765
-0.334182
-0.335588
-0.336978
-0.338348
-0.339694
-0.34101
-0.342293
-0.343539
-0.34472
-0.34581
-0.346784
-0.347633
-0.348356
-0.348953
-0.349421
-0.349759
-0.349964
-0.35003
-0.349955
-0.349734
-0.349361
-0.348833
-0.34814
-0.347282
-0.346253
-0.345049
-0.343662
-0.342097
-0.340348
-0.338408
-0.336279
-0.333958
-0.331436
-0.328718
-0.325799
-0.32268
-0.319364
-0.315853
-0.31215
-0.308258
-0.304183
-0.299928
-0.295497
-0.290895
-0.286129
-0.281203
-0.276124
-0.2709
-0.265538
-0.260047
-0.254437
-0.248716
-0.242896
-0.236986
-0.230999
-0.224945
-0.218837
-0.212687
-0.206506
-0.200307
-0.194101
-0.187913
-0.181773
-0.175693
-0.169681
-0.163746
-0.157896
-0.152139
-0.146483
-0.140937
-0.135508
-0.130202
-0.125027
-0.119987
-0.115089
-0.110337
-0.105735
-0.101287
-0.0969945
-0.0928604
-0.088886
-0.0850723
-0.0814196
-0.0779276
-0.0745958
-0.071423
-0.0684075
-0.0655474
-0.0628405
-0.0602841
-0.0578754
-0.0556112
-0.0534884
-0.0515035
-0.0496529
-0.0479331
-0.0463405
-0.0448712
-0.0435217
-0.0422882
-0.0411673
-0.0401552
-0.0392487
-0.0384442
-0.0377386
-0.0371286
-0.0366114
-0.0361839
-0.0358435
-0.0355876
-0.0354138
-0.0353198
-0.0353034
-0.0353628
-0.0354961
-0.0357017
-0.0359781
-0.0363239
-0.0367378
-0.0372188
-0.0377659
-0.0383781
-0.0390547
-0.0397951
-0.0405987
-0.0414651
-0.042394
-0.0433851
-0.0444381
-0.0455529
-0.0467292
-0.0479669
-0.0492655
-0.0506249
-0.0520445
-0.053524
-0.0550629
-0.0566609
-0.0583177
-0.0600328
-0.0618053
-0.0636333
-0.065514
-0.0674429
-0.0694142
-0.0714224
-0.0734512
-0.0754839
-0.0775074
-0.0795104
-0.0814829
-0.0834158
-0.0853008
-0.0871302
-0.0888965
-0.0906011
-0.0922435
-0.0938207
-0.0953284
-0.096762
-0.0981162
-0.099385
-0.10056
-0.101629
-0.102569
-0.10334
-0.103863
-0.103988
-0.103418
-0.101576
-0.0973258
-0.0884363
-0.0705189
-0.0349549
-0.192303
-0.193892
-0.195574
-0.197346
-0.199201
-0.201136
-0.203145
-0.205225
-0.20737
-0.209575
-0.211835
-0.214147
-0.216502
-0.218899
-0.221331
-0.223793
-0.226281
-0.228786
-0.231308
-0.23384
-0.236373
-0.238906
-0.241433
-0.243949
-0.246447
-0.248924
-0.251373
-0.253791
-0.256172
-0.258512
-0.260809
-0.263052
-0.265245
-0.26738
-0.269457
-0.271473
-0.273418
-0.275298
-0.277108
-0.278845
-0.280508
-0.282095
-0.283603
-0.285033
-0.286383
-0.287655
-0.288841
-0.289949
-0.290978
-0.291932
-0.292795
-0.29359
-0.294308
-0.294952
-0.295522
-0.296021
-0.296452
-0.296814
-0.297112
-0.297348
-0.297524
-0.297642
-0.297716
-0.297734
-0.297682
-0.297598
-0.297473
-0.297308
-0.297105
-0.296868
-0.296601
-0.296305
-0.295984
-0.295641
-0.295281
-0.294908
-0.294518
-0.294102
-0.293691
-0.29328
-0.292859
-0.292427
-0.291999
-0.291577
-0.291162
-0.290744
-0.290322
-0.289918
-0.289521
-0.289135
-0.288764
-0.288398
-0.288029
-0.287685
-0.287355
-0.287041
-0.286742
-0.286461
-0.286197
-0.285953
-0.285729
-0.285527
-0.285342
-0.285185
-0.285049
-0.284938
-0.284851
-0.284789
-0.284752
-0.284741
-0.284755
-0.284794
-0.284859
-0.284948
-0.285062
-0.285199
-0.285358
-0.285537
-0.285736
-0.285953
-0.286186
-0.286433
-0.286693
-0.286963
-0.287242
-0.287526
-0.287815
-0.288106
-0.288396
-0.288683
-0.288965
-0.28924
-0.289501
-0.289752
-0.289988
-0.290212
-0.290417
-0.290597
-0.29073
-0.290792
-0.290774
-0.29066
-0.290435
-0.290108
-0.289676
-0.289131
-0.288479
-0.287712
-0.286828
-0.285825
-0.284701
-0.283449
-0.282072
-0.280568
-0.278931
-0.277166
-0.275271
-0.273239
-0.271073
-0.268771
-0.266332
-0.263758
-0.26105
-0.258209
-0.255238
-0.252141
-0.248919
-0.245578
-0.24212
-0.238549
-0.234871
-0.231089
-0.227209
-0.223235
-0.219173
-0.21503
-0.210811
-0.206524
-0.202175
-0.197772
-0.193323
-0.188835
-0.184316
-0.179775
-0.175218
-0.170655
-0.166113
-0.161604
-0.157135
-0.152713
-0.148344
-0.144034
-0.139791
-0.135619
-0.131525
-0.127514
-0.123591
-0.119761
-0.116029
-0.112398
-0.108872
-0.105455
-0.10215
-0.0989594
-0.0958852
-0.0929295
-0.0900936
-0.0873788
-0.0847858
-0.0823151
-0.0799667
-0.0777406
-0.0756363
-0.0736532
-0.0717903
-0.0700466
-0.0684207
-0.0669114
-0.065517
-0.0642358
-0.0630662
-0.0620062
-0.0610541
-0.0602079
-0.0594657
-0.0588256
-0.0582856
-0.0578438
-0.0574984
-0.0572473
-0.0570889
-0.0570213
-0.0570427
-0.0571517
-0.0573466
-0.057626
-0.0579886
-0.0584333
-0.0589592
-0.0595654
-0.0602512
-0.0610162
-0.0618599
-0.0627821
-0.0637824
-0.0648605
-0.066016
-0.0672486
-0.0685575
-0.0699421
-0.0714015
-0.0729349
-0.0745414
-0.0762203
-0.077971
-0.0797928
-0.0816845
-0.0836442
-0.0856688
-0.0877538
-0.0898929
-0.0920797
-0.0942918
-0.0965104
-0.0987207
-0.10091
-0.103066
-0.105179
-0.10724
-0.10924
-0.111173
-0.113032
-0.114819
-0.116538
-0.118186
-0.119761
-0.121257
-0.122673
-0.124005
-0.125251
-0.126407
-0.127471
-0.128441
-0.129317
-0.130098
-0.130782
-0.131367
-0.131851
-0.132229
-0.132492
-0.132622
-0.132584
-0.132303
-0.131624
-0.130231
-0.127476
-0.122033
-0.111181
-0.0893378
-0.0450336
-0.166882
-0.168249
-0.169708
-0.171258
-0.172895
-0.174615
-0.176414
-0.178291
-0.18024
-0.182258
-0.184342
-0.186488
-0.188692
-0.190951
-0.19326
-0.195617
-0.198016
-0.200454
-0.202927
-0.20543
-0.20796
-0.210513
-0.213081
-0.215664
-0.218256
-0.220851
-0.223448
-0.22604
-0.228626
-0.231198
-0.233757
-0.236295
-0.23881
-0.241298
-0.243755
-0.246177
-0.248562
-0.250905
-0.253203
-0.255452
-0.257652
-0.259793
-0.26188
-0.263907
-0.265872
-0.267772
-0.269605
-0.271369
-0.273063
-0.274686
-0.276234
-0.277708
-0.279106
-0.280431
-0.281671
-0.282838
-0.283927
-0.284939
-0.285874
-0.286734
-0.287518
-0.288228
-0.288867
-0.289437
-0.289936
-0.290359
-0.290721
-0.291019
-0.291256
-0.291433
-0.291552
-0.291616
-0.291628
-0.29159
-0.291506
-0.291383
-0.291217
-0.290996
-0.290753
-0.290479
-0.290178
-0.289836
-0.289471
-0.289086
-0.288686
-0.288257
-0.287799
-0.287335
-0.286852
-0.286361
-0.285853
-0.285322
-0.284767
-0.284208
-0.283636
-0.283051
-0.282454
-0.281845
-0.281225
-0.280595
-0.279955
-0.279304
-0.278646
-0.27798
-0.277307
-0.27663
-0.275941
-0.275251
-0.274557
-0.273859
-0.273157
-0.272454
-0.271748
-0.271042
-0.270334
-0.269627
-0.268923
-0.268214
-0.26751
-0.266806
-0.266104
-0.265404
-0.264705
-0.264007
-0.263311
-0.262615
-0.26192
-0.261225
-0.260529
-0.259833
-0.259131
-0.258429
-0.257723
-0.257013
-0.256297
-0.255575
-0.254846
-0.254109
-0.253363
-0.252607
-0.251844
-0.251069
-0.250283
-0.249473
-0.248626
-0.247737
-0.246798
-0.245801
-0.24474
-0.24361
-0.242406
-0.241128
-0.239773
-0.238339
-0.236826
-0.235233
-0.233561
-0.23181
-0.229981
-0.228074
-0.226088
-0.224023
-0.221881
-0.219661
-0.217365
-0.214994
-0.212549
-0.210032
-0.207447
-0.204794
-0.202078
-0.199301
-0.196466
-0.193578
-0.190639
-0.187654
-0.184628
-0.181564
-0.178467
-0.175343
-0.172196
-0.169029
-0.165851
-0.162678
-0.159518
-0.156375
-0.153255
-0.150165
-0.147108
-0.144091
-0.141118
-0.138193
-0.135322
-0.132508
-0.129756
-0.12707
-0.124453
-0.121909
-0.119442
-0.117054
-0.114748
-0.112527
-0.110393
-0.108349
-0.106396
-0.104536
-0.10277
-0.101101
-0.0995284
-0.0980535
-0.0966769
-0.0953991
-0.0942203
-0.0931406
-0.0921599
-0.0912781
-0.0904949
-0.0898097
-0.0892222
-0.0887317
-0.0883377
-0.0880393
-0.0878361
-0.0877271
-0.0877117
-0.087789
-0.087958
-0.0882179
-0.0885675
-0.0890056
-0.0895309
-0.090142
-0.0908372
-0.0916151
-0.092474
-0.0934122
-0.0944283
-0.095521
-0.0966897
-0.0979338
-0.0992536
-0.100649
-0.102122
-0.103672
-0.105302
-0.107012
-0.108801
-0.11067
-0.112615
-0.114632
-0.116713
-0.11884
-0.120991
-0.123148
-0.125295
-0.127418
-0.129502
-0.131534
-0.133504
-0.135404
-0.137224
-0.138954
-0.140599
-0.142164
-0.143647
-0.145045
-0.146355
-0.147575
-0.148703
-0.149737
-0.150678
-0.151526
-0.152282
-0.152943
-0.15351
-0.15398
-0.154353
-0.154632
-0.154816
-0.154905
-0.154902
-0.154806
-0.15462
-0.154346
-0.153985
-0.15354
-0.153011
-0.1524
-0.151705
-0.15092
-0.15003
-0.149003
-0.147768
-0.146173
-0.143903
-0.140297
-0.133972
-0.12202
-0.0983221
-0.0499783
-0.141526
-0.14263
-0.143819
-0.145092
-0.146447
-0.14788
-0.149389
-0.150973
-0.152628
-0.154352
-0.156143
-0.157997
-0.159913
-0.161888
-0.163919
-0.166004
-0.168139
-0.170323
-0.172552
-0.174824
-0.177136
-0.179485
-0.181868
-0.184282
-0.186725
-0.189192
-0.191682
-0.194192
-0.196717
-0.199256
-0.201805
-0.204362
-0.206922
-0.209483
-0.212042
-0.214593
-0.217135
-0.219665
-0.222177
-0.22467
-0.227141
-0.229587
-0.232005
-0.234388
-0.236739
-0.239053
-0.24133
-0.24356
-0.245746
-0.247887
-0.24997
-0.252004
-0.253981
-0.255901
-0.257761
-0.259561
-0.261297
-0.26297
-0.264578
-0.26612
-0.267594
-0.269001
-0.270342
-0.271607
-0.272809
-0.273941
-0.275005
-0.276
-0.276926
-0.277789
-0.278577
-0.279306
-0.279961
-0.280559
-0.281092
-0.281564
-0.281977
-0.282333
-0.282634
-0.282879
-0.283076
-0.283224
-0.283325
-0.28338
-0.283393
-0.283367
-0.283303
-0.283201
-0.283064
-0.282894
-0.282692
-0.28246
-0.282198
-0.281904
-0.281578
-0.281223
-0.280841
-0.280431
-0.279993
-0.279529
-0.279037
-0.278519
-0.277975
-0.277406
-0.276812
-0.276194
-0.275546
-0.274877
-0.274184
-0.273467
-0.272726
-0.271962
-0.271172
-0.270363
-0.269531
-0.268675
-0.267801
-0.266905
-0.265988
-0.265052
-0.264099
-0.26312
-0.262128
-0.261117
-0.260089
-0.259044
-0.257983
-0.256905
-0.255812
-0.254703
-0.253579
-0.25244
-0.251286
-0.250117
-0.248933
-0.247735
-0.246523
-0.245297
-0.244054
-0.242799
-0.241528
-0.240242
-0.23894
-0.237621
-0.236286
-0.234934
-0.233565
-0.23218
-0.23078
-0.229363
-0.227927
-0.22647
-0.22499
-0.223485
-0.221955
-0.2204
-0.218821
-0.217216
-0.215585
-0.213925
-0.212235
-0.210514
-0.208762
-0.206978
-0.205163
-0.203316
-0.201439
-0.199531
-0.197595
-0.195632
-0.193642
-0.191629
-0.189593
-0.187537
-0.185462
-0.183372
-0.181267
-0.179156
-0.177045
-0.174938
-0.172837
-0.170745
-0.168667
-0.166606
-0.164566
-0.162551
-0.160564
-0.158609
-0.15669
-0.15481
-0.152973
-0.151181
-0.149438
-0.147747
-0.146111
-0.144532
-0.143013
-0.141557
-0.140167
-0.138843
-0.137589
-0.136407
-0.135298
-0.134264
-0.133307
-0.132428
-0.131628
-0.130908
-0.130269
-0.129713
-0.129238
-0.128847
-0.128538
-0.128312
-0.128169
-0.128108
-0.12813
-0.128233
-0.128418
-0.128683
-0.129028
-0.129453
-0.129958
-0.130542
-0.131205
-0.131946
-0.132766
-0.133664
-0.134638
-0.135687
-0.136809
-0.138003
-0.139265
-0.140592
-0.141978
-0.143419
-0.144904
-0.146417
-0.147946
-0.149483
-0.151017
-0.152543
-0.154054
-0.155545
-0.157012
-0.158451
-0.159859
-0.161235
-0.162577
-0.16387
-0.165096
-0.166251
-0.167337
-0.168354
-0.169297
-0.170161
-0.17094
-0.17163
-0.17223
-0.172739
-0.173155
-0.173474
-0.173698
-0.173825
-0.173856
-0.173791
-0.17363
-0.173376
-0.173028
-0.172591
-0.172065
-0.171452
-0.170755
-0.169976
-0.169116
-0.16818
-0.167168
-0.166085
-0.164933
-0.163715
-0.162435
-0.161098
-0.159707
-0.158263
-0.15677
-0.155229
-0.153646
-0.152021
-0.150354
-0.148637
-0.146858
-0.144987
-0.142963
-0.140643
-0.137716
-0.133554
-0.126851
-0.1149
-0.0920421
-0.0464444
-0.118287
-0.119192
-0.120171
-0.121223
-0.122345
-0.123536
-0.124794
-0.126117
-0.127503
-0.128951
-0.130458
-0.132024
-0.133646
-0.135322
-0.13705
-0.13883
-0.140658
-0.142534
-0.144454
-0.146418
-0.148423
-0.150468
-0.15255
-0.154668
-0.156819
-0.159002
-0.161214
-0.163454
-0.16572
-0.168007
-0.170317
-0.172644
-0.174988
-0.177347
-0.179716
-0.182095
-0.18448
-0.186869
-0.18926
-0.191649
-0.194035
-0.196415
-0.198786
-0.201146
-0.203493
-0.205823
-0.208135
-0.210426
-0.212691
-0.214932
-0.217145
-0.21933
-0.221479
-0.223599
-0.225682
-0.22773
-0.229742
-0.23171
-0.23364
-0.235526
-0.237368
-0.239163
-0.240912
-0.242612
-0.244263
-0.245861
-0.24741
-0.248906
-0.25035
-0.251739
-0.253076
-0.254358
-0.255586
-0.256758
-0.257876
-0.25894
-0.25995
-0.260907
-0.261813
-0.262665
-0.263467
-0.264218
-0.26492
-0.265574
-0.266181
-0.26674
-0.267253
-0.267722
-0.268147
-0.26853
-0.268872
-0.269174
-0.269436
-0.269656
-0.269841
-0.269989
-0.270101
-0.270177
-0.270222
-0.270231
-0.27021
-0.270152
-0.270068
-0.269949
-0.269802
-0.269624
-0.269419
-0.269177
-0.268911
-0.268616
-0.268294
-0.267942
-0.267568
-0.267159
-0.26673
-0.266275
-0.265797
-0.265295
-0.264774
-0.264224
-0.263658
-0.263074
-0.262464
-0.26184
-0.261196
-0.260533
-0.259855
-0.259151
-0.258434
-0.257699
-0.256948
-0.256178
-0.255393
-0.254591
-0.25377
-0.252932
-0.252076
-0.251201
-0.250307
-0.249394
-0.248461
-0.247507
-0.246533
-0.245536
-0.244517
-0.243475
-0.24241
-0.24132
-0.240206
-0.239067
-0.237904
-0.236715
-0.235502
-0.234263
-0.232998
-0.231707
-0.23039
-0.229049
-0.227687
-0.226307
-0.22491
-0.223499
-0.222074
-0.220638
-0.219193
-0.217745
-0.216296
-0.214849
-0.213405
-0.211966
-0.210532
-0.209105
-0.207686
-0.206275
-0.204874
-0.203483
-0.202105
-0.200742
-0.199394
-0.198064
-0.196754
-0.195465
-0.194201
-0.192964
-0.191755
-0.190577
-0.189432
-0.188323
-0.187252
-0.186219
-0.185229
-0.184282
-0.18338
-0.182526
-0.181719
-0.180963
-0.180258
-0.179607
-0.179009
-0.178467
-0.177983
-0.177556
-0.177189
-0.176881
-0.176634
-0.176449
-0.176326
-0.176266
-0.176268
-0.176333
-0.17646
-0.176648
-0.176897
-0.177205
-0.177572
-0.177994
-0.178471
-0.179
-0.179576
-0.180193
-0.180843
-0.181522
-0.182226
-0.182951
-0.183694
-0.184447
-0.185202
-0.185953
-0.186688
-0.1874
-0.18808
-0.188718
-0.18931
-0.189849
-0.190332
-0.190753
-0.191115
-0.191422
-0.191678
-0.191882
-0.192033
-0.19213
-0.192173
-0.19216
-0.19209
-0.191961
-0.191774
-0.191525
-0.191203
-0.190812
-0.190349
-0.189811
-0.189197
-0.188506
-0.187736
-0.186888
-0.185963
-0.184962
-0.183885
-0.182732
-0.181502
-0.180198
-0.178821
-0.177373
-0.175856
-0.174273
-0.172626
-0.170915
-0.169147
-0.167328
-0.165466
-0.163565
-0.161626
-0.15965
-0.15764
-0.155596
-0.153523
-0.151421
-0.149295
-0.147148
-0.144987
-0.142817
-0.140641
-0.138459
-0.136271
-0.134082
-0.131895
-0.129713
-0.127532
-0.125342
-0.123125
-0.120852
-0.118456
-0.115798
-0.112597
-0.108303
-0.101825
-0.091014
-0.0716037
-0.0351187
)
;

boundaryField
{
    Inlet
    {
        type            zeroGradient;
    }
    BotOutlet1
    {
        type            zeroGradient;
    }
    BotOutlet2
    {
        type            zeroGradient;
    }
    TopInlet
    {
        type            zeroGradient;
    }
    FreeStream
    {
        type            zeroGradient;
    }
    FrontNBack
    {
        type            empty;
    }
    LeftSide
    {
        type            zeroGradient;
    }
    procBoundary1to0
    {
        type            processor;
        value           nonuniform List<scalar> 
400
(
-11962
-11428.2
-10900.3
-10381.4
-9873.83
-9379.06
-8898.07
-8431.42
-7979.03
-7540.63
-7115.53
-6702.91
-6301.78
-5911.06
-5529.64
-5156.48
-4790.65
-4431.35
-4077.96
-3730.11
-3387.63
-3050.56
-2719.14
-2393.76
-2074.84
-1762.97
-1458.29
-1160.45
-872.569
-587.642
-244.33
-2.31437
-0.0532366
-0.0164463
-0.00238519
-0.123196
-0.246703
-0.393513
-0.469524
-0.584429
-0.683528
-0.786233
-0.889195
-0.984951
-1.07311
-1.15574
-1.2337
-1.30957
-1.38453
-1.45829
-1.53033
-1.60003
-1.66683
-1.73027
-1.79002
-1.84585
-1.89762
-1.94527
-1.9888
-2.02828
-2.06377
-2.09541
-2.12332
-2.14764
-2.16845
-2.18588
-2.2001
-2.21137
-2.2199
-2.2259
-2.22953
-2.23096
-2.23032
-2.22773
-2.22332
-2.21719
-2.20942
-2.20012
-2.18935
-2.17719
-2.1637
-2.149
-2.1332
-2.11637
-2.09859
-2.07992
-2.06043
-2.04018
-2.01924
-1.99768
-1.97555
-1.95292
-1.92986
-1.90642
-1.88266
-1.85865
-1.83444
-1.81009
-1.78565
-1.76118
-1.74239
-1.72883
-1.71517
-1.70144
-1.68762
-1.67373
-1.65978
-1.64576
-1.63169
-1.61758
-1.60343
-1.58924
-1.57504
-1.56082
-1.54661
-1.5324
-1.51821
-1.50405
-1.48993
-1.47586
-1.46184
-1.44789
-1.43402
-1.42023
-1.40653
-1.39292
-1.37942
-1.36604
-1.3528
-1.3397
-1.32675
-1.31396
-1.30135
-1.28891
-1.27665
-1.26459
-1.25272
-1.24106
-1.22959
-1.21834
-1.2073
-1.19648
-1.18588
-1.1755
-1.16534
-1.15541
-1.14571
-1.13624
-1.12699
-1.11799
-1.10924
-1.10071
-1.09241
-1.08434
-1.07652
-1.06896
-1.06165
-1.05459
-1.0478
-1.04122
-1.03489
-1.02883
-1.02303
-1.01749
-1.01222
-1.00721
-1.00247
-0.997996
-0.993792
-0.989857
-0.986196
-0.982808
-0.979698
-0.976868
-0.974324
-0.972085
-0.970126
-0.968454
-0.967078
-0.966005
-0.965244
-0.964771
-0.964592
-0.964702
-0.96512
-0.965871
-0.966951
-0.968369
-0.970129
-0.972239
-0.974703
-0.977553
-0.980745
-0.984313
-0.988237
-0.99255
-0.997248
-1.00233
-1.00781
-1.0137
-1.01999
-1.02668
-1.03376
-1.04128
-1.04922
-1.0576
-1.06642
-1.07568
-1.08536
-1.09546
-1.106
-1.11696
-1.12832
-1.14009
-1.15223
-1.16473
-1.17755
-1.19064
-1.204
-1.2176
-1.2314
-1.24534
-1.25939
-1.27347
-1.28755
-1.3015
-1.31523
-1.32861
-1.34156
-1.35405
-1.36597
-1.37727
-1.38789
-1.39776
-1.40683
-1.41503
-1.42229
-1.42853
-1.43366
-1.43762
-1.44032
-1.4417
-1.44168
-1.4402
-1.43721
-1.43264
-1.42645
-1.4186
-1.40904
-1.39776
-1.38472
-1.36993
-1.35337
-1.33505
-1.31499
-1.29322
-1.26976
-1.24468
-1.21802
-1.18985
-1.16025
-1.12931
-1.09713
-1.06381
-1.02946
-0.994204
-0.95817
-0.921488
-0.884292
-0.846721
-0.808913
-0.77101
-0.733151
-0.695474
-0.658116
-0.621206
-0.584873
-0.549236
-0.514407
-0.480491
-0.447585
-0.415773
-0.385132
-0.355726
-0.327608
-0.300822
-0.275399
-0.251359
-0.228712
-0.207457
-0.187584
-0.169074
-0.151898
-0.136023
-0.121405
-0.107997
-0.0957481
-0.0846006
-0.0744957
-0.0653721
-0.0571671
-0.0498176
-0.0432607
-0.0374343
-0.0322779
-0.0277327
-0.0237426
-0.0202537
-0.0172156
-0.0145806
-0.0123045
-0.0103464
-0.00866857
-0.00723675
-0.00601977
-0.00498952
-0.00412085
-0.00339133
-0.00278108
-0.00227263
-0.00185064
-0.00150178
-0.00121449
-0.00097881
-0.000786198
-0.000629378
-0.000502175
-0.000399374
-0.000316596
-0.000250181
-0.000197082
-0.000154778
-0.00012119
-9.46117e-05
-7.36503e-05
-5.71726e-05
-4.42609e-05
-3.41751e-05
-2.63209e-05
-2.02231e-05
-1.55029e-05
-1.18597e-05
-9.05593e-06
-6.9043e-06
-5.25785e-06
-4.00159e-06
-3.04588e-06
-2.32104e-06
-1.7731e-06
-1.36036e-06
-1.05072e-06
-8.19559e-07
-6.48018e-07
-5.21704e-07
-4.29697e-07
-3.63684e-07
-3.17371e-07
-2.86038e-07
-2.66109e-07
-2.54929e-07
-2.50517e-07
-2.51361e-07
-2.56374e-07
-2.64751e-07
-2.75906e-07
-2.89426e-07
-3.05011e-07
-3.22467e-07
-3.4165e-07
-3.62426e-07
-3.84728e-07
-4.08447e-07
-4.3349e-07
-4.59719e-07
-4.86959e-07
-5.15004e-07
-5.43574e-07
-5.72308e-07
-6.00802e-07
-6.28586e-07
-6.55092e-07
-6.79641e-07
-7.01326e-07
-7.19248e-07
-7.32517e-07
-7.40225e-07
-7.41508e-07
-7.35495e-07
-7.21447e-07
-6.98722e-07
-6.66884e-07
-6.25708e-07
-5.75243e-07
-5.15904e-07
-4.48425e-07
-3.73957e-07
-2.94055e-07
-2.1064e-07
-1.25973e-07
-4.25931e-08
)
;
    }
    procBoundary1to2
    {
        type            processor;
        value           nonuniform List<scalar> 
400
(
-11928.1
-11325.3
-10725.7
-10130.9
-9542.23
-8960.69
-8387.06
-7821.92
-7265.72
-6718.84
-6181.65
-5654.51
-5137.83
-4632.03
-4137.56
-3654.94
-3184.83
-2728.11
-2286.04
-1860.47
-1453.82
-1069.01
-708.853
-374.492
-5.52817
-4.92019
-3.75231
-3.4696
-3.21375
-2.97568
-2.75712
-2.55881
-2.38064
-2.22181
-2.08104
-1.95669
-1.84693
-1.74984
-1.66356
-1.58627
-1.51633
-1.45225
-1.39275
-1.33675
-1.28336
-1.23188
-1.18178
-1.13266
-1.08427
-1.03646
-0.989176
-0.94241
-0.896221
-0.850698
-0.805956
-0.762119
-0.719315
-0.677672
-0.637307
-0.598325
-0.560817
-0.52486
-0.490512
-0.457817
-0.426807
-0.397511
-0.369923
-0.344029
-0.3198
-0.297203
-0.276192
-0.256717
-0.238722
-0.222147
-0.206929
-0.193002
-0.180301
-0.168759
-0.158309
-0.148886
-0.140428
-0.132872
-0.12616
-0.120233
-0.115038
-0.110523
-0.10664
-0.103343
-0.100588
-0.0983362
-0.0965488
-0.0951911
-0.0942306
-0.0936373
-0.093383
-0.0934419
-0.0937902
-0.0944057
-0.095268
-0.0963584
-0.0973602
-0.0981186
-0.0989364
-0.0998122
-0.100744
-0.101732
-0.102773
-0.103866
-0.10501
-0.106204
-0.107446
-0.108735
-0.11007
-0.111449
-0.112871
-0.114335
-0.115839
-0.117383
-0.118964
-0.120582
-0.122236
-0.123924
-0.125644
-0.127396
-0.129179
-0.13099
-0.132829
-0.134693
-0.136583
-0.138496
-0.140431
-0.142387
-0.144362
-0.146354
-0.148363
-0.150387
-0.152424
-0.154473
-0.156532
-0.1586
-0.160674
-0.162754
-0.164838
-0.166923
-0.169009
-0.171092
-0.173173
-0.175249
-0.177318
-0.179378
-0.181429
-0.183467
-0.185491
-0.187502
-0.189492
-0.191465
-0.193418
-0.195349
-0.197254
-0.199134
-0.200987
-0.202811
-0.204605
-0.206367
-0.208096
-0.20979
-0.211449
-0.213072
-0.214659
-0.216205
-0.217716
-0.219188
-0.220623
-0.222019
-0.223378
-0.224699
-0.225983
-0.22723
-0.228442
-0.229616
-0.230754
-0.231855
-0.232922
-0.233952
-0.234947
-0.235906
-0.23683
-0.237717
-0.23857
-0.239387
-0.240168
-0.240915
-0.241626
-0.242301
-0.24294
-0.243544
-0.244114
-0.24465
-0.245152
-0.245621
-0.246056
-0.246458
-0.246825
-0.24716
-0.24746
-0.247728
-0.247963
-0.248166
-0.248336
-0.248478
-0.248582
-0.248663
-0.248717
-0.248747
-0.248755
-0.248741
-0.248707
-0.248659
-0.248585
-0.248505
-0.248413
-0.248312
-0.248207
-0.248098
-0.247988
-0.247862
-0.247736
-0.247606
-0.247464
-0.247322
-0.247181
-0.247028
-0.246881
-0.246736
-0.246585
-0.246443
-0.246302
-0.246168
-0.24604
-0.24592
-0.245804
-0.245692
-0.245581
-0.245471
-0.245358
-0.245243
-0.245121
-0.244992
-0.244855
-0.244703
-0.244541
-0.244368
-0.244177
-0.243971
-0.243751
-0.243513
-0.243257
-0.242984
-0.24269
-0.242377
-0.242045
-0.241695
-0.241326
-0.240938
-0.240531
-0.240101
-0.239649
-0.239177
-0.238688
-0.238183
-0.237662
-0.237128
-0.23658
-0.236019
-0.235446
-0.234861
-0.234265
-0.233659
-0.233045
-0.232427
-0.231806
-0.231188
-0.230574
-0.229969
-0.229378
-0.228803
-0.228245
-0.227708
-0.227192
-0.2267
-0.226232
-0.225788
-0.225369
-0.224974
-0.224601
-0.224247
-0.22391
-0.223591
-0.22329
-0.223009
-0.222746
-0.222496
-0.222256
-0.222023
-0.221794
-0.221569
-0.221349
-0.22113
-0.220907
-0.220677
-0.220436
-0.220178
-0.219901
-0.219601
-0.219276
-0.218924
-0.218544
-0.218132
-0.217685
-0.217204
-0.216692
-0.216147
-0.215569
-0.214955
-0.214302
-0.213608
-0.212871
-0.212088
-0.211257
-0.210376
-0.209444
-0.208457
-0.207417
-0.206323
-0.205176
-0.203974
-0.202718
-0.201409
-0.200045
-0.198628
-0.197159
-0.195637
-0.194071
-0.192458
-0.190802
-0.189104
-0.187366
-0.185593
-0.183777
-0.181911
-0.179994
-0.178021
-0.175993
-0.17391
-0.171775
-0.169593
-0.167368
-0.165106
-0.162809
-0.160476
-0.158111
-0.155716
-0.153292
-0.150845
-0.148376
-0.145892
-0.143393
-0.140883
-0.138364
-0.135843
-0.133329
-0.130825
-0.128333
-0.125855
-0.123392
-0.120945
-0.118515
-0.116103
-0.113712
-0.111345
-0.109005
-0.106693
-0.104412
-0.102164
-0.099947
-0.097762
-0.0956087
-0.0934851
-0.0913851
-0.0892964
-0.0871967
-0.0850473
-0.0827783
-0.0802622
-0.0772666
-0.0733721
-0.0678195
-0.0592344
-0.0451318
-0.0210287
)
;
    }
}


// ************************************************************************* //
