/*--------------------------------*- C++ -*----------------------------------*\
| =========                 |                                                 |
| \\      /  F ield         | OpenFOAM: The Open Source CFD Toolbox           |
|  \\    /   O peration     | Version:  2.4.0                                 |
|   \\  /    A nd           | Web:      www.OpenFOAM.org                      |
|    \\/     M anipulation  |                                                 |
\*---------------------------------------------------------------------------*/
FoamFile
{
    version     2.0;
    format      ascii;
    class       vectorField;
    location    "constant/polyMesh";
    object      points;
}
// * * * * * * * * * * * * * * * * * * * * * * * * * * * * * * * * * * * * * //


508
(
(0.0004 0 0)
(0.0008 0 0)
(0.0004 1.830416757e-06 0)
(0.0008 1.830416757e-06 0)
(0.0004 3.667571364e-06 0)
(0.0008 3.667571364e-06 0)
(0.0004 5.511488623e-06 0)
(0.0008 5.511488623e-06 0)
(0.0004 7.362193429e-06 0)
(0.0008 7.362193429e-06 0)
(0.0004 9.219710766e-06 0)
(0.0008 9.219710766e-06 0)
(0.0004 1.108406571e-05 0)
(0.0008 1.108406571e-05 0)
(0.0004 1.295528344e-05 0)
(0.0008 1.295528344e-05 0)
(0.0004 1.48333892e-05 0)
(0.0008 1.48333892e-05 0)
(0.0004 1.671840836e-05 0)
(0.0008 1.671840836e-05 0)
(0.0004 1.861036637e-05 0)
(0.0008 1.861036637e-05 0)
(0.0004 2.050928876e-05 0)
(0.0008 2.050928876e-05 0)
(0.0004 2.241520117e-05 0)
(0.0008 2.241520117e-05 0)
(0.0004 2.432812934e-05 0)
(0.0008 2.432812934e-05 0)
(0.0004 2.624809908e-05 0)
(0.0008 2.624809908e-05 0)
(0.0004 2.817513633e-05 0)
(0.0008 2.817513633e-05 0)
(0.0004 3.010926709e-05 0)
(0.0008 3.010926709e-05 0)
(0.0004 3.205051748e-05 0)
(0.0008 3.205051748e-05 0)
(0.0004 3.39989137e-05 0)
(0.0008 3.39989137e-05 0)
(0.0004 3.595448205e-05 0)
(0.0008 3.595448205e-05 0)
(0.0004 3.791724895e-05 0)
(0.0008 3.791724895e-05 0)
(0.0004 3.988724089e-05 0)
(0.0008 3.988724089e-05 0)
(0.0004 4.186448445e-05 0)
(0.0008 4.186448445e-05 0)
(0.0004 4.384900635e-05 0)
(0.0008 4.384900635e-05 0)
(0.0004 4.584083336e-05 0)
(0.0008 4.584083336e-05 0)
(0.0004 4.783999238e-05 0)
(0.0008 4.783999238e-05 0)
(0.0004 4.98465104e-05 0)
(0.0008 4.98465104e-05 0)
(0.0004 5.186041451e-05 0)
(0.0008 5.186041451e-05 0)
(0.0004 5.388173189e-05 0)
(0.0008 5.388173189e-05 0)
(0.0004 5.591048984e-05 0)
(0.0008 5.591048984e-05 0)
(0.0004 5.794671574e-05 0)
(0.0008 5.794671574e-05 0)
(0.0004 5.999043709e-05 0)
(0.0008 5.999043709e-05 0)
(0.0004 6.204168147e-05 0)
(0.0008 6.204168147e-05 0)
(0.0004 6.410047657e-05 0)
(0.0008 6.410047657e-05 0)
(0.0004 6.61668502e-05 0)
(0.0008 6.61668502e-05 0)
(0.0004 6.824083025e-05 0)
(0.0008 6.824083025e-05 0)
(0.0004 7.032244471e-05 0)
(0.0008 7.032244471e-05 0)
(0.0004 7.24117217e-05 0)
(0.0008 7.24117217e-05 0)
(0.0004 7.450868941e-05 0)
(0.0008 7.450868941e-05 0)
(0.0004 7.661337616e-05 0)
(0.0008 7.661337616e-05 0)
(0.0004 7.872581036e-05 0)
(0.0008 7.872581036e-05 0)
(0.0004 8.084602053e-05 0)
(0.0008 8.084602053e-05 0)
(0.0004 8.297403529e-05 0)
(0.0008 8.297403529e-05 0)
(0.0004 8.510988338e-05 0)
(0.0008 8.510988338e-05 0)
(0.0004 8.725359362e-05 0)
(0.0008 8.725359362e-05 0)
(0.0004 8.940519496e-05 0)
(0.0008 8.940519496e-05 0)
(0.0004 9.156471645e-05 0)
(0.0008 9.156471645e-05 0)
(0.0004 9.373218724e-05 0)
(0.0008 9.373218724e-05 0)
(0.0004 9.590763659e-05 0)
(0.0008 9.590763659e-05 0)
(0.0004 9.809109387e-05 0)
(0.0008 9.809109387e-05 0)
(0.0004 0.0001002825886 0)
(0.0008 0.0001002825886 0)
(0.0004 0.0001024821502 0)
(0.0008 0.0001024821502 0)
(0.0004 0.0001046898086 0)
(0.0008 0.0001046898086 0)
(0.0004 0.0001069055935 0)
(0.0008 0.0001069055935 0)
(0.0004 0.0001091295348 0)
(0.0008 0.0001091295348 0)
(0.0004 0.0001113616625 0)
(0.0008 0.0001113616625 0)
(0.0004 0.0001136020068 0)
(0.0008 0.0001136020068 0)
(0.0004 0.0001158505978 0)
(0.0008 0.0001158505978 0)
(0.0004 0.0001181074661 0)
(0.0008 0.0001181074661 0)
(0.0004 0.000120372642 0)
(0.0008 0.000120372642 0)
(0.0004 0.0001226461561 0)
(0.0008 0.0001226461561 0)
(0.0004 0.0001249280391 0)
(0.0008 0.0001249280391 0)
(0.0004 0.0001272183219 0)
(0.0008 0.0001272183219 0)
(0.0004 0.0001295170353 0)
(0.0008 0.0001295170353 0)
(0.0004 0.0001318242103 0)
(0.0008 0.0001318242103 0)
(0.0004 0.0001341398782 0)
(0.0008 0.0001341398782 0)
(0.0004 0.0001364640702 0)
(0.0008 0.0001364640702 0)
(0.0004 0.0001387968176 0)
(0.0008 0.0001387968176 0)
(0.0004 0.000141138152 0)
(0.0008 0.000141138152 0)
(0.0004 0.0001434881049 0)
(0.0008 0.0001434881049 0)
(0.0004 0.0001458467081 0)
(0.0008 0.0001458467081 0)
(0.0004 0.0001482139935 0)
(0.0008 0.0001482139935 0)
(0.0004 0.0001505899929 0)
(0.0008 0.0001505899929 0)
(0.0004 0.0001529747385 0)
(0.0008 0.0001529747385 0)
(0.0004 0.0001553682625 0)
(0.0008 0.0001553682625 0)
(0.0004 0.0001577705972 0)
(0.0008 0.0001577705972 0)
(0.0004 0.0001601817749 0)
(0.0008 0.0001601817749 0)
(0.0004 0.0001626018283 0)
(0.0008 0.0001626018283 0)
(0.0004 0.0001650307901 0)
(0.0008 0.0001650307901 0)
(0.0004 0.0001674686929 0)
(0.0008 0.0001674686929 0)
(0.0004 0.0001699155698 0)
(0.0008 0.0001699155698 0)
(0.0004 0.0001723714538 0)
(0.0008 0.0001723714538 0)
(0.0004 0.000174836378 0)
(0.0008 0.000174836378 0)
(0.0004 0.0001773103757 0)
(0.0008 0.0001773103757 0)
(0.0004 0.0001797934803 0)
(0.0008 0.0001797934803 0)
(0.0004 0.0001822857253 0)
(0.0008 0.0001822857253 0)
(0.0004 0.0001847871444 0)
(0.0008 0.0001847871444 0)
(0.0004 0.0001872977713 0)
(0.0008 0.0001872977713 0)
(0.0004 0.00018981764 0)
(0.0008 0.00018981764 0)
(0.0004 0.0001923467844 0)
(0.0008 0.0001923467844 0)
(0.0004 0.0001948852387 0)
(0.0008 0.0001948852387 0)
(0.0004 0.0001974330372 0)
(0.0008 0.0001974330372 0)
(0.0004 0.0001999902143 0)
(0.0008 0.0001999902143 0)
(0.0004 0.0002025568044 0)
(0.0008 0.0002025568044 0)
(0.0004 0.0002051328423 0)
(0.0008 0.0002051328423 0)
(0.0004 0.0002077183627 0)
(0.0008 0.0002077183627 0)
(0.0004 0.0002103134005 0)
(0.0008 0.0002103134005 0)
(0.0004 0.0002129179908 0)
(0.0008 0.0002129179908 0)
(0.0004 0.0002155321687 0)
(0.0008 0.0002155321687 0)
(0.0004 0.0002181559695 0)
(0.0008 0.0002181559695 0)
(0.0004 0.0002207894287 0)
(0.0008 0.0002207894287 0)
(0.0008 0.0008685940597 0)
(0.0012 0.0008685940597 0)
(0.0008 0.0008736218121 0)
(0.0012 0.0008736218121 0)
(0.0008 0.0008786680718 0)
(0.0012 0.0008786680718 0)
(0.0008 0.0008837329071 0)
(0.0012 0.0008837329071 0)
(0.0008 0.0008888163863 0)
(0.0012 0.0008888163863 0)
(0.0008 0.000893918578 0)
(0.0012 0.000893918578 0)
(0.0008 0.0008990395511 0)
(0.0012 0.0008990395511 0)
(0.0008 0.0009041793748 0)
(0.0012 0.0009041793748 0)
(0.0008 0.0009093381183 0)
(0.0012 0.0009093381183 0)
(0.0008 0.0009145158515 0)
(0.0012 0.0009145158515 0)
(0.0008 0.0009197126442 0)
(0.0012 0.0009197126442 0)
(0.0008 0.0009249285664 0)
(0.0012 0.0009249285664 0)
(0.0008 0.0009301636888 0)
(0.0012 0.0009301636888 0)
(0.0008 0.0009354180819 0)
(0.0012 0.0009354180819 0)
(0.0008 0.0009406918166 0)
(0.0012 0.0009406918166 0)
(0.0008 0.0009459849642 0)
(0.0012 0.0009459849642 0)
(0.0008 0.0009512975961 0)
(0.0012 0.0009512975961 0)
(0.0008 0.0009566297841 0)
(0.0012 0.0009566297841 0)
(0.0008 0.0009619816001 0)
(0.0012 0.0009619816001 0)
(0.0008 0.0009673531164 0)
(0.0012 0.0009673531164 0)
(0.0008 0.0009727444055 0)
(0.0012 0.0009727444055 0)
(0.0008 0.0009781555402 0)
(0.0012 0.0009781555402 0)
(0.0008 0.0009835865936 0)
(0.0012 0.0009835865936 0)
(0.0008 0.0009890376389 0)
(0.0012 0.0009890376389 0)
(0.0008 0.0009945087497 0)
(0.0012 0.0009945087497 0)
(0.0008 0.001 0)
(0.0012 0.001 0)
(0.0004 0 0.0005)
(0.0008 0 0.0005)
(0.0004 1.830416757e-06 0.0005)
(0.0008 1.830416757e-06 0.0005)
(0.0004 3.667571364e-06 0.0005)
(0.0008 3.667571364e-06 0.0005)
(0.0004 5.511488623e-06 0.0005)
(0.0008 5.511488623e-06 0.0005)
(0.0004 7.362193429e-06 0.0005)
(0.0008 7.362193429e-06 0.0005)
(0.0004 9.219710766e-06 0.0005)
(0.0008 9.219710766e-06 0.0005)
(0.0004 1.108406571e-05 0.0005)
(0.0008 1.108406571e-05 0.0005)
(0.0004 1.295528344e-05 0.0005)
(0.0008 1.295528344e-05 0.0005)
(0.0004 1.48333892e-05 0.0005)
(0.0008 1.48333892e-05 0.0005)
(0.0004 1.671840836e-05 0.0005)
(0.0008 1.671840836e-05 0.0005)
(0.0004 1.861036637e-05 0.0005)
(0.0008 1.861036637e-05 0.0005)
(0.0004 2.050928876e-05 0.0005)
(0.0008 2.050928876e-05 0.0005)
(0.0004 2.241520117e-05 0.0005)
(0.0008 2.241520117e-05 0.0005)
(0.0004 2.432812934e-05 0.0005)
(0.0008 2.432812934e-05 0.0005)
(0.0004 2.624809908e-05 0.0005)
(0.0008 2.624809908e-05 0.0005)
(0.0004 2.817513633e-05 0.0005)
(0.0008 2.817513633e-05 0.0005)
(0.0004 3.010926709e-05 0.0005)
(0.0008 3.010926709e-05 0.0005)
(0.0004 3.205051748e-05 0.0005)
(0.0008 3.205051748e-05 0.0005)
(0.0004 3.39989137e-05 0.0005)
(0.0008 3.39989137e-05 0.0005)
(0.0004 3.595448205e-05 0.0005)
(0.0008 3.595448205e-05 0.0005)
(0.0004 3.791724895e-05 0.0005)
(0.0008 3.791724895e-05 0.0005)
(0.0004 3.988724089e-05 0.0005)
(0.0008 3.988724089e-05 0.0005)
(0.0004 4.186448445e-05 0.0005)
(0.0008 4.186448445e-05 0.0005)
(0.0004 4.384900635e-05 0.0005)
(0.0008 4.384900635e-05 0.0005)
(0.0004 4.584083336e-05 0.0005)
(0.0008 4.584083336e-05 0.0005)
(0.0004 4.783999238e-05 0.0005)
(0.0008 4.783999238e-05 0.0005)
(0.0004 4.98465104e-05 0.0005)
(0.0008 4.98465104e-05 0.0005)
(0.0004 5.186041451e-05 0.0005)
(0.0008 5.186041451e-05 0.0005)
(0.0004 5.388173189e-05 0.0005)
(0.0008 5.388173189e-05 0.0005)
(0.0004 5.591048984e-05 0.0005)
(0.0008 5.591048984e-05 0.0005)
(0.0004 5.794671574e-05 0.0005)
(0.0008 5.794671574e-05 0.0005)
(0.0004 5.999043709e-05 0.0005)
(0.0008 5.999043709e-05 0.0005)
(0.0004 6.204168147e-05 0.0005)
(0.0008 6.204168147e-05 0.0005)
(0.0004 6.410047657e-05 0.0005)
(0.0008 6.410047657e-05 0.0005)
(0.0004 6.61668502e-05 0.0005)
(0.0008 6.61668502e-05 0.0005)
(0.0004 6.824083025e-05 0.0005)
(0.0008 6.824083025e-05 0.0005)
(0.0004 7.032244471e-05 0.0005)
(0.0008 7.032244471e-05 0.0005)
(0.0004 7.24117217e-05 0.0005)
(0.0008 7.24117217e-05 0.0005)
(0.0004 7.450868941e-05 0.0005)
(0.0008 7.450868941e-05 0.0005)
(0.0004 7.661337616e-05 0.0005)
(0.0008 7.661337616e-05 0.0005)
(0.0004 7.872581036e-05 0.0005)
(0.0008 7.872581036e-05 0.0005)
(0.0004 8.084602053e-05 0.0005)
(0.0008 8.084602053e-05 0.0005)
(0.0004 8.297403529e-05 0.0005)
(0.0008 8.297403529e-05 0.0005)
(0.0004 8.510988338e-05 0.0005)
(0.0008 8.510988338e-05 0.0005)
(0.0004 8.725359362e-05 0.0005)
(0.0008 8.725359362e-05 0.0005)
(0.0004 8.940519496e-05 0.0005)
(0.0008 8.940519496e-05 0.0005)
(0.0004 9.156471645e-05 0.0005)
(0.0008 9.156471645e-05 0.0005)
(0.0004 9.373218724e-05 0.0005)
(0.0008 9.373218724e-05 0.0005)
(0.0004 9.590763659e-05 0.0005)
(0.0008 9.590763659e-05 0.0005)
(0.0004 9.809109387e-05 0.0005)
(0.0008 9.809109387e-05 0.0005)
(0.0004 0.0001002825886 0.0005)
(0.0008 0.0001002825886 0.0005)
(0.0004 0.0001024821502 0.0005)
(0.0008 0.0001024821502 0.0005)
(0.0004 0.0001046898086 0.0005)
(0.0008 0.0001046898086 0.0005)
(0.0004 0.0001069055935 0.0005)
(0.0008 0.0001069055935 0.0005)
(0.0004 0.0001091295348 0.0005)
(0.0008 0.0001091295348 0.0005)
(0.0004 0.0001113616625 0.0005)
(0.0008 0.0001113616625 0.0005)
(0.0004 0.0001136020068 0.0005)
(0.0008 0.0001136020068 0.0005)
(0.0004 0.0001158505978 0.0005)
(0.0008 0.0001158505978 0.0005)
(0.0004 0.0001181074661 0.0005)
(0.0008 0.0001181074661 0.0005)
(0.0004 0.000120372642 0.0005)
(0.0008 0.000120372642 0.0005)
(0.0004 0.0001226461561 0.0005)
(0.0008 0.0001226461561 0.0005)
(0.0004 0.0001249280391 0.0005)
(0.0008 0.0001249280391 0.0005)
(0.0004 0.0001272183219 0.0005)
(0.0008 0.0001272183219 0.0005)
(0.0004 0.0001295170353 0.0005)
(0.0008 0.0001295170353 0.0005)
(0.0004 0.0001318242103 0.0005)
(0.0008 0.0001318242103 0.0005)
(0.0004 0.0001341398782 0.0005)
(0.0008 0.0001341398782 0.0005)
(0.0004 0.0001364640702 0.0005)
(0.0008 0.0001364640702 0.0005)
(0.0004 0.0001387968176 0.0005)
(0.0008 0.0001387968176 0.0005)
(0.0004 0.000141138152 0.0005)
(0.0008 0.000141138152 0.0005)
(0.0004 0.0001434881049 0.0005)
(0.0008 0.0001434881049 0.0005)
(0.0004 0.0001458467081 0.0005)
(0.0008 0.0001458467081 0.0005)
(0.0004 0.0001482139935 0.0005)
(0.0008 0.0001482139935 0.0005)
(0.0004 0.0001505899929 0.0005)
(0.0008 0.0001505899929 0.0005)
(0.0004 0.0001529747385 0.0005)
(0.0008 0.0001529747385 0.0005)
(0.0004 0.0001553682625 0.0005)
(0.0008 0.0001553682625 0.0005)
(0.0004 0.0001577705972 0.0005)
(0.0008 0.0001577705972 0.0005)
(0.0004 0.0001601817749 0.0005)
(0.0008 0.0001601817749 0.0005)
(0.0004 0.0001626018283 0.0005)
(0.0008 0.0001626018283 0.0005)
(0.0004 0.0001650307901 0.0005)
(0.0008 0.0001650307901 0.0005)
(0.0004 0.0001674686929 0.0005)
(0.0008 0.0001674686929 0.0005)
(0.0004 0.0001699155698 0.0005)
(0.0008 0.0001699155698 0.0005)
(0.0004 0.0001723714538 0.0005)
(0.0008 0.0001723714538 0.0005)
(0.0004 0.000174836378 0.0005)
(0.0008 0.000174836378 0.0005)
(0.0004 0.0001773103757 0.0005)
(0.0008 0.0001773103757 0.0005)
(0.0004 0.0001797934803 0.0005)
(0.0008 0.0001797934803 0.0005)
(0.0004 0.0001822857253 0.0005)
(0.0008 0.0001822857253 0.0005)
(0.0004 0.0001847871444 0.0005)
(0.0008 0.0001847871444 0.0005)
(0.0004 0.0001872977713 0.0005)
(0.0008 0.0001872977713 0.0005)
(0.0004 0.00018981764 0.0005)
(0.0008 0.00018981764 0.0005)
(0.0004 0.0001923467844 0.0005)
(0.0008 0.0001923467844 0.0005)
(0.0004 0.0001948852387 0.0005)
(0.0008 0.0001948852387 0.0005)
(0.0004 0.0001974330372 0.0005)
(0.0008 0.0001974330372 0.0005)
(0.0004 0.0001999902143 0.0005)
(0.0008 0.0001999902143 0.0005)
(0.0004 0.0002025568044 0.0005)
(0.0008 0.0002025568044 0.0005)
(0.0004 0.0002051328423 0.0005)
(0.0008 0.0002051328423 0.0005)
(0.0004 0.0002077183627 0.0005)
(0.0008 0.0002077183627 0.0005)
(0.0004 0.0002103134005 0.0005)
(0.0008 0.0002103134005 0.0005)
(0.0004 0.0002129179908 0.0005)
(0.0008 0.0002129179908 0.0005)
(0.0004 0.0002155321687 0.0005)
(0.0008 0.0002155321687 0.0005)
(0.0004 0.0002181559695 0.0005)
(0.0008 0.0002181559695 0.0005)
(0.0004 0.0002207894287 0.0005)
(0.0008 0.0002207894287 0.0005)
(0.0008 0.0008685940597 0.0005)
(0.0012 0.0008685940597 0.0005)
(0.0008 0.0008736218121 0.0005)
(0.0012 0.0008736218121 0.0005)
(0.0008 0.0008786680718 0.0005)
(0.0012 0.0008786680718 0.0005)
(0.0008 0.0008837329071 0.0005)
(0.0012 0.0008837329071 0.0005)
(0.0008 0.0008888163863 0.0005)
(0.0012 0.0008888163863 0.0005)
(0.0008 0.000893918578 0.0005)
(0.0012 0.000893918578 0.0005)
(0.0008 0.0008990395511 0.0005)
(0.0012 0.0008990395511 0.0005)
(0.0008 0.0009041793748 0.0005)
(0.0012 0.0009041793748 0.0005)
(0.0008 0.0009093381183 0.0005)
(0.0012 0.0009093381183 0.0005)
(0.0008 0.0009145158515 0.0005)
(0.0012 0.0009145158515 0.0005)
(0.0008 0.0009197126442 0.0005)
(0.0012 0.0009197126442 0.0005)
(0.0008 0.0009249285664 0.0005)
(0.0012 0.0009249285664 0.0005)
(0.0008 0.0009301636888 0.0005)
(0.0012 0.0009301636888 0.0005)
(0.0008 0.0009354180819 0.0005)
(0.0012 0.0009354180819 0.0005)
(0.0008 0.0009406918166 0.0005)
(0.0012 0.0009406918166 0.0005)
(0.0008 0.0009459849642 0.0005)
(0.0012 0.0009459849642 0.0005)
(0.0008 0.0009512975961 0.0005)
(0.0012 0.0009512975961 0.0005)
(0.0008 0.0009566297841 0.0005)
(0.0012 0.0009566297841 0.0005)
(0.0008 0.0009619816001 0.0005)
(0.0012 0.0009619816001 0.0005)
(0.0008 0.0009673531164 0.0005)
(0.0012 0.0009673531164 0.0005)
(0.0008 0.0009727444055 0.0005)
(0.0012 0.0009727444055 0.0005)
(0.0008 0.0009781555402 0.0005)
(0.0012 0.0009781555402 0.0005)
(0.0008 0.0009835865936 0.0005)
(0.0012 0.0009835865936 0.0005)
(0.0008 0.0009890376389 0.0005)
(0.0012 0.0009890376389 0.0005)
(0.0008 0.0009945087497 0.0005)
(0.0012 0.0009945087497 0.0005)
(0.0008 0.001 0.0005)
(0.0012 0.001 0.0005)
)


// ************************************************************************* //
