/*--------------------------------*- C++ -*----------------------------------*\
| =========                 |                                                 |
| \\      /  F ield         | OpenFOAM: The Open Source CFD Toolbox           |
|  \\    /   O peration     | Version:  2.4.0                                 |
|   \\  /    A nd           | Web:      www.OpenFOAM.org                      |
|    \\/     M anipulation  |                                                 |
\*---------------------------------------------------------------------------*/
FoamFile
{
    version     2.0;
    format      ascii;
    class       volScalarField;
    location    "3.9";
    object      p;
}
// * * * * * * * * * * * * * * * * * * * * * * * * * * * * * * * * * * * * * //

dimensions      [1 -1 -2 0 0 0 0];

internalField   nonuniform List<scalar> 
8000
(
-3.66708
-3.6556
-3.64294
-3.6315
-3.62089
-3.61206
-3.60377
-3.59634
-3.58977
-3.58405
-3.57916
-3.57508
-3.57182
-3.56935
-3.56768
-3.5668
-3.5667
-3.56738
-3.56884
-3.57108
-3.57409
-3.57789
-3.58246
-3.58783
-3.59399
-3.60096
-3.60874
-3.61734
-3.62678
-3.63707
-3.64823
-3.66008
-3.67231
-3.68657
-3.70172
-3.71748
-3.73427
-3.75214
-3.77112
-3.79086
-3.81268
-3.83516
-3.8589
-3.88394
-3.90767
-3.93704
-3.96364
-3.99059
-4.02787
-4.10129
-3.59664
-3.59358
-3.59111
-3.58949
-3.58847
-3.58807
-3.58812
-3.58877
-3.58994
-3.59164
-3.59387
-3.59663
-3.5999
-3.60369
-3.60799
-3.61279
-3.61808
-3.62386
-3.63012
-3.63684
-3.64403
-3.65166
-3.65972
-3.66822
-3.67712
-3.68642
-3.69611
-3.70616
-3.71656
-3.72729
-3.73833
-3.74965
-3.76122
-3.77305
-3.78508
-3.7973
-3.80967
-3.8221
-3.83468
-3.84714
-3.86012
-3.87292
-3.88522
-3.89457
-3.9018
-3.90984
-3.94656
-4.09672
-4.39395
-4.94578
-2.94605
-2.95333
-2.96091
-2.96822
-2.97552
-2.98301
-2.99071
-2.99862
-3.00672
-3.015
-3.02348
-3.03214
-3.04098
-3.05
-3.05918
-3.06853
-3.07802
-3.08764
-3.09739
-3.10725
-3.11721
-3.12725
-3.13734
-3.14747
-3.15762
-3.16775
-3.17785
-3.18789
-3.19782
-3.20763
-3.21727
-3.2267
-3.23587
-3.24476
-3.25328
-3.26141
-3.26907
-3.27627
-3.28297
-3.28911
-3.29375
-3.29447
-3.28891
-3.2877
-3.34317
-3.66
-4.29303
-5.11403
-5.25826
-5.03665
-2.9011
-2.91397
-2.92957
-2.94536
-2.96114
-2.97715
-2.99349
-3.01016
-3.02714
-3.04443
-3.06202
-3.07991
-3.09808
-3.11653
-3.13526
-3.15426
-3.17351
-3.193
-3.21273
-3.23267
-3.25283
-3.27317
-3.29369
-3.31436
-3.33516
-3.35608
-3.37707
-3.39812
-3.41919
-3.44024
-3.46124
-3.48215
-3.5029
-3.52344
-3.54372
-3.56375
-3.58366
-3.6033
-3.62098
-3.63042
-3.62258
-3.61697
-3.77465
-4.60533
-6.00729
-6.20334
-5.82226
-5.54057
-4.33668
-2.3784
-2.06856
-2.0901
-2.1136
-2.13647
-2.15918
-2.18217
-2.20553
-2.22924
-2.25327
-2.27762
-2.30228
-2.32724
-2.35252
-2.37812
-2.40403
-2.43028
-2.45686
-2.48378
-2.51107
-2.53872
-2.56677
-2.59522
-2.62409
-2.65342
-2.68321
-2.71351
-2.74432
-2.77569
-2.80765
-2.84023
-2.87347
-2.90741
-2.94217
-2.97785
-3.01447
-3.05091
-3.08462
-3.11313
-3.14684
-3.2324
-3.61597
-4.4822
-5.57277
-6.66313
-6.98587
-5.79257
-2.45435
-0.348264
0.12415
-0.0462553
-2.03905
-2.06909
-2.1045
-2.1398
-2.17475
-2.20994
-2.2456
-2.28172
-2.3183
-2.35535
-2.39288
-2.43093
-2.46951
-2.50867
-2.54843
-2.58886
-2.62998
-2.67186
-2.71456
-2.75813
-2.80266
-2.84821
-2.89486
-2.94272
-2.99187
-3.04242
-3.09448
-3.14817
-3.20361
-3.26095
-3.32045
-3.38251
-3.44738
-3.51343
-3.57317
-3.61059
-3.63537
-3.90475
-5.14319
-7.49857
-8.34387
-9.07944
-8.15996
-3.34937
-0.00332942
0.967303
0.930863
0.725788
0.610942
0.569658
-0.857367
-0.905719
-0.958111
-1.00749
-1.05457
-1.10048
-1.14552
-1.18969
-1.23298
-1.2754
-1.317
-1.35779
-1.39782
-1.43711
-1.4757
-1.51363
-1.55093
-1.58764
-1.62381
-1.65947
-1.69467
-1.72945
-1.76387
-1.79799
-1.83184
-1.86551
-1.899
-1.93254
-1.96635
-2.0008
-2.03461
-2.06338
-2.07975
-2.09195
-2.17787
-2.75229
-4.26262
-6.92005
-9.55342
-10.5383
-4.25208
0.791464
1.92484
1.85143
1.53318
1.43777
1.42618
1.4306
1.42854
1.41508
-0.941162
-0.998104
-1.06194
-1.12204
-1.17836
-1.23215
-1.28386
-1.33353
-1.38113
-1.42665
-1.47012
-1.51153
-1.5509
-1.58821
-1.62346
-1.65664
-1.68773
-1.71669
-1.74351
-1.76814
-1.79055
-1.81068
-1.82848
-1.84386
-1.8567
-1.86703
-1.87531
-1.88266
-1.88767
-1.87661
-1.81634
-1.71807
-1.90462
-3.57006
-7.28373
-8.69421
-9.69918
-4.23588
1.50338
2.6778
2.62216
2.24746
2.24257
2.26044
2.26589
2.26313
2.23805
2.21668
2.18416
2.14332
-0.247815
-0.307837
-0.371879
-0.430838
-0.48562
-0.537641
-0.587288
-0.634542
-0.679358
-0.721727
-0.761648
-0.799116
-0.834116
-0.866628
-0.896623
-0.924066
-0.948916
-0.971123
-0.990631
-1.00738
-1.0213
-1.03227
-1.04014
-1.04486
-1.04708
-1.04872
-1.04893
-1.02799
-0.932389
-0.770675
-1.04005
-3.32097
-7.95297
-7.0484
-5.90938
0.201881
3.10531
3.23
2.88128
2.88846
2.90873
2.90902
2.8997
2.88418
2.87639
2.85511
2.84412
2.80953
2.77111
2.74691
-1.383
-1.43673
-1.49788
-1.55615
-1.61133
-1.66457
-1.71635
-1.7667
-1.8156
-1.86309
-1.90916
-1.95383
-1.99712
-2.03901
-2.07951
-2.11861
-2.15627
-2.19248
-2.2272
-2.26038
-2.29187
-2.32163
-2.35021
-2.3795
-2.40975
-2.42511
-2.37599
-2.25233
-2.45218
-4.22678
-7.95462
-5.35701
-2.25577
2.38948
3.45412
3.38524
3.26219
3.28421
3.28843
3.28542
3.28073
3.27327
3.26176
3.2608
3.24962
3.25558
3.23786
3.21491
3.20538
3.18459
-1.19891
-1.24472
-1.29362
-1.33984
-1.38447
-1.42863
-1.47263
-1.51648
-1.56019
-1.60378
-1.64729
-1.69072
-1.7341
-1.77742
-1.82067
-1.86383
-1.90688
-1.94976
-1.9924
-2.03473
-2.07687
-2.11939
-2.16236
-2.20077
-2.21829
-2.20891
-2.29467
-2.88794
-4.17502
-3.56916
-0.0868245
2.63124
3.46125
3.45676
3.43309
3.43922
3.43962
3.4384
3.43604
3.43336
3.4324
3.43039
3.42684
3.42193
3.42745
3.41622
3.41459
3.41196
3.40803
3.40072
-3.05403
-3.06358
-3.07885
-3.09778
-3.11979
-3.14495
-3.17335
-3.20505
-3.24007
-3.27842
-3.32012
-3.36519
-3.41362
-3.46544
-3.52065
-3.57926
-3.64125
-3.70655
-3.77519
-3.84765
-3.92528
-4.00769
-4.08187
-4.11289
-4.11123
-4.41102
-5.90181
-8.29118
-2.46185
2.37523
3.44497
3.48458
3.4782
3.47253
3.47111
3.4717
3.47201
3.47197
3.47171
3.4708
3.47013
3.46937
3.4674
3.467
3.46618
3.46626
3.46698
3.46854
3.47075
3.47675
-2.48456
-2.4531
-2.42106
-2.39806
-2.38476
-2.3802
-2.38393
-2.39584
-2.41596
-2.44431
-2.48093
-2.52588
-2.57928
-2.64126
-2.71199
-2.79166
-2.88051
-2.97881
-3.08704
-3.20593
-3.33565
-3.47269
-3.60799
-3.74844
-3.99621
-4.59355
-5.35418
-3.66494
2.12013
3.4814
3.55882
3.53439
3.50457
3.50348
3.50299
3.50379
3.50281
3.50308
3.50347
3.50391
3.50438
3.50499
3.50868
3.50759
3.50891
3.5101
3.51166
3.5139
3.51693
3.51812
-2.88884
-2.8297
-2.77472
-2.7334
-2.70395
-2.68453
-2.6746
-2.67414
-2.68314
-2.70158
-2.72949
-2.7669
-2.8139
-2.8706
-2.93716
-3.01378
-3.10069
-3.19818
-3.30653
-3.42615
-3.55755
-3.70148
-3.85809
-4.02463
-4.19431
-4.37575
-4.65893
-5.24773
-5.95991
-2.86985
2.77857
3.47809
3.41514
3.45444
3.44009
3.43746
3.43899
3.4401
3.44106
3.44185
3.44272
3.44362
3.4443
3.44511
3.44623
3.448
3.45143
3.45723
3.46481
3.4646
2.01179
1.99803
1.98766
1.98161
1.97885
1.97893
1.98184
1.98764
1.99641
2.00823
2.02317
2.04134
2.06286
2.08786
2.11651
2.14897
2.18544
2.22614
2.27131
2.32123
2.37621
2.43646
2.5019
2.5722
2.64979
2.74665
2.88104
3.00656
2.82326
1.55057
-0.270282
-4.06209
3.24325
2.68778
3.19757
3.31439
3.37509
3.37168
3.37111
3.36788
3.36264
3.39027
3.38763
3.38414
3.40183
3.39661
3.39287
3.42588
3.44823
3.4123
3.85116
3.8056
3.75932
3.72205
3.69358
3.67261
3.65867
3.65171
3.65177
3.65889
3.67313
3.69458
3.72335
3.75962
3.80358
3.85546
3.91552
3.98407
4.06145
4.14806
4.2443
4.35067
4.46763
4.59563
4.73522
4.88784
5.05699
5.24515
5.43491
5.56347
5.57728
4.90236
1.67442
-5.91617
-5.73881
-2.3267
2.07049
3.18385
3.35752
3.37086
3.34399
3.34207
3.34327
3.33252
3.33114
3.33025
3.31653
3.3144
3.35122
3.32356
4.77554
4.74143
4.70569
4.6758
4.65177
4.63267
4.61813
4.6081
4.60256
4.6015
4.6049
4.61276
4.62507
4.64184
4.6631
4.68887
4.71918
4.75407
4.79358
4.83776
4.88666
4.94035
4.99887
5.06231
5.1307
5.20405
5.28244
5.36654
5.45793
5.5562
5.64798
5.70518
5.74927
5.74851
5.49281
1.0477
-5.85354
-7.19735
0.0167348
-0.742879
3.21606
3.19368
3.23887
3.25062
3.21957
3.22216
3.20145
3.28493
3.22645
3.22232
5.61389
5.60196
5.59087
5.5804
5.5701
5.56023
5.55127
5.54368
5.53781
5.53397
5.53245
5.53348
5.53726
5.54397
5.55377
5.56677
5.58308
5.60277
5.6259
5.65248
5.68254
5.71605
5.75297
5.79325
5.83678
5.88347
5.93316
5.98565
6.0407
6.09814
6.15846
6.22336
6.29221
6.35078
6.37555
6.39159
6.407
6.40966
4.20845
2.59723
-5.09836
-6.64628
0.61959
0.23682
2.76157
2.98163
3.10031
3.11506
3.08193
3.0595
4.2622
4.29966
4.33023
4.35
4.36235
4.3698
4.37365
4.37476
4.37387
4.37165
4.36869
4.36548
4.36244
4.3599
4.35816
4.35744
4.35794
4.35978
4.36306
4.36785
4.37417
4.382
4.3913
4.40199
4.41397
4.42708
4.44115
4.45596
4.47125
4.48672
4.50205
4.51684
4.53061
4.54296
4.55417
4.5654
4.5759
4.58468
4.56112
4.53178
4.49482
4.58711
1.97754
-1.06371
-7.44773
-7.60772
1.17709
1.35306
2.97841
3.02724
8.76111
8.33477
7.90603
7.53794
7.21868
6.9334
6.67591
6.44366
6.23464
6.04693
5.8788
5.72877
5.59558
5.47821
5.37573
5.2874
5.21257
5.15068
5.10127
5.06397
5.03847
5.02453
5.02198
5.03073
5.05076
5.08212
5.12497
5.17955
5.24624
5.32552
5.41807
5.52471
5.64653
5.78486
5.94136
6.11803
6.31736
6.54246
6.79765
7.08902
7.42056
7.79283
8.17255
8.53464
9.67889
10.9405
9.58513
11.1979
2.6708
3.23896
-4.27146
-4.60375
-5.33653
-5.94936
-6.51669
-7.44151
-8.23555
-8.59558
-8.7507
-8.82618
-8.84865
-8.82956
-8.79459
-8.75994
-8.73196
-8.71376
-8.70411
-8.69947
-8.69352
-8.70074
-8.69454
-8.72101
-8.75795
-8.78277
-8.83379
-8.83252
-8.88437
-8.95446
-8.97989
-9.0936
-9.14918
-9.22947
-9.31955
-9.40894
-9.52201
-9.63588
-9.76491
-9.89715
-10.041
-10.188
-10.3537
-10.5312
-10.7065
-10.9041
-11.1007
-11.3128
-11.5319
-11.7681
-11.9837
-12.2504
-5.69322
-5.90087
-5.85028
-5.63464
-5.27628
-5.26969
-5.43454
-5.5361
-5.57763
-5.59537
-5.60435
-5.59918
-5.58384
-5.56661
-5.55267
-5.54585
-5.54435
-5.53842
-5.53261
-5.51638
-5.51387
-5.53897
-5.53594
-5.55101
-5.55419
-5.56486
-5.62154
-5.63659
-5.65445
-5.6769
-5.71364
-5.77489
-5.83215
-5.9042
-5.97665
-6.0612
-6.15859
-6.25468
-6.36263
-6.47298
-6.5938
-6.72418
-6.85055
-6.99567
-7.13794
-7.29383
-7.45328
-7.61442
-7.78807
-7.95691
-4.76143
-3.92624
-2.99403
-2.73837
-2.9271
-3.05998
-3.10721
-3.12229
-3.13301
-3.14098
-3.13794
-3.12562
-3.11009
-3.09512
-3.0828
-3.0743
-3.06622
-3.05437
-3.0452
-3.0263
-3.03232
-3.04044
-3.0412
-3.04945
-3.00163
-3.0151
-3.04835
-3.0537
-3.09193
-3.09671
-3.1204
-3.17131
-3.20111
-3.2639
-3.31165
-3.37317
-3.44032
-3.50881
-3.58868
-3.6688
-3.75544
-3.84936
-3.94064
-4.04474
-4.14386
-4.25545
-4.36564
-4.48225
-4.59433
-4.71614
-1.11702
-1.02285
-1.30148
-1.45843
-1.51416
-1.52206
-1.4952
-1.4811
-1.48255
-1.47517
-1.46259
-1.44573
-1.43117
-1.41923
-1.41047
-1.40171
-1.38906
-1.38076
-1.36343
-1.36269
-1.36591
-1.36075
-1.35465
-1.34192
-1.3274
-1.38629
-1.37818
-1.3877
-1.38373
-1.38975
-1.41483
-1.46807
-1.49197
-1.54383
-1.57591
-1.62419
-1.678
-1.73086
-1.79446
-1.85556
-1.92162
-1.99146
-2.06564
-2.14001
-2.21881
-2.29655
-2.37707
-2.46242
-2.5504
-2.63768
-0.245476
-0.344135
-0.386179
-0.392326
-0.385472
-0.380515
-0.380417
-0.359461
-0.361083
-0.353385
-0.345941
-0.339568
-0.343796
-0.34569
-0.347357
-0.346089
-0.353862
-0.348978
-0.354466
-0.364996
-0.361974
-0.366358
-0.364839
-0.357181
-0.392253
-0.414466
-0.435582
-0.452968
-0.447703
-0.449994
-0.476958
-0.509224
-0.530917
-0.57758
-0.602395
-0.6418
-0.686808
-0.731175
-0.780446
-0.829403
-0.882541
-0.938522
-0.996451
-1.05704
-1.1175
-1.1795
-1.24125
-1.303
-1.3675
-1.43307
0.560994
0.562092
0.556036
0.540763
0.522221
0.507217
0.4885
0.479372
0.452536
0.438558
0.416716
0.389854
0.361977
0.341821
0.314045
0.296511
0.275331
0.239897
0.210399
0.220262
0.169316
0.173319
0.124382
0.115356
0.102051
0.0940191
0.0911462
0.0682187
0.0165436
0.0158078
1.21034e-05
-0.0360442
-0.0469558
-0.0908861
-0.112901
-0.143456
-0.178271
-0.210273
-0.24808
-0.28648
-0.327445
-0.370558
-0.4185
-0.463795
-0.514186
-0.559723
-0.608639
-0.655362
-0.702145
-0.748926
1.3909
1.35923
1.32275
1.28393
1.24302
1.20174
1.15847
1.11367
1.06304
1.0095
0.952421
0.902901
0.849992
0.794131
0.769707
0.723095
0.670413
0.618213
0.590427
0.547351
0.522151
0.501319
0.479526
0.451397
0.449829
0.413499
0.405494
0.389766
0.34241
0.346679
0.296526
0.283219
0.264652
0.246778
0.223932
0.197385
0.177253
0.13949
0.111983
0.0793261
0.045141
0.013603
-0.0281689
-0.0633657
-0.101103
-0.134741
-0.172836
-0.208659
-0.244493
-0.279577
2.099
2.05394
2.00729
1.96489
1.91843
1.86719
1.81283
1.7544
1.68825
1.61872
1.55709
1.47552
1.42034
1.36473
1.30114
1.24364
1.18953
1.1408
1.09758
1.06656
1.05652
1.02013
0.990578
0.968967
0.924575
0.905806
0.887986
0.866136
0.840676
0.850556
0.782802
0.762468
0.736765
0.70888
0.67871
0.646841
0.619707
0.573038
0.541377
0.506153
0.47048
0.437481
0.39499
0.360716
0.323686
0.291067
0.255016
0.223749
0.191767
0.160808
2.70755
2.68165
2.64942
2.61099
2.56976
2.5269
2.48032
2.42315
2.35929
2.34568
2.21606
2.1731
2.11894
2.06342
2.01292
1.97878
1.93803
1.9053
1.88409
1.84786
1.81485
1.78886
1.76557
1.72173
1.69943
1.6752
1.64992
1.62398
1.59623
1.60091
1.51755
1.47741
1.43368
1.38696
1.33808
1.2966
1.24545
1.19479
1.14735
1.09645
1.04551
0.998621
0.943855
0.898645
0.852546
0.810675
0.768768
0.728597
0.69048
0.654319
3.17227
3.15503
3.13229
3.10754
3.08217
3.05581
3.02201
2.97502
2.999
2.95811
2.93947
2.91287
2.87889
2.84357
2.80642
2.80097
2.77044
2.731
2.71134
2.69298
2.67365
2.65489
2.63863
2.62866
2.5622
2.54338
2.51486
2.49078
2.48046
2.43756
2.38481
2.33194
2.2782
2.21959
2.15688
2.09249
2.02688
1.96834
1.88445
1.81613
1.74831
1.6813
1.6156
1.55159
1.48934
1.42903
1.37086
1.31688
1.26311
1.21319
3.3902
3.39523
3.3912
3.39167
3.40093
3.39629
3.38083
3.35964
3.3821
3.38323
3.40169
3.41319
3.41212
3.40868
3.4052
3.39968
3.38886
3.37695
3.3747
3.35214
3.3598
3.35965
3.3475
3.36352
3.29968
3.28608
3.27078
3.25167
3.23236
3.2106
3.19074
3.11743
3.0617
3.01323
2.9549
2.89757
2.83663
2.76523
2.69094
2.61564
2.54037
2.46455
2.38802
2.31115
2.23409
2.15876
2.0848
2.01249
1.94414
1.87556
3.48122
3.48838
3.49644
3.50352
3.50988
3.54656
3.55448
3.56944
3.58749
3.60368
3.6197
3.63603
3.64924
3.66318
3.67953
3.68572
3.7311
3.73664
3.73545
3.7374
3.76981
3.77474
3.78287
3.78289
3.77891
3.77234
3.76183
3.7471
3.73101
3.71659
3.70391
3.68388
3.64476
3.59754
3.55153
3.50604
3.45506
3.4052
3.35179
3.30084
3.23874
3.17066
3.10158
3.03222
2.96447
2.89154
2.82269
2.77344
2.68778
2.60984
3.57586
3.54496
3.54922
3.55625
3.56351
3.57065
3.57886
3.58522
3.59411
3.60511
3.61737
3.6301
3.64357
3.65732
3.67293
3.68845
3.70168
3.70499
3.7114
3.71698
3.72572
3.7024
3.71982
3.73721
3.75911
3.75184
3.76062
3.79314
3.7632
3.75726
3.75011
3.73826
3.72165
3.70861
3.69334
3.6722
3.64436
3.62606
3.59184
3.56498
3.54845
3.57116
3.50865
3.44596
3.39011
3.3451
3.30297
3.26448
3.22081
3.16826
3.4622
3.46183
3.47484
3.44882
3.45213
3.42962
3.44564
3.44517
3.50311
3.4849
3.48665
3.49019
3.49447
3.48123
3.48361
3.48675
3.48897
3.48942
3.49505
3.60628
3.5772
3.56868
3.56599
3.5665
3.56791
3.56859
3.57209
3.64633
3.64131
3.63463
3.6298
3.62783
3.62562
3.62117
3.6177
3.63297
3.61349
3.60429
3.59461
3.58426
3.57799
3.58479
3.59686
3.58673
3.49125
3.44662
3.43933
3.39134
3.38013
3.32794
3.41332
3.41598
3.41212
3.41154
3.40865
3.40779
3.41467
3.41723
3.40058
3.41764
3.4191
3.41406
3.41705
3.41961
3.40864
3.41233
3.42021
3.39185
3.42442
3.42592
3.39836
3.39762
3.3991
3.40323
3.40475
3.40702
3.41262
3.42396
3.43416
3.43799
3.43628
3.43035
3.42507
3.42215
3.42026
3.41835
3.4157
3.41257
3.4086
3.40303
3.39598
3.38857
3.39159
3.40916
3.45986
3.44088
3.39095
3.34779
3.3167
3.29694
3.32348
3.32296
3.32127
3.3194
3.31728
3.31238
3.3328
3.33675
3.32653
3.32559
3.31642
3.31288
3.32731
3.28761
3.30319
3.27582
3.27462
3.2741
3.24977
3.25031
3.24953
3.24806
3.24658
3.24589
3.24886
3.25797
3.2575
3.25219
3.24808
3.24485
3.24247
3.24011
3.23665
3.23335
3.22998
3.22669
3.22417
3.21863
3.21196
3.20688
3.20998
3.22513
3.23772
3.23454
3.22251
3.20994
3.19059
3.15298
3.11114
3.08236
3.21886
3.22118
3.20893
3.20694
3.20944
3.1921
3.19019
3.18785
3.19332
3.18959
3.18034
3.20051
3.17194
3.16963
3.16656
3.15823
3.15218
3.16657
3.12275
3.11896
3.08079
3.075
3.04585
3.05187
3.04338
3.03304
3.07902
3.06628
3.05723
3.05227
3.01061
3.00358
2.99233
3.00269
2.98278
3.00527
2.99413
2.98197
2.96968
2.95657
2.94334
2.93077
2.92236
2.99453
2.95086
2.92859
2.912
2.89773
2.89606
2.90176
3.06119
3.0638
3.0577
3.08639
3.07368
3.05309
3.06293
3.04959
3.04912
3.04989
3.04749
3.04216
3.03433
3.0248
3.02055
3.01538
3.00542
2.99701
2.9857
2.97879
2.97149
2.96375
2.95553
2.9479
2.94135
2.91477
2.92343
2.91752
2.94214
2.92175
2.9182
2.92083
2.89136
2.89905
2.87446
2.88211
2.84603
2.87988
2.82171
2.83483
2.81004
2.82321
2.80748
2.82588
2.81478
2.79463
2.80885
2.79713
2.79807
2.8011
3.00953
3.00421
3.00347
3.00037
2.99754
2.9966
2.99549
2.99489
2.99848
3.02776
2.99757
3.04262
3.03071
3.02567
3.03138
3.0308
3.02477
3.01198
2.99336
2.97939
2.97066
2.96322
2.95553
2.94696
2.93867
2.93166
2.92376
2.91387
2.9028
2.89062
2.8782
2.86729
2.85696
2.84537
2.83494
2.82426
2.81432
2.80602
2.79974
2.78843
2.76555
2.75592
2.75696
2.75004
2.72135
2.73722
2.7322
2.71328
2.71268
2.71176
3.06732
2.99301
2.98038
2.97829
2.97695
2.97493
2.97323
2.97262
2.97187
2.96991
2.96651
2.97907
2.97303
2.97421
2.97162
2.96857
2.96422
2.96795
2.9665
2.96271
2.95726
2.94599
2.93554
2.92769
2.92337
2.91056
2.93013
2.90681
2.8983
2.89102
2.88376
2.87625
2.86834
2.85986
2.85075
2.84181
2.83533
2.83584
2.85008
2.78566
2.7717
2.76066
2.7513
2.74144
2.73054
2.7204
2.71252
2.70677
2.69766
2.68618
-12.4263
-12.5584
-12.6998
-12.8446
-12.9929
-13.1446
-13.3001
-13.458
-13.6177
-13.7905
-13.9881
-14.1214
-14.388
-14.534
-14.6924
-14.8725
-15.061
-15.2509
-15.4443
-15.6567
-15.8956
-16.1127
-16.3745
-16.5462
-16.7332
-16.9453
-17.1655
-17.3866
-17.6087
-17.845
-18.1058
-18.371
-18.6206
-18.8627
-19.0898
-19.3005
-19.5236
-19.7629
-20.0044
-20.2461
-20.4891
-20.7328
-20.9764
-21.22
-21.4641
-21.7071
-21.9497
-22.2022
-22.4612
-22.7123
-22.9488
-23.1803
-23.4073
-23.6203
-23.8223
-24.0282
-24.2367
-24.4415
-24.6417
-24.8366
-25.026
-25.2088
-25.3837
-25.5507
-25.7114
-25.8588
-25.9859
-26.169
-26.2871
-26.4073
-26.5075
-26.597
-26.6774
-26.7523
-26.8209
-26.8808
-26.9258
-26.9547
-26.9704
-26.9735
-26.9651
-26.9463
-26.9103
-26.8548
-26.7719
-26.7815
-26.6961
-26.6069
-26.4892
-26.3615
-26.2291
-26.0869
-25.9355
-25.7807
-25.6162
-25.4318
-25.2295
-25.0165
-24.7914
-24.5512
-24.3004
-24.0484
-23.8139
-23.5604
-23.2899
-23.0046
-22.7099
-22.4051
-22.0908
-21.7665
-21.4362
-21.1059
-20.7738
-20.4382
-20.0918
-19.7367
-19.3823
-19.0216
-18.6501
-18.2723
-17.8917
-17.5059
-17.1115
-16.7119
-16.3109
-15.9078
-15.5048
-15.1045
-14.6942
-14.2836
-13.8635
-13.4353
-13.021
-12.6097
-12.189
-11.7734
-11.3643
-10.9615
-10.556
-10.1549
-9.75605
-9.36292
-8.97817
-8.59932
-8.22763
-7.86658
-7.51415
-7.1698
-6.83182
-6.5079
-6.18995
-5.88522
-5.59412
-5.3165
-5.0541
-4.80581
-4.56737
-4.34444
-4.12899
-3.93258
-3.75913
-3.58811
-3.43572
-3.28853
-3.16855
-3.05713
-2.95736
-2.86924
-2.79373
-2.73018
-2.67675
-2.63502
-2.60222
-2.57844
-2.56207
-2.55416
-2.55326
-2.55836
-2.56886
-2.58431
-2.60416
-2.62783
-2.65477
-2.68459
-2.71688
-2.75112
-2.78717
-2.8248
-2.86351
-2.90315
-2.94353
-2.9845
-3.0259
-3.06767
-3.10976
-3.15212
-3.19471
-3.23749
-3.28044
-3.32355
-3.36683
-3.41025
-3.45383
-3.49756
-3.54143
-3.58543
-3.62956
-3.67381
-3.71815
-3.76258
-3.80708
-3.85163
-3.89623
-3.94086
-3.98551
-4.03016
-4.0748
-4.11942
-4.16394
-4.20851
-4.25297
-4.29735
-4.34166
-4.38587
-4.42994
-4.47389
-4.51778
-4.56145
-4.60496
-4.64831
-4.69142
-4.73438
-4.77712
-4.81961
-4.86189
-4.90391
-4.94561
-4.98709
-5.02828
-5.06916
-5.10977
-5.15009
-5.19012
-5.22987
-5.26922
-5.30832
-5.34744
-5.386
-5.42433
-5.46245
-5.50037
-5.53788
-5.57535
-5.61285
-5.65002
-5.68709
-5.72409
-5.76116
-5.7983
-5.83483
-5.87232
-5.90923
-5.94633
-5.98372
-6.02126
-6.05906
-6.09719
-6.1358
-6.17528
-6.21539
-6.25391
-6.2969
-6.33687
-6.37931
-6.42147
-6.46381
-6.5071
-6.54984
-6.5935
-6.63721
-6.68058
-6.72423
-6.76902
-6.81319
-6.85475
-6.89962
-6.94081
-6.98233
-7.02283
-7.06093
-7.09533
-7.12535
-7.15058
-7.17064
-7.18521
-7.19466
-7.19947
-7.19821
-7.18933
-7.17744
-8.09584
-8.18368
-8.27183
-8.3707
-8.4757
-8.58212
-8.69133
-8.80682
-8.91488
-9.03072
-9.12287
-9.2713
-9.41349
-9.54946
-9.69205
-9.80019
-9.91573
-10.0457
-10.1811
-10.3162
-10.4557
-10.6114
-10.7829
-10.9566
-11.1386
-11.2544
-11.3877
-11.5401
-11.6954
-11.8514
-12.0088
-12.1696
-12.327
-12.4936
-12.6768
-12.876
-13.0667
-13.2538
-13.393
-13.5336
-13.6949
-13.8659
-14.0374
-14.2091
-14.3805
-14.5502
-14.7281
-14.9229
-15.1177
-15.3001
-15.4731
-15.6331
-15.7764
-15.9276
-16.0902
-16.2522
-16.4111
-16.5677
-16.7221
-16.874
-17.0226
-17.1676
-17.3088
-17.4451
-17.5763
-17.707
-17.8422
-17.9733
-18.0896
-18.1945
-18.2929
-18.3815
-18.4579
-18.5311
-18.6032
-18.6702
-18.7292
-18.7803
-18.8237
-18.8591
-18.8862
-18.9047
-18.9139
-18.9108
-18.9003
-18.8801
-18.8743
-18.8341
-18.7868
-18.7337
-18.6721
-18.6049
-18.5311
-18.4461
-18.3488
-18.2356
-18.1087
-17.9771
-17.8402
-17.6994
-17.5553
-17.4027
-17.2364
-17.0596
-16.8746
-16.6818
-16.4777
-16.2599
-16.0349
-15.8084
-15.5758
-15.3362
-15.0972
-14.8563
-14.6035
-14.3395
-14.0705
-13.7967
-13.5173
-13.2278
-12.9298
-12.6306
-12.3335
-12.0324
-11.7272
-11.4247
-11.1252
-10.8215
-10.5097
-10.1981
-9.87925
-9.5607
-9.25786
-8.94297
-8.6348
-8.32216
-8.01694
-7.71873
-7.41277
-7.11612
-6.82615
-6.54181
-6.26882
-6.00516
-5.74452
-5.48902
-5.2418
-5.00302
-4.77377
-4.54917
-4.33019
-4.12279
-3.93711
-3.76386
-3.59852
-3.43972
-3.29251
-3.15247
-3.02127
-2.91861
-2.81696
-2.72306
-2.63978
-2.56282
-2.49833
-2.44595
-2.40086
-2.36344
-2.334
-2.31155
-2.29584
-2.28829
-2.28566
-2.28876
-2.29647
-2.30917
-2.3261
-2.34656
-2.37088
-2.39788
-2.42796
-2.46042
-2.49495
-2.5313
-2.56937
-2.60883
-2.6495
-2.69142
-2.73413
-2.7776
-2.82174
-2.86647
-2.9117
-2.95733
-3.0033
-3.04954
-3.09598
-3.1426
-3.18935
-3.23623
-3.28322
-3.33032
-3.37751
-3.4248
-3.47216
-3.5196
-3.5671
-3.61464
-3.66221
-3.70979
-3.75738
-3.80496
-3.85251
-3.90003
-3.94751
-3.99492
-4.04226
-4.08952
-4.13669
-4.18354
-4.23058
-4.2774
-4.32401
-4.37051
-4.41686
-4.46296
-4.50892
-4.55476
-4.60025
-4.64554
-4.69062
-4.73538
-4.77992
-4.82413
-4.86809
-4.91174
-4.95508
-4.99812
-5.04083
-5.08322
-5.12527
-5.16705
-5.20844
-5.24967
-5.2907
-5.33143
-5.3719
-5.41282
-5.45281
-5.49255
-5.5323
-5.57218
-5.61189
-5.65168
-5.69154
-5.73144
-5.77138
-5.81133
-5.8522
-5.89339
-5.9351
-5.97598
-6.0186
-6.06181
-6.10491
-6.14898
-6.1944
-6.2409
-6.28857
-6.33815
-6.38915
-6.43998
-6.49347
-6.54672
-6.60157
-6.65824
-6.7166
-6.77735
-6.83876
-6.89424
-6.96089
-7.01795
-7.07851
-7.14142
-7.20299
-7.26188
-7.31934
-7.37067
-7.43463
-7.48743
-7.53515
-7.57365
-7.59792
-7.6097
-7.60424
-7.5804
-7.53937
-7.47857
-7.39708
-7.29301
-4.81659
-4.88947
-4.96176
-5.03286
-5.09778
-5.16296
-5.25404
-5.32129
-5.40013
-5.47272
-5.54497
-5.62199
-5.70289
-5.78822
-5.88029
-5.9624
-6.04864
-6.12705
-6.20388
-6.28838
-6.37829
-6.46784
-6.56124
-6.66589
-6.72758
-6.89207
-6.96413
-7.05866
-7.16115
-7.26384
-7.36739
-7.4614
-7.55788
-7.65848
-7.76006
-7.8632
-7.97634
-8.10256
-8.20614
-8.3078
-8.39283
-8.45428
-8.5603
-8.65366
-8.76352
-8.86346
-8.96161
-9.0655
-9.17324
-9.28052
-9.38901
-9.50391
-9.62112
-9.73027
-9.83032
-9.92755
-10.0222
-10.1086
-10.1907
-10.2788
-10.3703
-10.4593
-10.5454
-10.6291
-10.7104
-10.7896
-10.8676
-10.9463
-11.0252
-11.1057
-11.1868
-11.2573
-11.3166
-11.3646
-11.402
-11.4391
-11.4801
-11.5181
-11.5506
-11.5785
-11.6024
-11.6218
-11.6363
-11.6457
-11.6496
-11.6476
-11.6386
-11.6268
-11.6109
-11.5899
-11.5594
-11.5116
-11.4724
-11.4256
-11.3723
-11.355
-11.2809
-11.2055
-11.1264
-11.0458
-10.9629
-10.8714
-10.7697
-10.6607
-10.5464
-10.4273
-10.3034
-10.1742
-10.0368
-9.88841
-9.73175
-9.58715
-9.44311
-9.29417
-9.13416
-8.96771
-8.79883
-8.62389
-8.43814
-8.24689
-8.05874
-7.87086
-7.68
-7.49422
-7.31281
-7.12671
-6.93507
-6.74206
-6.54845
-6.35492
-6.16177
-5.96981
-5.77873
-5.58902
-5.40098
-5.21746
-5.03562
-4.84898
-4.66181
-4.48347
-4.31355
-4.15584
-4.01044
-3.86602
-3.72022
-3.57916
-3.44436
-3.31605
-3.19414
-3.07595
-2.96015
-2.84743
-2.76666
-2.6823
-2.60101
-2.52533
-2.45401
-2.38762
-2.34017
-2.2937
-2.25172
-2.21551
-2.18489
-2.15934
-2.13878
-2.12694
-2.11845
-2.11419
-2.11439
-2.11792
-2.12667
-2.1386
-2.15376
-2.1722
-2.1932
-2.21716
-2.24366
-2.27245
-2.30321
-2.3361
-2.37074
-2.4068
-2.44444
-2.48337
-2.52337
-2.56461
-2.60672
-2.64966
-2.69334
-2.73768
-2.7826
-2.828
-2.87381
-2.91997
-2.96641
-3.01311
-3.06003
-3.10715
-3.15446
-3.20196
-3.24963
-3.29743
-3.34542
-3.39354
-3.44178
-3.49013
-3.5385
-3.58704
-3.63565
-3.68423
-3.73289
-3.78152
-3.83019
-3.87883
-3.92745
-3.97603
-4.02455
-4.073
-4.12137
-4.16964
-4.21779
-4.26587
-4.31377
-4.36149
-4.40912
-4.45659
-4.50385
-4.55062
-4.59764
-4.64425
-4.69053
-4.73661
-4.78232
-4.82787
-4.87305
-4.91812
-4.96223
-5.00703
-5.05112
-5.09487
-5.13834
-5.18154
-5.22452
-5.26675
-5.3098
-5.35216
-5.39453
-5.43678
-5.47867
-5.52124
-5.5629
-5.60476
-5.64774
-5.69038
-5.7334
-5.77767
-5.82136
-5.8649
-5.91002
-5.95596
-6.00271
-6.05043
-6.09905
-6.14764
-6.20001
-6.24997
-6.30509
-6.35982
-6.41808
-6.47665
-6.53935
-6.60482
-6.67179
-6.74035
-6.81246
-6.88367
-6.95901
-7.03783
-7.11848
-7.19837
-7.28172
-7.36507
-7.4487
-7.5336
-7.62315
-7.7079
-7.79263
-7.87363
-7.95277
-8.03028
-8.09498
-8.14518
-8.1804
-8.19944
-8.20034
-8.17882
-8.12653
-8.04581
-7.94326
-7.80772
-2.70464
-2.74861
-2.79552
-2.84644
-2.89757
-2.94477
-2.99404
-3.04195
-3.08462
-3.1352
-3.18901
-3.24447
-3.29806
-3.35817
-3.4064
-3.45768
-3.51147
-3.56552
-3.61977
-3.67515
-3.73168
-3.7879
-3.84325
-3.89658
-3.95555
-4.01695
-4.07739
-4.13977
-4.19073
-4.24476
-4.30698
-4.35775
-4.4168
-4.47181
-4.52671
-4.58408
-4.64174
-4.69916
-4.76271
-4.79443
-4.8584
-4.90755
-4.95373
-5.0104
-5.07027
-5.13192
-5.19257
-5.25455
-5.3027
-5.35256
-5.40586
-5.45921
-5.51279
-5.57056
-5.63128
-5.65752
-5.76893
-5.80759
-5.85679
-5.90921
-5.96199
-6.00755
-6.05145
-6.08997
-6.12575
-6.16405
-6.2041
-6.24366
-6.28245
-6.32002
-6.33863
-6.4008
-6.42767
-6.46355
-6.502
-6.53272
-6.55591
-6.5728
-6.58483
-6.59291
-6.60139
-6.61256
-6.6216
-6.61599
-6.61873
-6.61973
-6.61732
-6.61317
-6.60644
-6.59687
-6.58507
-6.57088
-6.53591
-6.51448
-6.48964
-6.46025
-6.43217
-6.40192
-6.36626
-6.32386
-6.27523
-6.22278
-6.16552
-6.1077
-6.05065
-5.9915
-5.92751
-5.85944
-5.7892
-5.71752
-5.64294
-5.55053
-5.47109
-5.39304
-5.31097
-5.22378
-5.13449
-5.04357
-4.95073
-4.85714
-4.76145
-4.65912
-4.54506
-4.44236
-4.35312
-4.26615
-4.17426
-4.07647
-3.9786
-3.88177
-3.78571
-3.69041
-3.59603
-3.50277
-3.41084
-3.32051
-3.23198
-3.14522
-3.06055
-2.9762
-2.88895
-2.80179
-2.75474
-2.69405
-2.63046
-2.56802
-2.50888
-2.45315
-2.40086
-2.35186
-2.30577
-2.26298
-2.22655
-2.19271
-2.16235
-2.13472
-2.10961
-2.08748
-2.07679
-2.06482
-2.05514
-2.04865
-2.04524
-2.04468
-2.04694
-2.05268
-2.06083
-2.07167
-2.08477
-2.10038
-2.11826
-2.13821
-2.1603
-2.18418
-2.20979
-2.23759
-2.2668
-2.29748
-2.32962
-2.36307
-2.39785
-2.43375
-2.47079
-2.50876
-2.54771
-2.58744
-2.62791
-2.66907
-2.71085
-2.75318
-2.79601
-2.83929
-2.88296
-2.92707
-2.97152
-3.01632
-3.06146
-3.10694
-3.15273
-3.19883
-3.24522
-3.2918
-3.33875
-3.38585
-3.43321
-3.48078
-3.52846
-3.57636
-3.62446
-3.67262
-3.72089
-3.76928
-3.81771
-3.86617
-3.91454
-3.96349
-4.01211
-4.06068
-4.10928
-4.15786
-4.20639
-4.25487
-4.30328
-4.35163
-4.39959
-4.44773
-4.49519
-4.54323
-4.59024
-4.63834
-4.68523
-4.73222
-4.77906
-4.82496
-4.87131
-4.9175
-4.96313
-5.00857
-5.05453
-5.09933
-5.14386
-5.18827
-5.23263
-5.27676
-5.32078
-5.36553
-5.40929
-5.45322
-5.49744
-5.54159
-5.58552
-5.62997
-5.67558
-5.72093
-5.76674
-5.81308
-5.86011
-5.90798
-5.9564
-6.0034
-6.05407
-6.10695
-6.15946
-6.21387
-6.26869
-6.32506
-6.3834
-6.44438
-6.50721
-6.57166
-6.6375
-6.70731
-6.77948
-6.8535
-6.92701
-7.00265
-7.08078
-7.16258
-7.24506
-7.32893
-7.41267
-7.49491
-7.57552
-7.65271
-7.72591
-7.79653
-7.86424
-7.92489
-7.97953
-8.03153
-8.0787
-8.11548
-8.13626
-8.14019
-8.12607
-8.08851
-8.02752
-7.94489
-7.84577
-7.70014
-1.47782
-1.51251
-1.54584
-1.57919
-1.61355
-1.64892
-1.685
-1.71657
-1.75136
-1.78484
-1.81837
-1.85294
-1.8883
-1.92425
-1.96059
-1.99558
-2.03026
-2.06372
-2.097
-2.13107
-2.16661
-2.2022
-2.2337
-2.26832
-2.30171
-2.33359
-2.36957
-2.40554
-2.43815
-2.47208
-2.5047
-2.53592
-2.56891
-2.60642
-2.64074
-2.67388
-2.71042
-2.74127
-2.77272
-2.80547
-2.8396
-2.8739
-2.90694
-2.93867
-2.96945
-2.99917
-3.02856
-3.05947
-3.09225
-3.12422
-3.15589
-3.18628
-3.21614
-3.24489
-3.27214
-3.29988
-3.32843
-3.35614
-3.38377
-3.41189
-3.44106
-3.45132
-3.50236
-3.52036
-3.54795
-3.57295
-3.59623
-3.618
-3.63909
-3.6591
-3.67821
-3.69718
-3.71554
-3.73272
-3.74952
-3.76739
-3.78647
-3.80304
-3.80386
-3.84509
-3.85394
-3.87475
-3.88118
-3.8871
-3.89253
-3.89625
-3.89666
-3.89784
-3.8977
-3.89612
-3.8932
-3.8887
-3.88332
-3.87723
-3.86919
-3.85866
-3.84707
-3.83448
-3.82078
-3.80619
-3.7906
-3.77369
-3.75482
-3.73366
-3.709
-3.68192
-3.65254
-3.62244
-3.59216
-3.56186
-3.53004
-3.49734
-3.4625
-3.42411
-3.38746
-3.3498
-3.31062
-3.26993
-3.22867
-3.18737
-3.14601
-3.10466
-3.06349
-3.02146
-2.97768
-2.93276
-2.88953
-2.84962
-2.81089
-2.77054
-2.72913
-2.68807
-2.64752
-2.60752
-2.56817
-2.5296
-2.49193
-2.4554
-2.42038
-2.38712
-2.35506
-2.32386
-2.29203
-2.26903
-2.24528
-2.2224
-2.20051
-2.18013
-2.16145
-2.14455
-2.12949
-2.11627
-2.10486
-2.09525
-2.08753
-2.08156
-2.07776
-2.07613
-2.07647
-2.07846
-2.08211
-2.08754
-2.09471
-2.1036
-2.11417
-2.12639
-2.14021
-2.15551
-2.17273
-2.19124
-2.21114
-2.23249
-2.25517
-2.27895
-2.30443
-2.33099
-2.35867
-2.38747
-2.41735
-2.44818
-2.48006
-2.5128
-2.54638
-2.58076
-2.6159
-2.65174
-2.68826
-2.72541
-2.76316
-2.80149
-2.84038
-2.87981
-2.91976
-2.96027
-3.00126
-3.04274
-3.08469
-3.12709
-3.16993
-3.21312
-3.25688
-3.30096
-3.3454
-3.39016
-3.4353
-3.48073
-3.52644
-3.57243
-3.61868
-3.66528
-3.71202
-3.75891
-3.80606
-3.85334
-3.90072
-3.94796
-3.99636
-4.04434
-4.09209
-4.14016
-4.18823
-4.2357
-4.28431
-4.33261
-4.38072
-4.42881
-4.47691
-4.52485
-4.57252
-4.62016
-4.66902
-4.71619
-4.76352
-4.81116
-4.85732
-4.90427
-4.95
-4.99694
-5.04324
-5.08773
-5.13561
-5.18124
-5.2266
-5.27206
-5.31757
-5.36306
-5.40827
-5.45335
-5.50031
-5.54393
-5.59006
-5.63391
-5.68131
-5.72928
-5.77681
-5.82472
-5.87307
-5.92197
-5.97076
-6.0215
-6.07693
-6.12617
-6.18189
-6.23566
-6.29117
-6.3485
-6.40693
-6.46708
-6.52886
-6.59123
-6.65425
-6.71923
-6.78557
-6.85249
-6.92128
-6.99214
-7.06283
-7.13376
-7.2038
-7.27143
-7.33795
-7.40384
-7.46604
-7.52317
-7.58085
-7.63967
-7.69404
-7.74424
-7.78615
-7.81389
-7.82842
-7.83074
-7.82285
-7.80377
-7.77239
-7.72818
-7.66953
-7.58834
-7.4896
-7.33807
-0.784807
-0.80996
-0.834106
-0.859215
-0.883145
-0.907173
-0.931399
-0.955826
-0.980243
-1.00218
-1.02606
-1.04938
-1.07249
-1.09577
-1.1191
-1.14245
-1.16581
-1.18906
-1.21189
-1.23447
-1.25665
-1.27809
-1.30046
-1.32305
-1.34347
-1.36525
-1.38684
-1.40799
-1.42957
-1.452
-1.47393
-1.49425
-1.51545
-1.53635
-1.55661
-1.57783
-1.60069
-1.62205
-1.64299
-1.66516
-1.68536
-1.70594
-1.72733
-1.74917
-1.76369
-1.78466
-1.80452
-1.82413
-1.8444
-1.86495
-1.88568
-1.90662
-1.92783
-1.94875
-1.96962
-1.99359
-2.01231
-2.03148
-2.05153
-2.07181
-2.0906
-2.10502
-2.13593
-2.15405
-2.17295
-2.19232
-2.21198
-2.23138
-2.24358
-2.27452
-2.29183
-2.32126
-2.33857
-2.35531
-2.37262
-2.3881
-2.40374
-2.4199
-2.43644
-2.45203
-2.46744
-2.48264
-2.4976
-2.51214
-2.52584
-2.53696
-2.54912
-2.5599
-2.57018
-2.58043
-2.59103
-2.6
-2.60766
-2.61406
-2.62235
-2.62773
-2.6316
-2.63538
-2.63797
-2.63896
-2.64014
-2.64055
-2.63991
-2.63868
-2.63692
-2.63417
-2.63051
-2.62581
-2.61953
-2.61189
-2.60638
-2.59825
-2.58907
-2.58004
-2.56873
-2.55504
-2.53833
-2.5343
-2.52231
-2.50894
-2.49487
-2.48072
-2.4666
-2.45259
-2.43874
-2.42486
-2.41051
-2.3957
-2.38128
-2.36807
-2.35463
-2.34115
-2.32748
-2.31399
-2.30083
-2.28806
-2.27572
-2.2639
-2.25267
-2.24212
-2.23237
-2.22346
-2.21532
-2.20763
-2.20112
-2.19576
-2.19096
-2.18694
-2.18379
-2.18146
-2.18001
-2.17951
-2.18009
-2.18186
-2.1844
-2.18793
-2.19246
-2.19799
-2.20453
-2.2121
-2.2207
-2.23033
-2.24098
-2.25266
-2.26536
-2.27906
-2.2937
-2.30957
-2.32628
-2.34396
-2.3626
-2.38218
-2.40265
-2.42404
-2.44643
-2.46961
-2.49364
-2.51849
-2.54415
-2.57051
-2.59772
-2.62568
-2.65434
-2.68371
-2.71378
-2.74451
-2.77585
-2.80811
-2.84087
-2.8743
-2.90838
-2.94309
-2.97842
-3.01434
-3.05094
-3.08807
-3.12579
-3.16405
-3.20283
-3.24196
-3.28194
-3.32219
-3.36296
-3.40414
-3.44561
-3.48772
-3.53026
-3.57318
-3.61642
-3.66004
-3.70387
-3.74818
-3.79272
-3.83765
-3.88302
-3.92751
-3.97343
-4.01966
-4.06569
-4.11213
-4.1588
-4.20533
-4.25174
-4.29994
-4.34731
-4.39463
-4.44201
-4.4895
-4.537
-4.58437
-4.63155
-4.67931
-4.7271
-4.77437
-4.82174
-4.86918
-4.91636
-4.96338
-5.01085
-5.05759
-5.10385
-5.15089
-5.19788
-5.24447
-5.29083
-5.33738
-5.38409
-5.43064
-5.47721
-5.5249
-5.57255
-5.62018
-5.66788
-5.71579
-5.76386
-5.81212
-5.861
-5.91137
-5.96286
-6.01493
-6.06717
-6.11917
-6.17049
-6.22216
-6.2757
-6.33077
-6.38721
-6.44404
-6.50026
-6.55612
-6.61259
-6.66997
-6.7283
-6.78694
-6.84395
-6.89876
-6.95532
-7.01787
-7.07526
-7.12839
-7.17832
-7.22686
-7.27345
-7.31726
-7.35858
-7.39553
-7.42737
-7.4525
-7.46805
-7.47347
-7.47499
-7.47031
-7.45872
-7.43643
-7.39975
-7.35025
-7.28602
-7.19585
-7.11618
-6.98985
-0.306892
-0.324466
-0.342703
-0.360892
-0.378869
-0.396654
-0.414749
-0.431989
-0.448987
-0.466458
-0.483587
-0.498645
-0.515264
-0.531615
-0.547793
-0.563959
-0.58003
-0.595985
-0.611877
-0.627683
-0.642526
-0.658155
-0.673543
-0.688473
-0.703908
-0.719468
-0.734942
-0.749837
-0.76508
-0.780216
-0.795328
-0.810634
-0.826346
-0.841791
-0.857057
-0.872553
-0.888032
-0.903002
-0.918797
-0.935279
-0.950984
-0.967714
-0.983707
-0.999941
-1.01724
-1.03418
-1.05112
-1.06804
-1.08496
-1.10198
-1.11913
-1.13651
-1.15432
-1.17243
-1.19089
-1.20537
-1.2271
-1.24525
-1.26337
-1.28254
-1.30183
-1.31751
-1.34016
-1.35934
-1.37859
-1.39831
-1.41826
-1.43848
-1.4546
-1.47995
-1.49986
-1.52039
-1.5422
-1.56338
-1.58461
-1.60545
-1.62584
-1.64809
-1.66795
-1.68767
-1.70783
-1.72801
-1.74821
-1.76843
-1.7887
-1.80903
-1.82896
-1.84733
-1.86906
-1.888
-1.90653
-1.92505
-1.94347
-1.96138
-1.97512
-1.99344
-2.00978
-2.02544
-2.04069
-2.05582
-2.06992
-2.08333
-2.09607
-2.10837
-2.12008
-2.13125
-2.14177
-2.15174
-2.16116
-2.16997
-2.17789
-2.18613
-2.19308
-2.19993
-2.20595
-2.21078
-2.20962
-2.21452
-2.22021
-2.22527
-2.22924
-2.23257
-2.23566
-2.23854
-2.24126
-2.24388
-2.24644
-2.24894
-2.25133
-2.25336
-2.25583
-2.25782
-2.26012
-2.263
-2.26553
-2.2681
-2.27077
-2.27359
-2.27659
-2.27978
-2.28319
-2.28685
-2.29077
-2.29493
-2.29924
-2.30395
-2.30927
-2.31463
-2.32035
-2.32628
-2.33246
-2.3385
-2.34731
-2.35491
-2.36282
-2.37117
-2.37996
-2.38921
-2.39893
-2.40912
-2.41979
-2.43096
-2.44263
-2.45482
-2.46748
-2.48055
-2.4942
-2.5089
-2.52383
-2.53925
-2.55526
-2.57186
-2.58903
-2.60678
-2.62511
-2.64401
-2.66354
-2.68376
-2.70452
-2.72589
-2.74788
-2.77052
-2.79378
-2.81767
-2.84215
-2.86725
-2.89298
-2.91961
-2.94679
-2.97454
-3.00297
-3.03204
-3.06177
-3.09216
-3.12317
-3.15462
-3.1871
-3.21999
-3.25357
-3.28769
-3.32236
-3.35781
-3.39363
-3.43013
-3.46702
-3.50438
-3.54216
-3.58056
-3.61979
-3.65941
-3.69939
-3.73968
-3.78042
-3.82153
-3.86214
-3.90486
-3.94771
-3.99077
-4.0341
-4.07776
-4.12182
-4.16602
-4.21036
-4.25475
-4.30018
-4.34606
-4.39212
-4.43814
-4.48431
-4.53078
-4.57754
-4.62449
-4.67145
-4.71809
-4.76436
-4.81218
-4.8601
-4.90797
-4.95559
-5.00344
-5.05131
-5.09883
-5.14636
-5.19473
-5.24314
-5.29088
-5.33874
-5.38721
-5.43603
-5.48487
-5.5336
-5.58215
-5.63113
-5.68084
-5.73127
-5.78194
-5.83254
-5.88321
-5.93398
-5.98529
-6.03636
-6.08675
-6.13686
-6.18997
-6.24506
-6.29909
-6.3514
-6.40254
-6.45339
-6.50417
-6.55468
-6.60486
-6.65465
-6.70288
-6.74847
-6.78639
-6.84453
-6.89235
-6.93404
-6.9719
-7.00774
-7.04159
-7.07273
-7.10055
-7.12432
-7.14749
-7.16626
-7.18138
-7.19002
-7.18351
-7.18914
-7.18824
-7.1764
-7.15619
-7.12783
-7.0916
-7.04566
-6.98415
-6.90624
-6.82487
0.13901
0.122326
0.107126
0.0921088
0.0771883
0.0624854
0.0481828
0.0341401
0.0200164
0.00624125
-0.00737527
-0.0199084
-0.0340443
-0.0469217
-0.0593546
-0.0725193
-0.0851116
-0.0975747
-0.109936
-0.122204
-0.134396
-0.146574
-0.158743
-0.170909
-0.183088
-0.195296
-0.207561
-0.219915
-0.232354
-0.24488
-0.257466
-0.27015
-0.282973
-0.29583
-0.308892
-0.322154
-0.335604
-0.349256
-0.363122
-0.376541
-0.391569
-0.406054
-0.420796
-0.435806
-0.451081
-0.466641
-0.482535
-0.498746
-0.515225
-0.530697
-0.549724
-0.566455
-0.585804
-0.603919
-0.62037
-0.638984
-0.657993
-0.676962
-0.696253
-0.716042
-0.736211
-0.756754
-0.777352
-0.798499
-0.820152
-0.841743
-0.863848
-0.886337
-0.909232
-0.929666
-0.952863
-0.976359
-1.00009
-1.02429
-1.04889
-1.07387
-1.0992
-1.12475
-1.15029
-1.17295
-1.19843
-1.22581
-1.25151
-1.27752
-1.3038
-1.33019
-1.35669
-1.38329
-1.40986
-1.43642
-1.46295
-1.48948
-1.51595
-1.54229
-1.56869
-1.59467
-1.62036
-1.64582
-1.67105
-1.69602
-1.72071
-1.74507
-1.76905
-1.79263
-1.81578
-1.83843
-1.86052
-1.88189
-1.90435
-1.92528
-1.94575
-1.96578
-1.98541
-2.00468
-2.02333
-2.04121
-2.05875
-2.07632
-2.09404
-2.11186
-2.12905
-2.14553
-2.16173
-2.17774
-2.19356
-2.20918
-2.22461
-2.23988
-2.255
-2.26999
-2.28487
-2.29954
-2.31388
-2.327
-2.34344
-2.35782
-2.37197
-2.38599
-2.39993
-2.41375
-2.42746
-2.4411
-2.45466
-2.46798
-2.48083
-2.49075
-2.50744
-2.52088
-2.53388
-2.54685
-2.55946
-2.57075
-2.5846
-2.59735
-2.60992
-2.62237
-2.6348
-2.64719
-2.65957
-2.67193
-2.68431
-2.69673
-2.70918
-2.72169
-2.73412
-2.74624
-2.75608
-2.76972
-2.7835
-2.79688
-2.81018
-2.82365
-2.83735
-2.85133
-2.86554
-2.8798
-2.89406
-2.90768
-2.9266
-2.94273
-2.95909
-2.97592
-2.99324
-3.01111
-3.02953
-3.04846
-3.06783
-3.08813
-3.10891
-3.13026
-3.15223
-3.17464
-3.1974
-3.22061
-3.24625
-3.27167
-3.29755
-3.32366
-3.35068
-3.37829
-3.40595
-3.43528
-3.46513
-3.4955
-3.52638
-3.55789
-3.59001
-3.62262
-3.6556
-3.6896
-3.72446
-3.7596
-3.79518
-3.83113
-3.86734
-3.89887
-3.94015
-3.97924
-4.01819
-4.05716
-4.0966
-4.1366
-4.17707
-4.21795
-4.25908
-4.30053
-4.3428
-4.38628
-4.42953
-4.47314
-4.51705
-4.56134
-4.60608
-4.65112
-4.696
-4.74028
-4.78623
-4.83594
-4.88334
-4.93053
-4.97789
-5.02582
-5.07424
-5.12261
-5.17003
-5.21219
-5.26806
-5.31848
-5.36808
-5.41768
-5.46785
-5.51847
-5.56915
-5.61942
-5.66928
-5.72034
-5.77215
-5.8233
-5.87387
-5.92434
-5.97447
-6.02465
-6.07454
-6.12381
-6.17291
-6.21971
-6.26677
-6.31511
-6.36167
-6.40639
-6.44956
-6.49165
-6.53278
-6.5728
-6.61193
-6.65013
-6.68534
-6.7042
-6.74784
-6.78718
-6.81875
-6.84611
-6.87198
-6.8955
-6.91509
-6.92331
-6.95074
-6.9712
-6.98578
-6.99596
-7.00305
-7.00683
-6.99288
-7.01033
-7.01201
-7.00215
-6.98756
-6.96606
-6.93976
-6.89649
0.628032
0.610275
0.592949
0.577639
0.558443
0.542806
0.52752
0.512616
0.498136
0.484039
0.470254
0.456989
0.444244
0.429
0.416594
0.404369
0.39235
0.380493
0.368813
0.357629
0.346215
0.334866
0.323581
0.312308
0.301015
0.289687
0.278298
0.266825
0.255241
0.243524
0.232186
0.219961
0.208242
0.195862
0.183118
0.170269
0.157188
0.143838
0.130218
0.116317
0.102132
0.0876292
0.0727818
0.0575863
0.0420383
0.0261297
0.0098488
-0.00681409
-0.0238755
-0.0413082
-0.0591743
-0.0773954
-0.0961178
-0.115275
-0.134925
-0.155053
-0.175571
-0.196375
-0.217609
-0.239213
-0.261209
-0.283692
-0.306697
-0.330177
-0.354055
-0.37846
-0.403325
-0.428679
-0.454549
-0.480449
-0.507029
-0.536624
-0.564061
-0.59204
-0.620539
-0.649489
-0.678928
-0.708885
-0.739406
-0.770497
-0.79379
-0.825799
-0.858113
-0.888808
-0.924802
-0.95769
-0.989156
-1.02317
-1.05706
-1.09113
-1.12549
-1.16008
-1.19484
-1.22986
-1.26489
-1.29995
-1.33377
-1.36896
-1.40405
-1.439
-1.47388
-1.50864
-1.54319
-1.57766
-1.61183
-1.64572
-1.67933
-1.71284
-1.74577
-1.77831
-1.8105
-1.84239
-1.87396
-1.90523
-1.9362
-1.96682
-1.99704
-2.02643
-2.05438
-2.08333
-2.11252
-2.14161
-2.17085
-2.19935
-2.22746
-2.25532
-2.28288
-2.31021
-2.33736
-2.36433
-2.39106
-2.41745
-2.44354
-2.46961
-2.49805
-2.52356
-2.54888
-2.57393
-2.59876
-2.62336
-2.64767
-2.6717
-2.69546
-2.71855
-2.74096
-2.76169
-2.78516
-2.80767
-2.82928
-2.85027
-2.87093
-2.89056
-2.90622
-2.92797
-2.94692
-2.965
-2.98242
-2.99938
-3.0159
-3.03175
-3.04665
-3.05813
-3.07476
-3.08883
-3.10221
-3.11564
-3.12741
-3.1373
-3.14913
-3.1611
-3.17287
-3.18394
-3.19452
-3.20492
-3.21518
-3.22513
-3.23454
-3.24333
-3.25198
-3.26176
-3.27423
-3.28548
-3.29661
-3.30767
-3.31879
-3.33047
-3.34268
-3.35528
-3.3686
-3.38246
-3.39675
-3.4117
-3.42706
-3.44195
-3.45699
-3.47425
-3.4977
-3.51891
-3.54007
-3.56062
-3.58266
-3.6035
-3.627
-3.65133
-3.67556
-3.70027
-3.72574
-3.7521
-3.77926
-3.80728
-3.8361
-3.86493
-3.89296
-3.92077
-3.95151
-3.98928
-4.02291
-4.05621
-4.08923
-4.12275
-4.15697
-4.19184
-4.22734
-4.26354
-4.30032
-4.33747
-4.37509
-4.41262
-4.45045
-4.48723
-4.52707
-4.56968
-4.61188
-4.65356
-4.6953
-4.73224
-4.77727
-4.82196
-4.86621
-4.91037
-4.95509
-5.00045
-5.04649
-5.09305
-5.13877
-5.17328
-5.22768
-5.27676
-5.32445
-5.37175
-5.41949
-5.46763
-5.51599
-5.56457
-5.61327
-5.66212
-5.71057
-5.7579
-5.8049
-5.85298
-5.90401
-5.95223
-5.99895
-6.04542
-6.09087
-6.13533
-6.18088
-6.2278
-6.2712
-6.31307
-6.35339
-6.3926
-6.43058
-6.4672
-6.50263
-6.53638
-6.56662
-6.58709
-6.61934
-6.66997
-6.70218
-6.72979
-6.75596
-6.7822
-6.80809
-6.83364
-6.86021
-6.88819
-6.91683
-6.94376
-6.96997
-7.00072
-7.00694
-7.04664
-7.08814
-7.11569
-7.13957
-7.17005
-7.19495
-7.21422
1.17722
1.15272
1.12874
1.106
1.08648
1.05811
1.0377
1.01778
0.998311
0.979564
0.963704
0.944345
0.927839
0.911813
0.896206
0.881173
0.867921
0.851039
0.837363
0.824024
0.811022
0.798275
0.785764
0.774434
0.761305
0.749299
0.737354
0.725429
0.713486
0.701504
0.689993
0.67703
0.664811
0.652407
0.639781
0.626927
0.613822
0.600428
0.586715
0.573053
0.558635
0.543876
0.528722
0.513184
0.496968
0.480525
0.463409
0.445977
0.428033
0.409569
0.390583
0.371087
0.351177
0.330401
0.309247
0.287448
0.265083
0.242111
0.218568
0.194483
0.169921
0.144739
0.118763
0.0924064
0.0654511
0.0378766
0.00966082
-0.0191918
-0.0487058
-0.0788477
-0.108056
-0.139214
-0.168976
-0.204757
-0.237133
-0.270844
-0.304916
-0.339485
-0.374757
-0.410913
-0.447064
-0.482999
-0.520148
-0.559041
-0.597611
-0.636616
-0.672248
-0.722065
-0.761986
-0.80392
-0.845376
-0.887301
-0.929589
-0.972295
-1.01564
-1.05913
-1.10285
-1.14678
-1.19092
-1.23522
-1.27929
-1.3237
-1.37018
-1.41473
-1.45925
-1.50375
-1.54821
-1.59251
-1.63648
-1.68036
-1.72528
-1.76863
-1.81163
-1.85456
-1.89745
-1.94007
-1.98252
-2.02047
-2.06182
-2.1045
-2.14603
-2.18832
-2.22945
-2.27025
-2.31052
-2.35075
-2.39223
-2.43231
-2.47208
-2.51166
-2.55124
-2.59081
-2.63019
-2.66937
-2.70824
-2.74508
-2.7833
-2.82359
-2.86124
-2.89842
-2.93523
-2.97164
-3.00773
-3.04337
-3.07826
-3.11223
-3.14131
-3.17995
-3.20963
-3.24476
-3.27434
-3.30151
-3.33001
-3.35849
-3.38565
-3.41114
-3.43536
-3.45832
-3.48023
-3.50122
-3.52063
-3.53826
-3.55168
-3.56818
-3.58438
-3.59865
-3.6112
-3.62323
-3.63168
-3.63999
-3.64909
-3.65531
-3.66218
-3.66655
-3.66748
-3.67198
-3.67682
-3.67994
-3.68305
-3.68472
-3.68563
-3.68623
-3.68788
-3.69009
-3.69255
-3.69483
-3.69761
-3.69942
-3.70083
-3.70449
-3.71386
-3.72224
-3.73039
-3.73838
-3.74752
-3.75691
-3.76158
-3.7772
-3.79174
-3.80656
-3.82178
-3.83803
-3.85356
-3.8645
-3.88429
-3.90762
-3.92929
-3.95004
-3.97115
-3.99357
-4.01734
-4.04223
-4.06826
-4.0944
-4.11902
-4.13359
-4.16787
-4.19849
-4.22844
-4.25767
-4.28724
-4.31766
-4.3486
-4.37986
-4.41093
-4.44258
-4.47049
-4.50499
-4.54158
-4.57887
-4.61535
-4.65162
-4.68855
-4.72552
-4.76216
-4.79932
-4.84005
-4.88225
-4.92266
-4.96331
-5.00429
-5.04571
-5.08806
-5.13129
-5.17392
-5.21579
-5.25881
-5.30613
-5.35523
-5.40482
-5.45194
-5.49925
-5.54519
-5.59181
-5.63975
-5.68722
-5.73442
-5.78167
-5.82885
-5.87611
-5.92288
-5.96698
-6.00625
-6.03606
-6.0935
-6.14256
-6.1856
-6.22584
-6.26484
-6.30268
-6.33934
-6.37498
-6.40962
-6.44329
-6.47654
-6.51016
-6.54384
-6.57436
-6.59796
-6.62956
-6.66597
-6.70073
-6.7342
-6.77229
-6.81042
-6.84795
-6.88772
-6.92972
-6.97239
-7.01505
-7.06574
-7.12118
-7.17724
-7.22988
-7.29557
-7.3498
-7.41076
-7.49226
-7.56443
-7.63897
1.82789
1.79208
1.75825
1.72633
1.69219
1.66129
1.63264
1.60286
1.57348
1.54913
1.5199
1.49387
1.46883
1.44481
1.41874
1.3947
1.37472
1.35028
1.32977
1.30979
1.29033
1.27102
1.25213
1.23394
1.21638
1.19764
1.1809
1.16443
1.14782
1.13165
1.11677
1.10091
1.08537
1.07035
1.05471
1.0398
1.02469
1.00849
0.99288
0.977008
0.9611
0.945064
0.929084
0.91245
0.895541
0.878217
0.860467
0.84232
0.823767
0.804618
0.785008
0.765641
0.743896
0.722747
0.700984
0.678546
0.655394
0.631534
0.606974
0.581683
0.555778
0.529011
0.501561
0.473365
0.444453
0.414465
0.384008
0.353042
0.321008
0.288166
0.2547
0.221052
0.184581
0.148478
0.110902
0.0734238
0.0352476
-0.00363062
-0.0432602
-0.0838456
-0.124916
-0.166828
-0.209504
-0.252922
-0.297078
-0.341938
-0.384656
-0.434757
-0.481681
-0.528915
-0.577185
-0.62617
-0.675654
-0.725728
-0.77629
-0.827362
-0.878916
-0.930996
-0.983506
-1.0354
-1.08867
-1.1439
-1.19768
-1.24995
-1.30627
-1.36023
-1.41474
-1.4708
-1.52555
-1.58027
-1.6354
-1.69
-1.74373
-1.79823
-1.85348
-1.90749
-1.96173
-2.01716
-2.07012
-2.12419
-2.17934
-2.23327
-2.28722
-2.34136
-2.39515
-2.44884
-2.50142
-2.55522
-2.60892
-2.6623
-2.71553
-2.76868
-2.82154
-2.8745
-2.92772
-2.98054
-3.033
-3.0825
-3.13403
-3.18507
-3.23561
-3.28562
-3.33399
-3.38468
-3.43257
-3.47908
-3.5258
-3.57146
-3.61476
-3.65776
-3.69917
-3.73861
-3.77539
-3.81225
-3.84693
-3.87987
-3.91133
-3.94281
-3.97145
-3.9976
-4.02189
-4.04425
-4.06409
-4.08191
-4.09788
-4.11127
-4.12174
-4.12937
-4.13949
-4.14724
-4.15281
-4.15575
-4.15671
-4.15646
-4.15423
-4.15061
-4.14551
-4.13816
-4.12878
-4.11961
-4.11341
-4.10792
-4.10155
-4.09305
-4.08398
-4.07468
-4.05994
-4.05481
-4.04998
-4.04553
-4.03985
-4.037
-4.033
-4.03113
-4.03619
-4.03785
-4.04004
-4.04361
-4.04882
-4.0555
-4.06359
-4.07325
-4.08502
-4.09809
-4.11083
-4.12233
-4.13682
-4.1541
-4.17386
-4.19429
-4.2125
-4.23272
-4.25316
-4.27341
-4.29249
-4.31851
-4.34632
-4.37166
-4.39556
-4.42002
-4.44566
-4.47168
-4.49722
-4.52235
-4.55683
-4.58961
-4.62034
-4.65016
-4.68088
-4.71275
-4.74525
-4.77845
-4.81255
-4.8474
-4.88305
-4.91959
-4.95638
-4.99161
-5.02329
-5.05827
-5.09703
-5.13885
-5.18166
-5.22289
-5.26319
-5.30399
-5.34605
-5.38809
-5.43067
-5.47356
-5.51362
-5.54963
-5.56777
-5.63385
-5.6869
-5.73328
-5.77635
-5.81964
-5.86327
-5.90651
-5.94914
-5.9917
-6.03336
-6.07412
-6.11342
-6.15654
-6.20128
-6.2417
-6.27801
-6.31357
-6.3496
-6.38606
-6.42279
-6.46067
-6.49989
-6.53173
-6.57014
-6.60612
-6.63478
-6.67639
-6.72093
-6.7608
-6.81064
-6.85716
-6.90906
-6.95861
-7.01575
-7.07201
-7.13389
-7.20029
-7.27086
-7.32919
-7.40526
-7.48897
-7.55662
-7.64045
-7.72897
-7.81717
-7.91046
-8.00955
2.55346
2.51551
2.47748
2.43892
2.40079
2.36284
2.32518
2.28787
2.25084
2.21427
2.17414
2.13901
2.10591
2.07316
2.04044
2.00809
1.97555
1.94303
1.91149
1.88179
1.83486
1.80883
1.78303
1.75642
1.73062
1.70554
1.68082
1.6558
1.63005
1.61749
1.59445
1.57336
1.55279
1.53303
1.51007
1.4875
1.46598
1.44314
1.42079
1.39778
1.38046
1.35405
1.33308
1.31157
1.28966
1.2671
1.24409
1.22446
1.1988
1.17692
1.15263
1.12754
1.10353
1.0776
1.05246
1.02738
1.00063
0.974046
0.946387
0.918241
0.889883
0.860482
0.830773
0.799855
0.768614
0.736485
0.704149
0.672126
0.637632
0.603258
0.568098
0.532095
0.495255
0.457492
0.41879
0.379119
0.338981
0.296388
0.254516
0.211953
0.168719
0.124485
0.0793048
0.0339648
-0.013299
-0.0614997
-0.110022
-0.159386
-0.209587
-0.260605
-0.31245
-0.363948
-0.418272
-0.472522
-0.527454
-0.583317
-0.639516
-0.696397
-0.753941
-0.812156
-0.870948
-0.930342
-0.992869
-1.0533
-1.11343
-1.17566
-1.23764
-1.3
-1.3626
-1.4244
-1.49105
-1.55454
-1.61779
-1.68188
-1.74614
-1.80839
-1.87297
-1.93793
-2.00282
-2.06779
-2.13296
-2.19794
-2.26246
-2.32766
-2.39395
-2.45928
-2.52409
-2.59015
-2.65586
-2.72123
-2.78615
-2.85118
-2.91711
-2.98207
-3.04661
-3.11128
-3.17616
-3.23996
-3.29831
-3.36246
-3.427
-3.48864
-3.54922
-3.60902
-3.66806
-3.72614
-3.78295
-3.83824
-3.89162
-3.94199
-3.99273
-4.04248
-4.09037
-4.1358
-4.17933
-4.2208
-4.25948
-4.29541
-4.3283
-4.35801
-4.3852
-4.41122
-4.43555
-4.45718
-4.47549
-4.49148
-4.50434
-4.50845
-4.51927
-4.52921
-4.53166
-4.52977
-4.52644
-4.51962
-4.51065
-4.50207
-4.49831
-4.48809
-4.47547
-4.46135
-4.44603
-4.42973
-4.41281
-4.3942
-4.37554
-4.3588
-4.34556
-4.33181
-4.31804
-4.30425
-4.29155
-4.28076
-4.27172
-4.26307
-4.2538
-4.24719
-4.24675
-4.24698
-4.2456
-4.25306
-4.25622
-4.26451
-4.27185
-4.28018
-4.29253
-4.28632
-4.31228
-4.32926
-4.3452
-4.36072
-4.37691
-4.39398
-4.4124
-4.43268
-4.45431
-4.47525
-4.49402
-4.51267
-4.53699
-4.56439
-4.59058
-4.61429
-4.63898
-4.66459
-4.68579
-4.70948
-4.73864
-4.77135
-4.80501
-4.83769
-4.869
-4.90052
-4.93313
-4.96645
-5.00023
-5.0347
-5.06929
-5.10329
-5.12818
-5.16719
-5.2146
-5.2522
-5.28907
-5.326
-5.36187
-5.39844
-5.4367
-5.47984
-5.5194
-5.55788
-5.59936
-5.64051
-5.68025
-5.7122
-5.75992
-5.80972
-5.85326
-5.88727
-5.9382
-5.97639
-6.022
-6.05393
-6.10028
-6.14383
-6.16952
-6.23161
-6.2653
-6.30224
-6.34237
-6.38339
-6.42597
-6.47056
-6.5114
-6.55564
-6.59901
-6.64057
-6.68466
-6.7309
-6.77997
-6.8327
-6.87647
-6.92538
-6.98219
-7.03443
-7.09195
-7.15576
-7.22313
-7.2821
-7.3536
-7.42895
-7.49634
-7.57772
-7.66229
-7.74605
-7.84552
-7.92724
-8.0246
-8.14618
-8.25516
-8.37724
3.12105
3.08438
3.04749
3.01454
2.98421
2.95364
2.92214
2.8902
2.85817
2.82567
2.79358
2.76533
2.74086
2.74204
2.63956
2.5999
2.56499
2.53337
2.49891
2.46577
2.43353
2.40314
2.38648
2.35494
2.28655
2.25672
2.22775
2.1982
2.1678
2.13757
2.10748
2.08231
2.04553
2.01661
1.98764
1.95835
1.9272
1.89636
1.86624
1.83844
1.79074
1.76596
1.74164
1.71613
1.68996
1.66336
1.63637
1.60852
1.57934
1.55025
1.52329
1.48281
1.45588
1.42755
1.39866
1.36945
1.33925
1.30751
1.28167
1.25065
1.21945
1.18726
1.15369
1.11918
1.08385
1.04772
1.0264
0.975927
0.939861
0.903762
0.864798
0.826076
0.786118
0.745518
0.703907
0.661297
0.618616
0.586518
0.534736
0.490532
0.445598
0.39975
0.352851
0.305029
0.264559
0.210659
0.160465
0.109762
0.0583336
0.00557088
-0.0479949
-0.102117
-0.155639
-0.210215
-0.269359
-0.326181
-0.383677
-0.441907
-0.501014
-0.560995
-0.621815
-0.680377
-0.743471
-0.806521
-0.869809
-0.933583
-0.998013
-1.06319
-1.12891
-1.195
-1.26179
-1.33039
-1.39842
-1.46646
-1.53494
-1.60411
-1.67355
-1.74327
-1.8133
-1.88278
-1.95568
-2.02596
-2.09738
-2.17024
-2.24169
-2.31318
-2.38475
-2.45639
-2.52807
-2.59864
-2.6709
-2.74478
-2.81629
-2.88745
-2.95802
-3.02818
-3.0987
-3.16902
-3.23754
-3.30724
-3.376
-3.44025
-3.50645
-3.57444
-3.6393
-3.70262
-3.76452
-3.82515
-3.88431
-3.93479
-3.99329
-4.04878
-4.09926
-4.14847
-4.19501
-4.23864
-4.28028
-4.32359
-4.36192
-4.39582
-4.42847
-4.45485
-4.48317
-4.50647
-4.52681
-4.54456
-4.55931
-4.57059
-4.578
-4.5925
-4.59811
-4.60013
-4.59957
-4.59745
-4.59377
-4.58798
-4.57927
-4.5657
-4.55532
-4.54418
-4.53139
-4.51775
-4.50412
-4.4908
-4.47747
-4.4554
-4.4431
-4.43173
-4.41967
-4.40822
-4.3982
-4.38978
-4.38299
-4.37774
-4.35841
-4.36732
-4.36815
-4.36849
-4.37007
-4.37378
-4.37932
-4.38635
-4.3952
-4.40446
-4.41856
-4.43204
-4.44437
-4.45885
-4.47394
-4.48872
-4.50261
-4.52145
-4.54151
-4.56063
-4.57985
-4.60091
-4.62367
-4.64754
-4.67142
-4.69607
-4.71989
-4.73394
-4.76211
-4.79339
-4.82148
-4.85188
-4.88315
-4.91425
-4.94159
-4.97497
-5.01832
-5.05122
-5.08265
-5.11488
-5.14743
-5.17994
-5.21269
-5.24639
-5.28101
-5.31635
-5.34905
-5.38144
-5.41729
-5.45242
-5.48618
-5.51991
-5.55435
-5.58975
-5.62596
-5.66329
-5.69929
-5.73261
-5.76971
-5.81
-5.85393
-5.8973
-5.93774
-5.97924
-6.02139
-6.06511
-6.10797
-6.15183
-6.20019
-6.21711
-6.27875
-6.32812
-6.37568
-6.4253
-6.4756
-6.52636
-6.57631
-6.62744
-6.68191
-6.73183
-6.78354
-6.83638
-6.89098
-6.94776
-6.99793
-7.05401
-7.10724
-7.15863
-7.21362
-7.27429
-7.33836
-7.40426
-7.46903
-7.54195
-7.60268
-7.66637
-7.74947
-7.82727
-7.90297
-8.00239
-8.0581
-8.1505
-8.24857
-8.34087
-8.43829
-8.52813
3.29363
3.27103
3.25069
3.23142
3.21189
3.19147
3.17034
3.14844
3.12591
3.10247
3.07848
3.05974
3.04864
3.04349
3.01522
2.9423
2.90258
2.86987
2.84191
2.81315
2.78274
2.75133
2.72973
2.72876
2.92474
2.80271
2.7329
2.68177
2.64861
2.61694
2.58249
2.55327
2.51563
2.47795
2.44179
2.40591
2.3699
2.33369
2.2975
2.2609
2.22467
2.19139
2.22064
2.17719
2.11883
2.08138
2.04628
2.01099
1.97458
1.93842
1.90684
1.86778
1.83337
1.79722
1.76175
1.72669
1.69226
1.63084
1.59615
1.56153
1.5264
1.49039
1.45352
1.41653
1.3791
1.34109
1.30317
1.26431
1.21635
1.18145
1.14538
1.10672
1.06692
1.02611
0.984109
0.941163
0.905267
0.861984
0.818384
0.774882
0.730728
0.685223
0.638469
0.59089
0.566905
0.502543
0.453172
0.403385
0.352751
0.301028
0.248685
0.196014
0.143912
0.0834223
0.0279249
-0.0232598
-0.0849043
-0.139839
-0.200097
-0.256542
-0.314385
-0.37364
-0.434068
-0.494994
-0.556592
-0.621747
-0.685
-0.748565
-0.813108
-0.878572
-0.944568
-1.01077
-1.07687
-1.14226
-1.20983
-1.27838
-1.34697
-1.41558
-1.48456
-1.55411
-1.62383
-1.69327
-1.76238
-1.83251
-1.90655
-1.97774
-2.04856
-2.11917
-2.19003
-2.26103
-2.33149
-2.4011
-2.47053
-2.54037
-2.61254
-2.68304
-2.75265
-2.82135
-2.88936
-2.95667
-3.02324
-3.08911
-3.15343
-3.22187
-3.28053
-3.34434
-3.40328
-3.46231
-3.52666
-3.58396
-3.63915
-3.69242
-3.74388
-3.7932
-3.84068
-3.88559
-3.92917
-3.97091
-4.01079
-4.04714
-4.08094
-4.11257
-4.14259
-4.16667
-4.19271
-4.21064
-4.23486
-4.24756
-4.26347
-4.28203
-4.29267
-4.30099
-4.30795
-4.31362
-4.31792
-4.32085
-4.32269
-4.32326
-4.32112
-4.31985
-4.31891
-4.31519
-4.31106
-4.30755
-4.30489
-4.30306
-4.29709
-4.30293
-4.30077
-4.29852
-4.29868
-4.30103
-4.29808
-4.30182
-4.30697
-4.30845
-4.3147
-4.32488
-4.3338
-4.34422
-4.35656
-4.36941
-4.38251
-4.39642
-4.41221
-4.4286
-4.44544
-4.46206
-4.48293
-4.50137
-4.52146
-4.54303
-4.56414
-4.57335
-4.59703
-4.62432
-4.64735
-4.6713
-4.69659
-4.72499
-4.75142
-4.78003
-4.82514
-4.84794
-4.87899
-4.91944
-4.96039
-4.99743
-5.04013
-5.06938
-5.10243
-5.14115
-5.18061
-5.21931
-5.25786
-5.29782
-5.33797
-5.37289
-5.40681
-5.43948
-5.47427
-5.50678
-5.53575
-5.56475
-5.59345
-5.62264
-5.65045
-5.67232
-5.68838
-5.71266
-5.74173
-5.77718
-5.81869
-5.85769
-5.89365
-5.92929
-5.967
-6.00711
-6.05025
-6.09548
-6.13483
-6.1853
-6.23863
-6.29021
-6.34357
-6.39923
-6.45662
-6.51605
-6.57746
-6.6323
-6.69834
-6.76109
-6.8246
-6.88926
-6.9544
-7.02134
-7.09021
-7.15345
-7.21827
-7.28128
-7.34419
-7.40769
-7.473
-7.53943
-7.60404
-7.66461
-7.73908
-7.79548
-7.85316
-7.9216
-7.99176
-8.04185
-8.11971
-8.18299
-8.24601
-8.34929
-8.40697
-8.48557
-8.56512
-8.64332
3.28333
3.27307
3.26266
3.25217
3.24137
3.23071
3.219
3.20727
3.19473
3.18405
3.17698
3.1713
3.15798
3.10055
3.07889
3.06061
3.04387
3.02704
3.00949
2.99107
2.97148
2.95378
2.95242
2.97455
2.97908
2.95594
2.92841
2.89275
2.83728
2.78065
2.74295
2.72079
2.69739
2.67078
2.64434
2.61787
2.59088
2.56325
2.5351
2.50638
2.47637
2.45083
2.44
2.64736
2.45562
2.40251
2.36548
2.33563
2.30352
2.2699
2.23657
2.203
2.16912
2.13473
2.09958
2.06689
2.03936
2.01289
1.97661
1.91412
1.86974
1.82967
1.79383
1.75683
1.71896
1.68179
1.6431
1.607
1.5771
1.6212
1.51996
1.47159
1.4283
1.38803
1.3475
1.30501
1.26329
1.22291
1.18331
1.14169
1.07988
1.03546
0.993817
0.928225
0.917551
0.870921
0.809381
0.761759
0.714461
0.666051
0.61651
0.566618
0.525957
0.464357
0.412342
0.360337
0.306108
0.255893
0.224535
0.167147
0.108909
0.0532795
-0.00279611
-0.0610265
-0.120755
-0.180121
-0.215511
-0.286291
-0.351801
-0.414312
-0.476693
-0.539667
-0.603165
-0.667062
-0.731342
-0.795617
-0.859359
-0.92229
-0.986984
-1.06045
-1.11899
-1.18672
-1.24277
-1.31502
-1.38243
-1.44912
-1.51552
-1.58203
-1.64802
-1.71263
-1.76546
-1.83412
-1.90484
-1.97232
-2.03813
-2.10353
-2.1686
-2.23268
-2.29525
-2.35711
-2.42011
-2.48933
-2.55194
-2.61297
-2.67293
-2.73234
-2.79053
-2.84708
-2.89733
-2.95342
-3.00845
-3.05695
-3.11699
-3.16412
-3.22224
-3.26971
-3.31498
-3.3583
-3.39968
-3.43852
-3.47503
-3.51862
-3.55494
-3.58852
-3.62068
-3.65126
-3.68013
-3.70755
-3.73378
-3.75825
-3.77775
-3.7998
-3.82057
-3.83845
-3.85594
-3.87334
-3.89016
-3.90633
-3.92185
-3.93727
-3.95256
-3.96641
-3.9801
-4.00061
-4.01305
-4.0262
-4.04022
-4.05456
-4.06974
-4.08081
-4.09529
-4.11662
-4.13198
-4.14762
-4.16552
-4.18325
-4.19502
-4.21448
-4.23258
-4.24769
-4.27545
-4.29403
-4.29224
-4.35476
-4.37284
-4.39195
-4.41729
-4.43717
-4.4606
-4.48514
-4.50868
-4.53316
-4.55992
-4.59033
-4.62068
-4.65132
-4.69312
-4.71801
-4.74918
-4.78557
-4.82444
-4.86584
-4.91569
-4.97269
-5.01998
-5.06869
-5.11374
-5.16314
-5.22131
-5.28085
-5.33722
-5.39234
-5.44729
-5.4994
-5.55249
-5.59663
-5.63473
-5.66809
-5.69644
-5.72043
-5.74192
-5.76179
-5.77549
-5.7859
-5.79424
-5.80473
-5.81072
-5.80785
-5.79495
-5.80702
-5.83263
-5.85757
-5.87741
-5.90153
-5.92953
-5.95385
-5.99087
-6.03368
-6.07696
-6.12188
-6.17177
-6.22539
-6.28224
-6.34306
-6.40422
-6.4696
-6.53501
-6.60538
-6.67863
-6.74685
-6.8262
-6.9018
-6.97875
-7.05769
-7.13737
-7.21884
-7.29955
-7.37563
-7.46199
-7.53451
-7.60778
-7.68005
-7.75024
-7.81991
-7.85795
-7.92851
-7.98378
-8.03625
-8.08954
-8.14563
-8.20487
-8.23432
-8.30991
-8.36399
-8.42069
-8.49433
-8.54692
-8.63433
-8.71481
-8.7901
3.0725
3.06402
3.05474
3.04527
3.03583
3.02626
3.01875
3.02133
3.03116
3.03664
3.01737
2.98743
2.96232
2.94746
2.93673
2.92472
2.9115
2.89764
2.89077
2.90697
2.93294
2.94261
2.91508
2.87227
2.82739
2.79606
2.77587
2.75669
2.73616
2.71723
2.70165
2.68616
2.6711
2.65534
2.64
2.62453
2.60934
2.59467
2.58005
2.56552
2.54976
2.54079
2.55367
2.576
2.57832
2.51831
2.465
2.44513
2.43422
2.37686
2.38779
2.29317
2.26798
2.25178
2.2292
2.21681
2.20386
2.15492
2.12612
2.10021
2.0771
2.05318
2.0285
2.00314
1.98515
1.98245
1.97881
1.95791
1.91851
1.86776
1.81404
1.77498
1.74726
1.7194
1.68887
1.66026
1.63496
1.62323
1.5592
1.52028
1.48542
1.45181
1.41629
1.38291
1.35831
1.40888
1.35498
1.26264
1.21501
1.17601
1.137
1.09572
1.05368
1.01121
0.968325
0.924148
0.87924
0.832704
0.789253
0.753606
0.722281
0.673423
0.559557
0.499148
0.445446
0.397085
0.332811
0.392516
0.265056
0.201142
0.144916
0.0910477
0.0358609
-0.0202126
-0.0765879
-0.133426
-0.190782
-0.248111
-0.305475
-0.363293
-0.425954
-0.48029
-0.539778
-0.604204
-0.653205
-0.730293
-0.793123
-0.85361
-0.914701
-0.97546
-1.03572
-1.09477
-1.16008
-1.2242
-1.28714
-1.34962
-1.41202
-1.47443
-1.53706
-1.59991
-1.65908
-1.64101
-1.73767
-1.82299
-1.88711
-1.94642
-2.00525
-2.06432
-2.12273
-2.17981
-2.23602
-2.29037
-2.33537
-2.3914
-2.46621
-2.5195
-2.5706
-2.62075
-2.67006
-2.71831
-2.76574
-2.81172
-2.85032
-2.89995
-2.94428
-2.985
-3.02584
-3.066
-3.1049
-3.14283
-3.18004
-3.21717
-3.25412
-3.27538
-3.31131
-3.34749
-3.37758
-3.40771
-3.43867
-3.46888
-3.49843
-3.52804
-3.55858
-3.58766
-3.6154
-3.65163
-3.67831
-3.70444
-3.73203
-3.76225
-3.79135
-3.79256
-3.85001
-3.87532
-3.90148
-3.94119
-3.95725
-4.00025
-4.02705
-4.05554
-4.08706
-4.12185
-4.12104
-4.15584
-4.18622
-4.21398
-4.24574
-4.27973
-4.31484
-4.35087
-4.38716
-4.42575
-4.46415
-4.50564
-4.55377
-4.60955
-4.64322
-4.69795
-4.7477
-4.78365
-4.84926
-4.92298
-4.97562
-5.04807
-5.1167
-5.18595
-5.2605
-5.33887
-5.41862
-5.49954
-5.57695
-5.64156
-5.70479
-5.76766
-5.8306
-5.88187
-5.92268
-5.95629
-5.98289
-6.00185
-6.00867
-5.99539
-5.96428
-5.96546
-5.95605
-5.93577
-5.94761
-5.88638
-5.8947
-5.89142
-5.8913
-5.89415
-5.90224
-5.91663
-5.93755
-5.96662
-6.00048
-6.03519
-6.07992
-6.13094
-6.18086
-6.23355
-6.29128
-6.35288
-6.41905
-6.4908
-6.56585
-6.6436
-6.72473
-6.80882
-6.89349
-6.98037
-7.07054
-7.15756
-7.2452
-7.33653
-7.41508
-7.51018
-7.59826
-7.68088
-7.76246
-7.84112
-7.91548
-7.98501
-8.05066
-8.08699
-8.15348
-8.19844
-8.24301
-8.28771
-8.33627
-8.38857
-8.43656
-8.50877
-8.56376
-8.62903
-8.71023
-8.77467
-8.87663
-8.97508
2.92534
2.91688
2.89165
2.85746
2.83368
2.82039
2.81127
2.80204
2.79202
2.78303
2.77446
2.76573
2.75666
2.74889
2.74297
2.73459
2.7133
2.69541
2.67876
2.6686
2.65431
2.64458
2.64405
2.64914
2.64367
2.62372
2.59323
2.56335
2.56185
2.5497
2.58996
2.55671
2.53394
2.52608
2.51457
2.51998
2.55666
2.52643
2.49396
2.50781
2.4882
2.48796
2.50174
2.44636
2.42829
2.41897
2.40697
2.40649
2.43043
2.44444
2.4331
2.41322
2.39278
2.35928
2.30987
2.26855
2.24853
2.23707
2.22693
2.22163
2.21541
2.20083
2.18265
2.16063
2.13268
2.11099
2.09565
2.08478
2.08479
2.08439
2.06719
2.02535
1.98584
1.9974
1.98395
1.98008
2.01733
1.89648
1.86237
1.84194
1.82455
1.80327
1.77898
1.75501
1.74439
1.74599
1.77414
1.71954
1.6621
1.61723
1.58757
1.56035
1.5306
1.49934
1.47618
1.46259
1.44073
1.40429
1.35742
1.30352
1.25711
1.21679
1.17744
1.13621
1.09487
1.05443
1.02285
1.00203
0.981152
0.839124
0.7838
0.740319
0.698273
0.652641
0.605835
0.559388
0.512804
0.467202
0.417183
0.359358
0.306454
0.254132
0.199461
0.148089
0.100786
0.0990363
-0.0212528
-0.0889267
-0.139518
-0.200228
-0.253414
-0.320154
-0.381556
-0.443691
-0.506897
-0.570441
-0.633697
-0.696991
-0.758687
-0.816335
-0.872121
-0.918213
-0.986113
-1.0653
-1.13642
-1.20027
-1.26287
-1.3256
-1.38766
-1.44909
-1.5105
-1.57085
-1.62942
-1.68735
-1.74923
-1.8268
-1.88841
-1.94659
-2.00556
-2.06417
-2.12232
-2.17947
-2.23635
-2.28812
-2.32733
-2.38506
-2.44166
-2.49483
-2.54557
-2.59726
-2.64863
-2.69856
-2.74727
-2.79554
-2.84272
-2.88733
-2.93386
-2.99059
-3.03526
-3.07745
-3.12063
-3.16323
-3.20467
-3.24597
-3.28714
-3.32699
-3.36664
-3.41718
-3.45503
-3.48789
-3.53609
-3.57241
-3.61278
-3.68698
-3.72182
-3.75725
-3.80016
-3.83727
-3.87526
-3.92913
-3.9615
-3.99906
-4.05105
-4.09889
-4.13466
-4.18169
-4.21909
-4.25748
-4.29966
-4.34764
-4.39536
-4.44351
-4.4936
-4.54646
-4.6045
-4.66649
-4.71791
-4.78652
-4.85426
-4.92404
-4.99815
-5.07754
-5.15908
-5.2356
-5.30466
-5.38171
-5.48129
-5.5799
-5.65723
-5.74249
-5.81021
-5.79499
-5.93814
-6.02182
-6.07435
-6.10826
-6.13245
-6.14522
-6.14947
-6.14553
-6.12968
-6.10917
-6.09698
-6.07869
-6.04205
-6.00516
-5.98121
-5.9473
-5.95141
-5.96168
-5.94482
-5.93642
-5.94275
-5.95326
-5.97265
-6.00425
-6.03519
-6.07636
-6.12394
-6.18006
-6.23776
-6.29499
-6.3552
-6.42191
-6.49101
-6.5622
-6.63699
-6.71412
-6.79492
-6.87824
-6.96445
-7.05321
-7.14324
-7.23117
-7.32392
-7.41681
-7.50798
-7.59905
-7.69105
-7.77161
-7.85604
-7.93439
-8.00715
-8.07394
-8.13418
-8.18726
-8.2324
-8.28027
-8.31667
-8.35465
-8.39608
-8.44327
-8.49978
-8.56654
-8.63159
-8.70811
-8.79118
-8.88249
-8.98453
-9.11325
2.7735
2.76275
2.91727
2.61476
2.61395
2.61844
2.61105
2.60319
2.59439
2.58742
2.58191
2.57629
2.56983
2.56373
2.55643
2.54939
2.54232
2.5355
2.52765
2.5192
2.51025
2.50114
2.49274
2.54547
2.51979
2.50822
2.49817
2.48902
2.47999
2.47449
2.47637
2.48475
2.4892
2.48588
2.47279
2.44874
2.42843
2.41781
2.41405
2.40539
2.40214
2.39817
2.39631
2.43318
2.40801
2.39117
2.37953
2.38498
2.37083
2.38664
2.40376
2.31703
2.29853
2.29545
2.29399
2.29858
2.30071
2.2929
2.26996
2.24964
2.24923
2.24149
2.2414
2.24916
2.24935
2.23679
2.21771
2.20088
2.18916
2.18126
2.17372
2.16591
2.16697
2.18945
2.21043
2.20913
2.18771
2.14635
2.10562
2.08425
2.07381
2.06231
2.04783
2.03274
2.02889
2.04381
2.05446
2.044
2.02587
1.99989
1.95707
1.91374
1.90403
1.87005
1.86688
1.84323
1.79187
1.76299
1.7384
1.71463
1.68742
1.65867
1.62956
1.60799
1.60206
1.59409
1.56418
1.52407
1.47337
1.41317
1.3715
1.33751
1.28613
1.25826
1.20967
1.16041
1.11422
1.0706
1.02597
0.979731
0.932502
0.883763
0.833236
0.787182
0.748369
0.705309
0.647419
0.553032
0.483989
0.42319
0.366189
0.308715
0.254207
0.203388
0.146893
0.0823361
0.0134276
-0.0599281
-0.13005
-0.196611
-0.262525
-0.328975
-0.393456
-0.453961
-0.509201
-0.559628
-0.632023
-0.706967
-0.778583
-0.845485
-0.91219
-0.97945
-1.04614
-1.11189
-1.17733
-1.24185
-1.30401
-1.36878
-1.4371
-1.50384
-1.56955
-1.6357
-1.69947
-1.7599
-1.82042
-1.88062
-1.94134
-2.00311
-2.06547
-2.12572
-2.16089
-2.22434
-2.29799
-2.35539
-2.40937
-2.46563
-2.52075
-2.57393
-2.62866
-2.68315
-2.7042
-2.771
-2.82751
-2.87864
-2.92861
-2.97865
-3.02852
-3.0774
-3.12518
-3.1735
-3.22305
-3.27446
-3.29147
-3.34008
-3.39315
-3.4214
-3.47841
-3.52363
-3.57291
-3.62268
-3.66648
-3.71278
-3.77055
-3.81724
-3.8542
-3.90015
-3.95566
-4.00282
-4.05022
-4.10315
-4.15879
-4.19444
-4.26469
-4.3317
-4.39502
-4.46252
-4.53309
-4.60853
-4.68758
-4.76809
-4.84848
-4.91617
-4.97565
-5.05151
-5.13995
-5.23152
-5.32829
-5.40651
-5.46246
-5.51272
-5.56437
-5.61632
-5.66273
-5.699
-5.73014
-5.76145
-5.80083
-5.8473
-5.87059
-5.884
-5.89726
-5.90987
-5.92395
-5.94938
-5.97291
-5.98683
-6.00803
-6.0134
-6.01802
-6.03618
-6.06131
-6.09299
-6.11357
-6.13763
-6.15565
-6.17722
-6.20777
-6.24125
-6.27657
-6.3186
-6.37116
-6.41845
-6.47119
-6.53483
-6.56978
-6.63417
-6.67798
-6.74684
-6.82
-6.88763
-6.95808
-7.03263
-7.10505
-7.19272
-7.27857
-7.36524
-7.45142
-7.53362
-7.60856
-7.68211
-7.75693
-7.83765
-7.91055
-7.97409
-8.03164
-8.08705
-8.14099
-8.19288
-8.24975
-8.30051
-8.35437
-8.41295
-8.47637
-8.54521
-8.62028
-8.70269
-8.79521
-8.8956
-8.99626
-9.1322
2.70985
2.70831
2.70678
2.70584
2.70467
2.70336
2.69997
2.69167
2.68538
2.70291
2.5811
2.58753
2.6023
2.59803
2.59084
2.62535
2.62143
2.62528
2.62826
2.62836
2.62653
2.62185
2.61646
2.60981
2.6099
2.53322
2.53624
2.53726
2.53378
2.52705
2.51763
2.69339
2.60735
2.59848
2.59577
2.59051
2.58406
2.57705
2.56914
2.55974
2.55008
2.54182
2.53498
2.52924
2.52365
2.5167
2.50996
2.50316
2.49658
2.48522
2.47704
2.46769
2.49102
2.48212
2.47051
2.45844
2.44781
2.43845
2.42943
2.41908
2.4101
2.40977
2.39433
2.38471
2.37735
2.37884
2.39005
2.38992
2.37517
2.35152
2.32897
2.31993
2.30307
2.28782
2.28248
2.2847
2.29212
2.29229
2.28241
2.26442
2.23572
2.20561
2.18245
2.16889
2.15202
2.15091
2.29872
2.23183
2.18948
2.15909
2.1396
2.12299
2.10498
2.08434
2.06448
2.05518
2.06311
2.06651
2.04494
2.00979
1.96387
1.90599
1.91249
1.88344
1.88826
1.96617
1.83407
1.76313
1.73605
1.70662
1.68696
1.75604
1.62835
1.56764
1.52379
1.48654
1.44812
1.40854
1.36941
1.32771
1.28051
1.23398
1.18536
1.13772
1.10404
1.068
1.01564
0.956696
0.898213
0.833995
0.761681
0.696248
0.64426
0.583699
0.524036
0.459577
0.398065
0.334096
0.271626
0.219605
0.167255
0.104668
0.0328764
-0.0455487
-0.119269
-0.18315
-0.247259
-0.313678
-0.37846
-0.445279
-0.520803
-0.600498
-0.677613
-0.75033
-0.822092
-0.892528
-0.955218
-1.01737
-1.08322
-1.15221
-1.22397
-1.29281
-1.35951
-1.42751
-1.49744
-1.56618
-1.63032
-1.69046
-1.75205
-1.81471
-1.88264
-1.96581
-2.04354
-2.1087
-2.17337
-2.23603
-2.29692
-2.36033
-2.42502
-2.48613
-2.54476
-2.60379
-2.66473
-2.72534
-2.78431
-2.84124
-2.89745
-2.95342
-3.00912
-3.06474
-3.11657
-3.16027
-3.20323
-3.26151
-3.33117
-3.40202
-3.47296
-3.53944
-3.6018
-3.66217
-3.72212
-3.78357
-3.84413
-3.89063
-3.9235
-3.95432
-3.98865
-4.02398
-4.07857
-4.13186
-4.17504
-4.22161
-4.28297
-4.33798
-4.37253
-4.41491
-4.47818
-4.55494
-4.63396
-4.71067
-4.78926
-4.90199
-5.06873
-5.25504
-5.39606
-5.48884
-5.60039
-5.70086
-5.80221
-5.88383
-5.93322
-5.9629
-6.00054
-6.06063
-6.11391
-6.1548
-6.15489
-6.11583
-6.09622
-6.10017
-6.12415
-6.16171
-6.17272
-6.17189
-6.13808
-6.15085
-6.17715
-6.2001
-6.22287
-6.25054
-6.27734
-6.29335
-6.30669
-6.31694
-6.31688
-6.32519
-6.3403
-6.34462
-6.372
-6.39774
-6.42132
-6.45749
-6.50865
-6.56873
-6.6341
-6.69971
-6.75431
-6.7858
-6.82987
-6.88438
-6.95576
-7.0318
-7.11412
-7.19795
-7.28462
-7.36369
-7.44241
-7.52382
-7.60504
-7.68398
-7.7642
-7.8446
-7.92196
-7.99457
-8.04833
-8.08778
-8.14576
-8.20155
-8.26414
-8.32545
-8.38482
-8.44518
-8.50424
-8.56497
-8.6304
-8.70225
-8.779
-8.86146
-8.94575
-9.04715
2.67893
2.67365
2.66528
2.65266
2.64205
2.63423
2.62824
2.62094
2.61449
2.60774
2.60013
2.59288
2.59376
2.58731
2.5799
2.57465
2.56904
2.56311
2.55661
2.55055
2.54451
2.53753
2.53194
2.52793
2.52679
2.52058
2.51454
2.50539
2.49806
2.49238
2.48897
2.48391
2.47925
2.47504
2.47067
2.46651
2.46317
2.46199
2.4488
2.44443
2.44324
2.43996
2.43616
2.43242
2.42818
2.42076
2.43803
2.42839
2.42518
2.42295
2.42035
2.41456
2.41919
2.41157
2.40475
2.4019
2.39919
2.39628
2.39308
2.38936
2.38531
2.38196
2.38197
2.37888
2.37502
2.37239
2.36491
2.34948
2.33771
2.32855
2.32127
2.31271
2.3065
2.34005
2.33039
2.31804
2.31437
2.33916
2.31931
2.29609
2.27933
2.27491
2.26317
2.25217
2.24479
2.23094
2.21751
2.20492
2.20556
2.18574
2.16522
2.14608
2.12848
2.1111
2.0924
2.07508
2.06509
2.13516
2.04282
2.01364
1.99006
1.96788
1.94552
1.92127
1.89724
1.87668
1.86239
1.8529
1.83083
1.79913
1.76933
1.74582
1.72023
1.69341
1.65839
1.605
1.55051
1.50586
1.46716
1.42598
1.38201
1.3367
1.29002
1.24156
1.19418
1.15536
1.12665
1.09104
1.04415
0.98823
0.915561
0.846509
0.786262
0.728111
0.667027
0.607198
0.553768
0.503001
0.443847
0.371379
0.30061
0.233623
0.168491
0.102358
0.0339507
-0.0350307
-0.104472
-0.17438
-0.244511
-0.313184
-0.376581
-0.435733
-0.499794
-0.566399
-0.632287
-0.70411
-0.77969
-0.852547
-0.92358
-0.994548
-1.06685
-1.13971
-1.21136
-1.27897
-1.34436
-1.41324
-1.48828
-1.55969
-1.62713
-1.69674
-1.76395
-1.82029
-1.87123
-1.93628
-2.01315
-2.05043
-2.11838
-2.17257
-2.21932
-2.28049
-2.34847
-2.41153
-2.47202
-2.53143
-2.59006
-2.6473
-2.70298
-2.75711
-2.80956
-2.86014
-2.90865
-2.95508
-2.99945
-3.03781
-3.0587
-3.08308
-3.11227
-3.15854
-3.20224
-3.23815
-3.26756
-3.29315
-3.31535
-3.34864
-3.3983
-3.4412
-3.4686
-3.4992
-3.50819
-3.52367
-3.55034
-3.58621
-3.638
-3.71639
-3.83276
-3.96753
-4.07967
-4.17185
-4.25606
-4.35896
-4.4941
-4.66163
-4.79783
-4.93623
-5.04707
-5.15601
-5.284
-5.42401
-5.5436
-5.6669
-5.77567
-5.87847
-5.99064
-6.10059
-6.1573
-6.22324
-6.25483
-6.27661
-6.30399
-6.3334
-6.356
-6.37791
-6.39922
-6.40619
-6.40994
-6.41315
-6.41414
-6.41496
-6.41597
-6.40942
-6.39181
-6.38037
-6.37734
-6.37601
-6.37574
-6.37943
-6.38512
-6.39648
-6.4155
-6.4387
-6.46503
-6.49543
-6.53678
-6.5884
-6.6216
-6.63914
-6.64805
-6.66252
-6.67964
-6.70637
-6.76651
-6.83856
-6.92069
-7.00605
-7.09216
-7.18774
-7.29169
-7.40026
-7.51262
-7.62909
-7.74521
-7.85177
-7.94389
-8.02189
-8.09299
-8.16334
-8.23441
-8.30426
-8.37038
-8.42926
-8.48071
-8.52603
-8.56749
-8.6075
-8.64878
-8.68871
-8.72986
-8.77387
-8.81964
-8.87213
)
;

boundaryField
{
    Inlet
    {
        type            calculated;
        value           nonuniform List<scalar> 
50
(
8.08593
7.6596
7.23086
6.86276
6.54351
6.25823
6.00074
5.76848
5.55947
5.37176
5.20363
5.05359
4.92041
4.80303
4.70056
4.61223
4.53739
4.4755
4.4261
4.3888
4.3633
4.34935
4.34681
4.35556
4.37558
4.40695
4.44979
4.50438
4.57106
4.65034
4.74289
4.84953
4.97135
5.10968
5.26618
5.44286
5.64219
5.86728
6.12248
6.41385
6.74538
7.11766
7.49738
7.85946
7.34647
7.47308
0.527928
3.44633
-35.156
-92.4876
)
;
    }
    BotOutlet1
    {
        type            calculated;
        value           nonuniform 0();
    }
    BotOutlet2
    {
        type            calculated;
        value           nonuniform 0();
    }
    TopInlet
    {
        type            calculated;
        value           nonuniform List<scalar> 
350
(
3.67745
3.06177
3.01328
2.99974
2.99092
2.98274
2.97598
2.97253
2.97092
2.96722
2.96037
2.96916
2.96409
2.96866
2.96573
2.96305
2.9638
2.98052
2.97908
2.97529
2.96984
2.95187
2.92977
2.91716
2.91257
2.90178
2.92671
2.89977
2.88858
2.88033
2.87269
2.86507
2.85716
2.84868
2.8396
2.83098
2.82926
2.84398
2.86288
2.78685
2.76289
2.74965
2.74012
2.73027
2.71949
2.71034
2.71376
2.72383
2.71472
2.70298
2.69598
2.69071
2.68233
2.65557
2.63275
2.62311
2.61707
2.60994
2.60364
2.59689
2.5897
2.58626
2.58798
2.58153
2.57121
2.5639
2.55813
2.55229
2.54562
2.5394
2.53336
2.5265
2.5231
2.53524
2.53846
2.53225
2.52621
2.51585
2.49445
2.48198
2.47783
2.47282
2.46814
2.4639
2.45962
2.45775
2.46279
2.46201
2.44761
2.43636
2.43233
2.42883
2.42502
2.42126
2.41707
2.4148
2.43529
2.42472
2.41607
2.41189
2.40919
2.40373
2.41078
2.40244
2.39414
2.39076
2.38802
2.3851
2.3819
2.37824
2.37521
2.38599
2.40309
2.4
2.39611
2.39404
2.38684
2.35292
2.32904
2.31766
2.31016
2.30173
2.3028
2.34341
2.32786
2.31634
2.32693
2.35733
2.33603
2.29625
2.26995
2.26382
2.25223
2.24341
2.23676
2.22154
2.20831
2.20093
2.20387
2.18324
2.15716
2.13532
2.11732
2.09992
2.08124
2.06423
2.0623
2.1484
2.04299
2.00542
1.97978
1.95692
1.93436
1.91014
1.88645
1.86731
1.86677
1.87025
1.84818
1.8137
1.78668
1.76317
1.73753
1.71076
1.67573
1.60989
1.54188
1.49486
1.45605
1.41489
1.37088
1.32552
1.27885
1.23041
1.18336
1.14866
1.13838
1.10431
1.05741
1.00124
0.913602
0.836284
0.775102
0.716939
0.655871
0.596439
0.550203
0.507547
0.448411
0.374583
0.294648
0.223655
0.157999
0.0914911
0.0228077
-0.0462115
-0.115649
-0.185536
-0.25561
-0.324002
-0.382959
-0.432573
-0.496636
-0.56324
-0.629129
-0.70212
-0.786268
-0.862951
-0.93432
-1.00542
-1.07797
-1.15085
-1.22218
-1.28498
-1.34763
-1.41651
-1.49271
-1.56875
-1.63803
-1.7075
-1.771
-1.80893
-1.85825
-1.92334
-2.01195
-2.06046
-2.12762
-2.16996
-2.21417
-2.27542
-2.35343
-2.42183
-2.48301
-2.54255
-2.60124
-2.65848
-2.71416
-2.7683
-2.82075
-2.87133
-2.91983
-2.96623
-3.00993
-3.03507
-3.03885
-3.06323
-3.09243
-3.15335
-3.21141
-3.24929
-3.27874
-3.30434
-3.32653
-3.35969
-3.40441
-3.43296
-3.46006
-3.49715
-3.51693
-3.53474
-3.56147
-3.59736
-3.64917
-3.72753
-3.84246
-3.96349
-4.07257
-4.16518
-4.261
-4.36966
-4.50505
-4.67093
-4.78806
-4.93196
-5.05355
-5.16673
-5.29485
-5.43341
-5.54669
-5.673
-5.78529
-5.88947
-6.0014
-6.10721
-6.1517
-6.22556
-6.26406
-6.28768
-6.31497
-6.34058
-6.35713
-6.37902
-6.40542
-6.41663
-6.42084
-6.4238
-6.42483
-6.42564
-6.42524
-6.4083
-6.38837
-6.3769
-6.37965
-6.38557
-6.38659
-6.38956
-6.39269
-6.40395
-6.42308
-6.44832
-6.47593
-6.50651
-6.54737
-6.59011
-6.60418
-6.62166
-6.63057
-6.65867
-6.68889
-6.717
-6.77285
-6.83927
-6.92141
-7.00951
-7.10165
-7.19885
-7.30287
-7.41144
-7.52379
-7.64012
-7.75548
-7.86173
-7.95422
-8.03282
-8.10415
-8.17452
-8.24559
-8.3154
-8.38094
-8.43879
-8.49024
-8.53591
-8.57838
-8.61855
-8.65911
-8.69851
-8.73967
-8.78404
-8.83059
-8.88328
)
;
    }
    FreeStream
    {
        type            calculated;
        value           nonuniform List<scalar> 
20
(
-7.17236
-7.24924
-7.74365
-7.63787
-7.27915
-6.94295
-6.79437
-6.88453
-7.22319
-7.66759
-8.05044
-8.4277
-8.5726
-8.68049
-8.82451
-9.01707
-9.16559
-9.18465
-9.08847
-8.89471
)
;
    }
    FrontNBack
    {
        type            empty;
    }
    LeftSide
    {
        type            calculated;
        value           nonuniform List<scalar> 
20
(
-3.66708
-3.59664
-2.94605
-2.9011
-2.06856
-2.03905
-0.857367
-0.941162
-0.247815
-1.383
-1.19891
-3.05403
-2.48456
-2.88884
2.01179
3.85116
4.77554
5.61389
4.2622
8.76111
)
;
    }
    procBoundary3to2
    {
        type            processor;
        value           nonuniform List<scalar> 
400
(
-3.96971
-3.94974
-3.92883
-3.90996
-3.89306
-3.87733
-3.86275
-3.84929
-3.83696
-3.82573
-3.8156
-3.80656
-3.7986
-3.79174
-3.78599
-3.78135
-3.77785
-3.77552
-3.77439
-3.7745
-3.77589
-3.7786
-3.78268
-3.7882
-3.7952
-3.80363
-3.81385
-3.82562
-3.83909
-3.85477
-3.8722
-3.89167
-3.89197
-3.91998
-3.95191
-3.98047
-4.01163
-4.04553
-4.08199
-4.1221
-4.1653
-4.21202
-4.2625
-4.31701
-4.37467
-4.43824
-4.50675
-4.57845
-4.658
-4.74185
-4.83579
-4.93928
-5.08261
-5.44365
-6.41662
-8.59755
-11.1263
-11.7597
-11.8616
-11.8807
-11.8789
-11.8642
-11.8406
-11.8213
-11.8114
-11.8123
-11.8236
-11.8459
-11.8783
-11.9139
-11.9681
-12.0155
-12.0953
-12.1321
-12.2079
-12.2724
-12.3459
-12.4663
-12.516
-12.6662
-12.7612
-12.877
-13.0084
-13.139
-13.2949
-13.4517
-13.6248
-13.81
-14.0019
-14.206
-14.425
-14.6611
-14.8966
-15.1572
-15.4105
-15.6881
-15.9864
-16.3046
-16.6202
-16.9486
-17.1827
-17.3591
-17.5466
-17.7386
-17.9359
-18.1384
-18.3442
-18.5554
-18.7851
-19.0378
-19.2441
-19.4742
-19.6824
-19.8912
-20.122
-20.3674
-20.617
-20.8691
-21.1251
-21.3964
-21.6922
-21.9519
-22.2417
-22.5057
-22.7541
-23.0185
-23.3026
-23.5915
-23.8827
-24.1768
-24.4731
-24.7738
-25.0877
-25.4144
-25.7307
-26.0459
-26.3499
-26.6361
-26.9202
-27.2168
-27.5194
-27.8207
-28.1205
-28.4243
-28.735
-29.0189
-29.325
-29.6083
-29.8845
-30.1591
-30.4323
-30.7003
-30.9499
-31.2041
-31.421
-31.6741
-31.911
-32.1423
-32.3644
-32.5776
-32.7783
-32.9547
-33.1302
-33.3109
-33.4651
-33.6067
-33.765
-33.8894
-33.9984
-34.0903
-34.1659
-34.2248
-34.2686
-34.299
-34.3125
-34.3112
-34.303
-34.2858
-34.2533
-34.1941
-34.1391
-34.0509
-33.9585
-33.8316
-33.7026
-33.6007
-33.4588
-33.2922
-33.1056
-32.8999
-32.6734
-32.4155
-32.1996
-31.9608
-31.6997
-31.427
-31.1277
-30.8169
-30.5059
-30.2012
-29.8799
-29.5433
-29.1935
-28.8356
-28.4707
-28.0942
-27.7066
-27.3101
-26.9168
-26.5288
-26.1334
-25.7279
-25.3142
-24.8943
-24.4662
-24.0313
-23.5951
-23.1563
-22.7219
-22.2823
-21.8358
-21.3807
-20.9233
-20.4601
-19.9906
-19.5021
-19.0333
-18.5625
-18.0858
-17.601
-17.1182
-16.6278
-16.1356
-15.6463
-15.1618
-14.6792
-14.1927
-13.7089
-13.2316
-12.761
-12.2933
-11.8292
-11.3716
-10.9198
-10.4763
-10.0408
-9.61366
-9.19713
-8.79066
-8.39152
-8.0088
-7.63411
-7.27242
-6.92414
-6.58942
-6.26953
-5.95751
-5.66756
-5.39005
-5.12837
-4.88253
-4.65273
-4.43506
-4.24208
-4.05815
-3.89135
-3.73879
-3.60122
-3.47838
-3.36872
-3.27477
-3.19391
-3.12565
-3.07038
-3.02524
-2.99015
-2.96472
-2.94792
-2.93891
-2.93681
-2.94087
-2.9504
-2.96477
-2.98319
-3.00468
-3.02975
-3.05701
-3.08627
-3.11715
-3.14942
-3.18244
-3.2161
-3.25017
-3.28443
-3.31877
-3.3532
-3.38773
-3.42231
-3.45699
-3.49185
-3.52697
-3.5624
-3.59818
-3.63432
-3.67083
-3.70772
-3.74496
-3.78255
-3.82046
-3.85867
-3.89717
-3.93594
-3.97495
-4.01419
-4.05363
-4.09327
-4.13306
-4.17301
-4.21308
-4.25327
-4.29354
-4.3339
-4.37432
-4.41478
-4.45528
-4.4958
-4.53631
-4.57681
-4.61726
-4.65766
-4.69799
-4.73824
-4.77838
-4.81841
-4.8583
-4.898
-4.93758
-4.97695
-5.01613
-5.05511
-5.09386
-5.1324
-5.17066
-5.20871
-5.24654
-5.28409
-5.32138
-5.35841
-5.3952
-5.43174
-5.46798
-5.50416
-5.53997
-5.57556
-5.61093
-5.64608
-5.6811
-5.71597
-5.75029
-5.78555
-5.81988
-5.8542
-5.88844
-5.92261
-5.95673
-5.99082
-6.02495
-6.0592
-6.09351
-6.12803
-6.16269
-6.1973
-6.23204
-6.26692
-6.30192
-6.33692
-6.3718
-6.40658
-6.44116
-6.47526
-6.50889
-6.54191
-6.57454
-6.60677
-6.63835
-6.66894
-6.69842
-6.72675
-6.75368
-6.77874
-6.80142
-6.82139
-6.83831
-6.85182
-6.86165
-6.86968
-6.8749
-6.87882
-6.88104
-6.88189
)
;
    }
}


// ************************************************************************* //
