/*--------------------------------*- C++ -*----------------------------------*\
| =========                 |                                                 |
| \\      /  F ield         | OpenFOAM: The Open Source CFD Toolbox           |
|  \\    /   O peration     | Version:  2.4.0                                 |
|   \\  /    A nd           | Web:      www.OpenFOAM.org                      |
|    \\/     M anipulation  |                                                 |
\*---------------------------------------------------------------------------*/
FoamFile
{
    version     2.0;
    format      ascii;
    class       volScalarField;
    location    "1.8";
    object      alpha1;
}
// * * * * * * * * * * * * * * * * * * * * * * * * * * * * * * * * * * * * * //

dimensions      [0 0 0 0 0 0 0];

internalField   nonuniform List<scalar> 
8000
(
1
1
1
1
1
1
1
1
1
1
1
0.999999
0.999998
0.999995
0.999993
0.999993
0.999995
0.999997
0.999997
0.999996
0.999992
0.999994
0.999996
0.999994
0.999992
0.999986
0.999959
0.999868
0.999839
0.999833
0.999641
0.996615
0.996766
0.998291
1.00054
0.981204
0.959038
0.553685
0.109352
0.057716
0.0367149
0.017202
0.00649243
0.00290607
0.00145496
0.000683552
0.000319017
0.000169757
0.000107293
8.19181e-05
1
1
1
1
1
1
1
1
1
1
1
1
1
1
1
1
0.999999
0.999999
0.999999
0.999999
0.999999
0.999999
0.999999
0.999999
0.999999
0.999999
0.999999
0.999999
0.999999
0.999999
1
1
1
1
1
1
1
0.999981
0.996882
0.973136
0.8624
0.528001
0.154533
0.0573155
0.0285817
0.0122285
0.00467553
0.0022528
0.00135055
0.000876855
1
1
1
1
1
1
1
1
1
1
1
1
1
1
1
0.999999
0.999999
0.999999
0.999999
0.999999
0.999999
0.999999
0.999998
0.999998
0.999998
0.999999
0.999999
0.999999
0.999999
0.999999
0.999999
0.999999
0.999999
1
1
1
1
1
1
1
1
0.999993
0.981122
0.963244
0.796697
0.309349
0.112345
0.0620687
0.029552
0.0147294
1
1
1
1
1
1
1
1
1
1
1
1
1
1
0.999999
0.999999
0.999999
0.999999
0.999999
0.999998
0.999998
0.999998
0.999998
0.999998
0.999998
0.999998
0.999999
0.999999
0.999999
0.999999
0.999999
0.999999
0.999999
1
1
1
1
1
1
1
1
1
1
1
1
0.999992
0.957497
0.737463
0.423577
0.249199
1
1
1
1
1
1
1
1
1
1
1
1
1
1
0.999999
0.999999
0.999999
0.999999
0.999998
0.999998
0.999998
0.999998
0.999998
0.999998
0.999998
0.999998
0.999998
0.999999
0.999999
0.999999
0.999999
0.999999
0.999999
0.999999
0.999999
0.999999
0.999999
0.999999
0.999999
0.999998
0.999998
0.999997
0.999997
0.999996
0.999996
0.999996
1
0.999999
0.986425
0.875953
1
1
1
1
1
1
1
1
1
1
1
1
1
1
0.999999
0.999999
0.999999
0.999999
0.999999
0.999998
0.999998
0.999998
0.999998
0.999998
0.999998
0.999998
0.999998
0.999999
0.999999
0.999999
0.999999
0.999999
0.999999
0.999999
0.999999
0.999999
0.999999
0.999998
0.999998
0.999997
0.999996
0.999994
0.999992
0.999988
0.999982
0.999974
0.999989
0.999992
1
1
1
1
1
1
1
1
1
1
1
1
1
1
1
1
1
0.999999
0.999999
0.999999
0.999999
0.999999
0.999999
0.999998
0.999998
0.999998
0.999998
0.999998
0.999999
0.999999
0.999999
0.999999
0.999999
0.999999
0.999999
0.999999
0.999999
0.999999
0.999999
0.999998
0.999997
0.999996
0.999995
0.999993
0.99999
0.999985
0.999972
0.999949
0.999957
0.999975
0.999992
0.999998
1
1
1
1
1
1
1
1
1
1
1
1
1
1
1
1
0.999999
0.999999
0.999999
0.999999
0.999999
0.999999
0.999999
0.999999
0.999999
0.999999
0.999999
0.999999
0.999999
0.999999
0.999999
0.999999
0.999999
0.999999
0.999999
0.999999
0.999999
0.999999
0.999998
0.999997
0.999996
0.999994
0.999992
0.999989
0.999976
0.999948
0.999948
0.999968
0.999991
0.999997
1
1
1
1
1
1
1
1
1
1
1
1
1
1
1
1
1
1
1
0.999999
0.999999
0.999999
0.999999
0.999999
0.999999
0.999999
0.999999
0.999999
0.999999
0.999999
0.999999
0.999999
0.999999
0.999999
0.999999
0.999999
0.999999
0.999999
0.999999
0.999999
0.999998
0.999997
0.999995
0.999992
0.999988
0.999985
0.999973
0.999982
0.999991
0.999902
1
1
1
1
1
1
1
1
1
1
1
1
1
1
1
1
1
1
1
1
1
1
1
1
0.999999
0.999999
0.999999
0.999999
0.999999
0.999999
0.999999
0.999999
0.999999
0.999999
0.999999
0.999999
0.999999
0.999999
0.999999
0.999999
0.999999
0.999998
0.999997
0.999995
0.999993
0.999992
0.99999
0.999837
0.929392
0.715893
1
1
1
1
1
1
1
1
1
1
1
1
1
1
1
1
1
1
1
1
1
1
1
1
1
1
1
1
1
1
1
1
1
1
1
1
0.999999
0.999999
0.999999
0.999999
0.999998
0.999998
0.999997
0.999997
0.999993
0.999796
0.917273
0.61827
0.311426
0.125742
1
1
1
1
1
1
1
1
1
1
1
1
1
1
1
1
1
1
1
1
1
1
1
1
1
1
1
1
1
1
1
1
1
1
1
1
1
0.999999
0.999999
0.999999
0.999998
0.999997
0.999997
0.999832
0.929089
0.561811
0.269615
0.0470853
0.00523664
0.00346816
1
1
1
1
1
1
1
1
1
1
1
1
1
1
1
1
1
1
1
1
1
1
1
1
1
1
1
1
1
1
1
1
1
1
1
1
1
0.999999
0.999999
0.999998
0.999997
0.999951
0.987351
0.59714
0.203427
0.0192529
0.00311233
0.0013419
8.03961e-05
4.37541e-05
1
1
1
1
1
1
1
1
1
1
1
1
1
1
1
1
1
1
1
1
1
1
1
1
1
1
1
1
1
1
1
1
1
1
1
1
1
0.999999
0.999998
0.999996
0.999758
0.785012
0.215549
0.0145372
0.00129559
0.000393418
6.49687e-05
1.90647e-05
3.87399e-06
1.40069e-06
1
1
1
1
1
1
1
1
1
1
1
1
1
1
1
1
1
1
1
1
1
1
1
1
1
1
1
1
1
1
1
1
1
1
1
1
0.999999
0.999998
0.999997
0.999759
0.528102
0.0224901
0.000685001
0.000166483
5.94844e-05
5.10882e-05
3.99738e-05
2.68544e-05
1.78121e-05
1.23941e-05
1
1
1
1
1
1
1
1
1
1
1
1
1
1
1
1
1
1
1
1
1
1
1
1
1
1
1
1
1
1
1
1
1
1
1
1
0.999999
0.999998
0.999983
0.883524
0.13861
0.000798627
8.41531e-05
1.52938e-05
8.78868e-06
3.64314e-06
1.8688e-06
1.15854e-06
8.36253e-07
6.43934e-07
1
1
1
1
1
1
1
1
1
1
1
1
1
1
1
1
1
1
1
1
1
1
1
1
1
1
1
1
1
1
1
1
1
1
1
1
0.999999
0.999999
0.999997
0.999666
0.482638
0.0213046
0.0114048
0.00084331
0.000363915
3.13819e-05
7.16946e-06
2.47142e-07
1.48538e-07
8.62996e-08
1
1
1
1
1
1
1
1
1
1
1
1
1
1
1
1
1
1
1
1
1
1
1
1
1
1
1
1
1
1
1
1
1
1
1
0.999999
0.999999
0.999999
0.999999
0.999997
0.999963
0.985094
0.331356
0.0341325
0.0248872
0.00226691
0.00144536
6.82742e-05
3.47567e-05
8.62011e-08
1
1
1
1
1
1
1
1
1
1
1
1
1
1
1
1
1
1
1
1
1
1
1
1
1
1
1
1
1
1
1
1
1
1
0.999999
0.999999
0.999999
0.999999
0.999999
0.999998
0.999997
0.999997
0.999937
0.963588
0.528728
0.07326
0.0784982
0.0108632
0.00717408
8.50551e-08
1
1
1
1
1
1
1
1
1
1
1
1
1
1
1
1
1
1
1
1
1
1
1
1
1
1
1
1
1
1
1
1
1
1
1
1
0.999999
0.999999
0.999999
0.999999
0.999999
0.999999
0.999999
1
0.999975
0.980332
0.898747
0.935725
0.492992
0.000922047
6.49516e-05
4.59253e-05
2.90295e-05
1.69732e-05
9.09283e-06
4.14862e-06
1.03281e-06
8.1361e-07
6.78837e-07
6.05179e-07
5.79706e-07
5.65141e-07
5.51081e-07
5.04847e-07
4.79944e-07
3.09108e-07
8.63428e-07
4.58538e-07
4.82339e-07
4.90817e-07
5.07877e-07
4.95517e-07
4.84122e-07
6.68042e-07
8.58944e-07
7.55071e-07
4.79727e-07
4.51037e-07
4.3866e-07
4.17017e-07
3.93228e-07
3.71187e-07
3.52349e-07
3.36812e-07
3.2397e-07
3.13017e-07
3.03213e-07
2.93989e-07
2.84976e-07
2.75981e-07
2.66966e-07
2.57993e-07
2.49209e-07
2.40823e-07
2.33048e-07
2.26076e-07
2.2008e-07
2.1518e-07
2.11451e-07
2.08817e-07
0.000578613
0.000375271
0.000234146
0.000142416
8.5677e-05
5.08362e-05
2.9658e-05
1.70581e-05
9.4522e-06
4.62349e-06
1.24548e-06
1.09101e-06
5.58331e-07
1.81709e-06
9.01798e-07
8.59731e-07
8.68888e-07
8.22805e-07
7.74341e-07
7.29845e-07
6.94967e-07
6.7011e-07
6.60642e-07
6.67705e-07
6.54934e-07
6.06357e-07
5.55597e-07
5.20569e-07
4.93141e-07
4.70217e-07
4.5052e-07
4.33371e-07
4.18271e-07
4.04764e-07
3.84783e-07
3.70753e-07
3.57352e-07
3.45548e-07
3.35536e-07
3.26766e-07
3.18697e-07
3.11028e-07
3.03659e-07
2.96607e-07
2.89957e-07
2.83812e-07
2.78266e-07
2.73383e-07
2.69184e-07
2.65644e-07
0.00754234
0.00381535
0.00196369
0.00104642
0.000547968
0.000268658
0.00012705
6.07752e-05
2.94725e-05
1.32335e-05
3.26011e-06
2.62822e-06
2.13383e-06
1.85991e-06
1.57618e-06
1.36063e-06
1.19552e-06
1.06508e-06
9.62899e-07
8.83248e-07
8.2127e-07
7.72595e-07
7.33449e-07
6.99819e-07
6.68428e-07
6.39124e-07
6.13328e-07
5.90852e-07
5.70905e-07
5.52903e-07
5.36462e-07
5.21316e-07
5.07096e-07
4.12923e-07
7.14695e-07
5.29836e-07
4.9993e-07
4.61525e-07
4.30818e-07
4.13412e-07
4.04644e-07
3.99832e-07
3.96303e-07
3.9283e-07
3.89008e-07
3.8485e-07
3.80531e-07
3.76237e-07
3.72109e-07
3.68224e-07
0.145469
0.0790743
0.0394701
0.0175852
0.00671417
0.00234737
0.00084931
0.000344222
0.000153978
6.98886e-05
2.90665e-05
9.95499e-06
2.14053e-06
2.14084e-06
2.24925e-06
2.28101e-06
2.21225e-06
2.07849e-06
1.91632e-06
1.75187e-06
1.59687e-06
1.45466e-06
1.33784e-06
1.23593e-06
1.12683e-06
1.0547e-06
9.91963e-07
9.38169e-07
8.92594e-07
8.54201e-07
8.21828e-07
7.94339e-07
7.53126e-07
7.26842e-07
7.34698e-07
7.22283e-07
7.03811e-07
6.84335e-07
6.67407e-07
6.53384e-07
6.4153e-07
6.31116e-07
6.21663e-07
6.12901e-07
6.01198e-07
5.73053e-07
5.68376e-07
5.65191e-07
5.49549e-07
5.39132e-07
0.708334
0.529425
0.361073
0.214372
0.100531
0.0359545
0.0105348
0.00278491
0.000715224
0.000182484
5.1521e-05
1.41327e-05
2.763e-06
3.27191e-06
3.61159e-06
3.75484e-06
3.58134e-06
3.33782e-06
3.09639e-06
3.01454e-06
2.20459e-06
3.71202e-06
2.67683e-06
1.31045e-06
4.79521e-06
2.40497e-06
2.28693e-06
2.1709e-06
2.05954e-06
1.95312e-06
1.85059e-06
1.05088e-06
2.65685e-06
1.56061e-06
1.50097e-06
1.44917e-06
1.40148e-06
1.35968e-06
1.32457e-06
1.29111e-06
1.25456e-06
1.21787e-06
1.18575e-06
9.51702e-07
8.73825e-07
3.18996e-06
1.57334e-06
5.98282e-07
2.66204e-06
1.85867e-06
0.999994
0.948018
0.860943
0.695233
0.460181
0.193154
0.04642
0.00772572
0.00109262
0.000162544
2.16055e-05
6.57557e-06
4.46125e-06
9.35008e-06
4.52384e-06
4.63891e-06
4.4163e-06
4.08311e-06
3.46425e-06
4.69479e-06
4.01269e-06
3.70639e-06
3.50237e-06
2.40206e-06
4.80225e-06
3.19431e-06
3.08058e-06
2.98045e-06
2.88837e-06
2.8023e-06
2.72127e-06
2.63938e-06
2.64968e-06
2.499e-06
2.36824e-06
2.26846e-06
2.50232e-06
2.50109e-06
1.9706e-06
1.6795e-06
2.46638e-06
2.49976e-06
1.70419e-06
1.39383e-06
1.54319e-06
3.19314e-06
2.07465e-06
8.02334e-07
2.66582e-06
2.05302e-06
0.999999
1
0.994732
0.92159
0.751735
0.353181
0.0776229
0.0104037
0.000951563
6.0001e-05
4.72877e-06
4.722e-06
1.00237e-05
5.59338e-06
4.91727e-06
5.51326e-06
4.06263e-06
3.64452e-06
4.66126e-06
3.83956e-06
3.46601e-06
3.18775e-06
3.00273e-06
2.87486e-06
2.58358e-06
2.57798e-06
2.53923e-06
2.4827e-06
2.4192e-06
2.35383e-06
2.28896e-06
2.22565e-06
2.16154e-06
2.10388e-06
2.04785e-06
1.99294e-06
1.93569e-06
1.88386e-06
1.83981e-06
1.79568e-06
1.75048e-06
8.79577e-07
3.24658e-06
1.57708e-06
1.37749e-06
1.16311e-06
5.74006e-07
2.63698e-06
1.41446e-06
1.0308e-06
0.999994
0.999915
0.915839
0.720628
0.428653
0.148233
0.0268555
0.00301697
0.000217302
1.02075e-05
6.25894e-06
6.75409e-06
2.1493e-06
5.99825e-06
3.31482e-06
4.98577e-06
2.48257e-06
2.02689e-06
5.81173e-06
2.1842e-06
2.29277e-06
2.10163e-06
1.99067e-06
1.89556e-06
1.79794e-06
1.69987e-06
1.60463e-06
1.5128e-06
1.42352e-06
1.33591e-06
1.24959e-06
1.1646e-06
1.08121e-06
9.99759e-07
9.20598e-07
8.43995e-07
7.70095e-07
6.98711e-07
6.28539e-07
5.55335e-07
4.70851e-07
3.71215e-07
2.78946e-07
3.04554e-07
2.60026e-07
2.35934e-07
2.00741e-07
1.79496e-07
1.68923e-07
1.56377e-07
0.941498
0.74398
0.45968
0.198754
0.0582628
0.010299
0.000602715
2.07927e-05
4.23251e-06
2.98659e-06
2.23396e-06
1.66623e-06
1.54989e-06
1.29035e-06
1.29903e-06
1.12697e-06
1.07764e-06
9.56002e-07
8.74331e-07
9.27111e-07
8.39272e-07
7.51975e-07
6.65653e-07
5.81184e-07
4.99531e-07
4.21946e-07
3.49816e-07
2.84407e-07
2.26633e-07
1.76937e-07
1.35292e-07
1.01277e-07
7.41909e-08
5.31616e-08
3.72465e-08
2.55102e-08
1.708e-08
1.11827e-08
7.16437e-09
4.49576e-09
2.76642e-09
1.67173e-09
9.93672e-10
5.81883e-10
3.3581e-10
1.90301e-10
1.04778e-10
5.49701e-11
2.67664e-11
1.1798e-11
0.405138
0.20334
0.0427633
0.00544088
0.000419239
3.70714e-05
1.24692e-06
1.34208e-06
1.03509e-06
8.33897e-07
6.89312e-07
5.76876e-07
4.83772e-07
4.01568e-07
3.26746e-07
2.60499e-07
2.03829e-07
1.56998e-07
1.19317e-07
8.9653e-08
6.67217e-08
4.92653e-08
3.61604e-08
2.64553e-08
1.93595e-08
1.42217e-08
1.05332e-08
7.90784e-09
6.00926e-09
4.62149e-09
3.62078e-09
2.86443e-09
2.26675e-09
1.802e-09
1.42818e-09
1.12421e-09
8.78529e-10
6.78655e-10
5.17223e-10
3.88048e-10
2.86113e-10
2.07232e-10
1.47387e-10
1.02849e-10
7.03295e-11
4.70591e-11
3.07672e-11
1.96198e-11
1.21425e-11
7.17996e-12
0.010802
0.00507118
5.20016e-05
1.04788e-05
5.68545e-07
3.88088e-07
3.20117e-07
2.23833e-07
1.44893e-07
9.6718e-08
6.7587e-08
5.1082e-08
4.34112e-08
4.16397e-08
4.36256e-08
4.6706e-08
4.97626e-08
5.22917e-08
5.41486e-08
5.52938e-08
5.56113e-08
5.52562e-08
5.40128e-08
5.20759e-08
4.96248e-08
4.66483e-08
4.2978e-08
3.9635e-08
3.60103e-08
3.17757e-08
2.82035e-08
2.48233e-08
2.11183e-08
1.78844e-08
1.49153e-08
1.22114e-08
9.93271e-09
7.9571e-09
6.2808e-09
4.87894e-09
3.72117e-09
2.78509e-09
2.04598e-09
1.47575e-09
1.04478e-09
7.25417e-10
4.93569e-10
3.29046e-10
2.14896e-10
1.36793e-10
4.15198e-05
2.99144e-05
4.56434e-07
3.84304e-07
2.91536e-07
1.86529e-07
1.55192e-07
1.4244e-07
1.43509e-07
1.53182e-07
1.67078e-07
1.82719e-07
1.98605e-07
2.13446e-07
2.26173e-07
2.37145e-07
2.4606e-07
2.5319e-07
2.56493e-07
2.62306e-07
2.60822e-07
2.67833e-07
2.66891e-07
2.63033e-07
2.57323e-07
2.5494e-07
2.33322e-07
2.21587e-07
2.15557e-07
1.91123e-07
1.74564e-07
1.65031e-07
1.4396e-07
1.26736e-07
1.09666e-07
9.12002e-08
7.69107e-08
6.37594e-08
5.20576e-08
4.19534e-08
3.32762e-08
2.58949e-08
1.97361e-08
1.47436e-08
1.08045e-08
7.76716e-09
5.47559e-09
3.78786e-09
2.57906e-09
1.74338e-09
7.67977e-07
6.90778e-07
6.81652e-07
4.40909e-07
3.15842e-07
2.10933e-07
1.72071e-07
1.65567e-07
1.81361e-07
2.12993e-07
2.55562e-07
3.03974e-07
3.4984e-07
3.83173e-07
4.09576e-07
4.31972e-07
4.6315e-07
4.53349e-07
5.40543e-07
4.88381e-07
5.70479e-07
5.05663e-07
7.55465e-07
5.85239e-07
5.70106e-07
7.85248e-07
6.66173e-07
5.71656e-07
7.1759e-07
6.27783e-07
5.50101e-07
6.25694e-07
5.71923e-07
5.45522e-07
5.15082e-07
4.27425e-07
3.77851e-07
3.29699e-07
2.8029e-07
2.34395e-07
1.94424e-07
1.59771e-07
1.286e-07
1.01007e-07
7.75097e-08
5.81746e-08
4.2696e-08
3.06612e-08
2.15778e-08
1.50437e-08
1.35269e-06
1.17866e-06
1.06664e-06
9.11366e-07
7.98181e-07
7.26104e-07
6.77152e-07
6.4147e-07
6.12275e-07
5.8285e-07
5.50161e-07
5.13599e-07
4.73424e-07
4.34645e-07
3.97911e-07
3.68076e-07
3.48929e-07
3.44238e-07
3.56833e-07
3.77281e-07
4.23526e-07
4.81617e-07
4.7787e-07
7.14377e-07
6.64998e-07
9.97335e-07
2.00613e-06
1.1147e-06
8.99808e-07
6.91511e-07
1.14466e-06
1.07276e-06
9.77196e-07
1.17631e-06
1.31819e-06
1.23918e-06
1.11567e-06
1.06186e-06
9.97713e-07
8.73157e-07
7.24323e-07
6.21703e-07
5.44409e-07
4.68174e-07
3.90142e-07
3.15399e-07
2.47138e-07
1.87481e-07
1.37989e-07
9.89363e-08
8.923e-06
6.41297e-06
4.47744e-06
2.92887e-06
1.63783e-06
5.03241e-07
3.44415e-07
6.47867e-07
4.69258e-07
4.49912e-07
4.29883e-07
4.12401e-07
3.30066e-07
4.64557e-07
3.89327e-07
3.86594e-07
3.84096e-07
3.82346e-07
3.83611e-07
3.90978e-07
4.08008e-07
4.37457e-07
4.76225e-07
5.15112e-07
5.47274e-07
5.68855e-07
1.47554e-06
3.5855e-06
3.5849e-06
2.15448e-06
6.45016e-07
6.38873e-07
6.54206e-07
6.82177e-07
7.18468e-07
7.5787e-07
8.00927e-07
1.33041e-06
2.85399e-06
2.85233e-06
1.51807e-06
7.81932e-07
1.05984e-06
1.25013e-06
1.32056e-06
1.29244e-06
1.1708e-06
9.72196e-07
7.51864e-07
5.5087e-07
5.32667e-07
4.5919e-07
4.07822e-07
3.7071e-07
3.43843e-07
3.33095e-07
3.2517e-07
3.1439e-07
3.11047e-07
3.10128e-07
3.118e-07
3.15841e-07
3.2146e-07
3.27735e-07
3.35157e-07
3.44514e-07
3.56807e-07
3.73207e-07
3.95043e-07
4.24452e-07
4.65559e-07
5.14951e-07
6.2619e-07
1.31475e-06
1.91978e-06
1.92492e-06
1.01796e-06
7.99116e-07
7.47678e-07
6.79584e-07
6.364e-07
6.25438e-07
6.3441e-07
6.57828e-07
6.95729e-07
7.52887e-07
8.36199e-07
9.49426e-07
1.05358e-06
1.13412e-06
1.23583e-06
2.31333e-06
1.40756e-05
1.6203e-05
1.54752e-05
5.53496e-06
8.95354e-07
8.43663e-07
7.1051e-07
5.62187e-07
1.00325e-07
1.07617e-07
1.18997e-07
1.31607e-07
1.43878e-07
1.55385e-07
1.66067e-07
1.75718e-07
1.84663e-07
1.98524e-07
2.29181e-07
2.86576e-07
3.60153e-07
4.26378e-07
4.7571e-07
5.16545e-07
5.67902e-07
6.5573e-07
7.94633e-07
9.41983e-07
9.68201e-07
1.9158e-06
6.25845e-07
8.60142e-07
6.04181e-07
6.34776e-07
1.1667e-06
3.40421e-07
5.69898e-07
5.38215e-07
5.25737e-07
5.4519e-07
6.08702e-07
7.2495e-07
8.80321e-07
1.05796e-06
1.04437e-06
1.73519e-06
1.32007e-06
2.41473e-06
1.95794e-06
2.11315e-06
1.96993e-06
1.41366e-06
7.7949e-07
3.09201e-07
1.50438e-07
1.1745e-07
9.12848e-08
7.13458e-08
1.09795e-07
1.26859e-07
1.50302e-07
1.76231e-07
2.01874e-07
2.26615e-07
2.50119e-07
2.72225e-07
2.92948e-07
3.12132e-07
3.29723e-07
3.4588e-07
3.6089e-07
3.74392e-07
3.85815e-07
3.94997e-07
4.01787e-07
4.05435e-07
4.03549e-07
3.9261e-07
3.71494e-07
3.47747e-07
2.8688e-07
2.71112e-07
2.49894e-07
2.45638e-07
2.36599e-07
2.00295e-07
2.06701e-07
2.03601e-07
2.06282e-07
2.14239e-07
2.25999e-07
2.38659e-07
2.47972e-07
2.48882e-07
2.39232e-07
2.30194e-07
2.04851e-07
1.952e-07
1.49046e-07
1.16972e-07
7.93141e-08
4.84913e-08
2.60377e-08
1.56124e-08
1.01658e-08
7.79024e-09
5.94461e-09
4.47428e-09
7.63806e-08
5.81537e-08
4.15212e-08
3.71403e-08
3.40088e-08
3.2003e-08
3.0599e-08
2.63534e-08
2.61079e-08
2.61604e-08
2.67969e-08
2.76996e-08
2.86222e-08
2.94431e-08
3.01231e-08
3.06301e-08
3.08208e-08
3.04552e-08
2.95518e-08
2.81511e-08
2.63916e-08
2.44831e-08
2.25427e-08
2.10561e-08
1.96479e-08
1.84055e-08
1.70904e-08
1.58548e-08
1.51945e-08
1.44989e-08
1.39142e-08
1.33401e-08
1.26727e-08
1.18222e-08
1.07321e-08
9.403e-09
7.9108e-09
6.42098e-09
4.98732e-09
3.77654e-09
2.5919e-09
1.73469e-09
1.07938e-09
6.50293e-10
3.91979e-10
2.58829e-10
1.69786e-10
1.20118e-10
8.28325e-11
5.44959e-11
2.13703e-06
1.34163e-06
3.64737e-07
2.38991e-07
1.62286e-07
1.2558e-07
2.25713e-07
6.37618e-08
5.23262e-08
3.15988e-08
1.94627e-08
1.12532e-08
7.28583e-09
4.78834e-09
3.06232e-09
1.95975e-09
1.26908e-09
8.22054e-10
5.24796e-10
3.26755e-10
1.97287e-10
1.15164e-10
6.48986e-11
3.52829e-11
1.85067e-11
9.37016e-12
4.58421e-12
2.17028e-12
9.95054e-13
4.41752e-13
1.89697e-13
7.86458e-14
3.14117e-14
1.20587e-14
4.4375e-15
1.56133e-15
5.23893e-16
1.672e-16
5.06263e-17
1.45075e-17
3.9252e-18
1.00046e-18
2.3971e-19
5.38841e-20
1.13425e-20
2.23134e-21
4.08891e-22
6.91791e-23
1.04944e-23
1.28644e-24
2.07738e-07
2.06982e-07
2.06532e-07
2.06231e-07
2.06572e-07
2.07178e-07
2.07868e-07
2.08897e-07
2.10119e-07
2.11342e-07
2.12874e-07
2.14549e-07
2.16236e-07
2.18147e-07
2.20028e-07
2.21929e-07
2.24194e-07
2.24268e-07
2.33503e-07
2.35736e-07
2.35722e-07
2.43568e-07
2.4636e-07
2.48391e-07
2.48282e-07
2.56641e-07
2.69321e-07
2.71246e-07
2.68257e-07
2.68724e-07
2.71461e-07
2.75627e-07
2.82152e-07
2.94139e-07
3.11344e-07
3.19356e-07
3.12813e-07
3.04898e-07
3.09307e-07
3.07996e-07
2.98195e-07
2.91867e-07
2.8878e-07
2.86918e-07
2.86579e-07
2.89147e-07
2.968e-07
3.13053e-07
3.42405e-07
3.80483e-07
3.85203e-07
3.78019e-07
3.71597e-07
3.6838e-07
3.69783e-07
3.71891e-07
3.71154e-07
1.06344e-06
2.15091e-06
7.7091e-07
4.28969e-07
4.24342e-07
4.28528e-07
4.329e-07
4.39197e-07
4.44612e-07
4.4128e-07
4.27777e-07
4.27693e-07
7.74712e-07
1.57488e-06
6.84617e-07
4.19946e-07
4.18766e-07
4.16894e-07
4.1547e-07
4.14379e-07
4.12239e-07
4.08426e-07
4.0301e-07
3.96565e-07
3.89658e-07
3.82333e-07
3.74894e-07
3.6775e-07
3.61689e-07
3.58088e-07
3.5787e-07
3.58533e-07
3.58539e-07
3.58171e-07
3.57921e-07
3.58085e-07
3.58747e-07
3.59662e-07
3.60391e-07
3.62107e-07
3.64607e-07
3.672e-07
3.69193e-07
3.70458e-07
3.74776e-07
3.82211e-07
3.91465e-07
4.00389e-07
4.10268e-07
6.83101e-07
3.51362e-06
4.23829e-06
3.47134e-06
1.27672e-06
4.2317e-07
4.22872e-07
4.21444e-07
4.19261e-07
4.17272e-07
4.1659e-07
4.18264e-07
4.20836e-07
4.27843e-07
4.34393e-07
4.39208e-07
4.43613e-07
4.50227e-07
4.6758e-07
1.46106e-06
2.01606e-06
1.3764e-06
4.14207e-07
4.17397e-07
4.55881e-07
4.86347e-07
4.99558e-07
5.21552e-07
1.27738e-06
1.40891e-06
1.0375e-06
3.65133e-07
3.48202e-07
3.23276e-07
3.0628e-07
2.92953e-07
2.81012e-07
2.69461e-07
2.57823e-07
2.47219e-07
2.3699e-07
2.27645e-07
2.19851e-07
2.14138e-07
2.11422e-07
2.11114e-07
2.13888e-07
2.18534e-07
2.26577e-07
2.36456e-07
2.50573e-07
2.66917e-07
2.85447e-07
3.07859e-07
3.14093e-07
3.62166e-07
6.46242e-07
1.21996e-06
7.95032e-07
8.6269e-07
9.12238e-07
9.58329e-07
1.18699e-06
3.26911e-06
2.95898e-06
1.04692e-06
8.61237e-07
8.64331e-07
9.71868e-07
2.33464e-06
4.08129e-06
2.83067e-06
8.53656e-07
1.01063e-06
1.18056e-06
1.38485e-06
1.49511e-06
1.45065e-06
2.54377e-06
9.80707e-06
5.71026e-06
2.04575e-06
4.33529e-06
2.30792e-05
1.50705e-05
4.67233e-06
8.32983e-07
8.1953e-07
8.13646e-07
8.03325e-07
7.84273e-07
7.49836e-07
1.38886e-06
1.95515e-06
1.00079e-06
9.92447e-07
2.28267e-06
5.68571e-06
5.68787e-06
3.85656e-06
1.12835e-06
1.10795e-06
1.69912e-06
1.10809e-05
6.82329e-06
1.82682e-06
4.81744e-07
4.77843e-07
5.14372e-07
5.38486e-07
5.7391e-07
5.51494e-07
5.02492e-07
4.44664e-07
3.81395e-07
3.13383e-07
2.43345e-07
1.80235e-07
1.29001e-07
9.09839e-08
6.47748e-08
4.72824e-08
3.53862e-08
2.68991e-08
2.05772e-08
1.57504e-08
1.2018e-08
9.11126e-09
6.84742e-09
5.1065e-09
3.80389e-09
2.86659e-09
2.22278e-09
1.80353e-09
1.54521e-09
1.39452e-09
1.31519e-09
1.27894e-09
1.2714e-09
1.28415e-09
1.31053e-09
1.34538e-09
1.38494e-09
1.42696e-09
1.47012e-09
1.51394e-09
1.55747e-09
1.59838e-09
1.63266e-09
1.65742e-09
1.67052e-09
1.67188e-09
1.65877e-09
1.62876e-09
1.57887e-09
1.51123e-09
1.42173e-09
1.30943e-09
1.1704e-09
1.0046e-09
8.11907e-10
6.07723e-10
4.16643e-10
2.65929e-10
1.58865e-10
8.83278e-11
4.52278e-11
2.11294e-11
8.94768e-12
3.42142e-12
1.1793e-12
3.66346e-13
1.02665e-13
2.60012e-14
5.9656e-15
1.24361e-15
2.36335e-16
4.10906e-17
6.56072e-18
9.65634e-19
1.3152e-19
1.66394e-20
1.96283e-21
2.16677e-22
2.24636e-23
2.19472e-24
2.02755e-25
1.77691e-26
1.48194e-27
1.17983e-28
8.99453e-30
6.58703e-31
4.64974e-32
3.17545e-33
2.63941e-07
2.62404e-07
2.61027e-07
2.59793e-07
2.58701e-07
2.57736e-07
2.56882e-07
2.56128e-07
2.55461e-07
2.54865e-07
2.54332e-07
2.53855e-07
2.53423e-07
2.53032e-07
2.52677e-07
2.52357e-07
2.52081e-07
2.51799e-07
2.51689e-07
2.51611e-07
2.51521e-07
2.5156e-07
2.51623e-07
2.51699e-07
2.51767e-07
2.52044e-07
2.52488e-07
2.52875e-07
2.53237e-07
2.53662e-07
2.5418e-07
2.54828e-07
2.55663e-07
2.56703e-07
2.57765e-07
2.58549e-07
2.5895e-07
2.59172e-07
2.59414e-07
2.59583e-07
2.59686e-07
2.59809e-07
2.59996e-07
2.60276e-07
2.60698e-07
2.61336e-07
2.62347e-07
2.63697e-07
2.65251e-07
2.66753e-07
2.68024e-07
2.69188e-07
2.70512e-07
2.72909e-07
2.76514e-07
2.78686e-07
3.05421e-07
8.71383e-07
4.22158e-07
4.28326e-07
4.43116e-07
4.71799e-07
5.31242e-07
6.01865e-07
6.37689e-07
6.16493e-07
5.34109e-07
4.66745e-07
4.835e-07
3.55843e-06
5.65507e-06
5.60182e-06
3.23766e-06
6.12718e-07
4.19604e-07
4.59518e-07
4.86607e-07
4.89825e-07
4.67832e-07
4.43625e-07
4.22367e-07
4.03681e-07
3.87726e-07
3.74794e-07
3.65975e-07
3.64979e-07
3.83494e-07
4.53538e-07
4.99942e-07
4.73362e-07
4.44582e-07
4.24031e-07
4.10762e-07
4.04982e-07
4.04127e-07
4.03748e-07
4.03799e-07
4.0604e-07
4.10679e-07
4.18182e-07
4.28228e-07
4.40351e-07
4.57185e-07
4.87611e-07
5.17741e-07
4.99958e-07
1.23855e-06
4.11051e-06
4.24363e-06
4.15728e-06
1.92456e-06
4.55144e-07
4.86144e-07
4.22612e-07
4.23789e-07
4.17168e-07
4.1701e-07
4.2253e-07
4.13777e-07
4.54847e-07
4.72224e-07
4.42609e-07
4.38563e-07
4.52491e-07
4.57552e-07
1.57185e-06
1.61384e-06
5.52169e-07
4.05963e-07
3.26433e-07
4.56872e-07
5.50926e-07
4.79371e-07
4.28426e-07
3.79668e-07
3.32781e-07
2.96465e-07
2.74528e-07
2.53355e-07
2.34488e-07
2.17924e-07
2.0334e-07
1.90486e-07
1.79275e-07
1.6739e-07
1.69162e-07
1.63468e-07
1.60142e-07
1.59641e-07
1.61468e-07
1.7143e-07
1.79072e-07
1.95852e-07
2.05166e-07
2.30552e-07
2.43592e-07
2.78832e-07
3.04391e-07
3.24049e-07
3.89349e-07
3.52599e-07
6.01208e-07
1.09951e-06
8.37943e-07
6.87128e-07
1.16556e-06
1.10478e-06
1.44806e-06
1.84142e-06
1.39564e-06
1.10714e-06
9.92858e-07
9.26476e-07
9.1235e-07
9.36935e-07
9.82831e-07
1.06624e-06
1.22987e-06
1.4543e-06
1.81404e-06
2.22228e-06
2.36098e-06
7.67144e-06
1.42057e-05
1.63388e-05
1.77658e-05
2.54676e-05
2.5496e-05
2.55138e-05
2.30802e-05
1.17347e-05
3.18131e-06
8.91591e-07
1.0795e-06
1.11477e-06
1.14609e-06
1.19513e-06
1.27261e-06
1.36248e-06
3.23865e-06
3.92802e-06
3.43543e-06
1.68854e-06
1.61838e-06
1.61399e-06
1.40438e-06
1.11735e-06
5.06493e-06
1.11285e-05
1.11282e-05
7.32145e-06
1.47722e-06
5.79283e-07
5.46192e-07
5.15373e-07
1.48684e-06
8.37171e-07
8.17309e-07
7.53167e-07
6.96089e-07
6.69374e-07
7.48904e-07
1.07689e-06
1.30905e-06
1.16564e-06
7.68855e-07
5.112e-07
3.87958e-07
2.86296e-07
2.14348e-07
1.68005e-07
1.37942e-07
1.16263e-07
9.8246e-08
8.1735e-08
6.61628e-08
5.17655e-08
3.90363e-08
2.83871e-08
1.99921e-08
1.37676e-08
9.4376e-09
6.62695e-09
4.95426e-09
4.05942e-09
3.65207e-09
3.54545e-09
3.60851e-09
3.74962e-09
3.927e-09
4.12487e-09
4.3451e-09
4.59302e-09
4.87021e-09
5.17119e-09
5.48535e-09
5.80354e-09
6.12368e-09
6.44107e-09
6.74711e-09
7.03658e-09
7.31525e-09
7.55779e-09
7.72984e-09
7.77172e-09
7.60474e-09
7.08083e-09
6.08737e-09
4.56031e-09
3.05126e-09
1.91457e-09
1.13474e-09
6.26889e-10
3.17845e-10
1.46205e-10
6.05907e-11
2.25439e-11
7.52248e-12
2.25232e-12
6.06097e-13
1.46944e-13
3.21961e-14
6.39804e-15
1.15766e-15
1.91513e-16
2.90892e-17
4.07408e-18
5.28366e-19
6.37184e-20
7.17461e-21
7.57299e-22
7.52231e-23
7.05784e-24
6.27754e-25
5.31139e-26
4.28917e-27
3.31656e-28
2.46336e-29
1.76308e-30
1.22003e-31
3.66251e-07
3.64347e-07
3.62514e-07
3.60754e-07
3.59066e-07
3.57449e-07
3.55904e-07
3.5443e-07
3.53028e-07
3.51697e-07
3.50441e-07
3.49259e-07
3.48152e-07
3.47122e-07
3.46168e-07
3.45287e-07
3.44474e-07
3.43721e-07
3.43017e-07
3.42337e-07
3.41644e-07
3.40871e-07
3.39901e-07
3.38506e-07
3.36255e-07
3.33049e-07
3.30546e-07
3.27767e-07
3.26922e-07
3.26429e-07
3.26105e-07
3.25929e-07
3.25934e-07
3.26176e-07
3.26735e-07
3.27727e-07
3.29322e-07
3.31712e-07
3.34986e-07
3.3887e-07
3.42393e-07
3.43734e-07
3.40453e-07
3.35355e-07
7.50419e-07
3.05851e-06
1.4489e-06
3.07704e-07
3.19883e-07
3.28326e-07
3.30019e-07
3.31877e-07
3.36073e-07
3.44152e-07
3.54462e-07
3.64296e-07
3.73021e-07
3.84414e-07
3.99165e-07
4.17755e-07
4.46261e-07
4.65727e-07
1.50354e-06
6.88153e-06
7.28293e-06
6.58428e-06
2.10513e-06
4.74287e-07
4.75816e-07
4.80181e-07
4.84963e-07
4.8882e-07
4.95127e-07
4.93076e-07
4.87495e-07
9.60175e-07
1.5809e-06
1.58166e-06
7.00757e-07
3.92258e-07
4.17591e-07
4.15231e-07
4.08977e-07
4.03374e-07
3.98851e-07
3.95893e-07
3.94866e-07
9.06584e-07
4.07028e-06
2.02156e-06
4.72225e-07
4.33899e-07
4.18337e-07
4.1374e-07
5.06144e-07
5.33409e-07
4.58815e-07
4.7183e-07
4.87786e-07
5.15151e-07
5.46736e-07
5.62609e-07
5.60619e-07
5.56241e-07
1.88889e-06
2.40611e-06
2.18373e-06
7.50118e-07
6.95382e-07
2.02034e-06
2.04526e-06
9.6745e-07
4.44091e-07
4.39254e-07
4.1671e-07
3.58276e-07
4.89113e-07
4.09353e-07
4.0747e-07
4.03536e-07
3.99679e-07
3.74151e-07
2.97373e-07
4.45319e-07
5.97502e-07
4.99344e-07
4.14639e-07
3.73482e-07
3.29831e-07
2.84607e-07
2.38433e-07
2.07063e-07
1.85982e-07
1.6953e-07
1.56325e-07
1.45588e-07
1.36503e-07
1.28795e-07
1.22726e-07
1.18315e-07
1.1502e-07
1.12243e-07
1.09812e-07
1.07784e-07
8.02079e-08
2.01891e-07
1.0822e-07
1.10905e-07
1.15501e-07
1.18771e-07
1.6595e-07
1.50057e-07
2.18917e-07
1.52956e-07
2.80486e-07
1.79965e-07
3.58353e-07
3.43259e-07
2.39496e-07
7.63733e-07
3.91102e-07
3.22852e-07
1.01743e-06
7.88569e-07
6.85773e-07
6.42767e-07
6.58714e-07
6.28255e-07
6.08198e-07
6.33649e-07
6.78134e-07
7.26864e-07
7.78286e-07
8.35157e-07
9.05026e-07
9.84496e-07
1.08813e-06
1.22437e-06
1.44014e-06
1.76113e-06
2.44855e-06
3.40916e-06
1.89496e-05
2.65615e-05
2.65616e-05
1.16997e-05
2.15468e-06
1.77772e-06
1.63903e-06
1.66624e-06
1.92156e-06
1.83326e-06
1.64431e-06
1.48613e-06
1.41593e-06
1.44747e-06
1.52208e-06
1.64961e-06
1.73604e-06
1.82834e-06
1.93257e-06
2.06139e-06
3.05207e-06
1.40378e-05
1.70568e-05
1.70427e-05
1.16972e-05
4.35835e-06
1.7202e-06
1.60375e-06
3.93274e-06
2.27755e-06
7.2641e-07
6.8742e-07
7.08998e-07
1.48969e-06
1.0012e-06
9.03396e-07
8.57948e-07
8.24058e-07
8.04627e-07
8.25791e-07
8.79851e-07
8.68829e-07
8.49989e-07
3.80066e-06
3.40219e-06
1.01664e-06
5.70316e-07
4.36145e-07
3.63511e-07
3.11636e-07
2.77346e-07
2.41068e-07
2.26622e-07
2.10713e-07
1.94218e-07
1.78075e-07
1.6257e-07
1.47743e-07
1.33621e-07
1.20249e-07
1.0768e-07
9.59411e-08
8.51024e-08
7.52695e-08
6.63289e-08
5.81684e-08
5.0733e-08
4.40324e-08
3.81572e-08
3.32198e-08
2.93252e-08
2.65438e-08
2.47923e-08
2.39658e-08
2.41089e-08
2.52858e-08
2.73229e-08
2.98973e-08
3.2706e-08
3.54985e-08
3.81036e-08
4.04913e-08
4.27684e-08
4.49544e-08
4.69946e-08
4.93519e-08
4.43937e-08
2.94221e-08
1.80361e-08
1.08726e-08
6.35176e-09
3.48869e-09
1.75685e-09
7.98622e-10
3.25024e-10
1.1801e-10
3.81988e-11
1.10351e-11
2.85141e-12
6.61078e-13
1.3804e-13
2.60723e-14
4.47468e-15
7.01152e-16
1.00791e-16
1.33561e-17
1.6393e-18
1.87238e-19
1.99925e-20
2.00452e-21
1.89534e-22
1.69702e-23
1.44451e-24
1.17333e-25
9.12701e-27
6.82169e-28
4.91447e-29
3.42237e-30
5.37971e-07
5.36855e-07
5.35828e-07
5.34973e-07
5.34375e-07
5.34074e-07
5.34042e-07
5.3419e-07
5.34387e-07
5.34482e-07
5.34307e-07
5.33639e-07
5.32135e-07
5.29214e-07
5.23788e-07
5.20535e-07
5.16707e-07
5.17784e-07
5.23208e-07
5.30646e-07
5.41207e-07
5.55977e-07
5.77795e-07
6.05242e-07
1.00885e-06
3.6313e-06
3.76998e-06
2.97934e-06
6.85573e-07
4.39773e-07
4.09352e-07
4.14508e-07
4.23146e-07
4.32938e-07
4.44091e-07
4.5649e-07
4.69852e-07
4.83873e-07
4.98281e-07
5.1283e-07
5.27291e-07
5.41634e-07
5.55837e-07
5.72163e-07
7.29691e-07
4.48526e-06
5.44874e-06
5.46619e-06
2.25305e-06
3.70527e-07
3.89322e-07
4.39887e-07
4.97336e-07
1.16551e-06
1.47977e-06
1.42998e-06
5.34944e-07
4.33084e-07
4.43482e-07
4.78461e-07
1.32208e-06
3.729e-06
3.24161e-06
1.2955e-06
5.27271e-07
5.20446e-07
5.1701e-07
4.72737e-07
7.19147e-07
4.853e-07
4.93541e-07
4.98144e-07
6.74377e-07
1.66738e-06
7.44421e-07
5.72762e-07
5.70614e-07
5.40805e-07
4.96215e-07
3.8801e-07
8.57526e-07
4.6854e-07
4.86304e-07
5.09224e-07
5.29859e-07
5.53462e-07
5.8043e-07
1.22829e-06
4.78784e-06
4.98308e-06
4.00453e-06
1.04184e-06
4.23413e-07
4.46617e-07
4.5015e-07
4.55006e-07
4.64205e-07
4.84156e-07
5.2759e-07
6.09053e-07
8.35564e-07
8.64622e-07
6.91321e-07
6.10979e-07
5.44953e-07
5.19985e-07
4.66761e-07
6.28784e-07
7.27204e-07
6.55101e-07
6.24989e-07
5.93411e-07
5.3062e-07
4.55794e-07
3.94911e-07
3.53485e-07
3.18051e-07
2.99265e-07
2.84014e-07
2.67337e-07
2.46415e-07
2.20615e-07
1.90846e-07
1.59034e-07
1.3695e-07
1.23222e-07
1.12431e-07
1.02733e-07
9.37401e-08
8.5437e-08
7.79281e-08
7.13492e-08
6.58172e-08
6.13903e-08
5.80172e-08
5.53781e-08
5.34433e-08
5.38131e-08
5.79557e-08
6.45094e-08
7.05284e-08
7.44367e-08
7.65728e-08
7.74748e-08
7.75876e-08
6.97995e-08
7.21373e-08
7.18225e-08
5.73994e-08
1.32105e-07
1.49073e-07
1.48742e-07
1.33346e-07
1.49034e-07
1.49644e-07
1.75224e-07
1.82295e-07
2.13399e-07
2.35894e-07
2.34892e-07
2.7077e-07
2.89501e-07
2.72358e-07
3.09253e-07
3.5566e-07
3.85384e-07
3.99445e-07
4.0299e-07
4.21489e-07
4.64382e-07
5.13925e-07
5.50938e-07
5.83146e-07
6.13621e-07
6.52114e-07
6.87029e-07
7.46186e-07
8.36329e-07
9.53881e-07
1.18735e-06
1.53308e-06
2.26252e-06
2.63054e-06
1.30114e-05
7.04656e-06
1.891e-06
3.06097e-06
1.65997e-06
1.63285e-06
1.74437e-06
4.15424e-06
2.5685e-06
2.11532e-06
1.95337e-06
2.14254e-06
2.89576e-06
3.15626e-06
4.70342e-06
5.34941e-06
4.0972e-06
5.08957e-06
3.26004e-06
3.8485e-06
3.4322e-06
3.05262e-06
2.52613e-06
1.94529e-06
1.52306e-06
1.40674e-06
1.4998e-06
2.36834e-06
3.1951e-06
2.49977e-06
1.40187e-06
1.26572e-06
1.19801e-06
1.08343e-06
1.00006e-06
9.41e-07
8.98528e-07
8.67642e-07
8.4645e-07
8.47759e-07
8.49608e-07
8.49643e-07
5.25761e-06
1.61936e-05
1.00463e-05
2.46624e-06
7.41988e-07
6.71957e-07
6.87649e-07
6.4088e-07
9.24658e-07
4.41566e-07
4.69371e-07
4.95942e-07
4.91985e-07
4.69124e-07
4.42101e-07
4.17501e-07
3.96303e-07
3.77341e-07
3.5905e-07
3.4004e-07
3.19219e-07
2.96057e-07
2.70533e-07
2.43474e-07
2.16832e-07
1.94483e-07
1.78495e-07
1.71452e-07
1.83278e-07
2.12225e-07
2.36442e-07
2.40475e-07
2.20233e-07
1.78286e-07
1.24304e-07
8.74934e-08
8.45994e-08
9.61255e-08
1.17071e-07
1.56483e-07
2.36972e-07
3.50715e-07
4.88128e-07
5.19967e-07
2.75403e-07
1.3658e-07
7.51339e-08
4.41504e-08
2.60443e-08
1.45463e-08
7.40639e-09
3.3706e-09
1.35895e-09
4.83914e-10
1.52204e-10
4.23601e-11
1.04639e-11
2.30361e-12
4.54132e-13
8.0591e-14
1.29452e-14
1.89277e-15
2.53354e-16
3.12219e-17
3.56225e-18
3.78361e-19
3.76118e-20
3.51736e-21
3.10983e-22
2.61176e-23
2.09287e-24
1.60681e-25
1.18644e-26
8.45361e-28
5.82872e-29
6.50094e-07
6.31768e-07
6.17777e-07
6.07953e-07
6.05101e-07
6.12611e-07
6.30835e-07
6.56233e-07
6.84859e-07
7.13064e-07
7.38512e-07
7.64067e-07
7.88206e-07
8.22769e-07
3.32953e-06
4.26371e-06
4.23949e-06
1.75302e-06
5.34464e-07
6.09154e-07
6.79444e-07
1.45416e-06
2.37384e-06
2.37595e-06
1.03999e-06
8.00237e-07
8.15209e-07
8.0958e-07
9.23116e-07
1.70879e-06
1.70608e-06
7.32503e-07
5.47083e-07
5.7058e-07
6.02865e-07
6.21336e-07
6.32315e-07
6.40867e-07
6.49439e-07
6.5883e-07
6.69343e-07
6.76309e-07
6.89587e-07
2.3356e-06
4.52461e-06
4.52875e-06
2.06206e-06
7.03626e-07
6.94646e-07
6.84853e-07
6.76483e-07
6.77808e-07
6.90453e-07
7.09252e-07
7.09799e-07
1.07101e-06
5.53573e-07
6.57495e-07
6.986e-07
7.05189e-07
2.0439e-06
3.69681e-06
2.24635e-06
6.22394e-07
6.00317e-07
6.14317e-07
6.63354e-07
7.19458e-07
7.57145e-07
7.52653e-07
7.43564e-07
1.12075e-06
4.61314e-06
4.93416e-06
4.16624e-06
1.17591e-06
6.28191e-07
4.7679e-07
4.30272e-07
3.85622e-07
8.52676e-07
4.51311e-07
4.97575e-07
5.00586e-07
5.20503e-07
6.20095e-07
1.16937e-06
2.32855e-06
1.63568e-06
5.11187e-07
4.92232e-07
4.62471e-07
4.39867e-07
4.22489e-07
4.08111e-07
3.94223e-07
3.78664e-07
3.6024e-07
3.39086e-07
3.16851e-07
2.96496e-07
2.82994e-07
2.7664e-07
2.75451e-07
2.77608e-07
2.80002e-07
2.79485e-07
2.70989e-07
2.60453e-07
2.41291e-07
2.14172e-07
1.85356e-07
1.58482e-07
1.34572e-07
1.13751e-07
9.5897e-08
8.07249e-08
6.78714e-08
5.69954e-08
4.78307e-08
4.01786e-08
3.38769e-08
2.87771e-08
2.47418e-08
2.1651e-08
1.94083e-08
1.79388e-08
1.71812e-08
1.70829e-08
1.76073e-08
1.87426e-08
2.04842e-08
2.27768e-08
2.54379e-08
2.80534e-08
2.94808e-08
3.08047e-08
3.40636e-08
3.90792e-08
4.40299e-08
4.7667e-08
4.98764e-08
5.08702e-08
5.08425e-08
4.97866e-08
4.84392e-08
4.80702e-08
4.87416e-08
4.94318e-08
4.83194e-08
5.7028e-08
6.59656e-08
7.29176e-08
7.88351e-08
8.4333e-08
8.97111e-08
9.67077e-08
1.07308e-07
1.21069e-07
1.3569e-07
1.49075e-07
1.61026e-07
1.47362e-07
1.93892e-07
2.31365e-07
2.25418e-07
2.10103e-07
1.91192e-07
2.24806e-07
2.89545e-07
3.20952e-07
3.10267e-07
3.14786e-07
3.2342e-07
3.5269e-07
3.54609e-07
4.23954e-07
5.22587e-07
6.31897e-07
9.65665e-07
1.15774e-06
5.78491e-06
2.93932e-06
2.1469e-06
1.81029e-06
1.74313e-06
1.33438e-06
1.4859e-06
1.33071e-06
1.17659e-06
1.24994e-06
1.4925e-06
1.78798e-06
2.08581e-06
2.59982e-06
6.15445e-06
2.28391e-06
3.15023e-06
2.46715e-06
2.52376e-06
1.75828e-06
1.9183e-06
2.23599e-06
1.79014e-06
3.55553e-06
2.47714e-06
2.53497e-06
5.56151e-06
2.6676e-06
3.46863e-06
3.25972e-06
3.1943e-06
3.18073e-06
3.39835e-06
3.80374e-06
4.20809e-06
4.37641e-06
4.4273e-06
4.43692e-06
4.40476e-06
4.46725e-06
6.0553e-06
7.41992e-06
9.33802e-06
1.40054e-05
3.08763e-05
8.93858e-05
0.000105021
0.000105112
9.77199e-05
4.27382e-05
8.07121e-06
6.93095e-07
6.18127e-07
6.01927e-07
5.97761e-07
5.90497e-07
5.77652e-07
5.62146e-07
5.47436e-07
5.35872e-07
5.28227e-07
5.22202e-07
5.35659e-07
5.79737e-07
7.22558e-07
9.3874e-07
1.17114e-06
1.3848e-06
1.55218e-06
1.66102e-06
1.70801e-06
1.7572e-06
2.33032e-06
4.86638e-06
7.58146e-06
9.5684e-06
1.09399e-05
1.21666e-05
1.3799e-05
1.66651e-05
2.278e-05
3.91329e-05
9.84146e-05
0.000202623
0.000205899
0.000205831
0.000109712
2.39775e-05
1.9031e-06
1.91819e-07
1.94887e-07
1.53846e-07
1.12816e-07
7.57188e-08
4.54472e-08
2.3959e-08
1.10024e-08
4.39022e-09
1.52321e-09
4.60417e-10
1.21677e-10
2.82493e-11
5.79492e-12
1.05694e-12
1.72535e-13
2.53775e-14
3.38617e-15
4.12662e-16
4.62384e-17
4.79488e-18
4.63119e-19
4.19214e-20
3.57771e-21
2.89526e-22
2.23385e-23
1.6517e-24
1.17594e-25
8.09602e-27
5.40952e-28
8.25645e-07
8.30621e-07
8.74789e-07
1.10174e-06
2.00504e-06
1.79273e-06
9.94146e-07
9.54818e-07
9.82584e-07
1.02097e-06
3.25847e-06
4.28721e-06
3.418e-06
1.7984e-06
1.51496e-06
9.45045e-07
9.10965e-07
8.46963e-07
8.71e-07
1.23263e-06
2.43908e-06
2.43233e-06
1.16526e-06
8.13479e-07
8.09586e-07
7.9726e-07
7.94271e-07
8.09024e-07
8.48709e-07
1.63186e-06
2.56486e-06
2.56957e-06
1.17259e-06
6.40882e-07
6.87355e-07
7.29928e-07
7.78769e-07
8.3655e-07
8.86698e-07
9.17482e-07
1.11085e-06
1.72102e-06
1.6999e-06
1.01728e-06
9.08042e-07
8.71763e-07
8.91763e-07
9.35064e-07
1.0629e-06
1.15912e-06
1.14367e-06
1.05654e-06
1.02605e-06
1.00367e-06
1.10894e-06
1.18142e-06
1.10948e-06
1.01967e-06
9.61313e-07
9.37977e-07
9.33658e-07
9.41603e-07
9.6025e-07
9.86425e-07
1.02208e-06
1.07745e-06
2.91023e-06
4.182e-06
4.1836e-06
1.56445e-06
7.32011e-07
6.55822e-07
5.84618e-07
5.34242e-07
4.92159e-07
4.63864e-07
4.362e-07
4.16465e-07
4.00145e-07
3.84766e-07
3.64904e-07
3.54735e-07
3.39259e-07
3.2216e-07
3.00612e-07
2.76771e-07
2.54507e-07
2.38491e-07
2.30483e-07
2.24676e-07
2.14162e-07
2.00725e-07
1.85119e-07
1.67878e-07
1.49534e-07
1.30668e-07
1.11915e-07
9.39154e-08
7.72474e-08
6.23586e-08
4.95171e-08
3.87979e-08
3.01037e-08
2.32137e-08
1.78457e-08
1.37137e-08
1.05663e-08
8.20061e-09
6.45874e-09
5.21629e-09
4.37172e-09
3.83967e-09
3.54823e-09
3.43819e-09
3.46244e-09
3.58511e-09
3.77992e-09
4.02745e-09
4.31099e-09
4.61244e-09
4.91452e-09
5.21498e-09
5.54505e-09
5.97095e-09
6.56558e-09
7.36725e-09
8.35487e-09
9.45235e-09
1.05603e-08
1.16008e-08
1.25457e-08
1.34033e-08
1.41774e-08
1.48303e-08
1.52645e-08
1.53197e-08
1.47562e-08
1.45752e-08
1.55333e-08
1.70981e-08
1.8305e-08
1.86782e-08
1.8337e-08
1.76818e-08
1.71107e-08
1.68818e-08
1.70881e-08
1.77067e-08
1.86618e-08
1.99202e-08
2.15644e-08
2.35896e-08
2.57204e-08
2.74208e-08
2.83046e-08
2.95137e-08
3.45669e-08
4.53995e-08
5.59946e-08
5.7127e-08
5.1014e-08
4.77188e-08
4.23031e-08
2.34268e-08
4.85209e-08
4.9053e-08
4.56176e-08
4.0151e-08
3.35647e-08
5.02795e-08
4.29229e-08
3.40236e-08
2.98296e-08
3.12564e-08
2.96413e-08
3.20851e-08
3.44277e-08
4.12433e-08
4.71128e-08
5.75024e-08
7.36022e-08
9.64061e-08
1.72016e-07
2.35621e-07
3.07468e-07
3.8484e-07
4.67264e-07
5.57316e-07
6.60017e-07
7.81561e-07
9.26565e-07
1.09334e-06
1.26729e-06
1.41298e-06
1.47852e-06
1.42489e-06
1.70279e-06
1.68823e-06
1.66738e-06
1.65223e-06
1.65408e-06
1.67341e-06
1.70365e-06
1.73347e-06
1.72052e-06
1.82036e-06
1.82383e-06
1.76529e-06
1.79499e-06
1.74314e-06
1.76616e-06
1.87187e-06
2.28478e-06
3.33441e-06
5.67035e-06
1.13899e-05
1.18697e-05
9.27482e-06
4.86819e-06
4.04066e-06
4.41291e-06
4.59496e-06
4.59422e-06
4.5989e-06
4.82445e-06
5.37435e-06
5.49149e-06
4.88106e-06
8.35828e-06
8.16537e-06
1.07094e-05
1.08059e-05
1.08093e-05
6.35888e-06
1.25088e-06
8.49786e-07
7.41779e-07
6.94462e-07
6.79988e-07
7.05387e-07
7.73173e-07
9.84161e-07
3.01352e-06
5.01496e-06
5.01473e-06
2.22222e-06
8.36621e-07
9.62325e-07
9.9837e-07
1.00646e-06
9.81538e-07
9.24753e-07
8.41678e-07
7.33386e-07
5.74574e-07
3.75983e-07
2.24277e-07
1.34597e-07
8.51892e-08
5.9792e-08
4.8301e-08
4.53268e-08
4.85738e-08
5.82575e-08
7.89784e-08
1.17104e-07
1.56294e-07
1.85724e-07
1.86922e-07
9.62434e-08
4.73553e-08
2.78907e-08
1.68327e-08
9.51753e-09
4.80716e-09
2.10911e-09
7.8636e-10
2.42562e-10
5.90112e-11
1.04703e-11
1.39396e-12
1.68603e-13
1.88075e-14
1.94857e-15
1.88923e-16
1.72487e-17
1.49019e-18
1.2231e-19
9.57004e-21
7.16087e-22
5.13956e-23
3.54859e-24
2.36357e-25
1.52272e-26
9.51249e-28
5.77569e-29
3.41563e-30
1.97114e-31
1.11184e-32
6.13738e-34
2.03754e-06
2.19897e-06
1.8496e-06
1.94265e-06
2.00052e-06
2.04112e-06
2.07903e-06
2.11044e-06
2.18916e-06
2.10549e-06
1.67854e-06
4.27561e-06
3.24307e-06
1.48777e-06
1.69758e-06
1.6726e-06
1.61466e-06
1.80811e-06
2.22373e-06
2.43341e-06
2.33857e-06
1.82346e-06
2.1465e-06
9.47838e-07
4.86897e-07
1.27298e-06
1.18144e-06
1.56881e-06
2.27756e-06
2.31134e-06
1.99502e-06
1.6224e-06
1.92002e-06
8.63776e-07
4.70629e-07
1.03683e-06
9.84947e-07
9.16038e-07
8.65757e-07
8.25223e-07
7.86696e-07
7.42505e-07
6.93279e-07
6.44602e-07
5.99797e-07
5.5696e-07
5.14944e-07
4.73292e-07
4.31909e-07
3.91008e-07
3.51531e-07
3.14163e-07
2.79023e-07
2.46337e-07
2.16332e-07
1.8887e-07
1.63989e-07
1.41615e-07
1.2162e-07
1.03827e-07
8.80469e-08
7.4117e-08
6.18968e-08
5.12636e-08
4.21069e-08
3.43212e-08
2.77896e-08
2.25289e-08
1.81818e-08
1.48003e-08
1.18364e-08
9.28632e-09
7.17877e-09
5.48056e-09
4.13834e-09
3.09493e-09
2.29641e-09
1.69492e-09
1.24936e-09
9.25235e-10
6.94013e-10
5.32456e-10
4.21938e-10
3.47779e-10
2.98627e-10
2.65924e-10
2.43453e-10
2.26956e-10
2.13812e-10
2.02751e-10
1.93571e-10
1.86861e-10
1.83713e-10
1.85437e-10
1.93304e-10
2.08345e-10
2.31222e-10
2.62188e-10
3.01133e-10
3.477e-10
4.01432e-10
4.61911e-10
5.28859e-10
6.0217e-10
6.81878e-10
7.68096e-10
8.60957e-10
9.60584e-10
1.06703e-09
1.18012e-09
1.29913e-09
1.42228e-09
1.54643e-09
1.66729e-09
1.78047e-09
1.88274e-09
1.97229e-09
2.04684e-09
2.09998e-09
2.12102e-09
2.10341e-09
2.05491e-09
2.00133e-09
1.98447e-09
2.04844e-09
2.21607e-09
2.47478e-09
2.78019e-09
3.0685e-09
3.27295e-09
3.34459e-09
3.26831e-09
3.06344e-09
2.77033e-09
2.43413e-09
2.0938e-09
1.7775e-09
1.50196e-09
1.27363e-09
1.09126e-09
9.49447e-10
8.40891e-10
7.58949e-10
6.99458e-10
6.60368e-10
6.40609e-10
6.39408e-10
6.56756e-10
6.93915e-10
7.53336e-10
8.36631e-10
9.43118e-10
1.07003e-09
1.21398e-09
1.37406e-09
1.55007e-09
1.74033e-09
1.94225e-09
2.15718e-09
2.39306e-09
2.66064e-09
2.96684e-09
3.31273e-09
3.6975e-09
4.12148e-09
4.58748e-09
5.10209e-09
5.67644e-09
6.32604e-09
7.0699e-09
7.92943e-09
8.92979e-09
1.01056e-08
1.15123e-08
1.32404e-08
1.54282e-08
1.82659e-08
2.19896e-08
2.68646e-08
3.31644e-08
4.11517e-08
5.10717e-08
6.31671e-08
7.7653e-08
9.46922e-08
1.14313e-07
1.36323e-07
1.60252e-07
1.8536e-07
2.10721e-07
2.35364e-07
2.58423e-07
2.79216e-07
2.97292e-07
3.124e-07
3.24402e-07
3.33017e-07
3.37168e-07
3.35084e-07
3.24989e-07
3.0602e-07
2.79228e-07
2.47733e-07
2.16118e-07
1.89509e-07
1.73393e-07
1.73813e-07
1.96571e-07
2.45626e-07
3.24151e-07
4.45264e-07
6.46298e-07
9.45623e-07
1.33285e-06
1.67179e-06
2.22752e-06
1.91722e-06
3.85431e-06
3.74169e-06
3.55248e-06
6.118e-06
5.38735e-06
4.64661e-06
4.74071e-06
4.96293e-06
6.59409e-06
4.54456e-06
4.76353e-06
5.11522e-06
3.74172e-06
4.21168e-06
3.69188e-06
2.88536e-06
2.0024e-06
1.73932e-06
1.79203e-06
1.86513e-06
1.98204e-06
2.12859e-06
2.21722e-06
3.06267e-06
3.12911e-06
2.81179e-06
2.52261e-06
1.82409e-06
1.0814e-06
6.98966e-07
5.15932e-07
4.01223e-07
3.11484e-07
2.33455e-07
1.65114e-07
1.08085e-07
6.44964e-08
3.57649e-08
2.12996e-08
1.52215e-08
1.24994e-08
1.1173e-08
1.05208e-08
1.02484e-08
1.02208e-08
1.03128e-08
1.04929e-08
1.06038e-08
1.06289e-08
1.04951e-08
1.02181e-08
9.37623e-09
6.20841e-09
3.75753e-09
2.16077e-09
1.14391e-09
5.40866e-10
2.22074e-10
7.78093e-11
2.28134e-11
5.44692e-12
1.01625e-12
1.41966e-13
1.53947e-14
1.3586e-15
9.62551e-17
6.35962e-18
4.17068e-19
2.7024e-20
1.72414e-21
1.0802e-22
6.63262e-24
3.98562e-25
2.34157e-26
1.34411e-27
7.53581e-29
4.12652e-30
2.20754e-31
1.15431e-32
5.90363e-34
2.95546e-35
1.44941e-36
6.96881e-38
1.35011e-07
1.26158e-07
1.14773e-07
1.04487e-07
9.58095e-08
8.87375e-08
8.30362e-08
7.88651e-08
7.64224e-08
7.61766e-08
7.70783e-08
7.93819e-08
8.27617e-08
8.58539e-08
8.99201e-08
8.85039e-08
8.96579e-08
9.29902e-08
9.59183e-08
9.72478e-08
1.01272e-07
9.64914e-08
1.04095e-07
9.5174e-08
1.01002e-07
1.09045e-07
1.08678e-07
1.13266e-07
9.94172e-08
8.87689e-08
9.15961e-08
6.79974e-08
7.28507e-08
5.29339e-08
4.88761e-08
4.95862e-08
4.45222e-08
4.02479e-08
3.59729e-08
3.17884e-08
2.76972e-08
2.37985e-08
2.02196e-08
1.69591e-08
1.40055e-08
1.13521e-08
9.02773e-09
7.03528e-09
5.36522e-09
3.97781e-09
2.84058e-09
1.92964e-09
1.22054e-09
7.23877e-10
4.47923e-10
2.71639e-10
1.51227e-10
7.14911e-11
2.51564e-11
8.08519e-12
5.24241e-12
4.33138e-12
3.65213e-12
3.04976e-12
2.51734e-12
2.05577e-12
1.66369e-12
1.33767e-12
1.0731e-12
8.65252e-13
7.10738e-13
6.09073e-13
5.64664e-13
5.88983e-13
7.02802e-13
9.37984e-13
1.33813e-12
1.95731e-12
2.85629e-12
4.09623e-12
5.73068e-12
7.79728e-12
1.03113e-11
1.32625e-11
1.6617e-11
2.03224e-11
2.4317e-11
2.85375e-11
3.29266e-11
3.74364e-11
4.20308e-11
4.66858e-11
5.13913e-11
5.61535e-11
6.0997e-11
6.59636e-11
7.11063e-11
7.64758e-11
8.21039e-11
8.79882e-11
9.4083e-11
1.003e-10
1.06518e-10
1.12599e-10
1.184e-10
1.23782e-10
1.28611e-10
1.32756e-10
1.36079e-10
1.38436e-10
1.39678e-10
1.39656e-10
1.38239e-10
1.35323e-10
1.30862e-10
1.24901e-10
1.17602e-10
1.09267e-10
1.00325e-10
9.12986e-11
8.27295e-11
7.507e-11
6.85966e-11
6.33737e-11
5.92724e-11
5.60436e-11
5.34022e-11
5.10955e-11
4.89462e-11
4.68797e-11
4.49176e-11
4.31648e-11
4.1785e-11
4.09775e-11
4.09386e-11
4.18301e-11
4.37381e-11
4.66458e-11
5.04905e-11
5.51235e-11
6.04508e-11
6.64649e-11
7.32944e-11
8.11746e-11
9.04267e-11
1.0142e-10
1.14483e-10
1.29897e-10
1.47855e-10
1.685e-10
1.91942e-10
2.18284e-10
2.47642e-10
2.80158e-10
3.16004e-10
3.55372e-10
3.98483e-10
4.456e-10
4.97068e-10
5.53379e-10
6.15259e-10
6.83759e-10
7.60355e-10
8.47013e-10
9.46234e-10
1.06103e-09
1.19484e-09
1.35139e-09
1.53437e-09
1.74713e-09
1.99216e-09
2.27061e-09
2.58169e-09
2.92217e-09
3.28612e-09
3.66483e-09
4.04718e-09
4.42054e-09
4.77195e-09
5.08968e-09
5.36477e-09
5.59232e-09
5.77219e-09
5.90913e-09
6.01226e-09
6.09419e-09
6.17015e-09
6.25756e-09
6.37648e-09
6.55123e-09
6.81287e-09
7.2017e-09
7.76804e-09
8.5686e-09
9.65626e-09
1.10621e-08
1.2772e-08
1.47068e-08
1.67184e-08
1.8615e-08
2.02226e-08
2.14687e-08
2.24589e-08
2.35035e-08
2.50695e-08
2.76706e-08
3.17474e-08
3.75967e-08
4.53748e-08
5.51627e-08
6.70527e-08
8.12207e-08
9.79524e-08
1.1765e-07
1.41023e-07
1.69613e-07
2.06008e-07
2.51434e-07
3.02843e-07
3.58441e-07
4.22044e-07
5.74924e-07
6.58953e-07
7.2944e-07
7.85016e-07
8.12921e-07
9.26831e-07
9.88815e-07
1.04341e-06
1.09905e-06
1.1268e-06
1.11242e-06
1.08771e-06
1.07174e-06
1.06864e-06
1.04904e-06
1.02231e-06
9.88331e-07
9.39436e-07
8.73472e-07
7.66912e-07
6.33263e-07
4.77677e-07
3.22576e-07
1.94598e-07
1.15284e-07
7.26759e-08
4.67262e-08
2.91559e-08
1.70688e-08
9.15493e-09
4.43446e-09
2.01076e-09
1.03827e-09
7.97772e-10
7.29814e-10
6.79582e-10
6.39022e-10
6.03752e-10
5.74752e-10
5.45564e-10
5.23996e-10
4.99689e-10
4.77034e-10
4.53735e-10
4.29611e-10
3.98852e-10
3.6196e-10
2.87246e-10
1.93731e-10
1.14731e-10
6.03101e-11
2.77091e-11
1.09268e-11
3.63864e-12
1.00546e-12
2.24739e-13
3.9107e-14
4.99405e-15
4.34368e-16
2.36958e-17
1.02459e-18
4.4361e-20
1.91747e-21
8.26714e-23
3.55435e-24
1.52409e-25
6.51779e-27
2.77786e-28
1.17814e-29
4.96273e-31
2.07211e-32
8.56059e-34
3.49447e-35
1.40802e-36
5.59607e-38
2.19277e-39
8.46791e-41
3.22175e-42
1.20733e-43
4.69084e-12
3.20051e-12
2.36238e-12
2.15849e-12
2.72263e-12
4.33791e-12
7.3777e-12
1.21617e-11
1.87578e-11
2.68434e-11
3.57502e-11
4.47176e-11
5.33101e-11
6.23087e-11
7.28777e-11
8.38978e-11
9.43427e-11
1.03408e-10
1.12303e-10
1.23573e-10
1.35439e-10
1.4571e-10
1.54058e-10
1.50785e-10
1.47421e-10
1.39105e-10
1.27132e-10
1.17481e-10
1.05265e-10
9.8089e-11
9.50232e-11
8.03391e-11
7.60687e-11
6.04502e-11
5.08442e-11
4.12115e-11
3.10709e-11
2.28173e-11
1.65583e-11
1.1368e-11
7.35855e-12
4.40497e-12
2.4134e-12
1.20226e-12
5.02102e-13
1.60592e-13
1.39464e-14
6.4194e-17
5.58723e-17
4.8161e-17
4.11329e-17
3.48406e-17
2.93e-17
2.44987e-17
2.03961e-17
1.69305e-17
1.40339e-17
1.16356e-17
9.68003e-18
8.1378e-18
7.05748e-18
6.68367e-18
7.75647e-18
1.2196e-17
2.46335e-17
5.53976e-17
1.25766e-16
2.77223e-16
5.85417e-16
1.17875e-15
2.2596e-15
4.12313e-15
7.17176e-15
1.19133e-14
1.8929e-14
2.87854e-14
4.20216e-14
5.90586e-14
8.01365e-14
1.05253e-13
1.34184e-13
1.66553e-13
2.01888e-13
2.3967e-13
2.79393e-13
3.20608e-13
3.62988e-13
4.06319e-13
4.50457e-13
4.95394e-13
5.41332e-13
5.88708e-13
6.38222e-13
6.90804e-13
7.47547e-13
8.09598e-13
8.78042e-13
9.53993e-13
1.03795e-12
1.12958e-12
1.22794e-12
1.33143e-12
1.43789e-12
1.54436e-12
1.6471e-12
1.74225e-12
1.82625e-12
1.89584e-12
1.94847e-12
1.98211e-12
1.99653e-12
1.99261e-12
1.97187e-12
1.9365e-12
1.88899e-12
1.83192e-12
1.7678e-12
1.69874e-12
1.62661e-12
1.55282e-12
1.47845e-12
1.40458e-12
1.33204e-12
1.26176e-12
1.19508e-12
1.13351e-12
1.07896e-12
1.03358e-12
9.99556e-13
9.79051e-13
9.7397e-13
9.85877e-13
1.01595e-12
1.06504e-12
1.13385e-12
1.22333e-12
1.33489e-12
1.47085e-12
1.63466e-12
1.83092e-12
2.06529e-12
2.34427e-12
2.67487e-12
3.06435e-12
3.52008e-12
4.04951e-12
4.66026e-12
5.36033e-12
6.15834e-12
7.06368e-12
8.08676e-12
9.23914e-12
1.05337e-11
1.19851e-11
1.36103e-11
1.54298e-11
1.74692e-11
1.97616e-11
2.23507e-11
2.52938e-11
2.86651e-11
3.25582e-11
3.70864e-11
4.23811e-11
4.85868e-11
5.58522e-11
6.43185e-11
7.41046e-11
8.529e-11
9.78981e-11
1.11881e-10
1.27106e-10
1.43353e-10
1.60314e-10
1.77608e-10
1.9481e-10
2.11487e-10
2.27253e-10
2.41817e-10
2.55037e-10
2.66946e-10
2.77767e-10
2.87905e-10
2.97917e-10
3.08473e-10
3.20322e-10
3.34243e-10
3.51008e-10
3.71335e-10
3.95822e-10
4.24872e-10
4.58617e-10
4.96843e-10
5.38976e-10
5.84141e-10
6.31329e-10
6.79691e-10
7.28916e-10
7.7966e-10
8.33924e-10
8.9534e-10
9.69301e-10
1.06295e-09
1.18504e-09
1.34568e-09
1.55602e-09
1.82788e-09
2.17346e-09
2.6055e-09
3.13797e-09
3.78776e-09
4.57705e-09
5.53617e-09
6.70655e-09
8.14352e-09
9.91893e-09
1.2122e-08
1.48561e-08
1.82307e-08
2.23397e-08
2.72351e-08
3.29035e-08
3.92658e-08
4.61879e-08
5.34998e-08
6.10374e-08
6.87287e-08
7.66757e-08
8.51434e-08
9.44585e-08
1.04814e-07
1.15875e-07
1.23929e-07
1.27339e-07
1.25862e-07
1.19735e-07
1.10335e-07
9.83094e-08
8.40766e-08
6.85157e-08
5.24586e-08
3.76531e-08
2.48519e-08
1.50167e-08
8.61636e-09
4.98701e-09
2.90997e-09
1.64952e-09
8.87334e-10
4.52554e-10
2.25282e-10
1.17115e-10
6.93444e-11
4.67499e-11
3.33616e-11
2.47089e-11
1.98561e-11
1.69245e-11
1.4895e-11
1.3142e-11
1.16136e-11
1.02342e-11
8.8786e-12
7.62848e-12
6.58192e-12
5.56741e-12
4.55606e-12
3.60433e-12
2.68567e-12
1.74377e-12
9.56728e-13
4.39479e-13
1.66247e-13
5.07806e-14
1.22053e-14
2.23663e-15
2.7165e-16
1.52933e-17
3.86961e-19
9.46909e-21
2.38765e-22
6.30105e-24
1.74131e-25
4.9909e-27
1.47298e-28
4.46074e-30
1.38258e-31
4.37009e-33
1.4018e-34
4.53859e-36
1.47588e-37
4.8017e-39
1.55873e-40
5.03924e-42
1.62015e-43
5.17325e-45
1.63822e-46
5.13711e-48
1.59275e-49
4.87638e-51
3.88189e-12
2.73262e-12
1.88837e-12
1.279e-12
8.47611e-13
5.48682e-13
3.46321e-13
2.12761e-13
1.26989e-13
7.35013e-14
4.1178e-14
2.2287e-14
1.16312e-14
5.8418e-15
2.81822e-15
1.30336e-15
5.76723e-16
2.4369e-16
9.81367e-17
3.75937e-17
1.36729e-17
4.71254e-18
1.53638e-18
4.72937e-19
1.37214e-19
3.74562e-20
9.60376e-21
2.30908e-21
5.19747e-22
1.09339e-22
2.14639e-23
3.92538e-24
6.67733e-25
1.05478e-25
1.54505e-26
2.09568e-27
2.6278e-28
3.0419e-29
3.24463e-30
3.18432e-31
2.86897e-32
2.36883e-33
1.87275e-34
4.66759e-35
1.3181e-34
4.95433e-34
1.85952e-33
6.9267e-33
2.55887e-32
9.36854e-32
3.39698e-31
1.21897e-30
4.32558e-30
1.51674e-29
5.25111e-29
1.79357e-28
6.03905e-28
2.00291e-27
6.53829e-27
2.0992e-26
6.62386e-26
2.05268e-25
6.24254e-25
1.86162e-24
5.43943e-24
1.55585e-23
4.35248e-23
1.18971e-22
3.1744e-22
8.26008e-22
2.09422e-21
5.16943e-21
1.24164e-20
2.90056e-20
6.58759e-20
1.45394e-19
3.11751e-19
6.49238e-19
1.31294e-18
2.57738e-18
4.91103e-18
9.08154e-18
1.62977e-17
2.83872e-17
4.79959e-17
7.87908e-17
1.25627e-16
1.94618e-16
2.93079e-16
4.29282e-16
6.11986e-16
8.49765e-16
1.15017e-15
1.51877e-15
1.9583e-15
2.46785e-15
3.04234e-15
3.67236e-15
4.34424e-15
5.04063e-15
5.74131e-15
6.42429e-15
7.06716e-15
7.6485e-15
8.14942e-15
8.55483e-15
8.85451e-15
9.04379e-15
9.1239e-15
9.1016e-15
8.98856e-15
8.8002e-15
8.55435e-15
8.26967e-15
7.9642e-15
7.65384e-15
7.35137e-15
7.06564e-15
6.80135e-15
6.55928e-15
6.33719e-15
6.13107e-15
5.9367e-15
5.75119e-15
5.57423e-15
5.40895e-15
5.26218e-15
5.14399e-15
5.06685e-15
5.04431e-15
5.0898e-15
5.21576e-15
5.43333e-15
5.75287e-15
6.18541e-15
6.74453e-15
7.44867e-15
8.32305e-15
9.40087e-15
1.07234e-14
1.23389e-14
1.43006e-14
1.66644e-14
1.94868e-14
2.28238e-14
2.67317e-14
3.12689e-14
3.64995e-14
4.24976e-14
4.93517e-14
5.7169e-14
6.60796e-14
7.62408e-14
8.78434e-14
1.01121e-13
1.16365e-13
1.33947e-13
1.54351e-13
1.78214e-13
2.06377e-13
2.39944e-13
2.8034e-13
3.2937e-13
3.89264e-13
4.62694e-13
5.52758e-13
6.62903e-13
7.96772e-13
9.57973e-13
1.14974e-12
1.37457e-12
1.63373e-12
1.92696e-12
2.2521e-12
2.60511e-12
2.98023e-12
3.3705e-12
3.7685e-12
4.16736e-12
4.56168e-12
4.94838e-12
5.3273e-12
5.70144e-12
6.07684e-12
6.46224e-12
6.86851e-12
7.30796e-12
7.79345e-12
8.33732e-12
8.95e-12
9.63833e-12
1.04038e-11
1.12411e-11
1.21372e-11
1.30724e-11
1.40215e-11
1.49584e-11
1.58598e-11
1.67108e-11
1.75091e-11
1.82677e-11
1.9015e-11
1.97934e-11
2.06549e-11
2.16564e-11
2.2855e-11
2.43039e-11
2.60497e-11
2.81319e-11
3.05834e-11
3.34352e-11
3.6724e-11
4.05031e-11
4.48541e-11
4.98975e-11
5.57994e-11
6.27795e-11
7.11293e-11
8.12539e-11
9.37451e-11
1.09473e-10
1.29661e-10
1.55889e-10
1.89972e-10
2.33685e-10
2.88345e-10
3.54345e-10
4.30863e-10
5.16129e-10
6.0867e-10
7.09397e-10
8.23345e-10
9.59934e-10
1.13064e-09
1.3411e-09
1.53607e-09
1.61143e-09
1.53568e-09
1.3451e-09
1.08592e-09
8.10032e-10
5.5576e-10
3.50795e-10
2.07075e-10
1.18683e-10
6.74814e-11
3.76e-11
2.03511e-11
1.08347e-11
5.87823e-12
3.37414e-12
2.0737e-12
1.34046e-12
8.80914e-13
5.81961e-13
3.9507e-13
2.77942e-13
1.98356e-13
1.41019e-13
9.93253e-14
6.84355e-14
4.57605e-14
2.91995e-14
1.75791e-14
9.76295e-15
4.8559e-15
2.09698e-15
7.75125e-16
2.21961e-16
3.22265e-17
5.77383e-19
3.12681e-21
5.10889e-23
1.27145e-24
3.63235e-26
1.05388e-27
3.06466e-29
8.91275e-31
2.59472e-32
7.58582e-34
2.23902e-35
6.71932e-37
2.06587e-38
6.54625e-40
2.14224e-41
7.21699e-43
2.48413e-44
8.65137e-46
3.01905e-47
1.047e-48
3.58543e-50
1.20684e-51
3.97971e-53
1.28282e-54
4.03565e-56
1.23772e-57
3.69816e-59
1.07608e-60
3.04928e-62
8.41875e-64
8.22921e-11
6.01799e-11
4.32819e-11
3.05564e-11
2.11369e-11
1.42987e-11
9.44087e-12
6.07182e-12
3.79609e-12
2.30237e-12
1.3519e-12
7.66925e-13
4.19476e-13
2.20758e-13
1.11556e-13
5.402e-14
2.5016e-14
1.10563e-14
4.65438e-15
1.86261e-15
7.07213e-16
2.54284e-16
8.64209e-17
2.77114e-17
8.36889e-18
2.37624e-18
6.3327e-19
1.58144e-19
3.69464e-20
8.06191e-21
1.64047e-21
3.10792e-22
5.4734e-23
8.94629e-24
1.35512e-24
1.89967e-25
2.46079e-26
2.94164e-27
3.23889e-28
3.28027e-29
3.0494e-30
2.59512e-31
2.01698e-32
1.4281e-33
9.18673e-35
5.35517e-36
2.82241e-37
1.34087e-38
5.72725e-40
2.19717e-41
7.57642e-43
2.36462e-44
1.15151e-45
1.756e-45
6.10922e-45
2.13922e-44
7.46666e-44
2.59662e-43
8.99346e-43
3.101e-42
1.06402e-41
3.63141e-41
1.2322e-40
4.15495e-40
1.3916e-39
4.62716e-39
1.52666e-38
4.99536e-38
1.62016e-37
5.20562e-37
1.65604e-36
5.21312e-36
1.62294e-35
4.99375e-35
1.51777e-34
4.55378e-34
1.3479e-33
3.93357e-33
1.13106e-32
3.20237e-32
8.92197e-32
2.44437e-31
6.58117e-31
1.74014e-30
4.51567e-30
1.14927e-29
2.86679e-29
7.00401e-29
1.67488e-28
3.91762e-28
8.95715e-28
2.00051e-27
4.36162e-27
9.27691e-27
1.92364e-26
3.88621e-26
7.64409e-26
1.46299e-25
2.72262e-25
4.92363e-25
8.64673e-25
1.47368e-24
2.43586e-24
3.90229e-24
6.05502e-24
9.09405e-24
1.32116e-23
1.85534e-23
2.51692e-23
3.29614e-23
4.1643e-23
5.07212e-23
5.95199e-23
6.72476e-23
7.31066e-23
7.64247e-23
7.67808e-23
7.40924e-23
6.86402e-23
6.10207e-23
5.20367e-23
4.25553e-23
3.3368e-23
2.5084e-23
1.80783e-23
1.24924e-23
8.27869e-24
5.26509e-24
3.22337e-24
1.92733e-24
1.20007e-24
9.60616e-25
1.29575e-24
2.60512e-24
5.90734e-24
1.34631e-23
2.99853e-23
6.48795e-23
1.36202e-22
2.77325e-22
5.4759e-22
1.04846e-21
1.94654e-21
3.50437e-21
6.11833e-21
1.03613e-20
1.7025e-20
2.71536e-20
4.20612e-20
6.33237e-20
9.27414e-20
1.32275e-19
1.83965e-19
2.49843e-19
3.31857e-19
4.31801e-19
5.51252e-19
6.91497e-19
8.53429e-19
1.03746e-18
1.2435e-18
1.47121e-18
1.72072e-18
1.99413e-18
2.29815e-18
2.64805e-18
3.07332e-18
3.62519e-18
4.38673e-18
5.48676e-18
7.12009e-18
9.57877e-18
1.33015e-17
1.89509e-17
2.75312e-17
4.05556e-17
6.02688e-17
8.99126e-17
1.33997e-16
1.98504e-16
2.90915e-16
4.19919e-16
5.94682e-16
8.2361e-16
1.11268e-15
1.46361e-15
1.87229e-15
2.32812e-15
2.81471e-15
3.31222e-15
3.80115e-15
4.26692e-15
4.70413e-15
5.11933e-15
5.53142e-15
5.96932e-15
6.46713e-15
7.05761e-15
7.76502e-15
8.59889e-15
9.54991e-15
1.0589e-14
1.16705e-14
1.27375e-14
1.37306e-14
1.45943e-14
1.52826e-14
1.57611e-14
1.60082e-14
1.60153e-14
1.57889e-14
1.53526e-14
1.47469e-14
1.40248e-14
1.32414e-14
1.24417e-14
1.16511e-14
1.08757e-14
1.01129e-14
9.36562e-15
8.65189e-15
8.001e-15
7.43758e-15
6.96482e-15
6.55835e-15
6.17435e-15
5.76593e-15
5.29889e-15
4.7628e-15
4.17641e-15
3.5843e-15
3.04023e-15
2.58125e-15
2.20942e-15
1.89743e-15
1.61275e-15
1.33849e-15
1.07604e-15
8.34138e-16
6.19421e-16
4.3591e-16
2.86839e-16
1.74051e-16
9.62906e-17
4.78483e-17
2.06454e-17
7.31612e-18
2.04345e-18
4.61479e-19
8.69642e-20
9.82647e-21
2.84497e-22
1.06335e-46
5.34314e-48
2.85681e-49
1.60829e-50
9.58248e-52
6.09897e-53
4.05513e-54
2.80599e-55
2.02675e-56
1.55872e-57
1.27832e-58
1.11984e-59
1.02608e-60
9.68301e-62
9.34241e-63
9.27987e-64
9.38737e-65
9.63959e-66
1.00608e-66
1.0676e-67
1.15282e-68
1.2598e-69
1.40122e-70
1.57573e-71
1.79568e-72
2.07356e-73
2.35269e-74
2.59937e-75
2.7932e-76
2.91643e-77
2.95613e-78
2.90634e-79
2.76926e-80
2.55525e-81
2.28152e-82
1.96977e-83
1.64321e-84
1.32356e-85
1.02865e-86
7.70824e-88
5.56559e-89
3.86941e-90
2.58871e-91
1.66564e-92
1.03025e-93
6.12412e-95
3.49857e-96
1.92163e-97
1.18044e-09
8.95393e-10
6.6954e-10
4.92554e-10
3.55782e-10
2.51787e-10
1.74192e-10
1.17534e-10
7.71646e-11
4.91791e-11
3.03555e-11
1.81048e-11
1.04105e-11
5.75847e-12
3.05744e-12
1.55487e-12
7.55786e-13
3.5041e-13
1.54647e-13
6.48376e-14
2.57742e-14
9.69583e-15
3.44523e-15
1.15424e-15
3.63961e-16
1.07832e-16
2.99673e-17
7.79918e-18
1.89784e-18
4.3111e-19
9.12772e-20
1.79847e-20
3.29261e-21
5.59242e-22
8.79877e-23
1.2806e-23
1.72166e-24
2.13523e-25
2.43832e-26
2.56051e-27
2.46775e-28
2.17724e-29
1.75449e-30
1.28843e-31
8.59989e-33
5.2024e-34
2.84614e-35
1.40407e-36
6.22577e-38
2.47692e-39
8.8438e-41
2.83688e-42
8.18726e-44
2.12769e-45
4.98438e-47
1.05049e-48
1.98638e-50
3.36112e-52
5.07429e-54
6.78354e-56
7.98665e-58
8.24565e-60
7.37738e-62
5.67342e-64
3.73427e-66
2.10496e-68
1.03632e-70
4.49687e-73
1.73212e-75
5.94829e-78
1.8656e-80
6.13173e-83
3.59892e-85
4.78904e-87
7.74388e-89
1.15065e-90
1.49885e-92
1.69663e-94
1.66779e-96
1.42765e-98
1.07244e-100
7.07801e-103
4.12665e-105
2.13766e-107
9.91895e-110
4.36061e-112
3.52484e-114
1.87599e-115
1.70478e-116
1.58076e-117
1.4545e-118
1.32618e-119
1.19791e-120
1.07198e-121
9.50437e-123
8.34743e-124
7.26233e-125
6.25855e-126
5.34335e-127
4.51956e-128
3.78817e-129
3.14696e-130
2.59127e-131
2.11492e-132
1.71142e-133
1.37354e-134
1.09347e-135
8.63343e-137
6.76055e-138
5.25274e-139
4.05024e-140
3.09907e-141
2.35275e-142
1.77204e-143
1.32426e-144
9.82125e-146
7.23001e-147
5.28377e-148
3.83322e-149
2.76056e-150
1.97409e-151
1.40308e-152
9.92028e-154
6.98331e-155
4.89708e-156
3.41957e-157
2.37492e-158
1.63902e-159
1.12377e-160
7.65552e-162
5.18163e-163
3.48743e-164
2.33684e-165
1.55964e-166
1.03595e-167
6.8454e-169
4.4994e-170
2.94308e-171
1.91733e-172
1.24374e-173
8.0251e-175
5.14555e-176
3.27877e-177
2.07621e-178
1.3066e-179
8.17024e-181
5.07638e-182
3.13434e-183
1.92259e-184
1.17148e-185
7.09415e-187
4.27105e-188
2.55574e-189
1.52012e-190
8.99029e-192
5.28796e-193
3.09466e-194
1.80206e-195
1.04409e-196
6.0186e-198
3.45058e-199
1.96753e-200
1.11611e-201
6.29836e-203
3.53582e-204
1.97451e-205
1.0965e-206
6.05716e-208
3.32863e-209
1.82045e-210
9.90759e-212
5.3666e-213
2.89409e-214
1.55317e-215
8.30408e-217
4.43013e-218
2.36344e-219
1.26471e-220
6.80137e-222
3.68214e-223
2.0116e-224
1.1096e-225
6.17243e-227
3.45309e-228
1.9405e-229
1.09372e-230
6.18515e-232
3.5105e-233
1.99665e-234
1.13781e-235
6.50872e-237
3.74773e-238
2.18238e-239
1.29228e-240
7.78731e-242
4.76303e-243
2.94861e-244
1.84091e-245
1.15667e-246
7.30804e-248
4.6395e-249
2.9609e-250
1.90414e-251
1.2373e-252
8.1537e-254
5.4713e-255
3.75579e-256
2.65862e-257
1.96088e-258
1.51123e-259
1.20657e-260
9.88874e-262
8.24327e-263
6.95413e-264
5.93708e-265
5.15255e-266
4.5849e-267
4.20264e-268
3.94855e-269
3.78249e-270
3.68951e-271
3.66647e-272
3.70533e-273
3.80111e-274
3.96439e-275
4.22163e-276
4.61175e-277
5.16879e-278
5.89814e-279
6.81857e-280
7.96044e-281
9.3753e-282
1.11087e-282
1.32261e-283
1.58259e-284
1.90713e-285
2.32021e-286
2.85446e-287
3.56699e-288
4.50025e-289
5.7453e-290
7.46482e-291
9.75167e-292
1.27702e-292
1.66926e-293
2.17134e-294
2.8293e-295
3.68503e-296
4.78803e-297
6.22708e-298
8.12244e-299
1.0613e-299
1.38516e-300
1.80341e-301
2.34141e-302
3.03653e-303
3.92448e-304
5.05771e-305
6.53977e-306
8.47716e-307
1.09272e-307
1.41033e-308
1.82561e-309
2.39617e-310
3.20386e-311
4.33141e-312
5.96602e-313
1.01861e-313
2.09147e-314
0
0
0
0
0
0
0
0
0
0
0
0
0
0
0
0
0
0
0
0
0
0
0
0
0
0
0
0
0
0
0
1.15544e-08
9.06704e-09
7.03914e-09
5.39436e-09
4.07257e-09
3.022e-09
2.19829e-09
1.56328e-09
1.08373e-09
7.30285e-10
4.77025e-10
3.01223e-10
1.83402e-10
1.07401e-10
6.03482e-11
3.24621e-11
1.66796e-11
8.16891e-12
3.80546e-12
1.68283e-12
7.05031e-13
2.79308e-13
1.04438e-13
3.67921e-14
1.21903e-14
3.7923e-15
1.10587e-15
3.01806e-16
7.69651e-17
1.83118e-17
4.05861e-18
8.36708e-19
1.602e-19
2.84435e-20
4.67599e-21
7.10748e-22
9.9745e-23
1.29062e-23
1.53696e-24
1.6823e-25
1.68939e-26
1.55282e-27
1.30345e-28
9.97315e-30
6.94029e-31
4.37764e-32
2.49797e-33
1.28686e-34
5.96046e-36
2.4754e-37
9.21151e-39
3.07379e-40
9.20621e-42
2.47714e-43
5.99854e-45
1.30524e-46
2.547e-48
4.44786e-50
6.92636e-52
9.55442e-54
1.16429e-55
1.25257e-57
1.17363e-59
9.47009e-62
6.53348e-64
3.83685e-66
1.93984e-68
8.54529e-71
3.33631e-73
1.16101e-75
3.61466e-78
1.02172e-80
2.65303e-83
6.38916e-86
1.42308e-88
2.92127e-91
5.52307e-94
9.63235e-97
1.55195e-99
2.31956e-102
3.36914e-105
7.93538e-108
1.06518e-109
4.69741e-111
3.54401e-112
3.17835e-113
2.94675e-114
2.73441e-115
2.52267e-116
2.31179e-117
2.10327e-118
1.8985e-119
1.69977e-120
1.51002e-121
1.33102e-122
1.16346e-123
1.00854e-124
8.66833e-126
7.38767e-127
6.24244e-128
5.23094e-129
4.34828e-130
3.58578e-131
2.93312e-132
2.38048e-133
1.91732e-134
1.53283e-135
1.21616e-136
9.57539e-138
7.48343e-139
5.80695e-140
4.47341e-141
3.42048e-142
2.59551e-143
1.95473e-144
1.46143e-145
1.08483e-146
7.99626e-148
5.85226e-149
4.25265e-150
3.06906e-151
2.20168e-152
1.57139e-153
1.1168e-154
7.90815e-156
5.57691e-157
3.91212e-158
2.72739e-159
1.88932e-160
1.30057e-161
8.89651e-163
6.05197e-164
4.09912e-165
2.76555e-166
1.85693e-167
1.24039e-168
8.24173e-170
5.44983e-171
3.58937e-172
2.35405e-173
1.53569e-174
9.95508e-176
6.41328e-177
4.10558e-178
2.61183e-179
1.65085e-180
1.03677e-181
6.4702e-183
4.01124e-184
2.47008e-185
1.51158e-186
9.19604e-188
5.56019e-189
3.34137e-190
1.99644e-191
1.18622e-192
7.01215e-194
4.12403e-195
2.41301e-196
1.40452e-197
8.12973e-199
4.67945e-200
2.67932e-201
1.52592e-202
8.64391e-204
4.8699e-205
2.72785e-206
1.51971e-207
8.42078e-209
4.64275e-210
2.54667e-211
1.38999e-212
7.55159e-214
4.08169e-215
2.19711e-216
1.17959e-217
6.3294e-219
3.40472e-220
1.8395e-221
9.99842e-223
5.48042e-224
3.03198e-225
1.69153e-226
9.48841e-228
5.34486e-229
3.0184e-230
1.70972e-231
9.71756e-233
5.53348e-234
3.15561e-235
1.80505e-236
1.03796e-237
6.02575e-239
3.55112e-240
2.12843e-241
1.29519e-242
7.98224e-244
4.96297e-245
3.10528e-246
1.95352e-247
1.23435e-248
7.83423e-250
5.00484e-251
3.22605e-252
2.10533e-253
1.39578e-254
9.43672e-256
6.54773e-257
4.70812e-258
3.52613e-259
2.73494e-260
2.1794e-261
1.76587e-262
1.44462e-263
1.19009e-264
9.88097e-266
8.32913e-267
7.19351e-268
6.35856e-269
5.70967e-270
5.18568e-271
4.76259e-272
4.43016e-273
4.16415e-274
3.94908e-275
3.78143e-276
3.66721e-277
3.61974e-278
3.64955e-279
3.73679e-280
3.85794e-281
4.00964e-282
4.19434e-283
4.41969e-284
4.68167e-285
4.9721e-286
5.29633e-287
5.6723e-288
6.12169e-289
6.65713e-290
7.33601e-291
8.18086e-292
9.20732e-293
1.05275e-293
1.21811e-294
1.41843e-295
1.65222e-296
1.91756e-297
2.22148e-298
2.583e-299
3.0008e-300
3.49664e-301
4.08073e-302
4.78763e-303
5.62751e-304
6.60622e-305
7.73596e-306
9.05671e-307
1.05851e-307
1.23227e-308
1.43379e-309
1.67516e-310
1.95336e-311
2.25706e-312
2.73859e-313
4.59225e-314
0
0
0
0
0
0
0
0
0
0
0
0
0
0
0
0
0
0
0
0
0
0
0
0
0
0
0
0
0
0
0
0
0
0
8.05893e-08
6.50545e-08
5.20659e-08
4.1307e-08
3.24534e-08
2.52033e-08
1.92963e-08
1.45178e-08
1.06946e-08
7.6847e-09
5.36598e-09
3.62799e-09
2.36709e-09
1.48575e-09
8.94579e-10
5.15343e-10
2.83349e-10
1.48355e-10
7.38083e-11
3.48202e-11
1.5546e-11
6.55602e-12
2.6067e-12
9.75434e-13
3.42934e-13
1.13085e-13
3.49205e-14
1.00822e-14
2.71744e-15
6.82729e-16
1.59652e-16
3.4697e-17
6.99782e-18
1.3078e-18
2.26139e-19
3.61265e-20
5.32421e-21
7.22819e-22
9.02473e-23
1.03468e-23
1.08744e-24
1.0455e-25
9.17444e-27
7.33563e-28
5.33824e-29
3.52096e-30
2.10119e-31
1.13411e-32
5.50642e-34
2.396e-35
9.32542e-37
3.24629e-38
1.01119e-39
2.82037e-41
7.06465e-43
1.58788e-44
3.20011e-46
5.78169e-48
9.31169e-50
1.32764e-51
1.68258e-53
1.88757e-55
1.85098e-57
1.56626e-59
1.13289e-61
6.98392e-64
3.66917e-66
1.64928e-68
6.51101e-71
2.28958e-73
7.18062e-76
2.03691e-78
5.32678e-81
1.30507e-83
2.98784e-86
6.33667e-89
1.23938e-91
2.237e-94
3.73146e-97
5.7585e-100
8.22862e-103
1.08997e-105
1.41278e-108
8.71525e-111
6.63025e-112
6.05257e-113
5.51609e-114
5.00082e-115
4.50765e-116
4.04056e-117
3.60154e-118
3.18865e-119
2.80309e-120
2.44624e-121
2.11959e-122
1.82373e-123
1.55765e-124
1.3202e-125
1.10986e-126
9.25633e-128
7.66825e-129
6.30948e-130
5.15925e-131
4.19082e-132
3.38114e-133
2.70989e-134
2.16035e-135
1.71168e-136
1.34742e-137
1.05346e-138
8.18411e-140
6.31565e-141
4.83957e-142
3.68165e-143
2.78062e-144
2.08555e-145
1.55351e-146
1.14937e-147
8.44545e-149
6.16272e-150
4.46673e-151
3.21847e-152
2.30751e-153
1.64763e-154
1.17237e-155
8.30907e-157
5.85877e-158
4.10632e-159
2.86022e-160
1.98019e-161
1.36255e-162
9.32532e-164
6.35543e-165
4.31487e-166
2.91559e-167
1.95995e-168
1.31062e-169
8.72253e-171
5.78264e-172
3.81785e-173
2.50746e-174
1.63652e-175
1.06152e-176
6.8421e-178
4.3824e-179
2.78874e-180
1.76324e-181
1.10787e-182
6.91475e-184
4.28659e-185
2.64068e-186
1.61715e-187
9.84214e-189
5.95319e-190
3.57992e-191
2.1406e-192
1.27333e-193
7.53512e-195
4.43562e-196
2.59715e-197
1.512e-198
8.75208e-200
5.03883e-201
2.88511e-202
1.6428e-203
9.30128e-205
5.23461e-206
2.92943e-207
1.63012e-208
9.02366e-210
4.96813e-211
2.72089e-212
1.48284e-213
8.03705e-215
4.33618e-216
2.33211e-217
1.2526e-218
6.73983e-220
3.63939e-221
1.97526e-222
1.08005e-223
5.95727e-225
3.31303e-226
1.8518e-227
1.03894e-228
5.83959e-230
3.29036e-231
1.85953e-232
1.0524e-233
5.96075e-235
3.38238e-236
1.92571e-237
1.10399e-238
6.40606e-240
3.77461e-241
2.25811e-242
1.36934e-243
8.38048e-245
5.16048e-246
3.19417e-247
1.98456e-248
1.23722e-249
7.75178e-251
4.89126e-252
3.11795e-253
2.01397e-254
1.32324e-255
8.88134e-257
6.13367e-258
4.39081e-259
3.25738e-260
2.4923e-261
1.94534e-262
1.53536e-263
1.21931e-264
9.72126e-266
7.80789e-267
6.37527e-268
5.32316e-269
4.52034e-270
3.87823e-271
3.34805e-272
2.91383e-273
2.56049e-274
2.26417e-275
2.01322e-276
1.80156e-277
1.62486e-278
1.48626e-279
1.38588e-280
1.31207e-281
1.25119e-282
1.19932e-283
1.15407e-284
1.11648e-285
1.08482e-286
1.05608e-287
1.02916e-288
1.00711e-289
9.91987e-291
9.83031e-292
9.8323e-293
9.9968e-294
1.02214e-294
1.05738e-295
1.11212e-296
1.17751e-297
1.24994e-298
1.32389e-299
1.39348e-300
1.46782e-301
1.5493e-302
1.63474e-303
1.73087e-304
1.83839e-305
1.95733e-306
2.08522e-307
2.21573e-308
2.34616e-309
2.48104e-310
2.61778e-311
2.74682e-312
2.93485e-313
3.49619e-314
0
0
0
0
0
0
0
0
0
0
0
0
0
0
0
0
0
0
0
0
0
0
0
0
0
0
0
0
0
0
0
0
0
0
0
0
4.51443e-07
3.65084e-07
2.92463e-07
2.32822e-07
1.84584e-07
1.45857e-07
1.14772e-07
8.96991e-08
6.93415e-08
5.27478e-08
3.92528e-08
2.84142e-08
1.99043e-08
1.34318e-08
8.69813e-09
5.38674e-09
3.18097e-09
1.78649e-09
9.52047e-10
4.80429e-10
2.29119e-10
1.03073e-10
4.36615e-11
1.73851e-11
6.4962e-12
2.27429e-12
7.44844e-13
2.27858e-13
6.50139e-14
1.72772e-14
4.27025e-15
9.80256e-16
2.087e-16
4.11523e-17
7.50478e-18
1.26397e-18
1.96319e-19
2.80782e-20
3.69219e-21
4.45662e-22
4.92935e-23
4.98707e-24
4.60602e-25
3.8754e-26
2.96365e-27
2.05485e-28
1.28826e-29
7.28135e-31
3.69855e-32
1.683e-33
6.84318e-35
2.48371e-36
8.04607e-38
2.32749e-39
6.04792e-41
1.41172e-42
2.96617e-44
5.64132e-46
9.62637e-48
1.46058e-49
1.95611e-51
2.29603e-53
2.34358e-55
2.06269e-57
1.55126e-59
9.86452e-62
5.24961e-64
2.32932e-66
9.01418e-69
3.0528e-71
9.06406e-74
2.40073e-76
5.95459e-79
1.42407e-81
3.25257e-84
6.97695e-87
1.38862e-89
2.56124e-92
4.38308e-95
6.96118e-98
1.0265e-100
1.40623e-103
1.79033e-106
2.20253e-109
1.04652e-111
7.36441e-113
6.59011e-114
5.89324e-115
5.24741e-116
4.65163e-117
4.10381e-118
3.60033e-119
3.13907e-120
2.71978e-121
2.34215e-122
2.00654e-123
1.70897e-124
1.4453e-125
1.21337e-126
1.0114e-127
8.36753e-129
6.87124e-130
5.60189e-131
4.53307e-132
3.64548e-133
2.91441e-134
2.31815e-135
1.8342e-136
1.44255e-137
1.12732e-138
8.76026e-140
6.77428e-141
5.20527e-142
3.9734e-143
3.01181e-144
2.2678e-145
1.69607e-146
1.26004e-147
9.29882e-149
6.81539e-150
4.9614e-151
3.59021e-152
2.58503e-153
1.85366e-154
1.32461e-155
9.42754e-157
6.67542e-158
4.69857e-159
3.28683e-160
2.28552e-161
1.57976e-162
1.0862e-163
7.43737e-165
5.073e-166
3.44351e-167
2.3251e-168
1.56159e-169
1.04379e-170
6.95034e-172
4.60933e-173
3.04093e-174
1.99371e-175
1.29913e-176
8.41186e-178
5.41209e-179
3.45915e-180
2.19662e-181
1.38615e-182
8.68854e-184
5.40855e-185
3.34531e-186
2.05679e-187
1.25664e-188
7.62971e-190
4.60484e-191
2.76311e-192
1.64921e-193
9.79113e-195
5.7814e-196
3.39497e-197
1.98184e-198
1.15005e-199
6.63676e-201
3.80827e-202
2.17261e-203
1.23211e-204
6.94328e-206
3.88981e-207
2.16618e-208
1.19964e-209
6.60529e-211
3.61638e-212
1.96953e-213
1.06631e-214
5.74329e-216
3.08161e-217
1.64968e-218
8.83862e-220
4.74726e-221
2.55968e-222
1.3885e-223
7.59136e-225
4.18376e-226
2.31618e-227
1.28623e-228
7.14874e-230
3.97978e-231
2.22068e-232
1.24006e-233
6.92282e-235
3.86529e-236
2.15947e-237
1.21041e-238
6.83475e-240
3.90469e-241
2.26322e-242
1.33113e-243
7.90352e-245
4.71896e-246
2.83013e-247
1.70151e-248
1.0247e-249
6.18565e-251
3.74713e-252
2.28281e-253
1.4016e-254
8.70696e-256
5.47626e-257
3.49078e-258
2.2746e-259
1.5309e-260
1.06934e-261
7.69402e-263
5.64897e-264
4.19037e-265
3.12411e-266
2.33475e-267
1.74931e-268
1.32423e-269
1.02704e-270
8.10426e-272
6.44347e-273
5.15272e-274
4.14029e-275
3.34982e-276
2.72642e-277
2.22689e-278
1.8269e-279
1.5055e-280
1.24889e-281
1.04944e-282
8.98949e-284
7.79528e-285
6.79228e-286
5.93734e-287
5.19836e-288
4.56762e-289
4.03269e-290
3.56861e-291
3.1596e-292
2.80479e-293
2.50192e-294
2.24397e-295
2.02093e-296
1.84373e-297
1.7003e-298
1.57524e-299
1.47886e-300
1.40589e-301
1.34538e-302
1.28869e-303
1.23028e-304
1.16719e-305
1.10764e-306
1.0525e-307
9.99571e-309
9.52408e-310
9.0883e-311
8.6893e-312
8.33418e-313
8.06886e-314
2.02892e-314
0
0
0
0
0
0
0
0
0
0
0
0
0
0
0
0
0
0
0
0
0
0
0
0
0
0
0
0
0
0
0
0
0
0
0
0
0
0
4.90118e-07
4.3002e-07
3.80743e-07
3.39816e-07
3.0481e-07
2.73548e-07
2.44139e-07
2.15125e-07
1.85713e-07
1.5592e-07
1.26519e-07
9.87211e-08
7.37904e-08
5.26855e-08
3.58548e-08
2.32179e-08
1.42842e-08
8.33689e-09
4.60892e-09
2.40967e-09
1.18952e-09
5.53495e-10
2.42361e-10
9.9704e-11
3.84733e-11
1.39034e-11
4.6983e-12
1.48245e-12
4.36133e-13
1.1947e-13
3.04308e-14
7.19751e-15
1.57856e-15
3.20587e-16
6.02034e-17
1.0441e-17
1.67017e-18
2.46097e-19
3.33562e-20
4.15279e-21
4.74153e-22
4.95675e-23
4.73603e-24
4.12802e-25
3.27555e-26
2.36087e-27
1.54188e-28
9.10067e-30
4.84094e-31
2.31449e-32
9.92551e-34
3.81485e-35
1.31665e-36
4.0905e-38
1.14251e-39
2.88107e-41
6.58517e-43
1.35845e-44
2.51401e-46
4.15137e-48
6.08665e-50
7.88134e-52
8.95504e-54
8.85951e-56
7.56255e-58
5.51339e-60
3.39538e-62
1.74431e-64
7.35984e-67
2.54475e-69
7.38173e-72
1.87073e-74
4.37809e-77
9.8342e-80
2.13433e-82
4.47334e-85
8.90782e-88
1.66648e-90
2.93321e-93
4.83532e-96
7.44188e-99
1.06868e-101
1.43146e-104
1.7871e-107
2.17639e-110
1.16348e-112
8.33339e-114
7.32516e-115
6.43462e-116
5.62981e-117
4.90401e-118
4.25107e-119
3.66698e-120
3.14557e-121
2.68347e-122
2.2758e-123
1.91811e-124
1.60584e-125
1.33519e-126
1.10224e-127
9.03782e-129
7.35655e-130
5.94303e-131
4.76617e-132
3.79752e-133
3.00611e-134
2.36434e-135
1.85024e-136
1.43985e-137
1.11324e-138
8.55397e-140
6.53058e-141
4.95062e-142
3.72661e-143
2.78466e-144
2.06835e-145
1.52752e-146
1.12218e-147
8.20047e-149
5.95724e-150
4.3003e-151
3.08829e-152
2.21004e-153
1.5763e-154
1.1208e-155
7.93683e-157
5.59233e-158
3.91702e-159
2.727e-160
1.88759e-161
1.2992e-162
8.89838e-164
6.06998e-165
4.1247e-166
2.78897e-167
1.87552e-168
1.25445e-169
8.35065e-171
5.53854e-172
3.65925e-173
2.40545e-174
1.57172e-175
1.02095e-176
6.59149e-178
4.22926e-179
2.69579e-180
1.70723e-181
1.07449e-182
6.71736e-184
4.17041e-185
2.57252e-186
1.57734e-187
9.6107e-189
5.81913e-190
3.50216e-191
2.09532e-192
1.24689e-193
7.37981e-195
4.34363e-196
2.54222e-197
1.47895e-198
8.55163e-200
4.91694e-201
2.81069e-202
1.59708e-203
9.01869e-205
5.05905e-206
2.82063e-207
1.56278e-208
8.60794e-210
4.71219e-211
2.56392e-212
1.38716e-213
7.45725e-215
3.98579e-216
2.12058e-217
1.12433e-218
5.95916e-220
3.16179e-221
1.68137e-222
8.97771e-224
4.82544e-225
2.61368e-226
1.42116e-227
7.74471e-229
4.21866e-230
2.29931e-231
1.25477e-232
6.84647e-234
3.72911e-235
2.02694e-236
1.0988e-237
5.95277e-239
3.22853e-240
1.75776e-241
9.68639e-243
5.42517e-244
3.06687e-245
1.74227e-246
9.93247e-248
5.66651e-249
3.23368e-250
1.84499e-251
1.05178e-252
5.9952e-254
3.42088e-255
1.95994e-256
1.12864e-257
6.54547e-259
3.83533e-260
2.26876e-261
1.36063e-262
8.37668e-264
5.35571e-265
3.52778e-266
2.36522e-267
1.59835e-268
1.08234e-269
7.3397e-271
4.97727e-272
3.38222e-273
2.32613e-274
1.64084e-275
1.17166e-276
8.41109e-278
6.05653e-279
4.37574e-280
3.17967e-281
2.3218e-282
1.70132e-283
1.25125e-284
9.23407e-286
6.85794e-287
5.14916e-288
3.94084e-289
3.05428e-290
2.37882e-291
1.86005e-292
1.45597e-293
1.1435e-294
9.02724e-296
7.14496e-297
5.65716e-298
4.48945e-299
3.57391e-300
2.85889e-301
2.29382e-302
1.85862e-303
1.52573e-304
1.25496e-305
1.04114e-306
8.7725e-308
7.43593e-309
6.32e-310
5.35657e-311
4.50455e-312
3.75762e-313
4.4659e-314
1.78368e-314
0
0
0
0
0
0
0
0
0
0
0
0
0
0
0
0
0
0
0
0
0
0
0
0
0
0
0
0
0
0
0
0
0
0
0
0
0
0
0
0
0
5.90096e-08
5.04043e-08
4.29439e-08
3.62683e-08
3.02441e-08
2.48026e-08
1.99181e-08
1.55947e-08
1.1853e-08
8.71169e-09
6.17033e-09
4.19914e-09
2.73857e-09
1.70754e-09
1.01576e-09
5.7528e-10
3.09588e-10
1.57978e-10
7.6287e-11
3.47645e-11
1.49199e-11
6.02007e-12
2.28056e-12
8.08075e-13
2.6721e-13
8.21823e-14
2.34142e-14
6.15005e-15
1.48101e-15
3.25003e-16
6.45821e-17
1.15642e-17
1.87013e-18
2.82003e-19
4.17905e-20
5.63088e-21
6.6491e-22
6.68615e-23
5.27167e-24
2.61088e-25
8.91021e-27
6.13826e-29
2.74005e-31
9.06607e-34
2.28535e-36
4.60043e-39
8.03177e-42
1.43245e-44
3.29873e-47
1.01518e-49
3.43477e-52
1.11359e-54
3.30919e-57
8.935e-60
2.19409e-62
4.91594e-65
1.00867e-67
1.90221e-70
3.3086e-73
5.32487e-76
7.95286e-79
1.10509e-81
1.43168e-84
1.73217e-87
1.96342e-90
2.54681e-93
5.49766e-95
5.86032e-96
6.42352e-97
6.97439e-98
7.49725e-99
7.97721e-100
8.39995e-101
8.75418e-102
9.0316e-103
9.22757e-104
9.34044e-105
9.37259e-106
9.32956e-107
9.21844e-108
9.04556e-109
8.81843e-110
8.546e-111
8.23968e-112
7.91131e-113
7.5694e-114
7.21527e-115
6.84836e-116
6.46795e-117
6.07416e-118
5.66793e-119
5.25111e-120
4.82674e-121
4.40062e-122
3.97751e-123
3.56326e-124
3.16277e-125
2.78017e-126
2.41941e-127
2.08466e-128
1.77794e-129
1.50148e-130
1.25593e-131
1.04063e-132
8.53972e-134
6.9393e-135
5.58414e-136
4.45112e-137
3.51498e-138
2.75097e-139
2.13471e-140
1.64241e-141
1.25242e-142
9.46319e-144
7.08719e-145
5.26383e-146
3.88028e-147
2.83898e-148
2.06292e-149
1.48768e-150
1.06422e-151
7.54938e-153
5.31197e-154
3.70778e-155
2.56847e-156
1.76558e-157
1.20427e-158
8.15967e-160
5.49325e-161
3.68247e-162
2.46041e-163
1.63865e-164
1.0876e-165
7.18157e-167
4.71388e-168
3.07271e-169
1.9875e-170
1.27786e-171
8.17729e-173
5.20708e-174
3.29506e-175
2.072e-176
1.29577e-177
8.07079e-179
5.00419e-180
3.08223e-181
1.88388e-182
1.14244e-183
6.87511e-185
4.10591e-186
2.43315e-187
1.43096e-188
8.35548e-190
4.84548e-191
2.78908e-192
1.5935e-193
9.04248e-195
5.09518e-196
2.85049e-197
1.58393e-198
8.74759e-200
4.80174e-201
2.61981e-202
1.42063e-203
7.65758e-205
4.10008e-206
2.1796e-207
1.15068e-208
6.03437e-210
3.14309e-211
1.62634e-212
8.35546e-214
4.26364e-215
2.16033e-216
1.08733e-217
5.43721e-219
2.69986e-220
1.33213e-221
6.52678e-223
3.17613e-224
1.53779e-225
7.41116e-227
3.56612e-228
1.71662e-229
8.28757e-231
4.0185e-232
1.96206e-233
9.66048e-235
4.7683e-236
2.35509e-237
1.16136e-238
5.71547e-240
2.81022e-241
1.38027e-242
6.7652e-244
3.30914e-245
1.6137e-246
7.85592e-248
3.82005e-249
1.85961e-250
9.09829e-252
4.51987e-253
2.2738e-254
1.15143e-255
5.85851e-257
2.98274e-258
1.51847e-259
7.73172e-261
3.93082e-262
1.9962e-263
1.01176e-264
5.13329e-266
2.61299e-267
1.3368e-268
6.90687e-270
3.60194e-271
1.89821e-272
1.02339e-273
5.7449e-275
3.34363e-276
1.98433e-277
1.1855e-278
7.10206e-280
4.25987e-281
2.55583e-282
1.54171e-283
9.52552e-285
5.9946e-286
3.7953e-287
2.41032e-288
1.53507e-289
9.82094e-291
6.31496e-292
4.06916e-293
2.62712e-294
1.69951e-295
1.10535e-296
7.24261e-298
4.82744e-299
3.26754e-300
2.2232e-301
1.51935e-302
1.04011e-303
7.1337e-305
4.91395e-306
3.39376e-307
2.34403e-308
1.61904e-309
1.11952e-310
7.76833e-312
5.43006e-313
4.31456e-314
1.60124e-314
2.13063e-316
0
0
0
0
0
0
0
0
0
0
0
0
0
0
0
0
0
0
0
0
0
0
0
0
0
0
0
0
0
0
0
0
0
0
0
0
0
0
0
0
0
0
0
0
0
0
3.28812e-09
2.68232e-09
2.15798e-09
1.70566e-09
1.32053e-09
9.98406e-10
7.34879e-10
5.24939e-10
3.62799e-10
2.4191e-10
1.55212e-10
9.55913e-11
5.63749e-11
3.17609e-11
1.70551e-11
8.70873e-12
4.21874e-12
1.93396e-12
8.36939e-13
3.40804e-13
1.30204e-13
4.65463e-14
1.55259e-14
4.81713e-15
1.38713e-15
3.68992e-16
9.00913e-17
2.00325e-17
4.0194e-18
7.21587e-19
1.14962e-19
1.62017e-20
1.98468e-21
2.23565e-22
2.30787e-23
2.34756e-24
2.05617e-25
1.44195e-26
7.05604e-28
1.64442e-29
1.52035e-31
1.82233e-34
1.67458e-37
1.30683e-40
8.4812e-44
4.62619e-47
2.31704e-50
1.54536e-53
2.19635e-56
4.6269e-59
9.93405e-62
2.00387e-64
3.76678e-67
6.61542e-70
1.08832e-72
1.67875e-75
2.42784e-78
3.29131e-81
4.18296e-84
5.01288e-87
9.17121e-90
4.58682e-91
5.61461e-92
6.85857e-93
8.26072e-94
9.81524e-95
1.15094e-95
1.33209e-96
1.52171e-97
1.71549e-98
1.90829e-99
2.09436e-100
2.26757e-101
2.42177e-102
2.55121e-103
2.65108e-104
2.71778e-105
2.74967e-106
2.74673e-107
2.71055e-108
2.64402e-109
2.55033e-110
2.43288e-111
2.29539e-112
2.14204e-113
1.97743e-114
1.80631e-115
1.63342e-116
1.46306e-117
1.29878e-118
1.14311e-119
9.97476e-121
8.62706e-122
7.39284e-123
6.27395e-124
5.27079e-125
4.38207e-126
3.60421e-127
2.93199e-128
2.35799e-129
1.87402e-130
1.47144e-131
1.14124e-132
8.74297e-134
6.61554e-135
4.94388e-136
3.64904e-137
2.66017e-138
1.91553e-139
1.36272e-140
9.57908e-142
6.65481e-143
4.57013e-144
3.10376e-145
2.08456e-146
1.38498e-147
9.10818e-149
5.93047e-150
3.82271e-151
2.43958e-152
1.54207e-153
9.65274e-155
5.98439e-156
3.67563e-157
2.23645e-158
1.34781e-159
8.04735e-161
4.76073e-162
2.79249e-163
1.62352e-164
9.35856e-166
5.35e-167
3.03283e-168
1.70517e-169
9.51291e-171
5.26779e-172
2.90188e-173
1.59265e-174
8.70896e-176
4.74071e-177
2.5676e-178
1.38142e-179
7.37437e-181
3.90613e-182
2.05431e-183
1.07568e-184
5.60943e-186
2.91174e-187
1.50284e-188
7.71526e-190
3.94313e-191
2.01189e-192
1.02313e-193
5.17244e-195
2.59502e-196
1.2917e-197
6.38053e-199
3.12668e-200
1.51992e-201
7.32898e-203
3.50561e-204
1.66375e-205
7.83203e-207
3.6594e-208
1.69766e-209
7.8177e-211
3.57407e-212
1.62258e-213
7.31713e-215
3.28012e-216
1.46109e-217
6.4654e-219
2.84194e-220
1.24026e-221
5.37346e-223
2.31337e-224
9.89244e-226
4.20002e-227
1.77098e-228
7.41149e-230
3.08105e-231
1.27164e-232
5.21231e-234
2.12178e-235
8.57041e-237
3.43909e-238
1.37059e-239
5.42432e-241
2.13435e-242
8.35285e-244
3.25734e-245
1.26975e-246
4.95956e-248
1.94683e-249
7.67568e-251
3.05356e-252
1.22024e-253
4.8869e-255
1.95385e-256
7.79585e-258
3.10822e-259
1.2383e-260
4.92833e-262
1.95665e-263
7.74059e-265
3.05127e-266
1.2007e-267
4.72469e-269
1.86437e-270
7.48187e-272
3.05821e-273
1.25965e-274
5.20673e-276
2.15394e-277
8.90455e-279
3.67537e-280
1.51294e-281
6.21513e-283
2.55043e-284
1.04818e-285
4.32163e-287
1.79289e-288
7.52505e-290
3.19902e-291
1.40986e-292
6.61089e-294
3.19914e-295
1.56158e-296
7.64357e-298
3.74171e-299
1.83484e-300
9.11272e-302
4.66601e-303
2.41215e-304
1.25099e-305
6.49556e-307
3.38185e-308
1.77193e-309
9.29611e-311
4.87365e-312
2.63658e-313
1.91104e-314
1.58053e-314
0
0
0
0
0
0
0
0
0
0
0
0
0
0
0
0
0
0
0
0
0
0
0
0
0
0
0
0
0
0
0
0
0
0
0
0
0
0
0
0
0
0
0
0
0
0
0
0
0
0
0
0
0
0
0
0
0
3.32947e-11
2.48237e-11
1.82051e-11
1.30322e-11
9.06625e-12
6.11023e-12
3.97578e-12
2.48834e-12
1.49218e-12
8.5386e-13
4.64242e-13
2.38771e-13
1.15651e-13
5.26062e-14
2.25564e-14
9.10746e-15
3.5937e-15
1.35208e-15
4.70476e-16
1.49009e-16
4.18715e-17
1.00922e-17
1.88099e-18
2.29336e-19
1.76364e-20
1.48381e-52
9.77183e-54
6.20732e-55
3.80537e-56
2.25203e-57
1.28888e-58
7.13018e-60
3.81383e-61
1.97614e-62
9.93634e-64
4.84712e-65
2.29084e-66
1.04925e-67
4.65843e-69
2.00559e-70
8.37476e-72
3.39669e-73
1.33806e-74
5.13065e-76
1.91854e-77
6.98493e-79
2.47367e-80
8.51147e-82
2.84645e-83
9.26151e-85
2.9434e-86
9.29813e-88
3.142e-89
1.42108e-90
1.09889e-91
1.24349e-92
1.58335e-93
2.04619e-94
2.61683e-95
3.29488e-96
4.08212e-97
4.97162e-98
5.94993e-99
6.99945e-100
8.09755e-101
9.20927e-102
1.02974e-102
1.13212e-103
1.22377e-104
1.30052e-105
1.35898e-106
1.39605e-107
1.40953e-108
1.39865e-109
1.36409e-110
1.30742e-111
1.23144e-112
1.13988e-113
1.03697e-114
9.27183e-116
8.14708e-117
7.035e-118
5.96998e-119
4.97921e-120
4.08182e-121
3.28928e-122
2.60563e-123
2.029e-124
1.55311e-125
1.16868e-126
8.64448e-128
6.28607e-129
4.49453e-130
3.1613e-131
2.18871e-132
1.49242e-133
1.00265e-134
6.63802e-136
4.33037e-137
2.78329e-138
1.76251e-139
1.09973e-140
6.76221e-142
4.09833e-143
2.44859e-144
1.44249e-145
8.38155e-147
4.80541e-148
2.71994e-149
1.52067e-150
8.40078e-152
4.58702e-153
2.47601e-154
1.32153e-155
6.9755e-157
3.6419e-158
1.8815e-159
9.62376e-161
4.87741e-162
2.45063e-163
1.22106e-164
6.0329e-166
2.95421e-167
1.4325e-168
6.87261e-170
3.25989e-171
1.52798e-172
7.07454e-174
3.2346e-175
1.46041e-176
6.51376e-178
2.87062e-179
1.24975e-180
5.37564e-182
2.28585e-183
9.61343e-185
3.99828e-186
1.6441e-187
6.68466e-189
2.68921e-190
1.0711e-191
4.22485e-193
1.65084e-194
6.39372e-196
2.45478e-197
9.3416e-199
3.5263e-200
1.32057e-201
4.90305e-203
1.80388e-204
6.579e-206
2.37983e-207
8.53905e-209
3.04514e-210
1.08056e-211
3.82174e-213
1.34823e-214
4.73756e-216
1.65556e-217
5.75228e-219
1.98419e-220
6.79366e-222
2.31439e-223
7.8689e-225
2.67342e-226
9.06391e-228
3.06689e-229
1.03627e-230
3.49297e-232
1.17205e-233
3.90805e-235
1.295e-236
4.26745e-238
1.39739e-239
4.55572e-241
1.47634e-242
4.7579e-244
1.52168e-245
4.83414e-247
1.52555e-248
4.7797e-250
1.48697e-251
4.59527e-253
1.41019e-254
4.30099e-256
1.30337e-257
3.92163e-259
1.17069e-260
3.46614e-262
1.01941e-263
2.97743e-265
8.63183e-267
2.4846e-268
7.10196e-270
2.01437e-271
5.66495e-273
1.58283e-274
4.39324e-276
1.20976e-277
3.30892e-279
8.98771e-281
2.42336e-282
6.49098e-284
1.72706e-285
4.58451e-287
1.21943e-288
3.26702e-290
8.86556e-292
2.43571e-293
6.74017e-295
1.86694e-296
5.1601e-298
1.42245e-299
3.91651e-301
1.07461e-302
2.93645e-304
7.98016e-306
2.15948e-307
5.82402e-309
1.57112e-310
4.28347e-312
1.2103e-313
1.93641e-314
1.92184e-314
0
0
0
0
0
0
0
0
0
0
0
0
0
0
0
0
0
0
0
0
0
0
0
0
0
0
0
0
0
0
0
0
0
0
0
0
0
0
0
0
0
0
0
0
0
0
0
0
0
0
0
0
0
0
0
0
0
0
0
0
0
0
0
0
0
0
0
0
0
0
0
0
0
0
0
0
6.64025e-26
4.0711e-27
2.86931e-28
2.40098e-29
2.5238e-30
3.25165e-31
4.63283e-32
6.70113e-33
9.44893e-34
1.27922e-34
1.65422e-35
2.04007e-36
2.39873e-37
2.69071e-38
2.88127e-39
2.94808e-40
2.88462e-41
2.70365e-42
2.43224e-43
2.10089e-44
1.74289e-45
1.38945e-46
1.0651e-47
7.85599e-49
5.57909e-50
3.8174e-51
2.51939e-52
1.60474e-53
9.86813e-55
5.8613e-56
3.36469e-57
1.86788e-58
1.00331e-59
5.21723e-61
2.62741e-62
1.28258e-63
6.07013e-65
2.78581e-66
1.24007e-67
5.35574e-69
2.24483e-70
9.13601e-72
3.61173e-73
1.38777e-74
5.18409e-76
1.88263e-77
6.64556e-79
2.28006e-80
7.604e-82
2.46541e-83
7.77273e-85
2.38327e-86
7.10809e-88
2.0623e-89
5.82098e-91
1.59845e-92
4.2705e-94
1.11016e-95
2.80861e-97
6.91631e-99
1.65816e-100
3.87164e-102
8.81101e-104
1.95779e-105
4.2629e-107
9.16114e-109
1.97042e-110
4.3601e-112
1.03952e-113
2.818e-115
8.91198e-117
3.20505e-118
1.24522e-119
5.00892e-121
2.0343e-122
8.23928e-124
3.30897e-125
1.31456e-126
5.16133e-128
2.00087e-129
7.65554e-131
2.88994e-132
1.076e-133
3.95006e-135
1.42926e-136
5.09545e-138
1.78929e-139
6.18682e-141
2.1058e-142
7.05345e-144
2.32434e-145
7.53344e-147
2.40089e-148
7.52198e-150
2.31622e-151
7.00855e-153
2.08354e-154
6.08464e-156
1.74532e-157
4.9167e-159
1.3601e-160
3.69416e-162
9.8504e-164
2.57833e-165
6.62403e-167
1.67017e-168
4.13247e-170
1.0033e-171
2.38991e-173
5.58505e-175
1.28037e-176
2.87929e-178
6.3512e-180
1.37416e-181
2.91626e-183
6.07041e-185
1.23942e-186
2.48212e-188
4.87564e-190
9.3939e-192
1.77532e-193
3.29117e-195
5.98572e-197
1.06816e-198
1.8706e-200
3.21541e-202
5.42629e-204
8.99307e-206
1.46422e-207
2.3431e-209
3.68725e-211
5.70983e-213
8.70698e-215
1.30845e-216
1.93911e-218
2.83594e-220
4.09569e-222
5.8455e-224
8.25283e-226
1.15412e-227
1.60147e-229
2.20948e-231
3.03712e-233
4.16674e-235
5.71228e-237
7.82918e-239
1.07263e-240
1.46794e-242
2.0046e-244
2.72793e-246
3.69414e-248
4.97137e-250
6.6407e-252
8.79723e-254
1.15565e-255
1.50408e-257
1.93906e-259
2.47612e-261
3.13204e-263
3.92521e-265
4.87316e-267
5.99542e-269
7.31754e-271
8.86019e-273
1.06564e-274
1.27394e-276
1.51441e-278
1.79038e-280
2.10478e-282
2.46013e-284
2.85786e-286
3.29791e-288
3.7792e-290
4.30096e-292
4.86663e-294
5.47932e-296
6.14622e-298
6.87727e-300
7.68275e-302
8.57348e-304
9.55964e-306
1.06495e-307
1.18487e-309
1.31687e-311
1.55399e-313
7.65527e-315
0
0
0
0
0
0
0
0
0
0
0
0
0
0
0
0
0
0
0
0
0
0
0
0
0
0
0
0
0
0
0
0
0
0
0
0
0
0
0
0
0
0
0
0
0
0
0
0
0
0
0
0
0
0
0
0
0
0
0
0
0
0
0
0
0
0
0
0
0
0
0
0
0
0
0
0
0
0
0
0
0
0
0
0
0
0
0
0
0
0
0
0
0
0
0
0
0
0
0
0
0
0
0
0
0
0
0
0
0
0
0
0
0
0
)
;

boundaryField
{
    Inlet
    {
        type            fixedValue;
        value           uniform 1;
    }
    BotOutlet1
    {
        type            inletOutlet;
        inletValue      nonuniform 0();
        value           nonuniform 0();
    }
    BotOutlet2
    {
        type            inletOutlet;
        inletValue      nonuniform 0();
        value           nonuniform 0();
    }
    TopInlet
    {
        type            inletOutlet;
        inletValue      uniform 0;
        value           uniform 0;
    }
    FreeStream
    {
        type            inletOutlet;
        inletValue      uniform 0;
        value           nonuniform List<scalar> 
20
(
3.17545e-33
1.22003e-31
3.42237e-30
5.82872e-29
5.40952e-28
6.13738e-34
6.96881e-38
1.20733e-43
4.87638e-51
8.41875e-64
1.92163e-97
0
0
0
0
0
0
0
0
0
)
;
    }
    FrontNBack
    {
        type            empty;
    }
    LeftSide
    {
        type            fixedValue;
        value           uniform 1;
    }
    procBoundary3to2
    {
        type            processor;
        value           nonuniform List<scalar> 
400
(
1
1
1
1
1
1
1
1
1
1
0.999999
0.999999
0.999996
0.999992
0.999989
0.99999
0.999994
0.999997
0.999998
0.999998
0.999997
0.999998
0.999999
1
1
1
1
0.999996
0.999942
0.999786
0.994874
0.983168
0.880464
0.601885
0.239793
0.0652024
0.0582461
0.04995
0.0257935
0.0547467
0.0547459
0.0291761
0.0110013
0.00397138
0.00161574
0.000764925
0.000395887
0.000216319
0.000122508
7.10174e-05
4.20088e-05
2.56981e-05
1.47418e-05
7.67375e-06
3.09447e-06
5.66328e-07
3.86377e-07
3.26603e-07
3.12224e-07
3.1294e-07
3.1674e-07
3.1933e-07
3.19315e-07
3.16545e-07
3.11557e-07
3.04995e-07
2.80822e-07
2.7121e-07
2.89339e-07
2.45528e-07
5.11731e-07
2.9682e-07
2.84056e-07
2.37603e-07
8.56537e-07
5.45375e-07
4.03831e-07
3.50501e-07
3.41926e-07
3.25784e-07
3.00887e-07
2.75466e-07
2.53962e-07
2.37368e-07
2.24954e-07
2.15666e-07
2.08399e-07
2.02374e-07
1.97302e-07
1.92988e-07
1.89551e-07
1.86796e-07
1.8479e-07
1.83931e-07
1.84081e-07
1.85317e-07
1.8801e-07
1.92263e-07
1.98398e-07
2.0459e-07
2.09175e-07
2.14294e-07
2.19498e-07
2.1956e-07
2.39172e-07
2.45693e-07
2.46181e-07
2.58066e-07
2.6488e-07
2.65084e-07
2.78738e-07
2.86832e-07
2.88235e-07
3.04371e-07
3.07737e-07
3.06964e-07
3.19395e-07
2.29945e-07
6.67752e-07
3.41866e-07
2.44026e-07
7.3942e-07
4.00407e-07
3.96325e-07
3.53131e-07
4.65214e-07
8.56249e-07
8.54549e-07
4.80163e-07
4.50278e-07
4.47253e-07
4.40634e-07
4.36494e-07
4.29738e-07
8.83062e-07
9.85735e-07
6.47173e-07
3.17151e-07
5.92016e-07
1.87627e-06
8.92385e-07
3.01577e-07
3.72643e-07
3.97356e-07
3.85047e-07
3.66595e-07
3.53586e-07
3.47809e-07
3.44248e-07
3.50331e-06
2.50815e-06
8.12083e-07
3.77548e-07
3.7163e-07
3.70717e-07
3.70638e-07
3.70595e-07
5.85222e-07
3.1567e-06
1.65476e-06
4.40986e-07
4.24241e-07
4.2396e-07
4.23913e-07
4.23913e-07
3.33064e-06
2.40455e-06
7.59034e-07
4.28464e-07
4.24248e-07
4.24304e-07
4.19767e-07
4.15612e-07
4.15573e-07
6.40234e-07
3.60662e-06
1.94454e-06
5.38964e-07
4.09532e-07
7.94329e-07
7.90745e-07
3.85645e-07
3.55698e-07
3.55075e-07
3.54822e-07
3.54821e-07
1.47175e-06
3.20678e-06
1.2164e-06
3.57506e-07
3.50196e-07
3.47009e-07
3.45248e-07
3.44224e-07
3.4401e-07
1.34093e-06
8.60238e-07
3.71308e-07
3.67427e-07
3.67546e-07
7.56165e-07
4.25271e-07
3.80003e-07
3.79222e-07
3.78833e-07
3.80616e-07
7.98849e-07
2.43951e-06
1.92031e-06
1.15435e-06
4.2434e-07
4.16895e-07
4.16766e-07
4.16588e-07
4.54801e-07
4.58879e-07
4.41412e-07
4.30851e-07
4.28688e-07
4.2877e-07
4.30249e-07
4.32838e-07
4.35775e-07
4.37527e-07
4.3842e-07
1.26513e-06
2.00095e-06
9.3709e-07
4.15547e-07
4.28829e-07
4.50561e-07
4.63003e-07
4.67972e-07
4.69771e-07
1.1823e-06
5.5489e-07
5.09285e-07
2.23205e-06
2.31527e-06
7.40498e-07
3.41935e-07
3.40747e-07
3.23853e-07
3.20953e-07
3.15821e-07
3.02361e-07
2.93484e-07
2.83022e-07
2.73667e-07
2.67061e-07
2.63397e-07
2.61798e-07
2.61248e-07
2.60952e-07
2.60838e-07
2.61183e-07
2.62807e-07
2.66293e-07
2.72068e-07
2.79881e-07
2.86285e-07
2.92036e-07
4.57947e-07
1.22497e-06
9.26336e-07
6.19293e-07
7.27023e-07
7.21788e-07
4.91406e-07
3.247e-06
2.70124e-06
1.06179e-06
6.06942e-07
6.55431e-07
6.5832e-07
1.36709e-06
4.09075e-06
2.78758e-06
8.08283e-07
6.50336e-07
1.09532e-06
5.33984e-06
2.97113e-06
1.37794e-06
3.12077e-06
8.50664e-06
4.14945e-06
1.05587e-06
8.14495e-07
8.14584e-07
4.28403e-06
5.00179e-06
2.75983e-06
7.57102e-07
7.48248e-07
7.49297e-07
7.49229e-07
7.45504e-07
1.04154e-06
3.3263e-06
2.95475e-06
1.22454e-06
7.52281e-07
7.50327e-07
7.49965e-07
1.38787e-06
1.8575e-06
2.42132e-06
4.1668e-06
4.16611e-06
1.89256e-06
5.14581e-07
5.03939e-07
4.38798e-07
3.89076e-07
3.44791e-07
3.00129e-07
2.56712e-07
2.15464e-07
1.76507e-07
1.40164e-07
1.07151e-07
7.84355e-08
5.49161e-08
3.70232e-08
2.44604e-08
1.62797e-08
1.1225e-08
8.12297e-09
6.11472e-09
4.68943e-09
3.59719e-09
2.73507e-09
2.06153e-09
1.55295e-09
1.18334e-09
9.24233e-10
7.48938e-10
6.34801e-10
5.62313e-10
5.17542e-10
4.91171e-10
4.76571e-10
4.69074e-10
4.65587e-10
4.64146e-10
4.63485e-10
4.62872e-10
4.6182e-10
4.60034e-10
4.57195e-10
4.53159e-10
4.47448e-10
4.39331e-10
4.27827e-10
4.12708e-10
3.93816e-10
3.71592e-10
3.45758e-10
3.16597e-10
2.84314e-10
2.50167e-10
2.14481e-10
1.78349e-10
1.42595e-10
1.08729e-10
7.81501e-11
5.2663e-11
3.32103e-11
1.96529e-11
1.08642e-11
5.56795e-12
2.62408e-12
1.12973e-12
4.42266e-13
1.57005e-13
5.04816e-14
1.47005e-14
3.88073e-15
9.30213e-16
2.02911e-16
4.03875e-17
7.35733e-18
1.23067e-18
1.89666e-19
2.70255e-20
3.57282e-21
4.39754e-22
5.05659e-23
5.45019e-24
5.52452e-25
5.28313e-26
4.7814e-27
4.1078e-28
3.36018e-29
2.62497e-30
1.96444e-31
1.41293e-32
9.80237e-34
6.58648e-35
)
;
    }
}


// ************************************************************************* //
