/*--------------------------------*- C++ -*----------------------------------*\
| =========                 |                                                 |
| \\      /  F ield         | OpenFOAM: The Open Source CFD Toolbox           |
|  \\    /   O peration     | Version:  2.4.0                                 |
|   \\  /    A nd           | Web:      www.OpenFOAM.org                      |
|    \\/     M anipulation  |                                                 |
\*---------------------------------------------------------------------------*/
FoamFile
{
    version     2.0;
    format      ascii;
    class       volScalarField;
    location    "4.4";
    object      alpha1;
}
// * * * * * * * * * * * * * * * * * * * * * * * * * * * * * * * * * * * * * //

dimensions      [0 0 0 0 0 0 0];

internalField   nonuniform List<scalar> 
8000
(
1
1
1
1
1
1
1
1
1
0.999999
0.999999
0.999998
0.999797
0.988718
0.185885
0.00498035
0.00301648
5.74149e-05
1.97023e-05
7.25752e-06
5.14522e-06
5.14361e-06
5.14596e-06
1.04269e-05
2.92268e-05
3.3298e-05
1.86992e-05
9.70372e-06
9.70343e-06
9.70539e-06
1.53611e-05
2.31811e-05
8.74986e-06
2.44621e-05
2.8253e-05
8.31554e-06
3.85793e-06
3.85686e-06
8.60423e-06
3.29448e-05
4.0139e-05
3.36508e-05
7.99422e-06
6.90493e-06
1.91457e-05
3.19815e-05
3.20844e-05
2.12842e-05
1.88636e-06
5.304e-07
1
1
1
1
1
1
1
1
0.999999
0.999998
0.999999
0.999071
0.443883
0.00749658
0.00294282
7.64535e-05
3.0982e-05
6.97983e-06
5.14432e-06
5.14262e-06
5.14263e-06
5.1433e-06
5.96974e-06
1.80286e-05
3.3298e-05
3.32968e-05
2.65581e-05
9.70344e-06
9.70343e-06
9.70546e-06
1.59628e-05
2.31345e-05
8.80219e-06
1.76394e-05
2.82881e-05
2.52456e-05
6.81996e-06
3.85656e-06
3.85673e-06
6.71859e-06
2.78265e-05
3.50502e-05
1.73278e-05
6.8619e-06
6.90383e-06
1.30818e-05
3.04173e-05
3.00415e-05
1.08231e-05
4.88264e-06
1
1
1
1
1
1
1
0.999999
0.999997
0.999998
0.971546
0.0968318
0.000405714
0.00018999
8.14546e-05
3.46816e-05
5.15362e-06
5.14661e-06
5.1417e-06
5.1417e-06
7.04812e-06
1.09864e-05
1.1568e-05
1.37739e-05
2.16268e-05
2.87335e-05
3.14137e-05
2.58881e-05
1.84065e-05
1.05711e-05
1.05892e-05
1.47813e-05
2.1445e-05
1.76073e-05
1.43083e-05
1.75473e-05
2.19272e-05
2.18791e-05
1.23273e-05
4.55367e-06
4.54313e-06
7.69177e-06
9.9768e-06
1.51496e-05
2.46652e-05
2.46406e-05
2.44453e-05
9.17969e-06
5.0961e-06
5.57278e-06
1
1
1
1
1
1
1
0.999999
0.999999
0.999161
0.296246
0.000797585
0.000650532
0.000394076
5.7198e-05
5.72203e-05
4.08615e-05
1.94092e-05
8.60644e-06
5.14416e-06
5.14478e-06
5.14806e-06
6.20351e-06
8.11996e-06
1.63526e-05
2.8671e-05
2.79406e-05
1.58261e-05
7.92754e-06
1.39002e-05
2.9042e-05
3.34421e-05
3.05751e-05
1.9981e-05
1.42643e-05
1.25483e-05
1.39525e-05
1.876e-05
2.04849e-05
2.03454e-05
1.29664e-05
1.02921e-05
9.72118e-06
9.32576e-06
1.05554e-05
1.17789e-05
1.47314e-05
1.83438e-05
1.81542e-05
9.07805e-06
1
1
1
1
1
1
1
1
0.999999
0.999978
0.999875
0.257029
0.0380234
0.0187429
0.000974466
0.00101205
4.19879e-05
4.70832e-05
2.89373e-05
6.59786e-06
5.14594e-06
5.14594e-06
5.14627e-06
5.14727e-06
6.52697e-06
1.92423e-05
1.01619e-05
7.73919e-06
7.73344e-06
7.73164e-06
1.64103e-05
3.35812e-05
3.01471e-05
1.33646e-05
9.22184e-06
1.24479e-05
1.39009e-05
1.12318e-05
9.21895e-06
9.45706e-06
2.56066e-05
2.69944e-05
2.6965e-05
9.4537e-06
9.18186e-06
2.1348e-05
2.37586e-05
1.6243e-05
9.08659e-06
7.68213e-06
1
1
1
1
1
1
1
1
1
0.999999
0.999989
0.999774
0.999661
0.833209
0.0330326
0.065719
0.0079194
0.0101415
8.25607e-06
5.64736e-06
5.14795e-06
5.21324e-06
5.4102e-06
5.71278e-06
1.29596e-05
1.85508e-05
1.42777e-05
8.01975e-06
7.73037e-06
7.72652e-06
7.72198e-06
9.10638e-06
3.18661e-05
1.7949e-05
9.2118e-06
9.21479e-06
9.20876e-06
9.20096e-06
9.19381e-06
9.20064e-06
3.44506e-05
2.33055e-05
9.61293e-06
5.39023e-06
5.39822e-06
5.40966e-06
2.03e-05
2.86342e-05
2.87408e-05
1.68518e-05
1
1
1
1
1
1
1
1
1
1
0.999998
0.999999
0.999999
0.999997
0.999861
1
0.969509
0.954598
0.547788
0.167352
0.0357588
0.00821134
0.00395999
0.00232602
0.00137739
0.000792571
0.000456173
0.000310226
0.000229648
0.000174039
0.000121261
8.09217e-05
8.50274e-05
9.31762e-05
6.20936e-05
2.21328e-05
9.19878e-06
9.19149e-06
9.19634e-06
9.19343e-06
4.83199e-05
2.86626e-05
7.19073e-06
5.38162e-06
5.38743e-06
5.39797e-06
5.40792e-06
8.59817e-06
2.77949e-05
2.84059e-05
1
1
1
1
1
1
1
1
1
1
1
1
1
0.999999
0.999999
0.999998
1
1
1
1
0.999999
0.999096
0.968846
0.728579
0.4738
0.209673
0.0649377
0.0184192
0.0105601
0.00646089
0.00525033
0.00426021
0.00236261
0.00106983
0.00045415
0.000201921
8.59061e-05
6.86797e-05
0.000159809
0.000114018
5.71863e-05
2.1565e-05
5.38038e-06
5.37844e-06
5.47528e-06
5.49967e-06
5.41901e-06
5.41966e-06
5.42278e-06
9.94269e-06
1
1
1
1
1
1
1
1
1
1
1
1
1
1
1
1
1
1
0.999999
0.999999
1
0.999999
1
1
0.999981
0.999899
0.99957
0.995774
0.927677
0.532473
0.15196
0.0305304
0.0282034
0.0181572
0.0095708
0.00477416
0.00222806
0.00107368
0.000567285
0.000340555
0.000221359
0.000143176
8.78297e-05
5.37387e-05
3.55978e-05
2.52445e-05
1.66681e-05
7.62074e-06
5.42638e-06
5.42411e-06
1
1
1
1
1
1
1
1
1
1
1
1
1
1
1
1
1
1
1
1
1
1
1
1
0.999999
0.999997
0.999997
0.999998
0.999998
0.999951
0.999765
0.973254
0.942933
0.616526
0.208465
0.0468578
0.0359994
0.0206025
0.00913177
0.00377816
0.00173654
0.00089437
0.000495037
0.000284104
0.000165284
9.67083e-05
5.8364e-05
3.78758e-05
2.7908e-05
2.32474e-05
1
1
1
1
1
1
1
1
1
1
1
1
1
1
1
1
1
1
1
1
1
1
1
1
0.999999
0.999999
0.999997
0.999996
0.999994
0.999994
0.999998
1
1
0.999974
0.999831
0.959601
0.937501
0.63744
0.212168
0.051906
0.0316037
0.0148848
0.00585639
0.00217275
0.000851523
0.000367675
0.000181635
9.61605e-05
5.35423e-05
3.11101e-05
1
1
1
1
1
1
1
1
1
1
1
1
1
1
1
1
1
1
1
1
1
1
1
1
1
0.999999
0.999999
0.999998
0.999997
0.999996
0.999996
0.999996
0.999996
0.999997
0.999999
1
1
0.99998
0.993259
0.953628
0.858102
0.34945
0.0754204
0.0350221
0.012274
0.00374645
0.00138398
0.000600843
0.000263582
0.000118787
1
1
1
1
1
1
1
1
1
1
1
1
1
1
1
1
1
1
1
1
1
1
1
1
1
0.999999
0.999999
0.999999
0.999998
0.999998
0.999998
0.999997
0.999997
0.999997
0.999998
0.999998
0.999999
0.999999
1
1
0.999998
0.999938
0.959439
0.836708
0.289343
0.0705216
0.0291327
0.00848158
0.00290016
0.00113708
1
1
1
1
1
1
1
1
1
1
1
1
1
1
1
1
1
1
1
1
1
1
1
1
1
1
0.999999
0.999999
0.999999
0.999999
0.999999
0.999999
0.999999
0.999999
0.999999
0.999999
0.999999
0.999999
1
1
1
1
1
0.999999
0.999973
0.942707
0.601382
0.216508
0.0798602
0.0251622
1
1
1
1
1
1
1
1
1
1
1
1
1
1
1
1
1
1
1
1
1
1
1
1
1
1
1
1
1
1
1
1
1
1
1
1
1
1
1
1
1
1
1
0.999999
0.999999
1
0.999998
0.948503
0.727843
0.371241
1
1
1
1
1
1
1
1
1
1
1
1
1
1
1
1
1
1
1
1
1
1
1
1
1
1
1
1
1
1
1
1
1
1
1
1
1
1
1
1
0.999999
0.999999
0.999999
0.999997
0.999994
0.999993
0.999987
1
1
0.937831
1
1
1
1
1
1
1
1
1
1
1
1
1
1
1
1
1
1
1
1
1
1
1
1
1
1
1
1
1
1
1
1
1
1
1
1
1
1
1
1
0.999999
0.999999
0.999998
0.999995
0.999988
0.999981
0.999922
0.999852
0.999973
1
1
1
1
1
1
1
1
1
1
1
1
1
1
1
1
1
1
1
1
1
1
1
1
1
1
1
1
1
1
1
1
1
1
1
1
1
1
1
1
1
1
0.999999
0.999999
0.999997
0.999991
0.999983
0.999846
0.999553
0.999801
0.999981
1
1
1
1
1
1
1
1
1
1
1
1
1
1
1
1
1
1
1
1
1
1
1
1
1
1
1
1
1
1
1
1
1
1
1
1
1
1
1
1
1
1
0.999999
0.999998
0.999994
0.999988
0.999843
0.999553
0.999739
1
1
1
1
1
1
1
1
1
1
1
1
1
1
1
1
1
1
1
1
1
1
1
1
1
1
1
1
1
1
1
1
1
1
1
1
1
1
1
1
1
1
1
1
0.999999
0.999998
0.999995
0.999987
0.999767
0.999901
1
5.30098e-07
6.09951e-07
1.09386e-06
2.0627e-06
1.25217e-05
3.66528e-05
3.94761e-05
3.58313e-05
5.59266e-06
7.8207e-07
7.97774e-07
2.76489e-06
1.68716e-05
2.70939e-05
2.68447e-05
1.52949e-05
1.31515e-06
1.20117e-06
1.66421e-06
1.17426e-05
2.15319e-05
2.17507e-05
1.47376e-05
1.84645e-06
1.69869e-06
1.69956e-06
2.59565e-06
1.67016e-05
3.50169e-05
3.48997e-05
1.11361e-05
1.07208e-06
3.17312e-06
2.40665e-05
5.3717e-05
5.72084e-05
1.66017e-05
9.37673e-07
9.35997e-07
9.37186e-07
2.11257e-06
2.04194e-05
5.40999e-05
5.44523e-05
4.83364e-05
6.47375e-06
8.32446e-07
3.91768e-07
3.95057e-07
1.49053e-06
1.99799e-05
2.58231e-05
5.40842e-06
1.10985e-06
1.10382e-06
5.11157e-06
1.62351e-05
2.47416e-05
6.95447e-06
3.11616e-05
3.72787e-05
3.57679e-05
8.0136e-06
1.25473e-06
1.2392e-06
1.39669e-06
9.94162e-06
2.86457e-05
3.11088e-05
2.38389e-05
3.85603e-06
3.38058e-06
3.38476e-06
1.08698e-05
2.23702e-05
2.65366e-05
6.22925e-06
2.99439e-06
4.25957e-06
2.26964e-05
3.67731e-05
1.20533e-05
2.68778e-06
2.40551e-05
5.71223e-05
5.71899e-05
3.51347e-05
2.76422e-06
9.38219e-07
9.35917e-07
9.35639e-07
9.38737e-07
4.05876e-06
2.86613e-05
5.41179e-05
5.39615e-05
2.88613e-05
2.02919e-06
1.36137e-06
1.93639e-05
2.04343e-05
2.58158e-05
2.14505e-05
6.20584e-06
1.88292e-05
2.09301e-05
1.38223e-05
2.09854e-06
2.08422e-06
4.27632e-06
2.30091e-05
3.75487e-05
3.75452e-05
1.55438e-05
1.37886e-06
1.31882e-06
3.18388e-06
1.89561e-05
3.11112e-05
3.11095e-05
1.56343e-05
3.3806e-06
3.38058e-06
3.3948e-06
1.3273e-05
2.63899e-05
1.31826e-05
3.22712e-06
2.15394e-05
3.67727e-05
3.69677e-05
1.78301e-05
1.30877e-06
1.35939e-06
2.48431e-06
2.32725e-05
5.69647e-05
5.6961e-05
4.86418e-05
6.55514e-06
1.02524e-06
9.42181e-07
5.85358e-06
1.68233e-05
2.40478e-05
1.97443e-06
2.00396e-06
1.26877e-05
5.75691e-05
7.26652e-05
7.68432e-06
1.03674e-05
1.90077e-05
1.89735e-05
1.52262e-05
9.25328e-06
2.19802e-05
2.21763e-05
1.97997e-05
3.93777e-06
3.12645e-06
4.07227e-06
1.19464e-05
2.7403e-05
2.73876e-05
2.3949e-05
6.80063e-06
7.35584e-06
2.55503e-05
3.11097e-05
2.32245e-05
4.03546e-06
3.38271e-06
8.50718e-06
2.50427e-05
2.65342e-05
1.97363e-05
3.19843e-06
3.23565e-06
8.30407e-06
2.99906e-05
3.2388e-05
1.99616e-05
2.03107e-06
2.1018e-06
9.43907e-06
4.36379e-05
5.69618e-05
4.35007e-05
4.70288e-06
9.46507e-07
9.50228e-07
7.93813e-06
3.46551e-05
4.5037e-05
4.46875e-05
1.3548e-05
2.88865e-06
2.85226e-06
1.51214e-05
7.66446e-06
1.6876e-05
1.9425e-05
1.75254e-05
8.67936e-06
7.86364e-06
1.11335e-05
1.80587e-05
2.64966e-05
2.30995e-05
1.33832e-05
4.41638e-06
8.52975e-06
1.4583e-05
2.20208e-05
1.42179e-05
1.06401e-05
1.31736e-05
2.40278e-05
1.88094e-05
1.16679e-05
1.03778e-05
2.15004e-05
2.55357e-05
2.55317e-05
9.16861e-06
9.14682e-06
1.12733e-05
2.81365e-05
2.8171e-05
2.13068e-05
9.62919e-06
9.71876e-06
2.67276e-05
2.99965e-05
2.44481e-05
5.10734e-06
3.76547e-06
3.79319e-06
8.40773e-06
2.71798e-05
3.77336e-05
3.77511e-05
2.87511e-05
6.18692e-06
5.14807e-06
5.14948e-06
8.3511e-06
3.15256e-05
4.31692e-05
7.68387e-06
1.7911e-05
1.94275e-05
1.29847e-05
7.86469e-06
7.8617e-06
1.33355e-05
2.64992e-05
2.64747e-05
2.18072e-05
1.03112e-05
1.02179e-05
2.89185e-05
2.4917e-05
1.21565e-05
8.83847e-06
8.83611e-06
1.18851e-05
2.56032e-05
2.55655e-05
1.86196e-05
7.86725e-06
7.84673e-06
1.50675e-05
2.60612e-05
2.60659e-05
1.36291e-05
6.12958e-06
6.12412e-06
1.00196e-05
3.22203e-05
3.30321e-05
2.42136e-05
8.26669e-06
8.28414e-06
2.32858e-05
3.07718e-05
3.08093e-05
1.13785e-05
6.16683e-06
7.84974e-06
3.25868e-05
3.77329e-05
2.10985e-05
5.2361e-06
5.14769e-06
5.1477e-06
2.5565e-05
4.31694e-05
4.3257e-05
2.18937e-05
1.04844e-05
1.04621e-05
1.04754e-05
2.3818e-05
2.42554e-05
2.43633e-05
1.27365e-05
2.82609e-06
3.17118e-06
1.05278e-05
2.88385e-05
2.89172e-05
2.8915e-05
1.50349e-05
8.83597e-06
2.00762e-05
2.08194e-05
1.52688e-05
1.19645e-05
1.20177e-05
2.26391e-05
2.6108e-05
2.56263e-05
1.34324e-05
1.33608e-05
2.09643e-05
1.70798e-05
8.924e-06
7.21152e-06
7.22638e-06
2.70254e-05
3.38831e-05
3.37769e-05
1.98212e-05
7.74023e-06
7.73477e-06
7.73738e-06
8.04385e-06
2.5905e-05
2.94934e-05
2.97463e-05
1.26146e-05
1.05025e-05
1.02963e-05
2.66967e-05
2.73782e-05
2.73963e-05
1.21916e-05
3.20742e-06
2.66979e-05
2.6975e-05
2.66498e-05
2.69734e-05
2.6917e-05
1.73391e-05
4.83333e-06
2.31014e-06
2.3226e-06
2.31929e-06
2.32685e-06
3.17386e-06
9.3202e-06
2.85972e-05
2.89035e-05
2.6932e-05
1.71595e-05
1.72276e-05
2.16771e-05
2.4468e-05
2.44662e-05
1.40782e-05
3.58326e-06
8.43201e-06
2.49583e-05
2.51866e-05
2.35665e-05
8.37418e-06
7.21224e-06
7.18536e-06
2.64035e-05
3.23444e-05
2.98869e-05
1.23181e-05
1.20218e-05
2.06628e-05
2.78636e-05
2.77507e-05
1.93062e-05
8.74235e-06
8.72171e-06
1.12802e-05
3.01425e-05
3.03355e-05
2.69515e-05
8.06254e-06
6.82047e-06
1.83057e-05
3.3781e-05
3.37776e-05
1.39027e-05
2.6924e-05
2.18131e-05
9.56679e-06
4.11595e-06
2.33056e-06
2.31226e-06
2.32093e-06
2.31841e-06
2.31853e-06
2.31913e-06
2.32497e-06
2.66382e-06
1.98754e-05
2.89081e-05
1.68215e-05
2.00216e-05
2.44667e-05
2.44674e-05
2.44672e-05
2.44676e-05
1.81396e-05
4.03703e-06
2.33929e-06
2.34152e-06
2.71107e-06
4.31175e-06
2.2441e-05
2.73211e-05
2.66517e-05
1.44054e-05
1.43958e-05
1.46151e-05
2.81293e-05
2.81163e-05
2.81257e-05
1.49185e-05
9.53416e-06
9.49819e-06
1.78884e-05
3.01448e-05
3.03661e-05
3.03242e-05
1.32852e-05
6.68882e-06
6.71337e-06
1.54472e-05
3.37821e-05
3.37784e-05
3.37788e-05
1.99657e-05
1.62495e-05
1.1327e-05
6.32084e-06
2.33895e-06
2.32568e-06
2.70783e-06
2.31257e-06
2.31851e-06
2.31298e-06
3.17657e-06
1.76536e-05
2.45772e-05
2.45165e-05
1.52545e-05
2.61394e-06
2.88803e-06
1.49711e-05
2.44698e-05
1.18391e-05
3.71099e-06
2.34043e-06
2.33743e-06
2.33724e-06
2.33725e-06
2.33796e-06
2.33853e-06
2.34197e-06
6.74835e-06
2.94831e-05
3.11371e-05
3.11246e-05
2.82824e-05
9.30499e-06
2.88447e-06
1.33401e-05
2.81956e-05
2.81914e-05
2.81916e-05
1.24446e-05
3.14164e-06
3.9949e-06
2.0543e-05
3.00301e-05
3.00295e-05
3.00288e-05
2.48999e-05
7.20624e-06
1.2588e-06
9.33609e-07
1.86088e-05
1.11803e-05
6.46503e-06
3.71623e-06
2.52593e-06
2.55342e-06
3.76634e-06
1.22832e-05
7.93835e-06
3.32229e-06
3.04194e-06
3.04268e-06
9.06528e-06
5.66925e-06
2.37621e-06
2.37212e-06
2.37211e-06
4.88538e-06
3.42856e-06
2.33976e-06
2.33734e-06
2.33714e-06
2.33712e-06
2.37452e-06
8.44802e-06
2.3641e-05
2.59275e-05
2.60317e-05
2.59275e-05
2.45401e-05
1.04284e-05
3.58327e-06
1.94265e-06
1.94232e-06
2.117e-06
1.3974e-05
2.81939e-05
2.81926e-05
2.81889e-05
1.58284e-05
3.2625e-06
3.13273e-06
3.13117e-06
1.17976e-05
3.00331e-05
3.00306e-05
3.00295e-05
1.39776e-05
1.81514e-06
7.95546e-07
6.82156e-05
4.63275e-05
3.25296e-05
2.75823e-05
2.58909e-05
2.02816e-05
1.71174e-05
1.45684e-05
1.2254e-05
1.01698e-05
9.22028e-06
1.51384e-05
1.12478e-05
7.43471e-06
4.30857e-06
2.43984e-06
2.45596e-06
2.45035e-06
3.06855e-06
6.33468e-06
6.34763e-06
6.35787e-06
3.46545e-06
2.52486e-06
2.52448e-06
2.52705e-06
2.58331e-06
3.7878e-06
1.89566e-05
2.98404e-05
2.98081e-05
2.46741e-05
7.68885e-06
1.94188e-06
1.92176e-06
1.88244e-06
2.64601e-06
4.30161e-06
1.14524e-05
1.84701e-05
1.80244e-05
1.7908e-05
1.78701e-05
1.79085e-05
1.24233e-05
3.88682e-06
1.43254e-06
9.14459e-07
9.1034e-07
9.79555e-07
0.000493874
0.000261903
0.000144119
9.6006e-05
5.18023e-05
3.00467e-05
2.0505e-05
1.40843e-05
8.1951e-06
9.03821e-06
1.94781e-05
1.94975e-05
1.39573e-05
7.94415e-06
6.5515e-06
9.67969e-06
2.64319e-05
2.0629e-05
8.75958e-06
2.46409e-06
2.46002e-06
2.77732e-06
4.53654e-06
9.7182e-06
2.26903e-05
1.48123e-05
1.38332e-05
2.6228e-05
2.98394e-05
2.98093e-05
2.96654e-05
2.98062e-05
2.9839e-05
1.74252e-05
3.17217e-06
1.09693e-06
1.09449e-06
1.09445e-06
5.99568e-06
4.92759e-06
2.27543e-06
1.18325e-06
1.58566e-06
1.52118e-06
9.44306e-07
9.30511e-07
9.28439e-07
9.10213e-07
9.10277e-07
1.52338e-06
0.00614438
0.00143543
0.000469599
0.000249419
8.87367e-05
3.82851e-05
1.98948e-05
1.25584e-05
8.18028e-06
7.29034e-06
1.36734e-05
1.93259e-05
1.22793e-05
9.30431e-06
1.44717e-05
2.87971e-05
4.08513e-05
4.08425e-05
2.56875e-05
5.76637e-06
6.49255e-06
1.86778e-05
3.55056e-05
6.09776e-05
6.09317e-05
6.09752e-05
6.09271e-05
4.24885e-05
2.38154e-05
1.71854e-05
1.34528e-05
9.2057e-06
4.51446e-06
1.33503e-06
1.09652e-06
1.09531e-06
1.09521e-06
1.09723e-06
2.34773e-06
3.93888e-06
1.81081e-06
1.00215e-06
1.00053e-06
1.09764e-06
6.45383e-06
3.94056e-05
2.9484e-05
1.13838e-05
2.46004e-06
1.55287e-06
0.127512
0.0286833
0.00449838
0.000530367
5.9923e-05
1.38378e-05
5.22217e-06
4.27745e-06
4.64979e-06
7.60136e-06
9.26921e-06
1.59262e-05
2.07051e-05
2.37808e-05
3.17385e-05
4.08512e-05
4.08427e-05
4.08522e-05
3.42274e-05
1.23963e-05
1.82439e-05
4.27446e-05
6.09775e-05
6.09303e-05
5.01324e-05
1.94153e-05
1.65188e-05
1.65191e-05
2.37459e-05
2.7298e-05
2.73493e-05
2.44471e-05
1.49576e-05
8.40291e-06
3.45593e-06
2.96576e-06
5.29738e-06
8.604e-06
3.41584e-05
2.28158e-05
8.81413e-06
1.93265e-06
4.43144e-06
2.23213e-05
3.94046e-05
3.94018e-05
3.94033e-05
3.9399e-05
3.93998e-05
3.29144e-05
0.697504
0.267001
0.047284
0.00377955
9.17901e-05
5.30263e-06
3.35247e-06
3.95171e-06
1.03515e-05
1.47074e-05
1.73299e-05
2.74978e-05
3.77296e-05
3.74918e-05
3.59186e-05
4.08435e-05
3.70164e-05
2.45973e-05
2.0228e-05
2.96245e-05
3.31396e-05
4.34465e-05
3.29854e-05
2.23337e-05
1.58536e-05
1.1903e-05
2.36133e-05
3.17703e-05
1.89675e-05
1.89636e-05
2.5171e-05
2.90538e-05
2.51438e-05
2.04165e-05
1.76651e-05
2.9059e-05
4.09081e-05
4.63061e-05
4.6264e-05
3.06787e-05
2.04559e-05
1.77081e-05
1.6657e-05
1.36519e-05
1.11812e-05
1.67492e-05
3.19125e-05
2.07146e-05
9.40111e-06
8.26839e-06
0.980741
0.623204
0.12169
0.00699933
9.68505e-05
4.41558e-06
3.37784e-06
1.01593e-05
1.49927e-05
1.52176e-05
2.76347e-05
4.09418e-05
4.09238e-05
2.41201e-05
1.96968e-05
3.95886e-05
1.20355e-05
1.20688e-05
2.10137e-05
3.65235e-05
3.6445e-05
2.74436e-05
1.26589e-05
1.10684e-05
1.10568e-05
1.10718e-05
2.98084e-05
4.94668e-05
1.91901e-05
4.2264e-05
4.20945e-05
3.81302e-05
2.14899e-05
2.15837e-05
4.58125e-05
4.71715e-05
4.20637e-05
7.31485e-06
3.62438e-06
1.74923e-05
4.57894e-05
4.78109e-05
2.51005e-05
3.28504e-06
3.29514e-06
3.37021e-06
3.37279e-06
4.36031e-06
3.77255e-05
0.000128833
0.999981
0.633223
0.115844
0.00554903
5.81775e-05
3.50817e-06
4.09746e-06
1.30487e-05
1.52884e-05
1.30674e-05
3.43673e-05
4.09386e-05
1.45991e-05
5.17049e-06
1.9668e-05
2.75132e-05
9.95881e-06
4.12141e-05
4.93362e-05
2.95769e-05
5.12976e-06
4.76322e-06
2.13812e-05
2.63298e-05
1.36973e-05
1.62712e-05
4.94873e-05
5.52998e-05
4.61973e-05
8.04894e-06
4.42698e-06
3.10008e-05
5.29362e-05
5.30312e-05
2.06745e-05
1.15137e-06
8.62739e-07
9.44035e-07
3.80717e-06
1.52294e-05
3.7526e-05
4.78743e-05
9.08617e-06
3.26289e-06
4.3755e-06
1.14702e-05
1.14854e-05
4.65773e-06
1.21763e-05
2.18007e-05
0.818213
0.146476
0.00556274
4.45441e-05
3.76323e-06
2.88749e-06
4.35762e-06
1.3341e-05
1.53143e-05
5.10103e-06
2.07562e-05
3.03573e-05
4.78274e-06
4.55569e-06
1.6726e-05
2.33462e-05
9.30674e-06
3.07308e-05
4.93353e-05
1.14095e-05
4.08178e-06
4.32159e-06
1.62727e-05
2.64115e-05
1.20917e-05
9.49484e-06
3.9243e-05
5.52989e-05
1.92149e-05
3.63763e-06
3.63316e-06
3.98035e-06
1.60069e-05
3.09298e-05
5.48685e-06
1.11968e-06
2.01009e-06
1.97725e-05
5.02801e-05
5.02706e-05
4.86673e-05
1.27432e-05
3.28187e-06
3.33297e-06
1.12071e-05
1.14853e-05
4.43538e-06
6.74681e-06
3.82472e-05
6.39053e-05
0.261856
0.0109878
9.24451e-05
5.64128e-06
1.55045e-06
1.05359e-06
1.11463e-06
1.40032e-06
1.76086e-06
2.18203e-06
2.3866e-06
4.32695e-06
3.1971e-06
1.51225e-06
1.33619e-06
3.97858e-06
1.05571e-05
2.52442e-06
9.48947e-07
4.24414e-06
2.09873e-05
2.19013e-05
6.90794e-06
3.97128e-07
3.62615e-07
3.36059e-06
1.15558e-05
1.7015e-05
4.08927e-06
5.26979e-06
1.45268e-05
1.4546e-05
8.14975e-06
4.86037e-06
1.19081e-05
4.22933e-06
8.69315e-07
8.60432e-07
2.31479e-06
2.45348e-06
3.10659e-06
4.19955e-06
1.00596e-06
2.55404e-07
1.51877e-06
3.89408e-06
2.00287e-06
1.28052e-07
9.70293e-08
1.18807e-06
1.08489e-05
2.11367e-05
2.04498e-05
3.47177e-06
3.36044e-07
6.11357e-06
2.60066e-05
3.62365e-05
3.7587e-05
1.0582e-05
4.05196e-07
3.67588e-07
1.56668e-06
2.56431e-06
2.74317e-06
3.42552e-06
1.77033e-05
6.06975e-05
7.18446e-05
7.18096e-05
7.14055e-05
7.14645e-05
6.58168e-05
1.07731e-05
3.93215e-06
2.64428e-06
1.36941e-06
2.34207e-07
1.71881e-07
1.72535e-07
1.77557e-07
2.84276e-07
2.20839e-07
2.26188e-07
7.38481e-07
3.47901e-06
1.76994e-05
5.52089e-05
6.10424e-05
5.19826e-05
4.55181e-06
4.79811e-07
4.79544e-07
4.79536e-07
4.79618e-07
4.85622e-07
2.63116e-06
1.16678e-05
2.35861e-05
2.64469e-05
4.32777e-07
3.93463e-07
3.96411e-07
2.34605e-06
1.41962e-05
3.46278e-05
3.89856e-05
1.00919e-05
5.94896e-07
5.77254e-07
3.11464e-06
2.08549e-05
3.46938e-05
3.45548e-05
2.93515e-05
5.42619e-06
2.19272e-06
9.15354e-07
1.7178e-07
1.55241e-07
2.1669e-06
1.70477e-05
4.09145e-05
4.09427e-05
4.09168e-05
2.15615e-05
4.24694e-06
2.45519e-06
4.61481e-06
1.31882e-05
1.69313e-05
1.68556e-05
1.38267e-05
2.59685e-06
1.76037e-06
1.75886e-06
1.75925e-06
1.76231e-06
2.41624e-06
3.13706e-06
4.27367e-06
1.16909e-05
2.16037e-05
2.13527e-05
1.67868e-05
4.00986e-06
2.42655e-06
8.9316e-07
4.75544e-07
4.91166e-07
1.27846e-06
1.09959e-06
2.93206e-07
2.47485e-07
3.0023e-07
3.34369e-07
3.86272e-07
6.75303e-07
1.13358e-06
1.48637e-06
6.16672e-07
6.16053e-07
6.14983e-07
6.20707e-07
1.84579e-06
2.69009e-06
2.37542e-06
1.39389e-06
9.62947e-07
9.62167e-07
1.29946e-06
2.96779e-06
5.82287e-06
8.06546e-06
4.9664e-06
2.95377e-06
1.39637e-06
6.06491e-07
6.02354e-07
6.02328e-07
6.02394e-07
1.16007e-06
9.56063e-06
3.01199e-05
1.97832e-05
5.34131e-06
8.62824e-07
7.27719e-07
7.27528e-07
7.29347e-07
9.99333e-07
1.13264e-06
8.73402e-07
8.38967e-07
8.38773e-07
1.15871e-06
1.47798e-05
4.56778e-05
4.57039e-05
4.56723e-05
4.57059e-05
4.46087e-05
1.65434e-05
1.61101e-06
7.0443e-08
3.47473e-07
1.80277e-06
4.73815e-06
3.15452e-06
2.46232e-06
2.46081e-06
2.61331e-06
4.05188e-06
1.48102e-05
6.53808e-05
6.79886e-05
6.80654e-05
6.443e-05
2.49776e-05
7.65992e-06
3.78563e-05
3.87262e-05
1.67723e-05
2.61021e-06
2.13904e-07
1.65448e-07
1.6509e-07
1.67357e-07
1.68294e-07
2.43297e-07
3.13191e-06
6.49942e-05
8.60799e-05
5.09971e-05
4.18956e-05
9.62133e-05
5.32785e-05
1.68555e-05
3.04383e-06
9.26021e-07
9.2982e-07
1.19398e-06
1.1612e-06
5.55581e-07
4.47938e-07
3.86737e-07
2.39007e-07
2.12676e-07
2.218e-07
2.23358e-07
2.44052e-07
4.04894e-07
9.94901e-07
2.60937e-06
3.9243e-05
7.51299e-05
6.76819e-05
2.47223e-05
2.34073e-06
4.96381e-08
3.27615e-08
6.744e-08
3.2015e-06
9.13606e-06
9.29304e-06
6.07968e-06
1.01152e-06
4.99874e-07
4.86213e-06
8.99896e-05
5.58885e-05
1.37004e-05
8.86046e-07
2.23559e-08
1.80314e-08
1.77124e-08
3.2487e-08
2.55001e-06
1.01678e-05
9.66021e-06
4.61167e-06
5.07586e-07
9.05664e-07
2.02627e-05
1.46292e-05
4.52012e-06
4.11645e-07
2.51515e-08
2.29494e-08
2.33674e-08
8.32925e-08
3.28572e-07
1.89571e-07
3.9938e-08
2.91348e-08
2.93383e-08
8.49196e-08
5.70648e-08
3.81866e-08
3.73895e-08
3.7606e-08
1.19776e-07
8.66102e-08
3.88053e-08
3.71181e-08
3.7014e-08
3.68355e-08
3.68361e-08
3.91987e-08
4.79476e-08
4.86236e-08
4.02953e-08
4.01648e-08
1.11212e-07
1.42262e-06
1.41996e-06
5.52244e-07
3.66648e-07
9.87031e-07
4.24681e-06
4.60446e-06
3.3952e-06
8.09362e-07
6.44736e-07
7.89176e-07
5.0528e-06
9.1169e-06
9.10725e-06
7.07632e-06
2.16009e-06
3.2438e-07
1.07777e-07
1.70212e-07
1.15784e-06
4.3816e-06
2.01928e-06
2.30235e-07
3.87118e-07
2.07715e-06
2.29438e-06
6.64209e-07
3.81558e-07
1.23049e-06
4.89326e-06
3.42545e-06
6.47137e-07
2.20129e-07
5.50125e-07
1.78424e-06
3.80204e-06
5.08141e-05
5.57124e-05
3.22684e-06
3.66814e-07
3.57777e-07
3.68349e-07
4.47482e-07
6.96987e-07
7.23623e-07
7.22338e-07
4.01306e-06
2.48852e-05
3.63897e-05
3.63723e-05
3.63863e-05
2.40997e-05
2.23014e-06
1.99029e-06
1.85751e-06
2.21657e-06
7.79099e-06
4.21174e-05
7.12028e-05
7.14673e-05
7.12032e-05
7.0833e-05
3.2943e-05
3.5383e-06
2.15625e-06
1.51672e-06
8.05205e-07
2.68474e-07
3.37048e-07
8.49214e-06
4.5594e-05
6.2067e-05
6.21064e-05
6.20349e-05
4.72985e-05
3.6859e-06
4.81208e-07
4.79546e-07
4.79537e-07
4.79617e-07
4.85341e-07
3.57886e-06
2.63457e-05
4.76853e-05
4.76879e-05
3.4951e-05
4.05123e-06
1.33148e-06
5.56945e-06
2.85915e-05
3.96119e-05
3.96151e-05
3.73766e-05
7.1024e-06
1.09096e-06
5.73158e-07
5.7645e-07
5.72939e-07
5.79206e-07
2.87393e-06
2.19496e-05
4.32622e-05
4.32675e-05
3.00536e-05
5.77663e-06
3.38953e-06
1.85676e-06
2.35301e-06
8.65897e-06
3.05964e-05
4.09443e-05
4.09113e-05
4.09393e-05
4.09098e-05
3.71017e-05
2.0248e-05
1.67053e-05
1.57021e-05
1.29611e-05
1.00678e-05
6.90074e-06
4.10084e-06
4.47727e-06
1.12541e-05
1.13662e-05
1.06967e-05
3.31572e-06
3.4317e-06
3.61911e-06
1.60016e-05
2.83472e-05
2.83408e-05
2.83527e-05
1.54395e-05
6.32106e-06
2.66489e-06
8.85707e-07
5.35519e-07
4.50602e-07
3.66474e-07
4.74716e-07
6.1417e-07
4.99676e-07
4.84712e-07
4.83216e-07
5.66025e-07
8.97831e-07
2.57774e-06
1.67818e-06
6.07299e-07
6.06664e-07
2.6871e-06
2.05928e-06
9.65566e-07
9.62177e-07
9.62166e-07
9.62166e-07
9.62358e-07
2.93339e-06
8.94102e-06
8.96903e-06
8.97096e-06
7.71208e-06
2.29344e-06
6.06511e-07
6.0234e-07
6.02906e-07
6.05711e-07
4.96401e-06
2.9143e-05
3.19671e-05
2.59471e-05
6.80536e-06
7.77164e-07
7.27779e-07
7.36754e-07
9.34672e-06
9.73732e-06
3.4935e-06
8.44085e-07
8.41697e-07
2.07922e-06
1.65216e-05
4.571e-05
4.57006e-05
4.57039e-05
4.56725e-05
3.99672e-05
1.38125e-05
1.62087e-06
1.24395e-07
2.12575e-07
8.54144e-07
4.41115e-06
6.20129e-06
6.80059e-06
9.1651e-06
4.33028e-05
5.56949e-05
5.64517e-05
3.23292e-05
5.42286e-06
2.1246e-06
2.08577e-06
2.57577e-06
4.7928e-06
3.35198e-05
4.47001e-05
4.47146e-05
3.8114e-05
1.12727e-05
7.16065e-07
1.67641e-07
5.97553e-07
5.83932e-06
2.99766e-05
3.12853e-05
2.67117e-05
7.63654e-06
3.05788e-06
3.05039e-06
3.05307e-06
3.04841e-06
5.38875e-06
4.89529e-05
6.19413e-05
6.2002e-05
5.72739e-05
1.91991e-05
1.37874e-06
2.73724e-07
2.71698e-07
2.66214e-07
2.57908e-07
2.47747e-07
2.42234e-07
2.42425e-07
1.71781e-06
3.51933e-05
7.5126e-05
7.51301e-05
7.51248e-05
7.24876e-05
2.5122e-05
1.83453e-06
4.0087e-08
6.13412e-08
2.01738e-06
9.13691e-06
9.29325e-06
5.65953e-06
1.14159e-06
2.60326e-07
2.97356e-07
5.54054e-06
8.53497e-05
0.000120938
7.76933e-05
1.50398e-05
7.67628e-07
2.04396e-08
2.42463e-08
4.41371e-07
5.14226e-06
9.91229e-06
5.59041e-06
8.43135e-07
2.90591e-07
8.34618e-07
1.7847e-05
2.76976e-05
1.74687e-05
3.52366e-06
2.05935e-07
2.70807e-08
2.17383e-07
2.26722e-06
1.56322e-06
4.17855e-07
3.83792e-08
2.9108e-08
5.4169e-08
2.67052e-07
1.57732e-07
4.1461e-08
3.75013e-08
3.78999e-08
3.83597e-08
3.87507e-08
6.22574e-08
9.43878e-08
5.04389e-08
3.72685e-08
3.67347e-08
3.71509e-08
3.85709e-08
3.94911e-08
3.95393e-08
3.9544e-08
4.00332e-08
1.02235e-07
8.72619e-07
8.47509e-07
2.33251e-07
2.40327e-07
8.37346e-07
4.07128e-06
4.47553e-06
3.19725e-06
7.63123e-07
6.01599e-07
8.06222e-07
5.71353e-06
9.10788e-06
9.09779e-06
7.05066e-06
1.84011e-06
1.77876e-07
1.5616e-07
6.20373e-07
6.76537e-06
3.95345e-06
8.0564e-07
3.99665e-07
1.59416e-06
4.00802e-06
2.07453e-06
3.8229e-07
1.28086e-06
4.85368e-06
6.59114e-06
3.62225e-06
5.4816e-07
4.19948e-07
1.10387e-06
4.9837e-06
7.25974e-05
3.44687e-05
1.38133e-06
3.67623e-07
3.67617e-07
6.41642e-07
4.64238e-06
1.20926e-05
1.62124e-05
2.40566e-06
1.42422e-05
3.39989e-05
3.63734e-05
1.78418e-05
1.23106e-06
6.737e-07
6.70261e-07
6.11483e-06
3.42743e-05
4.88371e-05
4.88484e-05
4.88393e-05
2.91284e-05
6.76862e-06
6.75334e-06
6.76041e-06
6.88268e-06
2.21471e-05
3.4182e-05
3.37674e-05
2.3905e-05
2.11361e-06
1.05808e-06
1.69387e-05
5.40571e-05
6.21059e-05
6.20343e-05
6.2074e-05
6.20356e-05
3.51899e-05
2.45417e-06
4.80841e-07
4.79694e-07
4.7975e-07
4.86189e-07
1.90468e-06
8.47918e-06
3.19772e-05
4.76839e-05
4.76893e-05
4.76862e-05
3.31875e-05
9.69568e-06
9.75256e-06
2.39243e-05
3.96105e-05
3.96178e-05
3.9595e-05
2.42319e-05
8.77895e-06
6.36295e-06
3.91519e-06
1.52725e-06
2.77838e-06
1.54833e-05
3.81841e-05
4.32584e-05
4.32632e-05
4.32603e-05
4.32661e-05
2.73302e-05
1.61848e-05
1.35069e-05
9.79196e-06
6.00288e-06
2.65166e-06
1.7273e-06
1.72787e-06
2.6079e-06
8.79634e-06
2.38539e-05
4.10816e-05
4.1143e-05
4.11139e-05
4.11418e-05
4.03211e-05
1.53104e-05
7.75453e-06
3.29761e-06
3.29632e-06
3.29805e-06
5.65583e-06
3.55236e-06
3.91977e-06
7.55565e-06
1.76696e-05
2.83445e-05
2.83515e-05
2.83441e-05
1.50863e-05
4.20837e-06
1.23561e-06
6.25018e-07
7.29898e-07
9.22265e-07
1.81225e-06
1.48613e-06
7.60321e-07
4.82931e-07
6.1837e-07
1.37018e-06
3.44261e-06
3.5755e-06
2.50098e-06
7.33856e-07
2.51499e-06
1.51239e-06
9.64084e-07
9.62179e-07
9.62166e-07
9.62258e-07
1.03132e-06
5.22291e-06
8.96468e-06
8.97271e-06
8.96326e-06
6.66221e-06
2.08314e-06
6.09502e-07
6.05339e-07
1.05805e-06
4.18782e-06
2.01697e-05
3.19681e-05
3.19799e-05
2.29835e-05
6.4116e-06
7.47123e-07
1.62577e-06
7.75128e-06
3.71417e-05
3.02701e-05
1.17146e-05
1.22765e-06
2.1686e-06
1.73137e-05
4.57157e-05
4.56818e-05
4.57116e-05
3.93023e-05
1.43135e-05
1.92275e-06
1.34314e-06
1.32987e-06
3.57617e-06
6.16765e-06
1.36473e-05
4.40944e-05
4.55786e-05
4.55308e-05
2.79719e-05
5.02594e-06
2.67942e-06
2.66364e-06
4.33443e-06
5.97922e-06
7.8819e-06
2.30935e-05
4.47036e-05
4.47174e-05
4.47019e-05
3.64405e-05
1.02195e-05
1.44975e-06
1.39014e-06
2.07142e-06
9.90798e-06
5.28048e-05
2.88615e-05
8.08643e-06
7.59161e-06
7.61831e-06
8.22396e-06
4.96635e-05
6.20739e-05
6.20753e-05
6.20799e-05
6.20745e-05
6.20919e-05
5.08329e-05
1.18395e-05
2.49151e-06
2.32626e-06
1.97386e-05
4.31697e-05
4.37464e-05
2.13076e-05
3.66358e-06
7.93163e-06
6.46459e-05
9.74222e-05
9.92244e-05
8.31095e-05
2.89293e-05
7.52349e-06
6.2364e-06
4.84051e-06
1.25133e-06
4.48806e-07
6.6393e-07
6.01799e-06
4.40379e-06
1.98086e-06
8.49101e-07
6.18759e-07
4.1534e-07
4.35488e-07
6.31721e-06
8.7302e-05
0.000120937
0.000120862
0.000113344
3.90767e-05
3.00608e-06
3.25945e-08
1.17119e-07
3.92144e-06
3.67066e-06
1.71698e-06
3.26749e-07
2.55836e-07
2.48371e-07
4.99242e-06
2.76994e-05
2.77599e-05
1.71052e-05
2.94021e-06
5.02668e-07
5.06019e-06
1.89313e-05
1.00474e-05
2.09125e-06
1.24341e-07
3.10448e-08
2.99718e-08
1.94124e-07
8.68696e-07
4.8675e-07
1.00858e-07
3.87832e-08
3.76953e-08
3.76485e-08
3.77886e-08
1.20594e-07
3.92391e-07
2.24381e-07
4.96079e-08
3.71345e-08
3.68392e-08
3.69407e-08
4.15242e-08
4.1647e-08
4.02086e-08
4.01773e-08
4.07529e-08
9.34668e-08
1.54013e-07
1.6425e-07
2.12948e-07
3.44556e-07
2.37728e-06
4.46381e-06
3.59303e-06
9.73842e-07
6.01621e-07
6.01831e-07
1.52619e-06
8.12744e-06
9.0977e-06
9.09805e-06
3.95107e-06
4.46569e-07
1.56648e-07
9.82369e-07
6.80281e-06
5.40591e-06
1.80294e-06
4.16582e-07
1.69501e-06
4.00827e-06
3.98428e-06
1.41308e-06
1.04449e-06
2.26603e-06
6.57612e-06
6.61607e-06
4.88386e-06
1.02999e-06
8.76264e-07
3.74947e-06
3.81976e-05
5.71914e-06
6.80831e-07
4.25757e-07
1.03829e-06
1.06728e-05
4.75413e-05
6.29141e-05
6.27833e-05
6.29212e-05
2.4734e-05
1.71336e-05
1.707e-05
2.77077e-05
4.29032e-05
1.32688e-06
6.66092e-07
6.64791e-07
6.66778e-07
6.70679e-07
3.24971e-06
2.54449e-05
4.88569e-05
4.88587e-05
4.88612e-05
4.88643e-05
3.05425e-05
6.08465e-06
5.82041e-06
1.08204e-05
2.68264e-05
1.42648e-05
4.38023e-06
4.46034e-06
5.28359e-06
9.18648e-06
2.40487e-05
5.76687e-05
6.20856e-05
6.097e-05
1.80496e-05
2.06937e-06
4.82739e-07
7.95288e-07
6.48146e-06
2.27824e-05
4.31242e-05
1.14134e-05
9.75465e-06
1.2271e-05
3.89167e-05
4.76893e-05
4.76929e-05
3.69869e-05
7.59802e-06
6.82745e-06
6.8506e-06
1.78079e-05
4.60139e-05
4.81927e-05
4.81882e-05
4.81946e-05
3.09981e-05
1.19021e-05
8.02934e-06
4.88684e-06
4.41747e-06
4.42348e-06
5.78872e-06
2.16043e-05
4.54379e-05
4.9943e-05
4.9955e-05
4.997e-05
4.99839e-05
3.04385e-05
1.28481e-05
9.39283e-06
9.56899e-06
1.17917e-05
5.98151e-06
5.01449e-06
5.09972e-06
1.4364e-05
3.13266e-05
4.11471e-05
4.11174e-05
3.99968e-05
1.33008e-05
3.67783e-06
3.29927e-06
1.01369e-05
1.55878e-05
1.13729e-05
5.78024e-06
4.89963e-06
4.90716e-06
1.64021e-05
2.83549e-05
2.22292e-05
7.37577e-06
2.00348e-06
1.25925e-06
7.32298e-07
1.49344e-06
2.2596e-06
2.27007e-06
1.36045e-06
5.21636e-07
5.22802e-07
9.32855e-07
2.95188e-06
3.57905e-06
3.57808e-06
3.55349e-06
1.65017e-06
9.64205e-07
9.62223e-07
9.62201e-07
9.62479e-07
9.68712e-07
3.43942e-06
8.60873e-06
8.97333e-06
8.92365e-06
4.75823e-06
1.71579e-06
1.68032e-06
3.0261e-06
6.74724e-06
1.17888e-05
3.12773e-05
3.19674e-05
3.19801e-05
1.93922e-05
4.55391e-06
3.38112e-06
4.80953e-06
1.70723e-05
3.71421e-05
3.73473e-05
3.4447e-05
1.49294e-05
3.88907e-06
8.15606e-06
3.15984e-05
4.56427e-05
3.09113e-05
8.56804e-06
2.42432e-06
2.43522e-06
2.45663e-06
5.01529e-06
1.20492e-05
4.0961e-05
4.41954e-05
4.37824e-05
2.23003e-05
3.89148e-06
2.27019e-06
2.27917e-06
3.77321e-06
6.50224e-06
1.88217e-05
4.95296e-05
4.95347e-05
4.95268e-05
3.60583e-05
8.23292e-06
2.47907e-06
2.48539e-06
5.12256e-06
8.50518e-06
1.00764e-05
1.40065e-05
5.40095e-05
7.08739e-05
7.08929e-05
7.08732e-05
6.59104e-05
2.43323e-05
7.60652e-06
7.63743e-06
2.00863e-05
6.18027e-05
6.20736e-05
4.67452e-05
1.00339e-05
5.77363e-06
5.77365e-06
1.63823e-05
0.000100076
0.00011076
8.59809e-05
2.13583e-05
2.4679e-06
2.17308e-06
2.17217e-06
2.17185e-06
2.74333e-06
1.52875e-05
9.00928e-05
9.82981e-05
8.17519e-05
2.20473e-05
4.0292e-06
4.21921e-06
2.64773e-05
5.10473e-05
5.07531e-05
2.75986e-05
4.33009e-06
1.79737e-06
3.50787e-06
3.34901e-05
9.86646e-05
9.86278e-05
9.87979e-05
9.86291e-05
5.58629e-05
2.46074e-05
1.30199e-05
3.71856e-06
2.78669e-07
5.47036e-08
5.40791e-07
1.01053e-05
8.50648e-06
2.6564e-06
2.84819e-07
5.35077e-07
9.25083e-06
2.34668e-05
2.35455e-05
1.25743e-05
2.38416e-06
1.33856e-06
2.54991e-06
5.85863e-05
5.64248e-05
2.38707e-05
4.05665e-06
2.0784e-07
3.29152e-08
4.26347e-07
8.67581e-07
8.63426e-07
4.61944e-07
6.98246e-08
3.84928e-08
3.76643e-08
3.77249e-08
4.27784e-07
3.35583e-06
1.9121e-06
4.06718e-07
4.16517e-08
3.73826e-08
9.53755e-08
1.15415e-07
4.93176e-08
4.17996e-08
6.41148e-08
4.40312e-08
4.38129e-08
4.42497e-08
4.51671e-08
1.38776e-07
3.08474e-07
4.14053e-07
6.28472e-07
4.18573e-06
2.90067e-06
9.14374e-07
6.01759e-07
6.01765e-07
1.22276e-06
7.45417e-06
9.09791e-06
7.97699e-06
4.25986e-06
2.05403e-06
3.78728e-07
6.69219e-07
4.61679e-06
7.2293e-06
4.84758e-06
9.52463e-07
7.2462e-07
3.06394e-06
4.77433e-06
4.77718e-06
1.7475e-06
1.37468e-06
2.45338e-06
6.60448e-06
6.62028e-06
5.75533e-06
2.39032e-06
1.1532e-06
2.56859e-05
8.57125e-06
2.87553e-05
3.59224e-05
2.79737e-05
3.40467e-06
2.3463e-06
2.42767e-06
4.40074e-06
3.24545e-06
3.9676e-06
2.75057e-05
6.11536e-05
6.11589e-05
5.28811e-05
1.00527e-05
4.74181e-06
4.41246e-06
3.71194e-06
2.13202e-06
1.41332e-06
2.23916e-06
1.28139e-05
3.89761e-05
4.88633e-05
4.88663e-05
2.72455e-05
8.14918e-06
6.38553e-06
5.01146e-06
4.97678e-06
5.75702e-06
2.59143e-05
4.74098e-05
4.71409e-05
4.1918e-05
1.16338e-05
7.99414e-06
7.81573e-06
8.60943e-06
1.57041e-05
2.28623e-05
4.72003e-06
3.03579e-06
9.69748e-06
2.30353e-05
4.41299e-05
4.46031e-05
4.45819e-05
3.10663e-05
1.51812e-05
1.45435e-05
1.19155e-05
8.17356e-06
6.83033e-06
6.8291e-06
7.43054e-06
1.42151e-05
1.65142e-05
2.2355e-05
3.98607e-05
4.81851e-05
4.82106e-05
4.82066e-05
4.20782e-05
2.35315e-05
2.30392e-05
2.30181e-05
1.47335e-05
7.83431e-06
7.84327e-06
8.94613e-06
3.33969e-05
4.99558e-05
4.997e-05
4.99563e-05
3.7373e-05
1.89948e-05
1.85249e-05
3.8188e-05
3.79386e-05
1.77898e-05
1.09588e-05
8.35042e-06
8.31629e-06
9.61851e-06
2.76276e-05
4.01962e-05
3.27539e-05
1.27604e-05
3.93924e-06
6.55395e-06
1.55131e-05
2.11688e-05
2.12447e-05
9.44485e-06
3.91992e-06
3.75842e-06
9.55563e-06
1.07195e-05
3.81744e-06
2.15429e-06
1.8196e-06
1.23681e-06
1.90932e-06
2.26702e-06
1.72388e-06
1.10903e-06
5.25655e-07
7.86393e-07
9.9201e-07
1.57299e-06
3.56424e-06
3.58172e-06
3.57805e-06
2.38112e-06
9.66265e-07
9.63093e-07
9.63832e-07
1.10814e-06
3.25046e-06
1.03789e-05
7.03695e-06
3.82671e-06
3.82178e-06
4.27811e-06
7.04316e-06
1.15481e-05
2.22278e-05
3.19752e-05
3.19863e-05
3.1972e-05
2.62626e-05
9.77517e-06
3.9306e-06
3.92692e-06
4.44497e-06
2.75692e-05
3.35841e-05
3.35327e-05
1.44242e-05
3.94862e-06
1.08203e-05
2.13045e-05
2.13105e-05
1.18434e-05
6.30577e-06
6.28248e-06
7.92679e-06
9.48084e-06
8.10631e-06
9.68338e-06
3.17845e-05
4.57063e-05
4.3892e-05
1.72095e-05
2.65639e-06
2.22555e-06
2.24393e-06
5.14681e-06
1.11997e-05
4.28543e-05
4.95373e-05
4.95326e-05
4.11118e-05
1.38666e-05
5.21978e-06
5.25835e-06
8.03585e-06
1.18025e-05
2.06904e-05
6.74142e-05
7.09362e-05
7.09586e-05
6.70865e-05
2.58755e-05
8.01552e-06
8.09229e-06
8.51987e-06
2.96912e-05
7.7489e-05
7.78078e-05
7.74866e-05
4.38004e-05
1.18288e-05
5.85936e-06
5.78056e-06
5.77562e-06
5.77498e-06
6.32144e-06
5.52778e-05
0.000110762
0.000110763
0.00011076
9.12614e-05
2.33289e-05
2.32081e-06
2.17227e-06
2.17202e-06
2.17227e-06
2.17296e-06
4.13324e-06
3.73771e-05
0.000121329
0.000121452
0.000121704
6.10098e-05
9.44032e-06
4.54578e-06
1.6263e-05
2.31567e-05
9.26984e-06
3.89554e-06
1.11922e-05
8.01989e-05
9.86278e-05
9.87722e-05
5.05942e-05
1.32656e-05
3.77884e-06
1.40677e-06
3.97884e-07
1.35931e-07
1.34608e-07
1.668e-06
6.30289e-05
5.45659e-05
1.89629e-05
2.2456e-06
4.08596e-07
4.17481e-06
1.36907e-05
1.28417e-05
4.04651e-06
1.79645e-06
1.81571e-06
8.81959e-06
6.01961e-05
7.18859e-05
6.66298e-05
2.30901e-05
2.47966e-06
1.65294e-07
1.54432e-07
5.83931e-07
6.05239e-07
2.76347e-07
6.83394e-08
3.87478e-08
3.77285e-08
3.76279e-08
2.00452e-07
4.73944e-06
6.83121e-06
6.90131e-06
2.31575e-06
2.37292e-07
5.00199e-07
6.88501e-07
2.97555e-07
6.0893e-08
4.23537e-08
1.00971e-07
1.034e-07
5.0466e-08
4.44468e-08
4.4597e-08
3.66742e-07
9.14763e-07
3.46014e-07
2.69846e-07
1.26852e-06
2.87557e-06
1.51907e-06
6.02385e-07
6.02548e-07
4.70194e-06
6.15346e-06
2.13699e-06
3.31553e-06
6.19812e-06
5.46688e-06
1.88583e-06
6.92424e-07
2.79788e-06
7.2062e-06
7.5403e-06
3.33996e-06
7.22951e-07
8.89976e-07
3.13478e-06
5.46803e-06
5.45754e-06
2.58393e-06
2.15302e-06
2.31102e-06
6.41829e-06
6.58172e-06
4.27911e-06
1.02651e-06
3.1401e-05
9.36267e-06
1.40654e-06
1.38658e-06
1.45332e-06
2.17514e-06
4.94656e-06
3.44859e-05
5.10014e-05
5.10866e-05
3.37972e-05
9.57501e-06
3.20871e-06
2.9202e-06
5.33107e-06
7.60366e-06
9.90502e-06
3.34085e-05
4.09099e-05
4.07166e-05
2.15856e-05
1.09638e-05
1.29832e-05
1.2086e-05
7.82259e-06
5.14459e-06
5.13035e-06
9.49553e-06
3.37086e-05
3.5322e-05
3.53251e-05
2.14742e-05
1.34368e-05
9.07849e-06
8.52844e-06
1.05692e-05
1.96226e-05
1.43679e-05
7.6364e-06
1.76512e-05
2.52718e-05
2.6356e-05
2.16125e-05
2.04789e-05
1.72921e-05
2.10933e-05
2.12284e-05
1.55636e-05
9.84215e-06
6.79781e-06
6.63518e-06
2.99586e-05
4.05712e-05
3.75945e-05
1.93059e-05
7.80206e-06
1.2473e-05
2.9322e-05
3.50063e-05
3.0466e-05
1.4272e-05
9.5364e-06
1.28373e-05
1.8385e-05
1.89865e-05
2.0541e-05
3.99344e-05
5.60808e-05
4.92881e-05
3.37817e-05
1.46181e-05
7.6329e-06
1.37316e-05
2.93497e-05
4.99598e-05
4.38233e-05
2.53682e-05
1.08797e-05
1.26371e-05
3.59927e-05
4.45664e-05
4.25283e-05
2.5555e-05
1.96062e-05
1.63787e-05
1.09622e-05
1.05633e-05
1.46332e-05
3.43268e-05
2.96355e-05
8.37791e-06
5.18186e-06
5.86766e-06
1.84403e-05
2.55062e-05
1.79591e-05
4.57087e-06
1.76354e-06
2.23002e-06
2.1831e-06
1.89847e-06
1.93329e-06
2.00803e-06
2.00257e-06
1.15137e-06
9.42799e-07
9.42521e-07
1.002e-06
1.60495e-06
2.26835e-06
1.49245e-06
1.41758e-06
2.86464e-06
2.19313e-06
1.65133e-06
1.71453e-06
1.37859e-06
1.74277e-06
2.45957e-06
4.13366e-06
8.18449e-06
1.05309e-05
1.17756e-05
1.39966e-05
1.33299e-05
1.26915e-05
1.76351e-05
3.19885e-05
3.1974e-05
3.19893e-05
2.2831e-05
1.042e-05
4.66757e-06
3.93071e-06
3.9274e-06
3.77685e-06
8.38057e-06
2.87274e-05
2.11885e-05
4.92621e-06
3.84087e-06
3.78408e-06
1.16027e-05
1.48613e-05
7.25787e-06
6.95627e-06
7.0022e-06
1.96618e-05
2.26394e-05
2.25769e-05
9.4321e-06
8.99955e-06
1.01725e-05
4.53926e-05
3.6806e-05
1.59089e-05
2.80203e-06
4.87776e-06
1.15757e-05
4.37217e-05
4.89608e-05
4.86056e-05
3.00684e-05
7.54642e-06
6.12137e-06
6.15534e-06
9.74185e-06
3.14746e-05
7.09629e-05
7.0982e-05
7.09605e-05
6.87981e-05
3.12957e-05
6.41156e-06
5.70934e-06
5.73995e-06
1.05095e-05
5.63793e-05
7.79905e-05
7.80889e-05
5.7031e-05
1.43945e-05
6.42014e-06
6.4526e-06
1.24325e-05
5.26472e-05
5.56672e-05
4.72838e-05
1.15624e-05
1.61756e-05
8.5561e-05
0.000110764
0.000110761
5.4059e-05
7.13049e-06
2.17485e-06
2.17223e-06
2.17222e-06
2.17221e-06
5.40205e-06
6.62535e-05
0.000122143
0.000122139
0.000122142
5.98422e-05
1.16967e-05
2.93957e-06
2.74238e-06
3.87871e-06
5.3716e-05
0.000104835
0.000105231
6.92029e-05
1.98233e-05
6.79509e-06
1.21535e-05
5.07776e-05
3.39725e-05
1.60135e-05
6.40968e-06
1.86444e-06
3.23843e-07
2.7315e-07
2.61758e-06
5.68963e-05
0.00012656
0.000110787
4.16024e-05
4.9902e-06
6.63481e-07
1.38381e-06
2.88578e-06
1.55137e-05
2.13159e-05
1.15489e-05
1.02096e-05
3.60002e-05
7.18864e-05
7.1886e-05
4.32621e-05
9.55948e-06
1.13071e-06
1.82567e-07
9.04972e-08
9.03611e-08
7.64204e-08
4.7374e-08
4.18569e-08
3.90338e-08
1.99427e-07
3.23823e-06
7.66213e-06
7.64954e-06
4.93597e-06
1.36603e-06
1.90133e-06
5.23686e-06
3.24806e-06
1.03055e-06
1.57009e-07
4.7921e-08
4.53466e-08
8.76336e-08
5.99441e-08
4.52409e-08
4.45323e-08
4.46401e-08
5.2075e-07
9.24733e-07
5.53277e-07
1.15302e-07
3.83783e-07
2.69234e-06
1.40677e-06
6.03555e-07
6.76476e-07
5.48081e-06
5.02575e-06
1.04894e-06
2.2656e-06
6.18414e-06
6.20374e-06
3.14709e-06
7.4881e-07
1.03521e-06
5.0665e-06
7.66191e-06
7.68935e-06
3.5717e-06
9.8762e-07
9.83024e-07
1.28329e-06
4.96149e-06
5.42345e-06
5.41795e-06
2.10476e-06
2.06347e-06
5.66357e-06
3.70188e-06
1.15696e-06
2.75509e-06
2.62878e-06
2.51938e-06
1.31105e-05
4.61829e-05
4.6769e-05
4.67739e-05
4.67763e-05
4.06107e-05
1.19476e-05
1.15356e-06
5.99194e-07
5.99148e-07
1.25304e-06
2.15925e-05
4.14368e-05
4.12594e-05
2.68541e-05
5.81906e-06
3.18665e-06
3.20088e-06
4.23838e-06
1.92909e-05
4.20182e-05
4.1865e-05
3.43117e-05
1.1217e-05
2.26758e-06
1.96598e-06
1.96097e-06
5.5138e-06
3.41537e-05
4.30095e-05
4.19974e-05
2.52112e-05
5.97946e-06
2.27946e-06
2.02702e-06
2.71189e-06
1.12926e-05
4.9875e-05
3.68882e-05
1.19376e-05
1.50416e-06
1.11749e-06
3.3103e-06
2.82122e-05
3.83709e-05
3.85085e-05
1.59494e-05
5.42012e-06
5.50533e-06
2.71734e-05
3.83405e-05
3.29339e-05
8.7931e-06
5.05519e-06
5.35905e-06
3.20232e-05
4.52455e-05
4.53756e-05
2.01762e-05
7.28285e-06
7.27795e-06
7.27786e-06
7.27906e-06
1.62909e-05
5.07175e-05
5.54251e-05
5.57163e-05
3.30406e-05
1.13172e-05
6.69475e-06
8.67064e-06
3.89501e-05
5.39598e-05
4.8248e-05
1.57179e-05
8.80502e-06
1.23069e-05
4.05856e-05
4.62178e-05
3.28348e-05
1.99355e-05
1.99244e-05
1.89789e-05
1.00198e-05
1.0018e-05
2.53213e-05
3.29755e-05
1.03741e-05
5.18246e-06
5.4977e-06
1.6379e-05
2.55322e-05
1.18759e-05
2.38382e-06
6.3672e-07
6.4563e-07
9.52958e-07
1.49254e-06
1.70503e-06
1.4196e-06
1.00629e-06
1.01023e-06
1.33462e-06
1.52297e-06
2.00392e-06
2.24891e-06
2.22824e-06
1.38936e-06
3.94718e-07
3.70162e-07
4.05994e-07
1.03784e-06
3.03939e-06
5.90511e-06
8.74401e-06
1.03118e-05
1.28269e-05
1.59797e-05
2.18232e-05
2.22993e-05
2.22153e-05
1.9452e-05
6.76616e-06
8.57599e-06
2.67563e-05
1.61179e-05
6.30648e-06
1.90288e-06
1.46073e-06
2.43541e-06
5.73019e-06
5.65817e-06
2.26679e-06
2.27422e-06
2.99261e-06
6.25978e-06
4.72965e-06
6.53512e-06
9.79416e-06
1.22224e-05
1.1532e-05
1.01204e-05
1.6938e-05
2.09782e-05
2.12271e-05
1.48671e-05
1.45338e-05
1.60775e-05
2.04376e-05
4.33325e-05
4.57066e-05
4.11753e-05
1.70982e-05
6.8109e-06
2.33816e-05
3.33941e-05
3.34571e-05
2.40668e-05
1.99276e-05
1.50974e-05
1.00866e-05
1.35492e-05
1.87714e-05
5.02408e-05
7.0962e-05
7.09821e-05
6.56637e-05
2.78156e-05
1.06682e-05
7.54788e-06
7.08179e-06
8.41188e-06
2.42084e-05
7.15271e-05
7.24509e-05
5.44763e-05
1.65115e-05
8.49915e-06
8.49655e-06
1.16764e-05
1.76441e-05
1.90738e-05
2.11519e-05
2.26902e-05
2.84483e-05
7.46867e-05
0.000110755
0.000110756
0.000110759
0.000110581
4.58041e-05
6.61921e-06
2.17692e-06
2.17423e-06
4.39241e-06
4.00733e-05
0.000121707
0.000122142
0.000122142
0.000122142
0.000122139
0.000112183
3.70217e-05
3.14582e-06
7.31531e-06
5.16552e-05
8.25937e-05
6.83579e-05
2.36243e-05
7.62476e-06
6.53004e-06
6.53059e-06
8.81259e-06
1.96549e-05
1.44755e-05
1.42128e-05
1.85963e-05
2.71634e-05
3.20556e-05
5.85383e-05
0.00012593
0.000126562
0.000126562
7.81122e-05
1.51107e-05
1.82653e-06
7.95641e-07
1.22916e-06
1.85991e-06
5.55939e-06
1.1051e-05
2.00662e-05
6.26582e-05
7.18852e-05
7.18852e-05
6.23322e-05
2.06495e-05
3.21515e-06
5.38063e-07
1.84352e-07
1.75742e-07
1.61522e-07
6.33762e-08
4.72253e-08
1.01045e-07
1.6952e-06
1.62149e-05
1.17756e-05
5.28135e-06
2.01257e-06
8.3998e-07
8.62249e-07
6.48599e-06
1.39166e-05
6.78646e-06
1.34769e-06
1.09453e-07
4.82357e-08
4.87543e-08
5.22906e-08
5.00037e-08
4.78634e-08
4.55984e-08
4.48766e-08
4.51699e-07
9.14614e-07
3.83991e-07
6.05871e-08
1.99263e-07
2.28952e-06
1.3547e-06
6.04068e-07
6.04827e-07
4.75642e-06
3.79639e-06
8.81141e-07
1.25675e-06
5.32626e-06
6.20442e-06
5.64871e-06
1.69197e-06
9.78866e-07
1.02598e-06
4.89687e-06
7.66454e-06
7.68952e-06
5.4419e-06
1.38589e-06
9.99887e-07
9.99818e-07
1.84068e-06
5.35627e-06
5.62982e-06
5.63881e-06
3.37762e-06
9.79574e-07
3.78673e-07
3.34609e-05
1.41663e-05
2.30614e-06
8.28384e-07
8.263e-07
1.15386e-06
1.22584e-05
4.62597e-05
4.67997e-05
4.6784e-05
4.34653e-05
1.4204e-05
1.19677e-06
5.9181e-07
5.88929e-07
5.89305e-07
5.86594e-07
5.86592e-07
1.1518e-06
2.36252e-05
4.91686e-05
4.91777e-05
2.49175e-05
4.60102e-06
4.31928e-06
1.45863e-05
2.18421e-05
2.21736e-05
5.68167e-06
6.26386e-06
3.1642e-05
4.30092e-05
4.35346e-05
2.02767e-05
6.4867e-06
2.6227e-06
2.02682e-06
1.95949e-06
3.04639e-06
1.77048e-05
4.96677e-05
4.98701e-05
3.68902e-05
1.08355e-05
1.53501e-06
1.10134e-06
1.12508e-06
1.13245e-05
4.30686e-05
5.42448e-05
2.43588e-05
5.42064e-06
6.32868e-06
3.06081e-05
4.18326e-05
3.84964e-05
1.17888e-05
5.18136e-06
5.20205e-06
2.76892e-05
4.64001e-05
4.6543e-05
2.15907e-05
7.28632e-06
7.27838e-06
9.90137e-06
1.22036e-05
1.38363e-05
3.85383e-05
5.6812e-05
5.6824e-05
4.64166e-05
1.13063e-05
5.11873e-06
8.52671e-06
4.83772e-05
5.77414e-05
4.29762e-05
1.00493e-05
7.90855e-06
2.2516e-05
4.62507e-05
3.72447e-05
1.73669e-05
1.85676e-05
2.15103e-05
1.33667e-05
1.00165e-05
1.76667e-05
3.29503e-05
5.32756e-06
5.1848e-06
9.65176e-06
2.09562e-05
1.79026e-05
1.42322e-06
4.45578e-07
4.56157e-07
7.3229e-07
1.97618e-06
2.57418e-06
1.15852e-06
9.57766e-07
1.36116e-06
2.19724e-06
2.53169e-06
2.5149e-06
1.61219e-06
8.73426e-07
5.27544e-07
3.81095e-07
3.65254e-07
3.69305e-07
7.1659e-07
3.03505e-06
7.47564e-06
1.40161e-05
1.92322e-05
2.16821e-05
2.17775e-05
2.10561e-05
1.59719e-05
1.32679e-05
8.50545e-06
2.91629e-06
9.486e-07
8.42091e-07
1.7432e-06
5.73899e-07
4.32032e-07
7.2395e-07
1.44153e-06
2.05982e-06
2.65335e-06
2.73496e-06
3.16507e-06
5.2018e-06
1.04505e-05
1.71276e-05
2.05983e-05
2.27888e-05
2.2419e-05
1.80047e-05
1.06597e-05
8.15282e-06
9.69655e-06
1.89106e-05
3.49617e-05
4.80713e-05
4.73917e-05
4.51075e-05
3.75369e-05
2.75793e-05
2.3951e-05
1.6962e-05
1.53215e-05
8.28124e-06
5.98292e-06
7.69487e-06
1.02822e-05
2.66393e-05
3.28834e-05
3.27158e-05
2.0625e-05
1.34317e-05
1.84155e-05
2.46859e-05
3.00523e-05
5.48944e-05
2.8797e-05
1.49188e-05
1.39891e-05
2.68744e-05
4.03392e-05
2.17358e-05
2.09965e-05
2.11656e-05
2.67335e-05
3.40147e-05
2.03841e-05
2.38606e-05
3.35906e-05
6.75355e-05
6.76565e-05
6.79669e-05
3.18226e-05
2.3023e-05
3.07792e-05
2.24044e-05
2.17564e-05
4.27377e-05
0.000109183
0.000109714
0.000102052
3.72336e-05
3.40019e-05
5.19536e-05
5.18077e-05
2.14836e-05
5.23882e-06
8.41339e-06
2.2265e-05
1.59833e-05
1.35705e-05
1.35436e-05
4.71173e-05
5.92628e-05
5.9546e-05
3.35629e-05
1.15215e-05
7.63261e-06
7.71832e-06
1.43672e-05
7.98489e-05
0.000127492
0.00012751
0.000100482
4.11979e-05
1.18337e-05
1.18526e-05
1.83427e-05
6.59694e-05
0.000126563
0.000126562
0.000107179
4.13222e-05
8.05731e-06
1.5051e-06
1.31047e-06
1.27616e-06
2.14887e-06
1.25033e-05
5.95835e-05
2.48595e-05
3.03523e-05
7.16268e-05
7.18836e-05
7.13741e-05
3.06894e-05
6.3032e-06
7.7008e-07
2.5626e-07
2.48277e-07
1.11978e-06
6.41023e-07
1.83171e-07
3.7073e-07
4.31192e-06
1.69003e-05
1.7928e-05
1.16082e-05
2.27403e-06
8.37849e-07
8.38476e-07
1.57168e-06
1.53568e-05
1.42368e-05
5.97567e-06
1.11162e-06
7.77877e-08
4.74901e-08
4.64712e-08
2.19899e-07
1.92035e-07
6.78367e-08
4.65405e-08
4.52894e-08
4.45357e-07
4.4149e-07
1.58417e-07
5.71214e-08
9.21508e-08
8.28176e-07
2.21841e-06
1.89415e-06
6.06232e-07
1.92803e-06
1.71212e-06
5.49253e-07
8.66305e-07
4.63944e-06
6.20529e-06
6.20466e-06
4.67307e-06
1.2123e-06
4.3551e-07
6.51012e-07
1.96634e-06
6.98668e-06
7.68132e-06
7.66092e-06
4.75218e-06
1.19319e-06
1.05266e-06
1.05383e-06
3.15843e-06
5.63311e-06
5.64217e-06
3.25066e-06
6.21391e-07
2.06519e-05
4.86994e-06
8.22292e-07
8.23561e-07
8.23543e-07
8.67971e-07
6.12004e-06
4.17872e-05
4.67957e-05
4.67999e-05
4.67684e-05
4.30869e-05
1.39556e-05
1.29439e-06
5.92424e-07
1.15138e-06
9.42775e-07
1.05104e-06
2.7073e-06
3.05441e-05
4.91755e-05
4.91675e-05
4.27791e-05
9.63148e-06
2.96764e-05
2.17808e-05
1.00665e-05
2.64332e-06
1.48302e-06
1.42644e-06
1.74576e-06
1.1548e-05
4.47564e-05
4.64674e-05
4.64816e-05
3.62263e-05
9.74249e-06
1.59253e-06
1.20613e-06
1.18668e-06
5.04086e-06
3.91294e-05
4.90077e-05
4.93231e-05
2.94914e-05
6.669e-06
1.3055e-06
2.22982e-06
2.62173e-05
5.41781e-05
4.55926e-05
1.41987e-05
1.53009e-06
2.91899e-06
3.17221e-05
4.43483e-05
4.47426e-05
1.65505e-05
5.1823e-06
5.20315e-06
2.68217e-05
4.6399e-05
4.04853e-05
1.04601e-05
8.57667e-06
3.75635e-05
2.20716e-05
8.22139e-06
8.10533e-06
3.19976e-05
5.68107e-05
5.68274e-05
3.19142e-05
5.68952e-06
4.18736e-06
2.1648e-05
5.7767e-05
5.30031e-05
2.21661e-05
7.91058e-06
1.1323e-05
4.62192e-05
3.65262e-05
1.64251e-05
1.61426e-05
2.27878e-05
1.57568e-05
1.00171e-05
1.61462e-05
2.32591e-05
5.18593e-06
5.18605e-06
1.2522e-05
2.09313e-05
4.49857e-06
3.77647e-07
3.79392e-07
3.83868e-07
1.07249e-06
2.03006e-06
2.58758e-06
1.16874e-06
1.79015e-06
3.00117e-06
3.00577e-06
1.80171e-06
6.63611e-07
5.49294e-07
5.50043e-07
3.69121e-07
3.64269e-07
3.64287e-07
3.68118e-07
1.43949e-06
7.64725e-06
1.68358e-05
2.402e-05
2.37105e-05
1.97606e-05
8.29351e-06
2.58103e-06
8.99509e-07
3.68729e-07
2.60151e-07
2.44664e-07
2.25666e-07
2.25349e-07
2.25593e-07
2.2835e-07
2.4793e-07
9.03325e-07
1.78105e-06
3.10625e-06
6.95299e-06
1.45456e-05
2.25423e-05
2.94978e-05
3.26753e-05
3.27326e-05
3.14468e-05
1.76633e-05
6.81324e-06
5.27436e-06
8.30618e-06
1.96173e-05
3.40296e-05
4.98114e-05
5.50781e-05
5.43741e-05
2.89831e-05
9.64904e-06
3.90466e-06
2.71934e-06
2.70863e-06
3.59291e-06
5.70856e-06
5.56606e-06
4.31835e-06
8.60128e-06
2.02702e-05
2.68066e-05
2.21731e-05
1.18247e-05
9.11488e-06
1.32934e-05
2.18624e-05
2.7702e-05
2.41165e-05
2.45133e-05
3.24924e-05
3.07695e-05
1.74779e-05
2.42647e-05
4.55808e-05
5.01835e-05
4.87765e-05
4.15502e-05
3.72195e-05
2.76969e-05
1.01203e-05
9.68535e-06
1.22466e-05
2.94039e-05
5.46768e-05
6.77287e-05
4.6054e-05
2.34059e-05
2.33931e-05
2.38385e-05
1.5051e-05
1.28187e-05
1.9876e-05
3.97821e-05
6.22637e-05
6.75734e-05
6.75372e-05
4.93634e-05
2.59345e-05
1.26726e-05
4.67399e-06
7.85967e-06
1.43249e-05
4.84896e-05
0.000109783
0.000112748
7.09482e-05
4.40406e-05
5.54297e-05
8.82875e-05
9.04508e-05
9.04022e-05
8.09834e-05
7.05035e-05
3.93355e-05
7.13484e-05
0.0001275
9.35329e-05
3.53697e-05
9.33783e-06
1.27338e-05
3.02665e-05
8.20466e-05
7.42032e-05
4.18704e-05
1.72704e-05
7.87402e-06
4.17999e-06
2.09463e-06
3.45801e-06
9.96802e-06
4.30945e-05
6.21985e-05
6.21975e-05
4.72023e-05
1.33413e-05
3.45615e-05
7.18853e-05
4.16034e-05
1.13232e-05
2.07392e-06
2.95217e-07
2.64736e-07
3.90714e-07
1.1097e-06
1.77017e-06
4.30951e-06
1.41802e-05
1.80337e-05
1.79463e-05
1.37912e-05
4.053e-06
8.38689e-07
8.36788e-07
8.43624e-07
8.58303e-06
1.63601e-05
1.39651e-05
4.6511e-06
5.57082e-07
5.35244e-08
5.14296e-08
1.61025e-07
4.46138e-07
4.44504e-07
1.98932e-07
5.03622e-08
4.58842e-08
6.53689e-07
6.248e-07
2.14633e-07
5.58093e-08
5.23505e-08
3.00698e-07
2.16969e-06
2.70639e-06
1.78356e-06
5.07629e-07
1.54627e-07
1.55451e-07
3.6289e-07
2.58231e-06
6.20588e-06
6.20505e-06
6.20434e-06
3.13793e-06
4.60807e-07
1.76216e-07
2.36171e-07
8.98488e-07
3.35926e-06
7.67734e-06
7.66449e-06
7.68045e-06
5.20306e-06
1.2916e-06
8.38783e-07
8.37345e-07
3.06754e-06
5.56114e-06
3.7867e-06
9.28562e-07
8.1433e-07
8.14354e-07
8.18816e-07
7.72751e-06
4.41094e-05
4.67699e-05
4.67641e-05
4.67997e-05
4.67955e-05
3.01391e-05
4.29416e-06
5.91597e-07
5.91578e-07
2.81043e-06
3.54796e-05
4.53712e-05
4.5764e-05
1.72023e-05
2.06424e-06
1.07834e-06
1.07741e-06
1.18476e-06
1.20416e-05
4.47461e-05
4.52711e-05
4.52671e-05
3.55424e-05
8.51598e-06
1.42469e-06
1.42417e-06
1.99039e-06
3.7215e-06
2.14403e-05
4.64721e-05
4.64814e-05
4.64678e-05
3.03322e-05
7.36737e-06
1.33431e-06
1.14449e-06
1.14427e-06
3.53033e-06
3.64058e-05
4.79115e-05
4.76174e-05
1.93217e-05
2.77611e-06
1.76648e-05
5.42466e-05
4.51223e-05
1.61514e-05
1.67897e-06
7.17919e-07
2.47797e-06
3.15452e-05
4.6208e-05
4.64971e-05
1.65326e-05
5.18298e-06
6.24888e-06
4.43744e-05
3.98416e-05
1.70202e-05
8.97361e-06
3.79616e-05
2.68117e-05
1.33518e-05
2.63488e-06
5.24225e-06
3.73834e-05
5.68017e-05
4.78318e-05
1.28116e-05
4.20378e-06
4.67342e-06
3.73713e-05
5.30015e-05
4.34462e-05
1.17852e-05
9.58878e-06
3.06146e-05
3.74373e-05
2.42789e-05
1.73901e-05
2.27866e-05
1.38377e-05
1.00175e-05
1.61583e-05
1.10072e-05
5.18204e-06
5.18618e-06
1.19941e-05
1.85247e-05
7.27441e-07
3.77622e-07
3.77657e-07
3.81576e-07
9.31538e-07
1.78092e-06
2.74485e-06
3.83511e-06
3.45712e-06
2.07211e-06
5.31867e-07
5.12063e-07
5.12927e-07
7.25751e-07
1.52859e-06
3.64962e-07
3.64262e-07
3.65978e-07
6.54984e-07
6.88769e-06
2.01836e-05
2.11208e-05
1.53998e-05
2.2034e-06
3.00848e-07
2.35152e-07
2.93081e-07
4.48455e-07
2.25558e-07
2.24894e-07
2.24894e-07
2.24902e-07
2.25025e-07
2.31126e-07
4.48315e-07
1.65552e-06
5.16114e-06
1.30454e-05
2.24578e-05
3.58951e-05
4.2538e-05
4.24291e-05
4.10167e-05
1.80775e-05
7.01546e-06
4.39303e-06
2.83014e-06
4.23678e-06
8.80404e-06
3.18248e-05
4.7151e-05
4.65066e-05
1.70436e-05
2.4277e-06
1.41088e-06
1.38187e-06
1.44049e-06
2.65335e-06
5.24565e-06
1.00377e-05
1.40056e-05
1.39546e-05
7.65962e-06
1.96085e-06
1.94607e-06
2.78496e-06
9.46712e-06
2.06134e-05
3.19857e-05
9.11672e-06
9.11522e-06
1.52644e-05
3.62243e-05
6.67801e-05
8.00699e-05
7.9941e-05
4.18257e-05
1.57798e-05
2.64861e-05
5.24896e-05
4.67133e-05
6.90273e-06
1.32651e-06
1.37084e-06
4.10256e-06
1.17299e-05
2.25025e-05
4.78835e-05
6.81013e-05
6.77263e-05
4.03128e-05
5.50476e-06
1.16193e-06
9.98046e-07
1.02053e-06
6.36512e-06
3.32358e-05
7.07615e-05
7.29355e-05
4.00429e-05
1.75197e-05
1.74874e-05
1.7345e-05
3.71375e-06
1.24597e-06
3.42892e-06
2.12106e-05
8.11814e-05
0.000112753
0.000112749
0.00011275
0.000109647
3.62565e-05
1.85321e-05
1.48063e-05
2.57274e-05
4.32912e-05
7.03537e-05
5.34079e-05
3.11366e-05
3.20366e-05
7.23913e-05
3.08197e-05
1.70285e-05
8.66217e-06
1.18363e-05
2.18272e-05
2.61126e-05
2.39869e-05
2.39251e-05
2.70248e-05
2.9803e-05
2.95458e-05
1.44274e-05
3.29103e-05
5.31094e-05
6.0566e-05
5.96914e-05
4.39083e-05
2.17659e-05
7.57114e-06
2.65662e-05
2.71641e-05
1.08102e-05
2.79769e-06
1.12454e-06
9.0143e-07
2.05308e-06
4.59006e-06
8.93589e-06
1.61951e-05
1.6369e-05
1.54273e-05
1.05295e-05
6.43278e-06
2.27911e-06
8.42105e-07
8.40302e-07
1.36929e-06
8.48353e-06
1.63608e-05
1.6394e-05
7.97138e-06
1.43262e-06
1.02528e-07
5.78892e-08
8.28789e-08
3.89557e-07
3.42647e-07
1.84406e-07
8.97774e-08
7.10172e-08
5.87239e-07
1.15249e-06
1.05553e-06
2.92814e-07
5.41741e-08
5.16466e-08
2.08687e-07
1.98357e-06
2.71792e-06
1.79415e-06
3.4832e-07
1.3775e-07
1.35872e-07
1.38451e-07
9.75725e-07
5.52223e-06
6.20415e-06
6.20382e-06
3.44173e-06
4.70862e-07
1.75515e-07
1.76025e-07
1.09574e-06
3.21125e-06
1.8458e-06
1.95494e-06
6.51603e-06
6.93033e-06
6.40218e-06
2.16146e-06
4.67427e-07
2.46795e-06
5.56196e-06
4.03463e-06
8.01211e-07
8.08552e-07
8.1322e-07
8.1329e-07
1.97392e-06
3.164e-05
4.67718e-05
4.67715e-05
2.92204e-05
4.63474e-06
5.9313e-07
5.85861e-07
5.85825e-07
5.8593e-07
5.8597e-07
5.86023e-07
1.19063e-06
2.53889e-05
5.79048e-05
5.79005e-05
5.79077e-05
2.27059e-05
3.39545e-06
5.5885e-07
5.2467e-07
5.26266e-07
5.23961e-07
5.19809e-07
5.19613e-07
5.48715e-07
8.33371e-06
5.41319e-05
5.87604e-05
5.50688e-05
1.73199e-05
3.82162e-06
4.49666e-06
2.74871e-05
5.93183e-05
4.0355e-05
8.99564e-06
1.14443e-06
1.1354e-06
1.13533e-06
1.59012e-05
4.79155e-05
1.91704e-05
9.01935e-06
3.40394e-05
5.41778e-05
3.01518e-05
6.12978e-06
7.31835e-07
7.16527e-07
1.32952e-06
9.07448e-06
4.38783e-05
4.70179e-05
3.17342e-05
6.59138e-06
4.83566e-06
7.11813e-06
3.36459e-05
3.63008e-05
1.48472e-05
4.35293e-05
2.69598e-05
1.14972e-05
2.35732e-06
1.35765e-06
6.75801e-06
4.67196e-05
5.36681e-05
3.03239e-05
4.97723e-06
2.24073e-06
6.12136e-06
4.19355e-05
4.84318e-05
3.3812e-05
1.05763e-05
1.76659e-05
3.51751e-05
3.09135e-05
1.83145e-05
1.68786e-05
1.47227e-05
1.2879e-05
1.14568e-05
5.48435e-06
5.18271e-06
6.45636e-06
1.73474e-05
8.07605e-06
3.77653e-07
3.77594e-07
3.7763e-07
3.80489e-07
8.13316e-07
2.8727e-06
4.4765e-06
4.28083e-06
1.21613e-06
5.12099e-07
5.121e-07
5.12282e-07
5.7633e-07
1.61111e-06
1.58151e-06
3.65372e-07
3.64731e-07
4.29671e-07
3.16963e-06
1.13067e-05
1.97766e-05
8.18355e-06
2.77376e-07
2.33839e-07
2.34059e-07
2.34232e-07
2.38089e-07
4.46693e-07
2.97894e-07
2.24895e-07
2.24896e-07
2.25029e-07
2.44489e-07
2.02396e-06
8.16327e-06
1.54578e-05
2.61007e-05
4.32607e-05
4.30401e-05
3.98018e-05
1.0368e-05
5.29968e-06
5.3261e-06
6.55783e-06
1.22519e-05
6.10233e-06
2.59755e-06
5.88269e-06
1.63139e-05
3.02687e-05
1.89729e-05
2.15192e-06
2.19515e-06
2.46212e-06
4.57572e-06
6.04122e-06
7.43387e-06
1.22215e-05
1.68657e-05
1.69049e-05
1.02161e-05
2.61668e-06
2.16273e-06
1.97034e-06
4.46096e-06
1.17764e-05
2.76852e-05
4.99027e-05
4.91201e-05
2.26493e-05
1.14601e-05
5.68578e-05
8.44532e-05
8.52027e-05
5.47859e-05
8.21612e-06
1.44752e-06
5.62767e-07
5.63229e-07
6.38774e-07
6.87427e-07
6.78119e-07
7.34544e-07
6.53902e-06
3.16916e-05
4.8511e-05
4.82084e-05
1.68321e-05
1.43558e-06
7.10711e-07
7.17446e-07
1.41408e-06
4.98824e-06
9.69265e-06
1.98046e-05
5.42515e-05
7.29367e-05
7.29347e-05
7.29389e-05
7.2937e-05
7.2657e-05
2.73839e-05
2.88182e-06
3.64273e-07
1.5655e-06
2.30684e-05
8.8765e-05
0.000112753
0.000112752
4.45413e-05
9.15765e-06
7.28518e-06
7.28684e-06
7.29351e-06
7.27398e-06
7.2731e-06
7.27453e-06
2.01147e-05
6.35833e-05
8.98253e-05
8.98112e-05
7.74849e-05
1.74187e-05
8.04771e-06
7.99446e-06
8.49128e-06
2.39985e-05
4.96643e-05
5.90061e-05
5.906e-05
4.3666e-05
1.84157e-05
1.69168e-05
4.40325e-05
4.98563e-05
5.02306e-05
2.65772e-05
1.9001e-05
1.16606e-05
6.59237e-06
4.36282e-06
8.62446e-06
7.08671e-06
2.98235e-06
2.72777e-06
5.47355e-06
9.24378e-06
1.11042e-05
1.07889e-05
1.34971e-05
9.79198e-06
8.38968e-06
4.85885e-06
3.80474e-06
3.80196e-06
4.11309e-06
8.11077e-06
1.55496e-05
1.81255e-05
1.81545e-05
1.24416e-05
6.58179e-06
1.39769e-06
1.20711e-07
7.58146e-08
6.71664e-08
1.06295e-07
3.80687e-07
3.48924e-07
3.29267e-07
1.14522e-06
3.54567e-06
2.4006e-06
1.16309e-06
4.90993e-07
9.70299e-08
5.27625e-08
5.15953e-08
1.01439e-07
1.57515e-06
2.48164e-06
1.01737e-06
1.69412e-07
1.36083e-07
1.35763e-07
1.358e-07
6.46939e-07
5.08619e-06
6.2036e-06
5.69552e-06
1.96587e-06
2.2698e-07
1.74892e-07
4.39375e-07
3.30469e-06
4.39597e-06
1.90865e-06
1.31702e-06
1.35622e-06
3.13351e-06
1.99851e-06
3.93223e-07
4.5642e-07
2.24259e-06
5.56208e-06
5.56118e-06
8.70122e-07
8.17659e-07
8.13375e-07
8.13555e-07
1.18107e-05
9.3279e-06
4.67007e-06
1.33664e-06
5.93053e-07
5.87138e-07
5.85716e-07
5.85602e-07
5.85603e-07
6.02737e-07
8.89685e-06
5.4254e-05
5.78962e-05
5.79031e-05
5.79006e-05
4.87941e-05
1.38764e-05
3.31375e-06
1.89893e-06
9.58515e-07
5.2307e-07
5.19613e-07
5.19563e-07
5.19561e-07
5.19561e-07
5.19562e-07
5.39633e-07
6.54768e-07
6.79583e-07
6.68006e-07
6.67442e-07
2.74293e-06
3.84627e-05
5.93208e-05
5.93203e-05
5.93159e-05
2.78019e-05
3.01838e-06
1.13955e-06
1.13529e-06
1.13527e-06
1.13527e-06
1.96503e-06
2.96193e-05
4.79413e-05
4.80446e-05
1.98227e-05
2.15142e-06
7.25313e-07
9.12841e-07
1.67757e-05
2.86429e-05
2.7207e-05
2.13229e-05
3.02195e-05
1.94371e-05
9.37537e-06
1.77835e-06
2.09993e-06
1.07772e-05
4.78314e-05
5.3318e-05
3.63366e-05
8.341e-06
7.80339e-07
4.61683e-07
8.67789e-07
1.39126e-05
5.37393e-05
4.36081e-05
1.8786e-05
2.69878e-06
1.32062e-06
7.91283e-06
3.77535e-05
4.35355e-05
2.71077e-05
1.64861e-05
2.46182e-05
3.21025e-05
1.41233e-05
8.01986e-06
1.91519e-05
1.73515e-05
6.15249e-06
5.55828e-06
6.0225e-06
1.37952e-05
2.28901e-05
2.4689e-06
3.77599e-07
3.77596e-07
3.77647e-07
3.81388e-07
1.14291e-06
3.75639e-06
4.47002e-06
2.76492e-06
5.12228e-07
5.12114e-07
5.12128e-07
5.15606e-07
1.33995e-06
3.0105e-06
9.55503e-07
3.68193e-07
6.17793e-07
2.99129e-06
6.8232e-06
1.04116e-05
2.10001e-06
2.33724e-07
2.33731e-07
2.33752e-07
2.34825e-07
2.97672e-07
8.38289e-07
7.928e-07
2.24898e-07
2.24896e-07
2.24938e-07
2.27705e-07
8.08016e-07
1.03611e-05
3.22801e-05
3.42813e-05
2.61845e-05
2.10534e-06
1.47937e-06
1.93078e-06
5.36926e-06
1.19484e-05
1.91306e-05
1.88995e-05
1.54868e-05
3.67955e-06
2.61104e-06
2.60722e-06
4.96938e-06
9.48305e-06
1.35726e-05
3.78862e-06
3.03291e-06
1.34404e-05
1.5104e-05
1.41446e-05
3.01172e-06
1.26599e-06
1.31724e-06
5.88938e-06
1.24823e-05
2.03799e-05
1.91434e-05
5.8525e-06
1.99873e-05
5.16684e-05
6.26953e-05
6.10116e-05
1.71476e-05
3.88329e-06
3.48969e-06
3.4484e-06
3.29769e-06
6.321e-06
1.54541e-05
1.43113e-05
2.04733e-06
5.63194e-07
5.63657e-07
1.0272e-06
4.18405e-06
6.84833e-06
8.41814e-06
1.20461e-05
2.47776e-05
3.09474e-05
3.00449e-06
3.22255e-06
4.78742e-06
1.0496e-05
1.38575e-05
2.17217e-05
5.2942e-05
7.20728e-05
7.20749e-05
7.20745e-05
6.3883e-05
7.29368e-05
6.65381e-05
1.26876e-05
1.53052e-06
3.42115e-07
3.41955e-07
3.43685e-07
6.53822e-07
2.74164e-06
5.24955e-06
8.54614e-06
2.38627e-05
6.21662e-05
6.79063e-05
6.79134e-05
6.79063e-05
6.60741e-05
1.95633e-05
9.42208e-06
5.93651e-05
8.99138e-05
8.9967e-05
8.44621e-05
2.10616e-05
6.29003e-06
2.36109e-06
1.22605e-05
4.17559e-05
5.60494e-05
5.58729e-05
5.49269e-05
2.06598e-05
1.14879e-05
6.45196e-06
3.49513e-06
7.09384e-06
1.91906e-05
3.44292e-05
4.85077e-05
8.26159e-06
3.76061e-06
2.37467e-06
2.52091e-06
4.39584e-06
9.61042e-06
2.00262e-05
2.30017e-05
5.62955e-06
5.552e-06
6.86358e-06
1.31866e-05
2.28778e-05
1.55824e-05
9.71033e-06
1.75536e-05
2.25441e-05
2.26412e-05
2.16623e-05
2.24252e-05
2.23443e-05
2.01823e-05
1.45022e-05
8.18993e-06
2.84102e-06
5.466e-07
9.26601e-08
8.04347e-08
8.3596e-08
1.2981e-07
3.27232e-07
7.77279e-07
1.9482e-06
6.43548e-06
7.16528e-06
5.20398e-06
1.70568e-06
4.25679e-07
7.39626e-08
5.53708e-08
5.1609e-08
5.23729e-08
6.83184e-08
7.72973e-07
2.65272e-06
1.21616e-06
2.1061e-07
1.364e-07
1.35762e-07
1.35759e-07
4.72785e-07
4.62839e-06
6.00521e-06
2.4444e-06
3.50431e-07
1.753e-07
1.75024e-07
8.47092e-07
4.12969e-06
4.39772e-06
4.39588e-06
3.1823e-06
8.1344e-07
1.52818e-07
1.19016e-07
1.17272e-07
1.1789e-07
1.8239e-07
1.06864e-06
5.12571e-06
4.77582e-06
2.36829e-05
2.76208e-05
2.75753e-05
2.762e-05
2.7575e-05
2.33528e-05
6.48293e-06
6.47011e-07
5.859e-07
5.85803e-07
1.65959e-06
2.23503e-05
3.27302e-05
3.28951e-05
1.22471e-05
2.30016e-06
1.3526e-06
1.36834e-06
4.28084e-06
3.93354e-06
1.87367e-06
5.41018e-07
5.34879e-07
5.3632e-07
5.20679e-07
5.19584e-07
5.19965e-07
5.20355e-07
5.20501e-07
5.20789e-07
5.20839e-07
5.20889e-07
7.45827e-07
1.26619e-05
5.77296e-05
5.93187e-05
5.93206e-05
5.74706e-05
2.04197e-05
1.95737e-06
1.13784e-06
1.29611e-06
1.25403e-06
1.14083e-06
1.13531e-06
1.13534e-06
4.47568e-06
4.08495e-05
4.84924e-05
3.75397e-05
8.69353e-06
7.74177e-07
7.09544e-07
7.10354e-07
1.01258e-06
1.28629e-05
3.45904e-05
3.46234e-05
2.36888e-05
4.54685e-06
6.27648e-07
6.21251e-07
9.33347e-07
1.87991e-05
5.33237e-05
4.95842e-05
2.07864e-05
2.59691e-06
4.60369e-07
4.55163e-07
7.05076e-07
1.18899e-05
4.76637e-05
4.99442e-05
1.52527e-05
1.42162e-06
9.38407e-07
8.51727e-06
3.8463e-05
4.10794e-05
2.19835e-05
2.07539e-05
3.2063e-05
1.29942e-05
6.84376e-06
1.89475e-05
1.89467e-05
1.43772e-05
5.63578e-06
7.84574e-06
1.86237e-05
2.36937e-05
2.81073e-06
3.79185e-07
3.77982e-07
3.77775e-07
3.81699e-07
1.02812e-06
3.62955e-06
4.4778e-06
2.4573e-06
5.1294e-07
5.12115e-07
5.12844e-07
6.07829e-07
2.4534e-06
4.00789e-06
9.23012e-07
8.05725e-07
5.08775e-06
6.8971e-06
4.59643e-06
3.83993e-07
2.33841e-07
2.33763e-07
2.34223e-07
2.35921e-07
3.49132e-07
1.40259e-06
2.16283e-06
5.30478e-07
2.2497e-07
2.24897e-07
2.24916e-07
2.2629e-07
4.02734e-07
4.14489e-06
1.50561e-05
2.47355e-05
1.76595e-06
2.99013e-07
3.21148e-06
1.36988e-05
1.72244e-05
1.56796e-05
1.93046e-06
6.29126e-07
9.10449e-07
5.54834e-06
1.58949e-05
2.07805e-05
2.06935e-05
1.56399e-05
2.36753e-06
3.86122e-07
3.58573e-07
3.5136e-07
5.35505e-07
7.78088e-07
9.4007e-07
3.3357e-06
1.84837e-05
4.29412e-05
4.29437e-05
4.16073e-05
9.76771e-06
4.6004e-07
1.2176e-07
1.43131e-07
3.33636e-07
1.00718e-06
2.98086e-06
1.02116e-05
1.74443e-05
1.05763e-05
2.79515e-06
1.72907e-06
6.68205e-06
1.02269e-05
1.12651e-06
1.00783e-06
5.65658e-06
1.97608e-05
3.73534e-05
3.70012e-05
2.27839e-05
1.39562e-06
3.11631e-07
3.13537e-07
1.38116e-06
1.63834e-05
5.16634e-05
5.9537e-05
5.9523e-05
1.74869e-05
6.28791e-07
1.7649e-07
1.77646e-07
2.09583e-07
3.54338e-06
2.34723e-05
5.15349e-05
1.5683e-05
1.88794e-06
3.66851e-07
3.44674e-07
3.22889e-06
2.57465e-05
6.50282e-05
6.585e-05
6.58486e-05
5.75465e-05
8.88065e-06
1.22523e-06
7.8434e-07
1.4908e-06
1.16915e-05
5.44249e-05
8.23081e-05
8.28648e-05
5.72781e-05
7.56734e-06
2.83231e-06
8.73678e-07
6.28928e-07
6.32079e-07
4.02382e-06
2.25308e-05
5.12925e-05
5.51465e-05
1.09208e-05
2.77775e-06
2.83501e-06
2.86214e-06
3.69784e-06
1.7891e-05
3.94052e-05
3.98696e-05
2.72498e-05
2.81891e-06
1.1963e-06
2.1248e-06
1.0474e-05
2.84379e-05
3.57672e-05
3.57668e-05
2.99828e-05
7.07212e-06
5.60642e-06
8.61327e-06
2.48979e-05
2.94533e-05
2.9453e-05
2.44369e-05
1.28875e-05
1.31194e-05
2.2735e-05
1.48486e-05
1.22602e-05
9.58918e-06
5.25995e-06
2.6065e-06
1.21002e-06
5.32231e-07
4.67716e-07
1.45111e-06
2.43188e-06
5.87882e-06
8.12194e-06
1.07279e-05
1.27842e-05
1.29045e-05
9.3186e-06
5.63218e-06
2.14825e-06
3.51598e-07
6.58574e-08
5.58584e-08
5.19371e-08
5.11664e-08
6.24662e-08
3.58729e-07
3.57327e-06
2.72794e-06
9.96884e-07
1.62008e-07
1.3602e-07
1.35759e-07
1.35756e-07
3.57436e-07
2.98489e-06
2.09795e-06
4.67184e-07
1.75083e-07
1.75382e-07
3.34562e-07
2.88965e-06
4.40541e-06
4.39881e-06
4.39771e-06
3.69547e-06
1.02701e-06
1.25005e-07
1.16802e-07
1.1679e-07
7.18459e-07
5.15345e-06
5.17917e-06
1.73604e-06
1.54501e-06
1.55295e-06
5.13923e-06
6.19534e-06
3.08334e-06
1.08639e-06
5.96781e-07
5.89514e-07
5.87851e-07
5.85902e-07
5.85867e-07
5.86446e-07
2.34754e-06
2.55925e-05
3.84067e-05
3.8466e-05
3.84046e-05
3.59176e-05
1.22235e-05
1.27542e-06
9.57686e-07
4.88939e-06
1.03978e-05
9.91552e-06
4.17066e-06
6.3375e-07
5.19989e-07
5.70429e-07
5.96968e-06
2.43869e-05
2.48945e-05
2.49363e-05
2.0448e-05
3.75608e-06
3.30932e-06
2.87435e-05
2.01336e-05
7.00855e-06
1.38937e-06
1.1376e-06
1.13611e-06
1.1363e-06
8.43311e-06
4.07359e-05
3.3522e-05
1.29996e-05
1.69575e-06
1.17103e-06
1.83461e-06
1.69698e-06
7.65588e-07
7.01334e-07
7.01277e-07
2.12318e-06
2.8809e-05
4.17646e-05
4.14249e-05
2.04939e-05
2.46004e-06
6.25938e-07
6.21285e-07
6.21231e-07
6.21218e-07
6.2123e-07
2.98459e-06
4.08161e-05
4.94059e-05
2.03382e-05
2.90576e-06
4.60545e-07
4.55135e-07
4.55136e-07
8.11571e-07
1.70002e-05
7.66182e-05
3.5874e-05
5.50291e-06
8.01439e-07
7.95904e-07
2.87842e-06
2.80337e-05
3.91211e-05
3.1228e-05
2.15317e-05
1.75066e-05
6.56159e-06
4.98031e-06
1.74695e-05
2.28298e-05
7.67596e-06
7.11101e-06
2.15326e-05
2.37076e-05
1.06765e-05
1.47151e-06
6.5479e-07
4.18782e-07
3.83054e-07
4.33507e-07
2.02822e-06
4.43994e-06
3.81747e-06
1.27431e-06
5.14388e-07
5.1312e-07
6.61439e-07
2.80677e-06
4.05596e-06
2.57519e-06
9.68694e-07
5.31925e-06
6.94414e-06
4.33897e-06
5.21839e-07
2.34881e-07
2.3421e-07
2.9794e-07
1.20926e-06
2.32556e-06
2.2101e-06
2.17042e-06
8.54349e-07
2.41224e-07
2.25231e-07
2.24948e-07
2.28438e-07
9.47387e-07
4.61428e-06
8.7982e-06
1.18217e-06
2.25802e-07
2.25793e-07
2.29813e-07
1.52012e-06
5.76771e-06
8.93524e-06
8.77631e-07
1.00581e-06
1.18579e-05
2.26145e-05
2.32546e-05
1.3147e-05
3.32791e-07
1.07037e-07
1.07198e-07
2.07461e-07
1.83209e-06
5.65608e-06
1.04213e-05
1.26754e-05
2.21797e-06
1.02981e-05
2.79198e-05
4.09182e-05
1.86655e-05
3.61046e-07
1.19283e-07
1.1523e-07
1.51856e-07
8.71968e-07
2.35691e-06
3.90911e-06
9.49128e-06
1.74451e-05
1.7228e-05
1.74455e-05
6.96701e-06
4.53309e-07
1.24988e-07
4.05965e-07
7.66194e-06
3.1054e-05
3.76715e-05
3.76318e-05
3.57658e-05
5.81309e-06
3.45368e-07
3.10781e-07
3.10704e-07
3.11589e-07
3.11041e-07
3.63523e-07
5.06319e-06
2.79357e-05
5.89355e-05
1.28743e-05
3.48492e-07
1.76469e-07
1.76565e-07
1.8578e-07
7.61575e-07
2.78225e-06
9.82717e-06
2.18771e-05
8.3794e-06
1.68969e-06
7.75347e-06
4.45913e-05
6.58487e-05
6.58506e-05
5.83998e-05
8.18616e-06
7.55048e-07
5.37783e-07
5.37766e-07
5.38705e-07
8.8483e-07
9.03253e-06
3.10388e-05
4.69516e-05
4.04518e-06
8.60811e-07
4.59147e-07
4.51512e-07
1.26019e-06
1.25172e-05
3.54344e-05
3.95606e-05
2.87022e-05
5.49441e-06
2.82341e-06
1.15665e-06
2.15583e-06
1.09575e-05
3.29863e-05
3.98684e-05
3.98678e-05
3.98698e-05
3.98689e-05
2.11011e-05
2.23668e-06
1.19614e-06
9.48751e-06
3.09707e-05
3.57663e-05
3.57666e-05
2.90831e-05
7.03427e-06
6.50406e-06
6.95119e-06
2.3674e-05
2.94685e-05
2.94681e-05
2.18438e-05
6.38605e-06
3.48869e-06
3.087e-06
4.63816e-06
2.69158e-06
2.70663e-06
4.95141e-06
1.18626e-05
1.90232e-05
1.01137e-05
4.22594e-06
2.24714e-06
8.75352e-06
1.53372e-05
1.6239e-05
1.62929e-05
1.38297e-05
1.00263e-05
6.84601e-06
3.18752e-06
8.83546e-07
2.04262e-07
6.64855e-08
6.32576e-08
8.58163e-08
1.63205e-07
6.91606e-07
2.71614e-06
4.65109e-06
4.63792e-06
2.43163e-06
4.71655e-07
1.37455e-07
1.35789e-07
1.35754e-07
1.35754e-07
2.54829e-07
4.55106e-07
2.76991e-07
1.74817e-07
1.73587e-07
2.34257e-07
1.83699e-06
4.40708e-06
4.40561e-06
3.41755e-06
1.14367e-06
2.6793e-07
1.1818e-07
1.1679e-07
1.17623e-07
1.78835e-07
1.68883e-06
5.5226e-06
5.57144e-06
3.70168e-06
1.25256e-05
2.20919e-06
1.03035e-06
1.02415e-06
1.02474e-06
9.30203e-06
2.18685e-05
9.10749e-06
1.4085e-06
5.89276e-07
6.74695e-07
5.31812e-06
1.12872e-05
9.24298e-06
3.16815e-06
1.69557e-06
1.58489e-06
1.0118e-06
7.83714e-07
7.79385e-07
4.83126e-06
1.04008e-05
1.03995e-05
9.85021e-06
3.35976e-06
5.32095e-07
5.25793e-07
7.59213e-06
1.78681e-05
1.7289e-05
5.75647e-06
1.19994e-06
6.91154e-07
6.91036e-07
1.05032e-06
2.76178e-06
1.44091e-06
1.13771e-06
1.13548e-06
1.13553e-06
3.49739e-06
3.09244e-05
4.07323e-05
4.0733e-05
3.06906e-05
6.71852e-06
1.17498e-06
1.1709e-06
5.84582e-06
1.78071e-05
1.78949e-05
1.39385e-05
3.0515e-06
2.04938e-06
6.8653e-06
4.22852e-06
1.31624e-06
6.30366e-07
6.25639e-07
6.25689e-07
4.37265e-06
3.0078e-05
3.38307e-05
3.20518e-05
1.09881e-05
1.08546e-06
4.67307e-07
4.64006e-07
4.60027e-07
4.55934e-07
4.55106e-07
4.55104e-07
1.02561e-06
1.77919e-05
7.66124e-05
6.59151e-05
2.72198e-05
3.69807e-06
7.97188e-07
7.92273e-07
9.31012e-07
1.5655e-05
3.92776e-05
3.26144e-05
1.11036e-05
4.02557e-06
4.01987e-06
4.01987e-06
2.28141e-05
1.75396e-05
7.1081e-06
7.1087e-06
1.44504e-05
1.66695e-05
6.12946e-06
8.29915e-06
1.97944e-05
3.44435e-06
3.87804e-07
3.87902e-07
5.14686e-07
2.673e-06
4.45676e-06
4.04413e-06
8.49625e-07
6.17682e-07
1.50186e-06
4.0923e-06
4.82616e-06
4.49021e-07
4.55597e-07
2.99715e-06
6.56956e-06
8.85515e-06
6.6108e-07
2.38345e-07
1.62164e-06
4.62545e-06
7.01845e-06
1.73728e-06
1.70833e-06
2.52264e-06
3.8553e-06
3.74319e-07
2.26217e-07
2.31429e-07
7.6517e-07
3.878e-06
7.21449e-06
9.38104e-07
2.2597e-07
2.25817e-07
2.28735e-07
6.35386e-07
1.39964e-06
1.0891e-06
2.33472e-07
2.33291e-07
8.55059e-07
6.23452e-06
1.58514e-05
1.60464e-05
2.53223e-07
1.09582e-07
1.1191e-07
2.23068e-06
1.54935e-05
2.72353e-05
2.75401e-05
1.19698e-05
2.34239e-07
6.03652e-08
6.02272e-08
6.04806e-08
6.16102e-08
6.46053e-08
4.18773e-07
1.93529e-06
6.1618e-06
1.86766e-05
2.32678e-05
2.32679e-05
2.32672e-05
1.00192e-05
4.98862e-07
9.59429e-08
9.45906e-08
9.50997e-08
1.89597e-07
5.49636e-06
2.81622e-05
3.76716e-05
3.76546e-05
3.74374e-05
9.11014e-06
4.83769e-07
3.12344e-07
3.11564e-07
3.83781e-07
4.32764e-07
3.11027e-07
3.13987e-07
2.84212e-06
1.50872e-05
3.30553e-05
9.81068e-06
1.79037e-07
1.76556e-07
1.88051e-07
3.11313e-06
1.88305e-05
3.12704e-05
3.08989e-05
2.3659e-05
3.36539e-06
1.65602e-06
1.61317e-06
1.57362e-06
6.23627e-06
2.85329e-05
5.25173e-05
5.18464e-05
1.23653e-05
6.90287e-07
5.38911e-07
5.45889e-07
1.26058e-06
1.8731e-06
1.77042e-06
5.07679e-07
4.36597e-07
4.3772e-07
2.50468e-06
1.98825e-05
3.98045e-05
3.98081e-05
3.95602e-05
3.95628e-05
3.80695e-05
8.34132e-06
1.39891e-06
8.72927e-07
7.81321e-06
3.19325e-05
3.98677e-05
3.98677e-05
3.98698e-05
3.97939e-05
1.28189e-05
1.94406e-06
1.19039e-06
1.19008e-06
1.34285e-06
4.89735e-06
1.18819e-05
2.66781e-05
3.28282e-05
3.26016e-05
3.28184e-05
2.18904e-05
1.20844e-05
7.74187e-06
5.61023e-06
2.48553e-06
8.55825e-07
5.75571e-07
1.06746e-06
4.0152e-06
1.17878e-05
1.93641e-05
1.93391e-05
1.9363e-05
1.88296e-05
6.29589e-06
2.07325e-06
3.67064e-06
1.21741e-05
1.53491e-05
8.35896e-06
5.25457e-06
3.71865e-06
2.64168e-06
1.98304e-06
1.39104e-06
1.0565e-06
9.02585e-07
8.86708e-07
1.47842e-06
2.5774e-06
3.96212e-06
5.99004e-06
6.00688e-06
4.51385e-06
2.51066e-06
7.19144e-07
1.42243e-07
1.36263e-07
1.35801e-07
1.362e-07
1.38584e-07
1.43089e-07
1.43694e-07
1.44018e-07
3.35574e-07
2.18251e-06
5.68952e-06
3.50456e-06
1.45054e-06
5.26516e-07
3.23119e-07
3.16892e-07
1.03205e-06
5.94876e-06
6.84234e-06
6.81911e-06
3.14517e-06
1.27815e-06
1.49412e-06
2.23342e-06
8.7854e-06
1.10595e-05
1.35672e-05
1.38027e-05
1.3867e-05
3.53336e-05
3.95786e-05
2.91079e-05
1.00474e-05
1.63685e-06
3.70383e-06
7.54791e-06
6.24258e-06
2.12325e-06
1.08371e-06
1.04558e-06
6.34674e-06
8.49555e-06
8.27037e-06
3.11225e-06
1.08941e-06
1.14482e-06
1.24445e-06
1.10325e-06
1.10394e-06
6.83984e-06
2.9919e-05
3.11588e-05
3.07249e-05
1.19398e-05
1.44958e-06
8.22489e-07
8.23008e-07
2.31204e-06
2.03252e-05
1.53444e-05
6.66478e-06
2.87708e-06
1.14128e-06
1.53804e-06
5.00731e-06
4.49017e-06
4.27159e-06
4.75207e-06
2.12514e-05
3.3389e-05
3.33435e-05
2.43872e-05
7.16951e-06
2.22918e-06
1.5834e-06
1.06943e-06
8.03611e-07
8.03248e-07
4.67657e-06
2.23784e-05
2.36319e-05
1.89654e-05
5.01141e-06
6.31384e-07
1.59633e-06
5.89533e-06
4.30673e-06
1.87921e-06
1.02666e-06
1.02641e-06
3.89408e-06
2.66724e-06
7.6322e-07
4.57525e-07
4.55165e-07
4.55119e-07
9.51413e-07
1.61856e-05
7.2651e-05
7.66132e-05
6.23796e-05
1.66142e-05
1.27003e-06
7.94362e-07
7.93009e-07
2.26178e-06
2.44273e-05
3.93621e-05
2.33732e-05
4.74026e-06
4.02592e-06
1.38698e-05
2.08917e-05
1.8373e-05
6.68954e-06
6.37699e-06
9.20574e-06
1.54483e-05
1.22407e-05
6.21816e-06
1.31901e-05
3.23125e-05
1.40685e-05
2.63856e-06
3.89796e-07
3.92187e-07
5.06611e-07
2.53752e-06
4.55973e-06
4.57824e-06
3.38346e-06
1.4882e-06
5.56803e-06
7.54602e-06
4.96567e-07
4.22985e-07
5.13012e-07
3.55976e-06
9.73638e-06
1.28703e-05
9.8352e-07
9.84569e-07
3.9604e-06
9.09877e-06
1.27444e-05
2.69355e-06
2.47922e-06
7.11584e-06
1.12292e-05
8.74156e-07
3.71083e-07
6.86786e-07
3.97561e-06
8.37456e-06
7.72915e-06
3.32481e-07
2.27996e-07
6.8755e-07
2.39835e-06
3.17576e-06
2.35703e-07
2.31657e-07
2.31568e-07
2.34734e-07
1.15471e-06
4.30424e-06
6.68926e-06
4.68763e-07
1.1234e-07
1.13669e-07
5.15938e-07
4.6567e-06
1.62632e-05
2.57243e-05
1.47729e-06
2.55585e-07
7.22314e-08
6.15983e-08
6.08355e-08
6.38149e-08
3.50296e-07
5.91061e-06
2.0006e-05
2.32679e-05
2.32675e-05
2.28586e-05
4.48494e-06
1.30674e-06
1.26619e-06
1.44939e-06
6.3976e-07
1.53672e-07
9.6806e-08
1.15946e-06
1.29208e-05
3.57197e-05
3.76314e-05
3.37033e-05
3.78856e-06
3.90804e-07
4.2017e-07
6.21706e-07
2.22249e-06
2.7879e-06
5.54473e-07
3.1168e-07
7.23748e-07
5.57402e-06
1.31083e-05
1.57818e-05
2.77961e-07
1.81666e-07
1.79269e-07
5.01765e-07
1.11567e-06
1.35321e-06
4.2541e-07
1.34947e-06
1.05773e-05
2.79618e-05
2.84916e-05
2.78841e-05
7.35867e-06
2.7619e-06
2.80562e-06
2.96322e-06
9.35675e-06
1.85941e-05
7.05688e-06
1.02475e-06
1.36187e-05
3.90592e-05
4.10724e-05
4.10282e-05
4.10727e-05
3.25995e-05
3.22503e-06
2.80132e-07
1.4969e-07
1.47195e-06
1.34327e-05
3.77743e-05
3.95603e-05
3.95628e-05
3.59229e-05
5.45024e-06
5.31365e-07
3.82232e-07
1.45337e-06
7.38469e-06
2.31592e-05
3.90666e-05
4.94825e-06
1.25168e-06
1.26121e-06
1.84601e-06
1.20923e-05
2.79986e-05
2.82865e-05
2.82888e-05
2.82886e-05
1.15877e-05
4.89164e-06
4.12674e-06
4.10783e-06
5.21394e-06
1.22255e-05
1.33031e-05
1.3016e-05
3.58833e-06
5.22742e-07
4.43366e-07
5.94957e-06
1.76812e-05
1.93388e-05
1.77234e-05
4.80253e-06
2.76758e-06
1.93552e-06
1.94094e-06
3.54777e-06
1.07413e-05
1.33541e-05
1.27981e-06
5.05237e-07
4.4567e-07
6.16641e-07
2.98683e-06
8.93084e-06
1.43217e-05
1.23712e-05
5.19297e-06
4.20707e-06
4.25925e-06
4.23679e-06
2.72822e-06
2.30375e-06
1.1633e-06
4.79e-07
3.67694e-07
3.37715e-07
4.4698e-07
3.76714e-07
2.47179e-07
2.36806e-07
2.78e-07
3.03695e-07
4.28803e-07
1.36291e-06
8.48833e-06
1.18359e-05
1.18189e-05
1.1015e-05
4.33821e-06
8.15292e-07
1.14272e-07
9.91941e-08
1.19945e-07
1.05287e-07
7.78997e-08
9.4055e-08
1.03632e-06
1.86011e-05
2.95459e-05
2.95443e-05
0.000145843
0.000137797
2.77174e-05
2.40781e-06
1.16818e-06
1.16377e-06
1.61344e-06
2.70285e-06
2.25545e-06
1.99568e-06
4.85622e-06
7.43075e-06
7.40513e-06
4.82271e-06
8.24768e-07
8.21848e-07
8.22075e-07
9.21289e-07
5.93242e-06
2.24802e-05
2.95403e-05
2.95615e-05
1.75182e-05
2.15583e-06
1.52901e-06
1.608e-06
2.16331e-06
1.09858e-06
7.27807e-07
7.1977e-07
3.05832e-06
2.04594e-05
4.38859e-05
4.3941e-05
4.1322e-05
9.18344e-06
1.57195e-06
1.14289e-06
1.82652e-06
9.22676e-06
2.60552e-05
2.69999e-05
1.86767e-05
3.44362e-06
2.6119e-06
2.11523e-06
1.51078e-06
1.35104e-06
1.54121e-06
4.8407e-06
1.50419e-05
3.13674e-05
3.64166e-05
9.65451e-06
3.78616e-06
2.54373e-06
2.27967e-06
2.76583e-06
3.15033e-06
1.73249e-06
1.74349e-06
2.64138e-06
2.3725e-05
5.01099e-05
4.96767e-05
1.91904e-05
2.7786e-06
2.28314e-06
3.56058e-06
3.37382e-06
5.10102e-06
1.88128e-05
4.58945e-05
3.09761e-05
1.29948e-05
1.06933e-05
1.78875e-05
1.10967e-05
4.74123e-06
2.02529e-05
2.8138e-05
1.55596e-05
1.26276e-05
2.34624e-05
2.35166e-05
2.34634e-05
1.79315e-05
1.0913e-05
7.25794e-06
7.27393e-06
2.01784e-05
3.23063e-05
1.10182e-05
1.10177e-05
1.63036e-05
3.23111e-05
3.23053e-05
1.39231e-05
2.01379e-06
4.61703e-07
4.24682e-07
4.27806e-07
8.74725e-07
2.64648e-06
3.79286e-06
3.73951e-06
5.49851e-06
7.94241e-06
7.80883e-06
2.0715e-06
4.23375e-07
7.35082e-07
6.71455e-06
1.53878e-05
1.53735e-05
1.29661e-05
2.17277e-06
1.78911e-06
3.9243e-06
1.29242e-05
1.30107e-05
1.13111e-05
7.14404e-06
1.79707e-05
1.7862e-05
1.03481e-05
1.99507e-06
2.00262e-06
8.75941e-06
1.96164e-05
5.99679e-06
1.32622e-06
2.70798e-06
8.96535e-06
9.6844e-06
2.87278e-06
6.02479e-07
4.02527e-07
3.94439e-07
1.65958e-06
3.29228e-06
3.31159e-06
8.33995e-07
6.86583e-07
1.35777e-06
3.92455e-07
3.76306e-07
1.04891e-06
4.81241e-06
6.42409e-06
4.80896e-06
7.0416e-07
2.95331e-07
1.70154e-07
6.55519e-08
6.62646e-08
6.95815e-08
7.71048e-07
6.65925e-06
1.73626e-05
2.32705e-05
3.08635e-06
1.39976e-06
2.12656e-06
8.21797e-06
8.98288e-06
8.44507e-07
9.32782e-08
9.34681e-08
1.54751e-07
2.31924e-06
1.18907e-05
2.39158e-05
8.00322e-06
1.11953e-06
2.27427e-06
7.19178e-06
7.43196e-06
1.99779e-06
3.15863e-07
3.14455e-07
1.02702e-06
4.09514e-06
6.68963e-06
1.10006e-06
6.67213e-07
1.99133e-06
3.72058e-06
3.63207e-06
1.44714e-06
2.88799e-07
3.3683e-07
2.14874e-06
3.92791e-06
4.20938e-06
4.99554e-06
1.68598e-05
5.03811e-05
5.78544e-05
5.8082e-05
5.73265e-05
5.75589e-05
4.69246e-05
4.22224e-06
1.64088e-07
2.9492e-08
6.41487e-08
4.71997e-07
1.11637e-06
1.41339e-06
9.8005e-07
1.81952e-07
5.55119e-08
5.53341e-08
5.56195e-08
7.27451e-08
1.40782e-06
1.15721e-05
3.29158e-05
3.95645e-05
1.29305e-05
3.84104e-07
3.806e-07
3.81151e-07
7.39365e-07
7.43307e-06
2.06993e-05
3.15424e-05
2.97948e-05
2.97611e-05
2.95892e-05
2.86521e-05
7.70404e-06
2.60454e-06
1.85697e-06
1.63121e-06
1.47615e-06
6.55292e-06
1.57653e-05
1.63906e-05
1.63462e-05
1.36065e-05
2.57951e-06
1.00128e-06
4.21478e-07
1.77997e-07
1.8122e-07
5.61971e-07
2.67215e-06
7.13579e-06
1.23695e-05
1.2141e-05
1.18559e-05
1.08585e-05
5.46257e-06
2.1232e-06
1.74818e-06
1.40438e-06
3.7805e-07
3.86306e-07
4.65994e-07
3.68794e-06
1.19254e-05
1.43211e-05
1.43209e-05
1.43211e-05
1.4321e-05
1.09674e-05
3.09055e-06
1.54131e-06
8.84557e-07
5.69481e-07
4.5582e-07
4.55699e-07
5.08586e-07
7.05407e-07
6.55889e-07
8.52922e-07
1.85403e-06
4.98717e-06
9.0547e-06
9.07047e-06
8.61408e-06
4.65127e-06
3.24577e-06
1.91648e-06
9.28394e-07
4.30623e-07
1.99544e-07
8.97529e-08
3.43173e-08
1.03009e-08
2.95416e-09
8.78708e-10
2.42851e-10
5.69542e-11
1.06941e-11
1.45061e-12
1.297e-13
5.71617e-15
3.69897e-06
1.78593e-06
1.81912e-06
6.75999e-06
2.96555e-05
3.87341e-05
3.87077e-05
2.7916e-05
2.85344e-06
1.1411e-06
1.13837e-06
1.2127e-06
1.11053e-06
1.32283e-06
9.82543e-06
2.24209e-05
2.23117e-05
2.03697e-05
4.02302e-06
2.45038e-06
2.62475e-06
1.74555e-05
4.86944e-05
5.05983e-05
5.06261e-05
5.06043e-05
5.0561e-05
1.62889e-05
9.65724e-07
1.07379e-07
9.2269e-08
8.01795e-08
5.56526e-07
1.15713e-05
5.04624e-05
6.57888e-05
6.57949e-05
6.57972e-05
4.44845e-05
4.26641e-06
8.73886e-07
8.64928e-07
1.27408e-06
2.58955e-06
3.38402e-06
2.44963e-06
1.5036e-06
5.08012e-06
3.25195e-05
7.28035e-05
7.29622e-05
6.79319e-05
1.31409e-05
1.70996e-06
1.70933e-06
1.71271e-06
1.71459e-06
1.70222e-06
1.70736e-06
9.95947e-06
3.96384e-05
5.28736e-05
5.29812e-05
3.46061e-05
3.41585e-06
5.93515e-07
1.82395e-07
1.93267e-07
1.14911e-06
5.45794e-06
2.00913e-05
3.12214e-05
2.71549e-05
1.00287e-05
1.58704e-05
4.75762e-05
4.94328e-05
4.94281e-05
4.94346e-05
3.56645e-05
8.4513e-06
4.29526e-06
3.34913e-06
7.69958e-06
3.95614e-06
3.90148e-06
3.93484e-06
1.18158e-05
2.85177e-05
3.50325e-05
3.5035e-05
3.5031e-05
3.49235e-05
1.80287e-05
1.35242e-05
1.32355e-05
8.99713e-06
4.19867e-06
1.45668e-06
8.09364e-07
5.47465e-07
4.42545e-07
2.37172e-06
1.09022e-05
2.64521e-05
1.14988e-05
2.16342e-06
2.1553e-06
3.63049e-06
4.8875e-06
4.88349e-06
3.11092e-06
1.3624e-06
2.99001e-06
1.08051e-05
1.55655e-05
1.526e-05
4.53426e-06
9.69574e-07
9.69907e-07
2.18025e-06
1.48618e-05
2.6784e-05
2.68429e-05
1.39363e-05
5.13774e-06
6.43286e-06
2.64837e-05
3.58063e-05
3.52366e-05
1.18999e-05
6.73548e-06
3.1666e-05
5.18515e-05
9.57686e-06
7.4074e-06
2.2656e-05
2.42798e-05
1.91658e-06
1.57087e-06
3.3018e-06
1.28811e-05
1.91233e-05
2.77648e-06
1.48067e-06
1.46954e-06
2.29558e-06
2.1175e-06
7.90724e-07
5.07493e-07
5.22117e-07
2.46455e-06
4.85937e-06
4.70506e-06
7.38436e-07
9.33346e-08
7.00148e-08
1.41838e-07
9.95682e-07
2.54032e-06
2.91945e-06
1.33922e-06
1.98158e-06
8.39344e-06
9.89166e-06
8.04683e-06
6.57971e-07
9.39469e-08
9.29085e-08
9.58844e-08
3.93623e-07
1.62302e-06
2.69346e-06
2.69561e-06
5.56556e-06
9.3672e-06
9.33352e-06
4.64328e-06
4.08282e-07
3.39968e-07
3.49305e-07
4.27881e-07
4.24398e-07
1.85821e-06
6.98165e-06
8.87129e-06
9.12062e-06
2.5618e-06
4.50461e-08
2.87646e-08
2.24385e-07
6.84165e-06
3.23294e-05
4.27395e-05
4.28513e-05
4.01798e-05
5.91799e-06
3.5132e-07
1.88955e-07
1.42732e-07
1.33289e-07
2.46491e-07
3.20493e-07
3.23842e-07
1.39692e-07
1.55374e-08
1.62571e-08
1.70048e-08
1.81829e-08
1.84758e-08
4.50668e-08
4.39512e-07
1.10341e-06
1.32544e-06
8.8854e-07
4.32101e-07
1.59448e-06
1.52616e-05
3.95659e-05
3.95593e-05
3.95635e-05
3.95592e-05
2.53811e-05
1.66839e-06
2.66288e-07
2.16849e-07
9.01673e-07
1.3827e-06
1.70417e-06
7.65958e-06
2.3417e-05
2.92337e-05
1.2162e-05
5.83815e-07
3.28614e-08
2.20524e-08
4.71354e-08
8.32213e-07
4.63126e-06
1.12255e-05
1.33831e-05
6.1108e-07
1.21272e-07
7.79323e-08
6.22362e-08
1.39087e-07
1.70327e-06
7.41859e-06
1.16709e-05
1.18557e-05
1.21419e-05
8.17148e-06
1.96984e-06
9.9422e-07
5.68617e-07
1.80997e-07
7.09338e-08
7.51618e-08
2.83642e-07
3.21227e-06
1.1382e-05
1.43201e-05
1.43207e-05
1.43207e-05
1.20668e-05
3.24877e-06
1.99876e-06
1.34534e-06
4.37419e-07
1.67522e-07
1.80458e-07
6.48262e-07
1.70687e-06
1.85168e-06
1.85641e-06
1.85217e-06
1.34639e-06
4.54342e-07
6.36347e-07
1.51784e-06
1.00384e-06
4.30474e-07
2.45276e-07
8.43559e-08
2.88634e-08
9.31911e-09
4.61202e-09
4.36234e-11
3.57137e-15
3.92978e-18
2.13771e-20
1.2518e-21
1.64839e-22
1.98119e-23
2.07119e-24
1.82834e-25
1.30912e-26
7.13375e-28
2.62923e-29
4.89832e-31
6.39007e-05
5.03045e-05
4.91888e-06
2.44745e-07
1.0871e-07
1.12507e-07
2.61431e-07
6.41171e-06
3.13243e-05
4.31918e-05
4.3199e-05
3.64126e-05
4.32448e-06
2.55773e-07
1.40126e-07
1.43516e-07
9.98559e-07
1.44997e-05
4.61251e-05
5.06048e-05
5.06103e-05
5.00456e-05
1.31864e-05
6.99723e-07
1.55829e-07
1.57418e-07
1.41736e-07
9.77635e-08
8.38835e-08
7.97322e-08
7.66482e-08
7.40293e-08
6.90111e-08
1.19585e-07
2.821e-06
1.92258e-05
4.83245e-05
6.58017e-05
5.83344e-06
2.09036e-06
5.96075e-06
5.39384e-05
9.86371e-05
9.8567e-05
9.85226e-05
9.84593e-05
9.84171e-05
3.22748e-05
2.07865e-06
3.42631e-07
3.39298e-06
2.98157e-05
6.15199e-05
6.15217e-05
6.15211e-05
6.15216e-05
4.26405e-05
5.32329e-06
2.24446e-06
2.3193e-06
2.55537e-06
7.0382e-06
1.81443e-05
2.05399e-05
6.28214e-07
8.78268e-08
8.46626e-08
8.96409e-08
3.49828e-07
6.95827e-07
1.26506e-06
5.45326e-06
2.71456e-05
4.54035e-05
4.56193e-05
3.50427e-05
5.50705e-06
2.75735e-06
2.34735e-06
1.5163e-06
2.57016e-07
1.49431e-07
1.81681e-07
2.1498e-07
2.19447e-06
1.43002e-05
3.41881e-05
3.50253e-05
3.50193e-05
3.33993e-05
1.01926e-05
5.39683e-06
3.67912e-06
2.01257e-06
4.16399e-06
1.2365e-05
3.42969e-05
5.181e-05
5.18219e-05
4.76524e-05
1.94782e-05
7.35565e-06
5.47819e-06
2.46796e-05
4.04272e-05
4.03916e-05
1.90177e-05
3.21926e-06
1.00086e-06
8.65461e-07
1.12416e-06
2.3763e-06
1.36603e-06
4.89122e-07
7.41625e-07
1.88939e-06
3.21828e-06
3.31441e-06
3.64281e-06
7.39281e-06
9.87955e-06
9.90913e-06
5.8605e-06
3.36367e-06
3.34707e-06
1.59363e-05
1.97805e-05
1.58395e-05
4.81983e-06
2.56317e-06
5.60739e-06
1.25487e-05
5.20336e-05
6.83257e-05
6.83263e-05
6.83246e-05
6.8334e-05
6.25927e-05
1.86048e-05
3.76696e-06
4.06161e-06
2.65483e-05
5.92879e-05
5.93145e-05
2.81576e-05
1.40496e-05
4.16654e-05
1.12507e-05
4.93732e-06
5.05397e-06
4.97762e-06
2.32512e-06
2.75454e-06
5.08658e-06
5.05507e-06
2.52919e-06
8.24354e-07
4.30671e-07
1.66459e-06
3.78681e-06
3.99152e-06
3.43595e-06
1.16777e-06
1.18628e-06
1.21002e-06
2.08211e-06
2.69625e-06
6.49615e-07
9.42695e-08
9.43415e-08
9.69708e-08
3.2102e-07
1.52956e-06
2.81234e-06
3.41189e-07
2.84099e-08
2.75667e-08
1.10022e-07
1.41688e-06
4.29769e-06
4.62008e-06
3.99071e-06
7.33783e-07
2.54557e-06
7.61038e-06
9.12031e-06
3.7858e-06
8.39425e-08
2.71931e-08
2.73281e-08
4.30681e-08
2.26722e-07
3.63705e-07
3.77045e-07
3.69384e-07
1.08928e-06
3.0981e-06
3.51275e-06
2.93256e-06
2.46321e-07
2.66541e-08
1.85006e-08
1.62304e-08
1.42828e-08
1.39471e-08
1.37543e-08
1.36205e-08
1.35779e-08
1.38465e-08
1.96647e-08
1.09312e-06
1.14929e-05
2.49818e-05
2.49538e-05
2.49819e-05
2.49562e-05
6.32086e-06
6.84951e-07
6.87745e-07
6.85556e-07
7.75195e-07
2.93295e-06
5.6268e-06
3.87291e-06
1.06467e-07
4.10617e-08
4.13507e-08
4.21315e-08
5.16961e-08
6.63302e-07
4.24673e-06
8.98425e-06
4.76399e-06
8.73664e-08
2.04969e-08
2.05388e-08
2.19567e-08
8.39675e-08
1.17318e-06
4.81856e-06
8.59896e-06
8.41258e-06
3.6837e-06
2.4253e-07
4.52027e-08
2.79865e-08
1.58465e-07
1.4095e-06
4.42332e-06
6.3569e-06
8.08297e-07
1.70475e-07
3.46619e-08
2.68479e-08
2.17285e-08
1.52108e-08
5.55103e-08
7.62023e-07
3.57121e-06
7.79092e-06
1.08383e-05
2.60165e-06
9.73795e-07
8.49672e-07
6.10618e-07
7.66482e-08
4.24406e-08
3.81853e-08
2.39826e-08
1.22423e-07
5.09143e-07
6.67688e-07
5.5674e-07
1.40992e-07
1.39036e-07
1.79894e-07
7.22732e-08
4.31482e-08
2.87128e-08
1.69301e-08
7.59611e-09
3.87251e-09
2.66168e-09
2.2058e-09
6.76973e-10
1.88684e-10
4.77233e-11
7.23713e-13
4.53489e-17
2.46788e-20
1.00542e-25
1.25251e-30
1.28897e-32
1.12469e-33
1.07641e-34
9.16108e-36
6.33114e-37
3.27415e-38
1.12002e-39
1.90048e-41
9.55976e-06
2.6533e-05
1.68635e-05
6.56797e-07
1.22953e-07
1.08829e-07
9.58608e-08
7.95105e-08
6.2052e-08
1.29529e-06
1.36238e-05
3.71169e-05
3.64589e-05
2.55892e-05
1.53372e-06
1.36411e-07
1.26197e-07
1.16465e-07
1.04325e-07
9.23961e-08
8.58839e-08
1.16755e-07
2.64965e-06
1.47885e-05
2.33888e-05
2.3582e-05
1.35619e-05
7.41483e-07
1.43591e-07
1.42012e-07
1.33884e-07
1.04046e-07
6.23065e-08
6.07969e-08
6.82942e-08
2.41523e-06
2.21687e-05
5.75521e-05
3.47906e-05
5.48896e-06
2.19584e-07
1.03622e-07
9.33705e-08
8.85145e-08
8.62025e-08
8.59549e-08
8.64743e-08
8.66259e-08
8.5394e-08
8.12937e-08
6.76704e-08
3.25175e-07
1.71777e-06
4.2763e-06
9.22745e-06
2.72733e-05
6.15392e-05
6.15234e-05
6.15334e-05
5.73698e-05
1.08906e-05
5.97768e-07
1.00128e-07
9.11768e-08
8.45483e-08
7.8228e-08
7.24274e-08
6.71715e-08
6.26131e-08
5.88315e-08
5.47438e-08
5.70863e-08
1.04713e-06
7.27174e-06
1.79567e-05
1.03954e-05
3.31739e-07
1.09055e-07
1.03108e-07
9.80225e-08
9.36689e-08
8.83575e-08
8.10321e-08
7.42013e-08
9.70682e-08
1.37919e-06
7.14342e-06
1.68594e-05
1.19247e-05
1.18988e-06
2.60513e-07
1.95188e-07
1.37007e-07
3.93893e-07
4.6908e-06
2.72322e-05
5.18166e-05
5.18269e-05
5.18116e-05
5.08084e-05
5.17811e-05
5.18315e-05
3.20288e-05
1.33219e-05
1.06882e-05
9.18816e-06
4.96531e-06
1.17039e-06
6.42669e-07
4.68718e-07
3.84622e-07
3.73645e-07
3.82546e-07
3.4708e-07
3.44561e-07
3.26707e-07
3.496e-07
3.45067e-07
4.71429e-07
1.11922e-06
6.16209e-07
6.27428e-07
2.97334e-06
3.68184e-06
2.73641e-06
7.09823e-07
4.15862e-07
3.3899e-07
3.09808e-07
1.10744e-06
1.64436e-05
6.41324e-05
6.56124e-05
3.33187e-05
3.30301e-05
6.82469e-05
6.83325e-05
6.83436e-05
4.7251e-05
1.06778e-05
1.84154e-06
7.54619e-06
5.52625e-06
1.62096e-06
3.00516e-06
9.67825e-06
4.45639e-05
6.68396e-05
6.68293e-05
6.62074e-05
6.68077e-05
6.68167e-05
5.55871e-05
1.61569e-05
1.54859e-06
1.78695e-07
6.44391e-07
1.28165e-06
8.58889e-07
3.53105e-07
4.32738e-07
3.34803e-06
3.25095e-05
4.04554e-05
3.86257e-05
1.23277e-05
1.01905e-06
6.34511e-07
1.73002e-06
8.94226e-07
8.53788e-07
9.70004e-07
3.65726e-06
3.66208e-06
1.47485e-06
8.43347e-08
2.37472e-08
1.39737e-08
1.22844e-08
1.22428e-08
1.41262e-08
1.87514e-08
2.79265e-08
4.0686e-08
5.04839e-08
5.29131e-08
4.50978e-08
3.55625e-08
3.09031e-08
2.94034e-08
2.77939e-08
2.54803e-08
3.37278e-08
2.05089e-07
3.66631e-07
2.66359e-07
3.48337e-08
2.61026e-08
2.30153e-07
8.18057e-07
9.06101e-07
6.5047e-07
3.9394e-08
1.65043e-08
1.41744e-08
1.31344e-08
1.24183e-08
1.19885e-08
1.1807e-08
1.18726e-08
1.21914e-08
1.34577e-08
1.61148e-08
2.0299e-08
2.44217e-08
1.67653e-07
1.61925e-06
4.482e-06
4.65656e-06
4.0467e-06
4.32138e-07
2.24483e-08
2.02603e-08
3.10776e-08
3.2998e-08
4.96e-08
6.48351e-08
7.05896e-08
4.68465e-08
4.93511e-08
7.44138e-08
9.04787e-08
9.31739e-08
4.81062e-08
2.1389e-08
2.14729e-08
2.32828e-08
2.64214e-08
3.02882e-08
3.68356e-08
3.25147e-07
1.74395e-06
3.54304e-06
2.41361e-06
3.07848e-07
2.50847e-08
2.09464e-08
5.58295e-08
8.59765e-08
1.01058e-07
5.70048e-08
3.07511e-08
2.23379e-08
1.78724e-08
1.4735e-08
1.2674e-08
1.36533e-07
6.65824e-07
1.33559e-06
8.35547e-07
1.88011e-07
4.84119e-08
2.60642e-08
1.88365e-08
1.62013e-08
1.54435e-08
1.45131e-08
1.45426e-08
1.65632e-08
2.22959e-08
3.2857e-08
3.62025e-08
2.18227e-08
9.66511e-09
9.37589e-09
6.56055e-09
5.46623e-09
3.0372e-09
1.64458e-09
8.93624e-10
4.87011e-10
2.78298e-10
1.45989e-10
6.3894e-11
1.85976e-11
4.35311e-12
6.91366e-13
1.95404e-14
3.3029e-18
1.93883e-21
1.11231e-24
5.66005e-28
1.75212e-30
7.12747e-32
5.77983e-33
4.72778e-34
3.22036e-35
1.65935e-36
5.72098e-38
9.90388e-40
)
;

boundaryField
{
    Inlet
    {
        type            fixedValue;
        value           uniform 1;
    }
    BotOutlet1
    {
        type            inletOutlet;
        inletValue      nonuniform 0();
        value           nonuniform 0();
    }
    BotOutlet2
    {
        type            inletOutlet;
        inletValue      nonuniform 0();
        value           nonuniform 0();
    }
    TopInlet
    {
        type            inletOutlet;
        inletValue      uniform 0;
        value           uniform 0;
    }
    FreeStream
    {
        type            inletOutlet;
        inletValue      uniform 0;
        value           nonuniform List<scalar> 
20
(
3.80204e-06
4.9837e-06
3.74947e-06
1.1532e-06
1.02651e-06
1.15696e-06
3.78673e-07
6.21391e-07
3.7867e-06
4.03463e-06
5.56118e-06
5.12571e-06
1.73604e-06
3.70168e-06
8.7854e-06
2.95443e-05
0
0
0
0
)
;
    }
    FrontNBack
    {
        type            empty;
    }
    LeftSide
    {
        type            fixedValue;
        value           uniform 1;
    }
    procBoundary3to2
    {
        type            processor;
        value           nonuniform List<scalar> 
400
(
1
1
1
1
1
1
1
1
1
1
0.999999
0.999999
0.999994
0.999865
0.999565
0.849159
0.128759
0.00621874
0.00296603
7.11023e-05
2.61988e-05
6.97207e-06
5.1486e-06
5.15171e-06
1.32652e-05
2.80498e-05
2.70263e-05
1.18137e-05
9.70404e-06
9.70437e-06
1.12312e-05
2.3187e-05
7.47919e-06
1.58249e-05
2.80754e-05
5.47233e-06
3.85765e-06
5.12893e-06
2.45397e-05
4.01404e-05
4.0135e-05
2.39138e-05
8.08594e-06
8.29802e-06
2.82316e-05
2.69382e-05
1.37556e-06
5.23797e-07
5.2382e-07
5.46322e-07
5.95219e-06
3.12054e-05
4.67036e-05
4.28944e-05
8.22445e-06
3.80339e-07
2.83205e-07
2.8706e-07
1.8707e-06
1.47767e-05
3.40741e-05
2.26814e-05
3.53408e-06
1.03947e-06
1.032e-06
1.65485e-06
1.27406e-05
2.97344e-05
2.9399e-05
2.46645e-05
3.34166e-06
1.70068e-06
1.69861e-06
1.69812e-06
1.6988e-06
2.49249e-06
1.81386e-05
3.73253e-05
3.75553e-05
2.17115e-05
1.4871e-06
1.06789e-06
1.10678e-06
9.58691e-06
3.8821e-05
5.71913e-05
1.92175e-05
2.62532e-06
3.65912e-06
1.1301e-05
1.12677e-05
5.46207e-06
7.56992e-06
2.99481e-05
5.35357e-05
7.12228e-06
1.72861e-06
1.37602e-05
3.07549e-05
3.10685e-05
3.25971e-06
5.41996e-07
4.41412e-07
2.80416e-07
2.25636e-07
2.37119e-07
3.23158e-06
1.4541e-05
2.66737e-05
2.51646e-05
7.49007e-07
2.05125e-07
2.05083e-07
2.13469e-07
4.90168e-06
3.74021e-05
7.18153e-05
7.18457e-05
7.18115e-05
3.16032e-05
3.33875e-06
2.30237e-06
1.44909e-06
3.2314e-07
1.67685e-07
1.68483e-07
1.75052e-07
1.71106e-07
1.69745e-07
1.73881e-07
7.14767e-07
9.15724e-06
2.57653e-05
2.68882e-05
2.68814e-05
2.43714e-05
4.40916e-06
2.96722e-06
2.85158e-06
2.6976e-06
5.82495e-07
4.79537e-07
4.79536e-07
4.79634e-07
4.86224e-07
2.87559e-06
1.67964e-05
2.97213e-05
2.81469e-05
9.60396e-06
3.91621e-07
3.91192e-07
3.91205e-07
3.96014e-07
1.6391e-06
7.46456e-06
1.33494e-05
1.89464e-06
5.79066e-07
5.74477e-07
6.92836e-06
2.69811e-05
3.45556e-05
1.99786e-05
8.98064e-07
1.66807e-07
1.62744e-07
1.5986e-07
1.50327e-07
1.49849e-07
1.64232e-07
1.7312e-06
9.92467e-06
2.75652e-05
4.08138e-05
3.06045e-06
3.25467e-07
3.51151e-07
2.70022e-06
5.74504e-06
2.38111e-06
6.19071e-07
1.9383e-06
7.23455e-06
9.05099e-06
9.05624e-06
9.05519e-06
3.2716e-06
2.99324e-07
1.86692e-07
8.04275e-07
3.39908e-06
6.19696e-06
1.46111e-06
4.99839e-07
3.94791e-07
3.94571e-07
3.94589e-07
6.45112e-07
2.14636e-06
2.18412e-06
9.36437e-07
2.18669e-07
2.30684e-07
2.77848e-07
4.00759e-07
3.83993e-07
4.46991e-07
1.8346e-06
2.66581e-06
2.65157e-06
2.66843e-06
1.48564e-06
6.15025e-07
6.15364e-07
7.54685e-07
2.14245e-06
6.2591e-06
1.21911e-05
4.72612e-06
1.72147e-06
1.87307e-06
2.61518e-06
1.23741e-06
9.29339e-07
9.26755e-07
1.44645e-06
1.57861e-06
2.15503e-06
4.71002e-06
1.02163e-05
8.51726e-06
6.11719e-06
4.28671e-06
2.11258e-06
2.06999e-06
2.26893e-06
7.90946e-06
2.62817e-05
2.82554e-05
2.81487e-05
2.53603e-05
9.87719e-06
1.51824e-06
4.29625e-06
2.64245e-05
3.41826e-05
3.24078e-05
1.47332e-05
7.925e-06
5.87671e-06
3.50482e-06
9.7653e-07
9.12016e-08
6.69775e-08
1.22419e-07
4.07676e-07
2.34258e-06
3.4026e-05
6.8288e-05
4.84427e-05
6.80582e-05
6.79853e-05
6.80653e-05
6.79886e-05
6.80727e-05
4.52765e-05
8.38211e-06
5.25776e-07
1.812e-06
7.29913e-06
4.41719e-06
9.59941e-07
3.61948e-07
3.67849e-07
3.65072e-07
2.39726e-07
1.68948e-07
1.68754e-07
1.68426e-07
1.69016e-07
8.35851e-07
2.39109e-05
0.000111677
0.000113659
0.000112846
0.000113656
0.000114036
9.96877e-05
3.19661e-05
6.16582e-06
9.52714e-06
1.15875e-05
7.00559e-06
3.16736e-06
1.67651e-06
7.91317e-07
2.12818e-07
2.11319e-07
2.16145e-07
4.71327e-07
8.89218e-06
1.79801e-05
1.81365e-05
1.16913e-05
2.59738e-06
1.77445e-07
1.21037e-07
1.09207e-07
3.07209e-08
3.21453e-08
3.97067e-07
4.58583e-06
4.75891e-06
1.54789e-06
1.47258e-07
1.23218e-07
1.62974e-07
1.16096e-05
3.89206e-05
1.85834e-05
3.25502e-06
1.47625e-07
1.92388e-08
1.76998e-08
1.74731e-08
2.00995e-08
1.44565e-06
9.91327e-06
6.94521e-06
1.84911e-06
2.60374e-07
2.30612e-06
6.74503e-06
3.41929e-06
6.60507e-07
3.8913e-08
2.30743e-08
2.2583e-08
2.26629e-08
2.5926e-08
3.47853e-08
3.38381e-08
3.08504e-08
3.09705e-08
3.13776e-08
4.92981e-08
3.85954e-08
3.74162e-08
3.73419e-08
5.27137e-08
1.79609e-07
8.3265e-08
3.95711e-08
3.77127e-08
3.78429e-08
3.68814e-08
3.70134e-08
9.14464e-08
2.68482e-07
1.15941e-07
4.14116e-08
7.75817e-08
1.63228e-06
1.98965e-06
9.28022e-07
5.0741e-07
9.9587e-07
7.74083e-06
5.45381e-06
1.97947e-06
6.70805e-07
6.69861e-07
1.10649e-06
6.69372e-06
8.06963e-06
7.97642e-06
3.82872e-06
2.03635e-06
1.18351e-06
4.19769e-07
1.03101e-07
3.26086e-07
1.84516e-06
1.7448e-06
5.14444e-07
9.50653e-08
3.4398e-07
1.17517e-06
5.33011e-07
2.84522e-07
3.76005e-07
1.50241e-06
1.554e-06
5.2828e-07
2.20455e-07
2.19345e-07
2.94192e-07
1.58903e-06
9.33708e-07
)
;
    }
}


// ************************************************************************* //
