/*--------------------------------*- C++ -*----------------------------------*\
| =========                 |                                                 |
| \\      /  F ield         | OpenFOAM: The Open Source CFD Toolbox           |
|  \\    /   O peration     | Version:  2.4.0                                 |
|   \\  /    A nd           | Web:      www.OpenFOAM.org                      |
|    \\/     M anipulation  |                                                 |
\*---------------------------------------------------------------------------*/
FoamFile
{
    version     2.0;
    format      ascii;
    class       volScalarField;
    location    "3.3";
    object      p;
}
// * * * * * * * * * * * * * * * * * * * * * * * * * * * * * * * * * * * * * //

dimensions      [1 -1 -2 0 0 0 0];

internalField   nonuniform List<scalar> 
8000
(
-6.71198
-6.60876
-6.50912
-6.48685
-6.61928
-6.76991
-7.47604
-3.28103
-6.01532
-5.49051
-6.5475
-6.81101
-4.79024
-2.01547
-0.822043
-0.550357
-0.574102
-0.636452
-0.682174
-0.706366
-0.697942
-0.651494
-0.607439
-0.589566
-0.583674
-0.568016
-0.549269
-0.537873
-0.534032
-0.536703
-0.545611
-0.554434
-0.557474
-0.556642
-0.555747
-0.554904
-0.555212
-0.551557
-0.520344
-0.538252
-0.553874
-0.550369
-0.544164
-0.550404
-0.548674
-0.541649
-0.53113
-0.535411
-0.542798
-0.546206
-1.76399
-1.74771
-1.7208
-1.68408
-1.63654
-1.57778
-1.51534
-1.44554
-1.38993
-1.31924
-1.14019
-0.558462
0.666298
1.03685
-5.46933
-8.62743
-8.19725
-7.66373
-6.9161
-6.40096
-6.69629
-6.97399
-5.35609
-2.31892
-0.866266
-0.426071
-0.392379
-0.492412
-0.556704
-0.593416
-0.606924
-0.445966
-0.559848
0.233465
-0.495824
-0.134262
-0.32151
-0.190843
-0.544676
-0.507804
-0.439649
-0.515883
-0.513787
-0.570659
-0.568643
-0.565435
-0.564147
-0.56322
-0.563923
-0.563686
0.556523
0.533167
0.514686
0.505977
0.506943
0.515914
0.532014
0.553698
0.586067
0.638082
0.732287
0.880028
1.06021
1.23377
1.38203
1.47631
1.57863
1.7252
1.95182
2.26785
2.6193
2.81969
2.78184
1.52937
-4.89115
-5.91778
-5.54782
-6.02566
-7.34765
-8.40924
-7.19509
-3.17676
-0.150146
0.924609
1.04216
0.147948
-0.499481
0.251482
0.206335
-0.681954
-0.602645
-0.539122
-0.534979
-0.535514
-0.498316
-0.554868
-0.553533
-0.552481
-0.551753
-0.551589
0.145334
0.153903
0.158864
0.160314
0.159054
0.15547
0.149354
0.140712
0.1292
0.114944
0.0976143
0.0766676
0.0505566
0.0188054
-0.0170213
-0.0526608
-0.0811079
-0.0947575
-0.0896576
-0.0604481
-0.00294595
0.0732873
0.13797
0.201632
0.229995
0.251538
0.306607
0.336637
0.269627
0.0167972
-0.481508
-5.28532
-7.01011
-12.024
-13.3996
-7.91615
-7.70231
-6.86324
3.28158
10.9155
-0.379863
-0.766003
-0.648933
-0.573761
-0.551589
-0.547133
-0.546711
-0.546854
-0.546839
-0.546921
2.55279
2.55539
2.5608
2.56754
2.57513
2.58356
2.59299
2.60341
2.6149
2.62738
2.64089
2.65523
2.67032
2.68585
2.70167
2.71759
2.73357
2.74942
2.76495
2.77982
2.7936
2.80565
2.81487
2.82159
2.82952
2.84391
2.87274
2.9241
2.99121
3.04864
3.1051
3.16236
3.25752
3.37054
3.20441
0.588589
-2.62742
-10.9909
-10.6105
-4.07578
-1.41133
-0.131929
-0.537017
-0.553907
-0.519029
-0.536949
-0.563972
-0.565835
-0.564126
-0.563159
3.22266
3.21038
3.19695
3.18564
3.17678
3.17006
3.1654
3.16276
3.16222
3.16376
3.16747
3.17332
3.18144
3.19177
3.20449
3.21953
3.23712
3.25713
3.27982
3.30493
3.33272
3.36282
3.39551
3.43026
3.46755
3.50689
3.54891
3.59298
3.63975
3.68815
3.73936
3.79519
3.86072
3.93459
3.99838
4.02593
4.12015
4.28955
4.6133
0.997639
-4.05253
-7.2806
-6.84502
-1.85731
-0.160649
-0.134978
-0.59957
-0.55206
-0.54182
-0.551506
4.47888
4.4524
4.42524
4.4021
4.38264
4.36619
4.35251
4.34158
4.33342
4.328
4.32531
4.32531
4.32802
4.3334
4.34148
4.35221
4.36566
4.38177
4.40063
4.42217
4.44654
4.47362
4.50365
4.53645
4.57237
4.61114
4.65324
4.69822
4.7467
4.79806
4.85308
4.91085
4.9725
5.03684
5.10607
5.18012
5.26207
5.3419
5.4079
5.46592
5.53483
5.51393
4.39397
1.15174
-4.3894
-5.29115
-2.37237
-0.997928
-0.579958
-0.531162
4.82706
4.79494
4.76132
4.73228
4.70761
4.6865
4.66868
4.65412
4.64284
4.63484
4.63008
4.62858
4.63031
4.6353
4.64352
4.65501
4.66977
4.68782
4.70919
4.73389
4.76195
4.79343
4.82834
4.86674
4.90867
4.95419
5.00335
5.05622
5.11286
5.17334
5.23774
5.30614
5.37861
5.45524
5.53612
5.62125
5.7107
5.80448
5.90342
6.00905
6.1191
6.22407
6.31693
6.44121
6.61956
6.66903
2.43545
-2.27562
-2.42795
-1.35808
4.59272
4.56434
4.53405
4.50731
4.48405
4.46358
4.44566
4.43027
4.41743
4.40712
4.39933
4.39404
4.39125
4.39095
4.39312
4.39777
4.40489
4.41448
4.42655
4.44108
4.4581
4.4776
4.4996
4.5241
4.55112
4.58067
4.61276
4.64741
4.68466
4.7245
4.76698
4.8121
4.85993
4.91048
4.96377
5.01983
5.07876
5.14054
5.20529
5.27297
5.34389
5.41872
5.49874
5.58178
5.65572
5.71615
5.80799
5.85166
4.63418
1.69063
4.18266
4.16102
4.13855
4.11881
4.10153
4.08617
4.07258
4.06077
4.05075
4.04253
4.03609
4.03143
4.02854
4.02741
4.02803
4.03039
4.03448
4.04029
4.04782
4.05705
4.06797
4.08056
4.09481
4.11071
4.12825
4.1474
4.16815
4.19047
4.21436
4.23977
4.2667
4.2951
4.32497
4.35625
4.38893
4.42293
4.45828
4.49484
4.53266
4.57155
4.61162
4.65259
4.69464
4.73751
4.78176
4.82673
4.86933
4.90004
4.9351
4.89969
3.02016
3.00765
2.99344
2.98031
2.96847
2.95765
2.94774
2.93873
2.93065
2.92348
2.91723
2.91189
2.90745
2.90391
2.90125
2.89948
2.89857
2.89851
2.89928
2.90088
2.90328
2.90646
2.9104
2.91508
2.92047
2.92654
2.93327
2.94062
2.94855
2.95703
2.96602
2.97548
2.98535
2.9956
3.00616
3.01698
3.02801
3.03916
3.0504
3.0616
3.07275
3.08369
3.09441
3.10474
3.11468
3.12421
3.13284
3.14088
3.14837
3.15383
2.39274
2.38398
2.37549
2.3682
2.36176
2.35594
2.35072
2.3461
2.34209
2.33871
2.33596
2.33382
2.33231
2.33142
2.33116
2.33153
2.33252
2.33413
2.33637
2.33924
2.34273
2.34683
2.35157
2.35692
2.36289
2.36949
2.37671
2.38454
2.39299
2.40207
2.41177
2.42208
2.43303
2.4446
2.45682
2.46966
2.48315
2.49729
2.51209
2.52756
2.54372
2.56056
2.57815
2.59642
2.61539
2.63505
2.65667
2.68019
2.70652
2.7235
0.870472
0.869178
0.866693
0.864006
0.861463
0.859078
0.856819
0.854679
0.852663
0.850777
0.849026
0.847411
0.845937
0.844604
0.843414
0.842367
0.841463
0.840703
0.840084
0.839605
0.839264
0.839057
0.838983
0.839036
0.839215
0.839513
0.839929
0.840453
0.841085
0.841813
0.84264
0.843552
0.844553
0.845627
0.846782
0.847997
0.849288
0.850627
0.852039
0.85349
0.855027
0.856608
0.858237
0.85966
0.860839
0.862972
0.871018
0.888538
0.883147
0.739174
0.265102
0.266786
0.269681
0.272515
0.274893
0.276836
0.278397
0.279601
0.280453
0.280956
0.281112
0.280923
0.28039
0.279513
0.278288
0.276714
0.274784
0.272494
0.269837
0.266802
0.263381
0.259562
0.255331
0.250676
0.245578
0.240022
0.233988
0.227456
0.220402
0.212806
0.204637
0.195874
0.186482
0.176437
0.165699
0.154243
0.14202
0.129007
0.115152
0.100437
0.0847834
0.0680745
0.0500561
0.0310307
0.0132812
0.00109297
-0.0132492
-0.0884403
-0.332952
-0.835724
-1.37075
-1.36605
-1.36263
-1.36013
-1.35801
-1.3561
-1.3544
-1.35293
-1.35169
-1.35069
-1.34992
-1.34938
-1.34906
-1.34896
-1.34909
-1.34943
-1.35
-1.35078
-1.35179
-1.35301
-1.35447
-1.35614
-1.35805
-1.36019
-1.36257
-1.3652
-1.36808
-1.37122
-1.37463
-1.37833
-1.38233
-1.38663
-1.39127
-1.39626
-1.40163
-1.40738
-1.41358
-1.42021
-1.42734
-1.43503
-1.44353
-1.45292
-1.46208
-1.4667
-1.46484
-1.48708
-1.64112
-1.98364
-1.94144
-1.43828
-1.53951
-1.53608
-1.53033
-1.5245
-1.5193
-1.5147
-1.51064
-1.5071
-1.50407
-1.50156
-1.49957
-1.4981
-1.49714
-1.49669
-1.49675
-1.49732
-1.4984
-1.49999
-1.50209
-1.50472
-1.50787
-1.51155
-1.51579
-1.52058
-1.52596
-1.53193
-1.53853
-1.54577
-1.5537
-1.56233
-1.57172
-1.58188
-1.59288
-1.60474
-1.61754
-1.63129
-1.64609
-1.66193
-1.67903
-1.69771
-1.71808
-1.73762
-1.7487
-1.751
-1.80946
-2.11964
-2.69959
-1.32115
-0.705007
-0.503918
-3.52315
-3.51542
-3.50983
-3.50566
-3.50198
-3.49856
-3.49548
-3.49279
-3.49051
-3.48866
-3.48721
-3.48617
-3.48551
-3.48521
-3.48525
-3.48561
-3.48623
-3.48709
-3.48815
-3.48936
-3.49067
-3.49202
-3.49337
-3.49464
-3.49578
-3.49671
-3.49736
-3.49765
-3.49748
-3.49678
-3.49542
-3.49332
-3.49035
-3.48639
-3.48128
-3.47489
-3.46704
-3.4577
-3.44701
-3.43475
-3.41749
-3.38616
-3.34195
-3.36624
-3.68359
-4.24314
-2.59472
-0.811518
-0.359317
-0.326063
-2.95088
-2.9325
-2.90979
-2.89035
-2.87515
-2.86325
-2.85386
-2.84651
-2.84084
-2.83652
-2.83327
-2.83081
-2.82891
-2.82735
-2.82593
-2.82448
-2.82284
-2.82089
-2.81848
-2.81552
-2.81191
-2.80757
-2.80242
-2.79642
-2.78951
-2.78166
-2.77286
-2.76309
-2.75236
-2.74069
-2.7281
-2.71466
-2.70041
-2.68544
-2.66986
-2.65378
-2.63735
-2.62077
-2.60431
-2.58831
-2.57278
-2.55643
-2.5372
-2.52249
-2.55343
-2.69545
-2.76245
-1.26224
-0.283741
-0.256894
-5.83661
-5.76498
-5.70063
-5.6528
-5.61737
-5.59092
-5.57194
-5.5596
-5.5532
-5.55206
-5.55559
-5.5633
-5.57475
-5.58959
-5.60751
-5.62826
-5.65163
-5.67746
-5.70561
-5.73598
-5.76851
-5.80315
-5.8399
-5.87878
-5.91984
-5.96315
-6.00883
-6.05701
-6.10787
-6.16163
-6.21855
-6.27894
-6.34317
-6.41166
-6.48493
-6.56356
-6.64826
-6.73985
-6.8394
-6.94784
-7.06554
-7.19189
-7.33145
-7.51326
-7.79288
-8.09348
-7.72232
-3.03078
-0.222325
-0.13456
-0.6765
-1.095
-1.51201
-1.86816
-2.17624
-2.45139
-2.70004
-2.92504
-3.12863
-3.31294
-3.47987
-3.63103
-3.76775
-3.89114
-4.00213
-4.10148
-4.18984
-4.2677
-4.33547
-4.39344
-4.44182
-4.48075
-4.51023
-4.53025
-4.54063
-4.54119
-4.53157
-4.51138
-4.48001
-4.43685
-4.38098
-4.31148
-4.22701
-4.12623
-4.00727
-3.86815
-3.70626
-3.51874
-3.30193
-3.05201
-2.76508
-2.4249
-2.03257
-1.6123
-1.21777
-0.773245
0.555697
4.34382
5.35984
0.475048
-0.546748
-0.546488
-0.546226
-0.546068
-0.54597
-0.539067
-0.542187
-0.539232
-0.540423
-0.5392
-0.5391
-0.539114
-0.538969
-0.53885
-0.538757
-0.538674
-0.538599
-0.538529
-0.538467
-0.538412
-0.538365
-0.538324
-0.53829
-0.538262
-0.53824
-0.538223
-0.538213
-0.538208
-0.538209
-0.538214
-0.538226
-0.538242
-0.538264
-0.538291
-0.538323
-0.53836
-0.538402
-0.538449
-0.538501
-0.538559
-0.538621
-0.538689
-0.538761
-0.538839
-0.538921
-0.539009
-0.539101
-0.539199
-0.539301
-0.539407
-0.562841
-0.560183
-0.559424
-0.558849
-0.557881
-0.556868
-0.556058
-0.555317
-0.554605
-0.553884
-0.553193
-0.552552
-0.551942
-0.551368
-0.55083
-0.550326
-0.549855
-0.549416
-0.549008
-0.548628
-0.548277
-0.547951
-0.54765
-0.547373
-0.547118
-0.546884
-0.54667
-0.546476
-0.5463
-0.546142
-0.546
-0.545875
-0.545764
-0.545669
-0.545588
-0.54552
-0.545466
-0.545424
-0.545395
-0.545377
-0.545371
-0.545376
-0.545391
-0.545417
-0.545453
-0.545498
-0.545553
-0.545617
-0.54569
-0.545772
-0.55146
-0.550509
-0.550916
-0.550814
-0.549093
-0.550107
-0.550099
-0.550054
-0.549989
-0.549902
-0.549817
-0.549736
-0.549658
-0.549583
-0.549512
-0.549445
-0.54938
-0.549319
-0.549262
-0.54921
-0.549161
-0.549117
-0.549078
-0.549043
-0.549014
-0.54899
-0.548971
-0.548958
-0.548951
-0.548949
-0.548954
-0.548965
-0.548982
-0.549005
-0.549035
-0.549071
-0.549114
-0.549163
-0.549219
-0.549281
-0.54935
-0.549426
-0.549508
-0.549597
-0.549693
-0.549795
-0.549904
-0.55002
-0.550141
-0.550269
-0.547171
-0.547519
-0.547905
-0.548279
-0.548606
-0.548877
-0.549145
-0.549387
-0.549607
-0.549804
-0.549983
-0.550144
-0.550289
-0.550421
-0.55054
-0.550648
-0.550747
-0.550838
-0.550922
-0.551001
-0.551076
-0.551147
-0.551215
-0.551282
-0.551347
-0.551413
-0.551479
-0.551545
-0.551614
-0.551684
-0.551758
-0.551834
-0.551914
-0.551997
-0.552085
-0.552177
-0.552274
-0.552376
-0.552483
-0.552595
-0.552712
-0.552835
-0.552964
-0.553099
-0.55324
-0.553387
-0.553541
-0.5537
-0.553865
-0.554035
-0.562746
-0.562418
-0.562041
-0.561615
-0.561175
-0.560747
-0.560346
-0.559969
-0.559608
-0.559262
-0.558922
-0.558564
-0.558246
-0.55812
-0.557847
-0.557591
-0.557353
-0.557131
-0.556924
-0.556734
-0.55656
-0.556402
-0.55626
-0.556133
-0.55602
-0.555922
-0.555837
-0.555767
-0.55571
-0.555665
-0.555635
-0.555617
-0.555612
-0.555618
-0.555636
-0.555665
-0.555706
-0.555758
-0.555821
-0.555896
-0.555982
-0.556079
-0.556186
-0.556304
-0.556433
-0.556572
-0.556722
-0.556881
-0.55705
-0.557228
-0.557259
-0.559286
-0.559369
-0.55928
-0.559226
-0.559098
-0.558883
-0.55862
-0.558339
-0.558074
-0.557813
-0.557459
-0.556724
-0.556691
-0.556528
-0.556369
-0.556222
-0.55603
-0.555908
-0.555894
-0.555808
-0.555737
-0.55568
-0.555636
-0.555607
-0.55559
-0.555586
-0.555595
-0.555616
-0.555648
-0.55569
-0.555737
-0.555817
-0.55587
-0.555964
-0.556049
-0.556147
-0.556252
-0.556368
-0.556496
-0.556634
-0.556784
-0.556946
-0.55712
-0.557304
-0.557499
-0.557705
-0.557921
-0.558147
-0.558381
-0.489708
-0.516148
-0.54401
-0.557818
-0.560619
-0.560509
-0.560174
-0.559829
-0.559458
-0.559074
-0.558645
-0.558202
-0.55782
-0.557929
-0.557622
-0.557336
-0.557072
-0.556829
-0.556609
-0.556413
-0.556237
-0.556084
-0.555952
-0.555843
-0.555755
-0.555689
-0.555645
-0.555623
-0.555623
-0.555645
-0.555689
-0.555749
-0.55585
-0.55597
-0.556111
-0.553358
-0.555261
-0.555699
-0.555871
-0.556051
-0.556241
-0.556441
-0.556651
-0.556873
-0.557106
-0.557351
-0.557607
-0.557874
-0.558152
-0.558441
-0.642987
-0.448932
-0.46299
-0.508061
-0.535569
-0.547927
-0.552683
-0.553941
-0.554041
-0.55388
-0.553649
-0.553388
-0.553123
-0.552874
-0.552651
-0.552454
-0.552279
-0.552127
-0.551998
-0.55189
-0.551804
-0.551739
-0.551694
-0.55167
-0.551665
-0.551681
-0.551715
-0.551768
-0.551839
-0.551928
-0.552029
-0.552144
-0.552281
-0.552457
-0.552647
-0.546737
-0.548632
-0.551606
-0.551926
-0.552209
-0.552491
-0.55279
-0.553107
-0.553439
-0.553786
-0.554146
-0.554518
-0.554903
-0.555298
-0.555703
0.473738
0.182474
0.0379078
-0.240404
-0.457606
-0.529213
-0.543077
-0.545198
-0.545482
-0.545437
-0.545296
-0.545119
-0.54495
-0.544802
-0.544673
-0.544561
-0.544465
-0.544385
-0.544321
-0.544275
-0.544245
-0.544232
-0.544237
-0.544259
-0.544298
-0.544354
-0.544428
-0.544519
-0.54462
-0.544739
-0.544913
-0.54512
-0.545213
-0.545172
-0.545065
-0.545447
-0.546026
-0.546593
-0.547049
-0.547447
-0.547848
-0.548256
-0.548682
-0.549118
-0.549566
-0.550027
-0.550499
-0.550984
-0.551478
-0.551984
3.90915
2.81295
1.84683
0.46003
-0.35243
-0.513324
-0.531386
-0.533433
-0.533745
-0.533784
-0.533765
-0.533753
-0.533761
-0.533785
-0.533821
-0.533862
-0.533917
-0.533992
-0.534096
-0.534219
-0.534355
-0.534506
-0.534676
-0.534864
-0.535072
-0.535289
-0.535469
-0.535698
-0.536013
-0.536251
-0.536447
-0.536
-0.536378
-0.537555
-0.538021
-0.53844
-0.538909
-0.539391
-0.53986
-0.54034
-0.540838
-0.541356
-0.54189
-0.54244
-0.543006
-0.543588
-0.544184
-0.544794
-0.545415
-0.546049
3.15633
3.09032
2.26664
0.665893
-0.339356
-0.503274
-0.518803
-0.520007
-0.520227
-0.520308
-0.520401
-0.520529
-0.52068
-0.520847
-0.520982
-0.520719
-0.520692
-0.520943
-0.521416
-0.521722
-0.52204
-0.52238
-0.522749
-0.523043
-0.523293
-0.523845
-0.522538
-0.524596
-0.524632
-0.525176
-0.524879
-0.525961
-0.526569
-0.527094
-0.527684
-0.528291
-0.528944
-0.529562
-0.530191
-0.530845
-0.531516
-0.532199
-0.532895
-0.533607
-0.534332
-0.535073
-0.535828
-0.536598
-0.537377
-0.538172
2.69116
2.54742
1.96413
0.522866
-0.375235
-0.495514
-0.503247
-0.50381
-0.504043
-0.504258
-0.504508
-0.5048
-0.504899
-0.504028
-0.501726
-0.504415
-0.504661
-0.505101
-0.50527
-0.506224
-0.506736
-0.507272
-0.507846
-0.508318
-0.508809
-0.509409
-0.509336
-0.510232
-0.510939
-0.511636
-0.512341
-0.513068
-0.513808
-0.514552
-0.515305
-0.516103
-0.516917
-0.517287
-0.518126
-0.519176
-0.520054
-0.520949
-0.521853
-0.522775
-0.523712
-0.524663
-0.525623
-0.526602
-0.527592
-0.5286
0.308962
0.162536
-0.0613401
-0.304918
-0.44938
-0.478185
-0.480232
-0.480602
-0.481019
-0.48145
-0.481917
-0.482415
-0.482947
-0.483481
-0.483968
-0.484673
-0.485343
-0.484374
-0.485697
-0.486338
-0.485727
-0.488063
-0.488854
-0.489644
-0.490248
-0.491349
-0.492199
-0.493261
-0.494208
-0.495031
-0.496023
-0.497022
-0.497939
-0.498964
-0.499934
-0.501068
-0.50182
-0.502918
-0.504078
-0.505219
-0.506373
-0.507544
-0.50873
-0.509933
-0.511108
-0.51224
-0.512361
-0.514063
-0.515384
-0.516673
-0.713632
-0.544088
-0.469109
-0.471802
-0.45639
-0.452794
-0.45341
-0.45415
-0.454827
-0.455476
-0.456152
-0.456869
-0.457623
-0.45841
-0.459229
-0.460083
-0.460968
-0.461878
-0.462823
-0.4638
-0.464803
-0.465836
-0.466914
-0.468007
-0.469118
-0.470266
-0.471447
-0.472631
-0.473884
-0.475126
-0.476382
-0.477663
-0.478988
-0.480299
-0.481696
-0.483072
-0.484417
-0.485855
-0.487328
-0.488792
-0.490269
-0.491748
-0.493258
-0.494792
-0.496326
-0.497864
-0.499164
-0.500919
-0.502525
-0.504118
-0.871454
-0.549708
-0.432291
-0.417702
-0.419844
-0.420947
-0.421757
-0.422581
-0.42346
-0.42439
-0.425364
-0.426382
-0.427443
-0.428547
-0.429692
-0.430879
-0.432107
-0.433375
-0.434684
-0.436032
-0.437417
-0.43884
-0.440299
-0.441793
-0.443323
-0.444886
-0.446482
-0.44811
-0.449765
-0.451456
-0.453173
-0.454915
-0.456683
-0.458476
-0.460297
-0.46214
-0.464005
-0.46589
-0.467796
-0.469721
-0.471665
-0.473628
-0.475609
-0.477605
-0.479613
-0.481623
-0.483654
-0.485711
-0.487598
-0.489461
-0.38934
-0.375808
-0.378034
-0.379333
-0.380193
-0.381219
-0.38232
-0.383485
-0.38471
-0.385998
-0.387351
-0.388767
-0.390245
-0.391786
-0.393387
-0.395047
-0.396765
-0.398539
-0.400368
-0.402249
-0.404182
-0.406163
-0.408191
-0.410264
-0.41238
-0.414536
-0.416732
-0.418964
-0.421232
-0.423532
-0.425863
-0.428222
-0.430609
-0.433022
-0.435457
-0.437915
-0.440393
-0.442888
-0.4454
-0.447927
-0.450467
-0.453019
-0.455582
-0.458154
-0.460734
-0.46332
-0.46591
-0.468504
-0.471084
-0.473672
-0.327745
-0.328455
-0.32902
-0.329934
-0.330937
-0.33208
-0.333359
-0.334773
-0.33632
-0.337996
-0.339795
-0.341713
-0.343744
-0.345884
-0.348126
-0.350465
-0.352897
-0.355416
-0.358016
-0.360693
-0.363441
-0.366257
-0.369134
-0.37207
-0.375058
-0.378094
-0.381175
-0.384297
-0.387455
-0.390646
-0.393866
-0.397113
-0.400383
-0.403672
-0.406978
-0.410299
-0.413631
-0.416972
-0.420321
-0.423673
-0.427029
-0.430385
-0.433739
-0.437092
-0.440438
-0.443781
-0.447114
-0.450439
-0.453734
-0.457029
-0.25666
-0.257016
-0.257623
-0.258603
-0.25994
-0.261598
-0.263553
-0.265781
-0.268265
-0.270986
-0.273927
-0.277071
-0.280402
-0.283903
-0.287561
-0.291359
-0.295285
-0.299325
-0.303468
-0.307701
-0.312015
-0.316397
-0.32084
-0.325334
-0.32987
-0.334442
-0.339042
-0.343663
-0.348299
-0.352945
-0.357596
-0.362246
-0.366893
-0.371531
-0.376157
-0.380768
-0.385361
-0.389933
-0.394482
-0.399006
-0.403503
-0.407971
-0.412408
-0.416814
-0.421187
-0.425525
-0.429829
-0.434096
-0.438303
-0.442488
-0.133056
-0.133741
-0.135474
-0.138137
-0.141656
-0.145929
-0.15084
-0.156285
-0.162182
-0.168453
-0.175036
-0.181874
-0.188919
-0.19613
-0.20347
-0.210905
-0.218406
-0.225948
-0.233508
-0.241067
-0.248609
-0.256119
-0.263585
-0.270997
-0.278346
-0.285626
-0.292829
-0.29995
-0.306987
-0.313935
-0.320792
-0.327557
-0.334228
-0.340803
-0.347283
-0.353668
-0.359958
-0.366153
-0.372253
-0.378261
-0.384176
-0.39
-0.395734
-0.40138
-0.406938
-0.412411
-0.417799
-0.423102
-0.428296
-0.433429
0.257349
0.211919
0.179738
0.14883
0.119604
0.092102
0.0662372
0.0419761
0.0183418
-0.00372844
-0.0247063
-0.0446432
-0.0636321
-0.0817196
-0.098988
-0.115477
-0.131253
-0.146357
-0.160837
-0.174734
-0.188086
-0.200927
-0.21329
-0.225205
-0.236698
-0.247796
-0.258521
-0.268894
-0.278936
-0.288665
-0.298097
-0.307248
-0.316134
-0.324767
-0.33316
-0.341326
-0.349274
-0.357015
-0.364559
-0.371915
-0.37909
-0.386094
-0.392932
-0.399612
-0.406141
-0.412523
-0.418766
-0.424872
-0.430818
-0.436659
-0.539485
-0.539539
-0.539595
-0.539654
-0.539714
-0.539776
-0.53984
-0.539907
-0.539976
-0.540047
-0.54012
-0.540195
-0.540272
-0.540352
-0.540434
-0.540518
-0.540605
-0.540694
-0.540785
-0.540879
-0.540975
-0.541073
-0.541174
-0.541277
-0.541383
-0.541491
-0.541602
-0.541715
-0.541831
-0.541949
-0.54207
-0.542194
-0.54232
-0.542449
-0.542581
-0.542715
-0.542852
-0.542992
-0.543134
-0.54328
-0.543428
-0.543579
-0.543733
-0.543889
-0.544049
-0.544211
-0.544376
-0.544545
-0.544716
-0.54489
-0.545067
-0.545247
-0.54543
-0.545617
-0.545806
-0.545998
-0.546194
-0.546392
-0.546594
-0.546799
-0.547007
-0.547218
-0.547432
-0.547649
-0.54787
-0.548094
-0.548321
-0.548552
-0.548785
-0.549022
-0.549262
-0.549506
-0.549753
-0.550003
-0.550256
-0.550513
-0.550773
-0.551037
-0.551303
-0.551574
-0.551847
-0.552124
-0.552404
-0.552688
-0.552975
-0.553266
-0.553559
-0.553857
-0.554157
-0.554462
-0.554769
-0.55508
-0.555394
-0.555712
-0.556033
-0.556358
-0.556686
-0.557017
-0.557352
-0.55769
-0.558031
-0.558376
-0.558724
-0.559076
-0.559431
-0.559789
-0.560151
-0.560516
-0.560884
-0.561256
-0.561631
-0.562009
-0.562391
-0.562776
-0.563164
-0.563555
-0.563949
-0.564347
-0.564748
-0.565152
-0.565559
-0.565969
-0.566382
-0.566799
-0.567218
-0.567641
-0.568067
-0.568495
-0.568927
-0.569361
-0.569799
-0.570239
-0.570682
-0.571128
-0.571577
-0.572028
-0.572483
-0.57294
-0.573399
-0.573862
-0.574327
-0.574794
-0.575265
-0.575737
-0.576212
-0.57669
-0.57717
-0.577652
-0.578137
-0.578624
-0.579113
-0.579605
-0.580099
-0.580594
-0.581092
-0.581592
-0.582094
-0.582598
-0.583104
-0.583612
-0.584121
-0.584632
-0.585145
-0.58566
-0.586176
-0.586694
-0.587214
-0.587735
-0.588257
-0.588781
-0.589306
-0.589832
-0.590359
-0.590888
-0.591418
-0.591948
-0.59248
-0.593013
-0.593546
-0.594081
-0.594616
-0.595152
-0.595688
-0.596225
-0.596762
-0.5973
-0.597838
-0.598377
-0.598915
-0.599454
-0.599993
-0.600532
-0.601071
-0.60161
-0.602149
-0.602687
-0.603225
-0.603763
-0.6043
-0.604836
-0.605372
-0.605907
-0.606442
-0.606975
-0.607508
-0.608039
-0.608569
-0.609099
-0.609626
-0.610153
-0.610678
-0.611201
-0.611723
-0.612243
-0.612761
-0.613278
-0.613792
-0.614304
-0.614814
-0.615322
-0.615827
-0.61633
-0.616831
-0.617328
-0.617823
-0.618315
-0.618804
-0.61929
-0.619773
-0.620252
-0.620728
-0.621201
-0.62167
-0.622135
-0.622597
-0.623054
-0.623508
-0.623957
-0.624402
-0.624843
-0.625279
-0.625711
-0.626138
-0.62656
-0.626977
-0.62739
-0.627797
-0.628198
-0.628595
-0.628986
-0.629371
-0.629751
-0.630125
-0.630493
-0.630855
-0.63121
-0.63156
-0.631903
-0.632239
-0.632569
-0.632892
-0.633209
-0.633518
-0.63382
-0.634115
-0.634403
-0.634684
-0.634957
-0.635222
-0.63548
-0.63573
-0.635972
-0.636206
-0.636432
-0.63665
-0.636859
-0.63706
-0.637253
-0.637436
-0.63761
-0.637774
-0.637929
-0.638075
-0.638211
-0.638338
-0.638453
-0.638558
-0.638653
-0.638735
-0.638807
-0.638866
-0.638913
-0.638948
-0.638971
-0.638981
-0.638979
-0.638963
-0.638935
-0.638893
-0.63884
-0.545835
-0.545879
-0.545923
-0.545971
-0.54602
-0.546073
-0.546128
-0.546187
-0.546248
-0.546311
-0.546378
-0.546447
-0.54652
-0.546595
-0.546673
-0.546753
-0.546837
-0.546924
-0.547013
-0.547106
-0.547201
-0.5473
-0.547401
-0.547506
-0.547613
-0.547723
-0.547837
-0.547953
-0.548073
-0.548196
-0.548321
-0.54845
-0.548582
-0.548718
-0.548856
-0.548997
-0.549142
-0.54929
-0.549441
-0.549596
-0.549753
-0.549914
-0.550079
-0.550246
-0.550417
-0.550592
-0.550769
-0.55095
-0.551135
-0.551322
-0.551513
-0.551708
-0.551906
-0.552108
-0.552313
-0.552521
-0.552733
-0.552949
-0.553168
-0.55339
-0.553616
-0.553846
-0.554079
-0.554316
-0.554556
-0.5548
-0.555048
-0.555299
-0.555554
-0.555813
-0.556075
-0.55634
-0.55661
-0.556883
-0.55716
-0.55744
-0.557725
-0.558013
-0.558304
-0.558599
-0.558898
-0.559201
-0.559508
-0.559818
-0.560132
-0.560449
-0.56077
-0.561095
-0.561424
-0.561757
-0.562093
-0.562433
-0.562776
-0.563124
-0.563475
-0.56383
-0.564188
-0.56455
-0.564916
-0.565285
-0.565658
-0.566035
-0.566416
-0.5668
-0.567187
-0.567579
-0.567974
-0.568372
-0.568774
-0.56918
-0.569589
-0.570002
-0.570418
-0.570838
-0.571261
-0.571688
-0.572118
-0.572552
-0.572989
-0.573429
-0.573873
-0.57432
-0.57477
-0.575224
-0.57568
-0.576141
-0.576604
-0.57707
-0.57754
-0.578013
-0.578489
-0.578968
-0.579449
-0.579934
-0.580422
-0.580913
-0.581407
-0.581904
-0.582403
-0.582905
-0.58341
-0.583918
-0.584428
-0.584941
-0.585457
-0.585975
-0.586496
-0.587019
-0.587544
-0.588072
-0.588603
-0.589135
-0.58967
-0.590207
-0.590747
-0.591288
-0.591831
-0.592377
-0.592924
-0.593473
-0.594024
-0.594577
-0.595132
-0.595689
-0.596247
-0.596806
-0.597368
-0.59793
-0.598494
-0.59906
-0.599627
-0.600195
-0.600764
-0.601334
-0.601906
-0.602478
-0.603052
-0.603626
-0.604201
-0.604777
-0.605353
-0.605931
-0.606508
-0.607087
-0.607665
-0.608244
-0.608823
-0.609403
-0.609982
-0.610562
-0.611142
-0.611721
-0.612301
-0.61288
-0.613459
-0.614037
-0.614615
-0.615193
-0.615769
-0.616345
-0.616921
-0.617495
-0.618069
-0.618641
-0.619212
-0.619782
-0.620351
-0.620918
-0.621484
-0.622048
-0.622611
-0.623172
-0.623731
-0.624288
-0.624843
-0.625395
-0.625946
-0.626494
-0.62704
-0.627583
-0.628124
-0.628661
-0.629196
-0.629728
-0.630257
-0.630783
-0.631306
-0.631825
-0.63234
-0.632852
-0.633361
-0.633865
-0.634366
-0.634862
-0.635355
-0.635843
-0.636326
-0.636806
-0.63728
-0.63775
-0.638215
-0.638675
-0.63913
-0.63958
-0.640024
-0.640463
-0.640897
-0.641324
-0.641746
-0.642163
-0.642573
-0.642977
-0.643374
-0.643765
-0.64415
-0.644528
-0.6449
-0.645264
-0.645622
-0.645972
-0.646316
-0.646652
-0.64698
-0.647301
-0.647615
-0.647921
-0.648219
-0.648509
-0.648791
-0.649064
-0.64933
-0.649588
-0.649837
-0.650078
-0.65031
-0.650534
-0.65075
-0.650957
-0.651154
-0.651341
-0.651517
-0.651685
-0.651843
-0.651993
-0.652132
-0.65226
-0.652376
-0.652482
-0.652576
-0.652658
-0.652729
-0.652786
-0.65283
-0.652862
-0.652882
-0.65289
-0.652884
-0.652863
-0.652828
-0.652779
-0.550364
-0.55043
-0.550497
-0.550567
-0.550639
-0.550714
-0.550791
-0.550871
-0.550953
-0.551038
-0.551126
-0.551216
-0.551309
-0.551405
-0.551504
-0.551605
-0.551709
-0.551816
-0.551926
-0.552039
-0.552155
-0.552274
-0.552396
-0.552521
-0.552649
-0.55278
-0.552914
-0.553051
-0.553191
-0.553335
-0.553482
-0.553632
-0.553785
-0.553942
-0.554102
-0.554265
-0.554431
-0.554601
-0.554775
-0.554952
-0.555132
-0.555316
-0.555503
-0.555694
-0.555888
-0.556086
-0.556287
-0.556492
-0.556701
-0.556913
-0.557129
-0.557348
-0.557572
-0.557798
-0.558029
-0.558263
-0.558502
-0.558743
-0.558989
-0.559239
-0.559492
-0.559749
-0.56001
-0.560275
-0.560543
-0.560816
-0.561092
-0.561373
-0.561657
-0.561945
-0.562237
-0.562533
-0.562833
-0.563137
-0.563445
-0.563757
-0.564073
-0.564392
-0.564716
-0.565044
-0.565376
-0.565712
-0.566051
-0.566395
-0.566743
-0.567095
-0.567451
-0.56781
-0.568174
-0.568542
-0.568914
-0.56929
-0.569669
-0.570053
-0.570441
-0.570833
-0.571228
-0.571628
-0.572031
-0.572439
-0.57285
-0.573266
-0.573685
-0.574108
-0.574535
-0.574966
-0.5754
-0.575839
-0.576281
-0.576727
-0.577177
-0.577631
-0.578088
-0.578549
-0.579014
-0.579482
-0.579954
-0.58043
-0.580909
-0.581392
-0.581878
-0.582368
-0.582862
-0.583359
-0.583859
-0.584362
-0.584869
-0.58538
-0.585894
-0.58641
-0.586931
-0.587454
-0.587981
-0.58851
-0.589043
-0.589579
-0.590118
-0.59066
-0.591204
-0.591752
-0.592302
-0.592856
-0.593412
-0.593971
-0.594532
-0.595096
-0.595663
-0.596232
-0.596804
-0.597378
-0.597955
-0.598534
-0.599115
-0.599698
-0.600284
-0.600872
-0.601462
-0.602054
-0.602648
-0.603244
-0.603841
-0.604441
-0.605042
-0.605645
-0.60625
-0.606856
-0.607464
-0.608073
-0.608684
-0.609296
-0.609909
-0.610524
-0.611139
-0.611756
-0.612374
-0.612992
-0.613612
-0.614232
-0.614853
-0.615475
-0.616097
-0.61672
-0.617344
-0.617967
-0.618592
-0.619216
-0.61984
-0.620465
-0.62109
-0.621714
-0.622339
-0.622963
-0.623587
-0.62421
-0.624833
-0.625455
-0.626077
-0.626698
-0.627319
-0.627938
-0.628557
-0.629174
-0.62979
-0.630405
-0.631019
-0.631631
-0.632241
-0.63285
-0.633458
-0.634063
-0.634667
-0.635268
-0.635867
-0.636465
-0.63706
-0.637652
-0.638242
-0.638829
-0.639414
-0.639996
-0.640574
-0.64115
-0.641723
-0.642292
-0.642858
-0.64342
-0.643979
-0.644534
-0.645085
-0.645633
-0.646176
-0.646715
-0.647249
-0.64778
-0.648305
-0.648826
-0.649343
-0.649854
-0.65036
-0.650861
-0.651357
-0.651848
-0.652333
-0.652812
-0.653285
-0.653753
-0.654214
-0.65467
-0.655119
-0.655562
-0.655998
-0.656427
-0.65685
-0.657266
-0.657675
-0.658077
-0.658471
-0.658858
-0.659238
-0.65961
-0.659974
-0.66033
-0.660679
-0.661019
-0.661351
-0.661676
-0.661992
-0.6623
-0.662599
-0.66289
-0.663172
-0.663445
-0.663711
-0.663965
-0.66421
-0.664448
-0.664676
-0.66489
-0.665102
-0.665306
-0.665492
-0.665669
-0.665842
-0.666005
-0.66616
-0.666306
-0.666437
-0.666561
-0.666675
-0.666775
-0.666849
-0.666899
-0.666932
-0.666953
-0.66697
-0.666976
-0.66696
-0.666921
-0.666865
-0.666796
-0.554162
-0.554248
-0.554338
-0.554429
-0.554523
-0.554619
-0.554717
-0.554818
-0.554922
-0.555029
-0.555138
-0.55525
-0.555364
-0.555482
-0.555602
-0.555725
-0.555852
-0.555981
-0.556113
-0.556248
-0.556386
-0.556527
-0.556672
-0.556819
-0.55697
-0.557124
-0.557282
-0.557442
-0.557606
-0.557773
-0.557944
-0.558118
-0.558296
-0.558477
-0.558661
-0.558849
-0.559041
-0.559236
-0.559435
-0.559637
-0.559844
-0.560053
-0.560267
-0.560484
-0.560705
-0.56093
-0.561159
-0.561392
-0.561628
-0.561869
-0.562113
-0.562361
-0.562613
-0.56287
-0.56313
-0.563394
-0.563663
-0.563935
-0.564211
-0.564492
-0.564777
-0.565065
-0.565358
-0.565655
-0.565957
-0.566262
-0.566572
-0.566886
-0.567204
-0.567526
-0.567853
-0.568184
-0.568519
-0.568859
-0.569202
-0.56955
-0.569903
-0.570259
-0.57062
-0.570985
-0.571355
-0.571729
-0.572107
-0.572489
-0.572876
-0.573267
-0.573663
-0.574062
-0.574466
-0.574875
-0.575287
-0.575704
-0.576125
-0.576551
-0.576981
-0.577415
-0.577853
-0.578295
-0.578742
-0.579193
-0.579648
-0.580107
-0.580571
-0.581038
-0.58151
-0.581985
-0.582465
-0.582949
-0.583437
-0.583929
-0.584425
-0.584925
-0.585429
-0.585937
-0.586449
-0.586964
-0.587484
-0.588007
-0.588534
-0.589065
-0.5896
-0.590138
-0.59068
-0.591226
-0.591775
-0.592328
-0.592884
-0.593444
-0.594007
-0.594574
-0.595144
-0.595717
-0.596294
-0.596874
-0.597457
-0.598043
-0.598633
-0.599225
-0.599821
-0.600419
-0.601021
-0.601625
-0.602233
-0.602843
-0.603456
-0.604071
-0.604689
-0.60531
-0.605933
-0.606559
-0.607188
-0.607818
-0.608451
-0.609086
-0.609724
-0.610364
-0.611005
-0.611649
-0.612295
-0.612943
-0.613592
-0.614244
-0.614897
-0.615551
-0.616208
-0.616866
-0.617525
-0.618186
-0.618848
-0.619512
-0.620176
-0.620842
-0.621509
-0.622177
-0.622846
-0.623516
-0.624186
-0.624857
-0.625529
-0.626202
-0.626874
-0.627548
-0.628221
-0.628895
-0.629569
-0.630244
-0.630918
-0.631592
-0.632266
-0.63294
-0.633613
-0.634286
-0.634959
-0.635631
-0.636302
-0.636973
-0.637643
-0.638312
-0.638979
-0.639646
-0.640312
-0.640976
-0.641639
-0.6423
-0.64296
-0.643618
-0.644274
-0.644928
-0.64558
-0.646231
-0.646879
-0.647524
-0.648168
-0.648809
-0.649447
-0.650082
-0.650715
-0.651344
-0.651971
-0.652594
-0.653214
-0.653831
-0.654444
-0.655054
-0.65566
-0.656262
-0.65686
-0.657454
-0.658043
-0.658628
-0.659209
-0.659785
-0.660357
-0.660924
-0.661485
-0.662042
-0.662593
-0.663139
-0.66368
-0.664215
-0.664744
-0.665267
-0.665785
-0.666296
-0.666801
-0.6673
-0.667792
-0.668277
-0.668756
-0.669228
-0.669693
-0.670151
-0.670601
-0.671044
-0.67148
-0.671908
-0.672327
-0.672739
-0.673143
-0.673538
-0.673925
-0.674303
-0.674673
-0.675033
-0.675386
-0.675724
-0.676063
-0.676375
-0.676701
-0.676987
-0.677297
-0.677566
-0.677882
-0.678162
-0.678415
-0.678663
-0.678899
-0.679116
-0.679311
-0.679481
-0.679808
-0.679974
-0.680179
-0.680323
-0.680454
-0.680599
-0.680747
-0.68088
-0.681009
-0.681127
-0.681221
-0.681315
-0.681406
-0.681457
-0.68152
-0.68158
-0.681649
-0.681676
-0.681688
-0.681667
-0.55736
-0.557449
-0.55754
-0.557634
-0.557731
-0.557832
-0.557936
-0.558043
-0.558153
-0.558267
-0.558385
-0.558506
-0.558631
-0.558759
-0.558891
-0.559026
-0.559165
-0.559308
-0.559454
-0.559604
-0.559758
-0.559916
-0.560077
-0.560242
-0.560411
-0.560584
-0.560761
-0.560942
-0.561127
-0.561315
-0.561508
-0.561705
-0.561905
-0.56211
-0.562319
-0.562532
-0.562749
-0.56297
-0.563196
-0.563426
-0.563659
-0.563898
-0.56414
-0.564387
-0.564638
-0.564893
-0.565152
-0.565416
-0.565685
-0.565958
-0.566235
-0.566517
-0.566803
-0.567093
-0.567388
-0.567688
-0.567992
-0.568301
-0.568614
-0.568932
-0.569254
-0.569581
-0.569913
-0.570249
-0.570589
-0.570935
-0.571285
-0.571639
-0.571999
-0.572363
-0.572731
-0.573105
-0.573482
-0.573865
-0.574252
-0.574644
-0.575041
-0.575442
-0.575848
-0.576259
-0.576674
-0.577094
-0.577519
-0.577948
-0.578382
-0.578821
-0.579264
-0.579712
-0.580165
-0.580622
-0.581084
-0.58155
-0.582021
-0.582497
-0.582977
-0.583462
-0.583951
-0.584444
-0.584943
-0.585445
-0.585952
-0.586464
-0.58698
-0.5875
-0.588025
-0.588554
-0.589087
-0.589625
-0.590167
-0.590713
-0.591263
-0.591818
-0.592377
-0.592939
-0.593506
-0.594077
-0.594652
-0.595231
-0.595814
-0.596401
-0.596992
-0.597587
-0.598185
-0.598788
-0.599393
-0.600003
-0.600616
-0.601233
-0.601854
-0.602478
-0.603106
-0.603736
-0.604371
-0.605008
-0.605649
-0.606294
-0.606941
-0.607592
-0.608245
-0.608902
-0.609562
-0.610224
-0.61089
-0.611558
-0.612229
-0.612903
-0.61358
-0.614259
-0.614941
-0.615625
-0.616311
-0.617
-0.617692
-0.618385
-0.619081
-0.619779
-0.620479
-0.621181
-0.621884
-0.62259
-0.623298
-0.624007
-0.624718
-0.62543
-0.626144
-0.62686
-0.627577
-0.628295
-0.629014
-0.629735
-0.630457
-0.631179
-0.631903
-0.632628
-0.633353
-0.634079
-0.634806
-0.635533
-0.636261
-0.636989
-0.637718
-0.638446
-0.639175
-0.639904
-0.640633
-0.641362
-0.642091
-0.642819
-0.643547
-0.644275
-0.645002
-0.645728
-0.646454
-0.647179
-0.647903
-0.648626
-0.649348
-0.650069
-0.650788
-0.651506
-0.652223
-0.652938
-0.653651
-0.654363
-0.655072
-0.65578
-0.656485
-0.657189
-0.65789
-0.658588
-0.659284
-0.659978
-0.660668
-0.661356
-0.662041
-0.662722
-0.663401
-0.664076
-0.664748
-0.665416
-0.66608
-0.666741
-0.667398
-0.668051
-0.668699
-0.669344
-0.669984
-0.670619
-0.67125
-0.671876
-0.672497
-0.673113
-0.673724
-0.674329
-0.67493
-0.675524
-0.676113
-0.676696
-0.677274
-0.677845
-0.67841
-0.678968
-0.67952
-0.680066
-0.680604
-0.681136
-0.681661
-0.682179
-0.682689
-0.683192
-0.683687
-0.684175
-0.684654
-0.685126
-0.68559
-0.686045
-0.686492
-0.686931
-0.68736
-0.687781
-0.688193
-0.688596
-0.68899
-0.689373
-0.689748
-0.690113
-0.690468
-0.690814
-0.691149
-0.691475
-0.691792
-0.692098
-0.692394
-0.692614
-0.692925
-0.693187
-0.693433
-0.693667
-0.693893
-0.694108
-0.694303
-0.694486
-0.694661
-0.694819
-0.694965
-0.695101
-0.695227
-0.695183
-0.695124
-0.695161
-0.695279
-0.695486
-0.695684
-0.694968
-0.696188
-0.695634
-0.695565
-0.696061
-0.695761
-0.695666
-0.558552
-0.558668
-0.558788
-0.558911
-0.559037
-0.559167
-0.559301
-0.559439
-0.55958
-0.559726
-0.559875
-0.560029
-0.560186
-0.560348
-0.560514
-0.560683
-0.560857
-0.561035
-0.561216
-0.561403
-0.561593
-0.561787
-0.561986
-0.562189
-0.562396
-0.562607
-0.562823
-0.563043
-0.563267
-0.563496
-0.563729
-0.563966
-0.564208
-0.564454
-0.564705
-0.56496
-0.56522
-0.565484
-0.565753
-0.566026
-0.566304
-0.566586
-0.566874
-0.567165
-0.567462
-0.567763
-0.568068
-0.568379
-0.568694
-0.569014
-0.569338
-0.569668
-0.570002
-0.570341
-0.570685
-0.571033
-0.571386
-0.571745
-0.572108
-0.572476
-0.572849
-0.573226
-0.573609
-0.573996
-0.574389
-0.574786
-0.575189
-0.575596
-0.576008
-0.576425
-0.576847
-0.577274
-0.577706
-0.578143
-0.578585
-0.579032
-0.579484
-0.57994
-0.580402
-0.580869
-0.58134
-0.581817
-0.582298
-0.582784
-0.583276
-0.583772
-0.584273
-0.584779
-0.58529
-0.585806
-0.586326
-0.586851
-0.587382
-0.587917
-0.588456
-0.589001
-0.58955
-0.590104
-0.590663
-0.591226
-0.591794
-0.592367
-0.592944
-0.593526
-0.594113
-0.594703
-0.595299
-0.595899
-0.596503
-0.597112
-0.597725
-0.598343
-0.598965
-0.599591
-0.600221
-0.600856
-0.601494
-0.602137
-0.602784
-0.603435
-0.60409
-0.604749
-0.605412
-0.606079
-0.606749
-0.607424
-0.608102
-0.608783
-0.609469
-0.610158
-0.61085
-0.611546
-0.612246
-0.612949
-0.613655
-0.614364
-0.615077
-0.615793
-0.616512
-0.617234
-0.617959
-0.618687
-0.619418
-0.620151
-0.620888
-0.621627
-0.622369
-0.623113
-0.62386
-0.624609
-0.625361
-0.626115
-0.626871
-0.627629
-0.62839
-0.629152
-0.629917
-0.630683
-0.631451
-0.632221
-0.632993
-0.633766
-0.634541
-0.635317
-0.636095
-0.636874
-0.637654
-0.638436
-0.639218
-0.640002
-0.640786
-0.641571
-0.642357
-0.643144
-0.643931
-0.644719
-0.645507
-0.646296
-0.647085
-0.647874
-0.648663
-0.649452
-0.650241
-0.65103
-0.651819
-0.652607
-0.653395
-0.654182
-0.654969
-0.655755
-0.65654
-0.657324
-0.658108
-0.65889
-0.659671
-0.66045
-0.661228
-0.662005
-0.66278
-0.663554
-0.664325
-0.665095
-0.665862
-0.666628
-0.667391
-0.668152
-0.66891
-0.669666
-0.670419
-0.67117
-0.671917
-0.672661
-0.673403
-0.674141
-0.674875
-0.675607
-0.676334
-0.677058
-0.677778
-0.678494
-0.679206
-0.679913
-0.680617
-0.681316
-0.68201
-0.6827
-0.683384
-0.684064
-0.684739
-0.685408
-0.686072
-0.686731
-0.687383
-0.688031
-0.688672
-0.689307
-0.689936
-0.690559
-0.691175
-0.691785
-0.692388
-0.692984
-0.693573
-0.694155
-0.69473
-0.695297
-0.695857
-0.696409
-0.696954
-0.69749
-0.698018
-0.698538
-0.69905
-0.699553
-0.700047
-0.700533
-0.70101
-0.701477
-0.701936
-0.702385
-0.702825
-0.703255
-0.703676
-0.704087
-0.704487
-0.704878
-0.705259
-0.705629
-0.705989
-0.706337
-0.706672
-0.706999
-0.707309
-0.707553
-0.707887
-0.708198
-0.708465
-0.708724
-0.708978
-0.70922
-0.709449
-0.70966
-0.709885
-0.710072
-0.710234
-0.710415
-0.710495
-0.710676
-0.710804
-0.710916
-0.710974
-0.711026
-0.711071
-0.711098
-0.711131
-0.711148
-0.711238
-0.711084
-0.709757
-0.710308
-0.558654
-0.558795
-0.558941
-0.559089
-0.55924
-0.559396
-0.559556
-0.559721
-0.55989
-0.560064
-0.560242
-0.560424
-0.560611
-0.560803
-0.560999
-0.5612
-0.561406
-0.561616
-0.561831
-0.562051
-0.562276
-0.562506
-0.56274
-0.56298
-0.563224
-0.563473
-0.563728
-0.563987
-0.564251
-0.56452
-0.564795
-0.565074
-0.565359
-0.565648
-0.565943
-0.566243
-0.566548
-0.566858
-0.567173
-0.567494
-0.56782
-0.568151
-0.568487
-0.568829
-0.569176
-0.569528
-0.569885
-0.570248
-0.570616
-0.57099
-0.571368
-0.571752
-0.572142
-0.572536
-0.572937
-0.573342
-0.573753
-0.574169
-0.574591
-0.575018
-0.57545
-0.575888
-0.576331
-0.576779
-0.577233
-0.577692
-0.578157
-0.578627
-0.579102
-0.579583
-0.580069
-0.580561
-0.581058
-0.58156
-0.582067
-0.58258
-0.583098
-0.583622
-0.584151
-0.584685
-0.585224
-0.585769
-0.586318
-0.586874
-0.587434
-0.587999
-0.58857
-0.589146
-0.589727
-0.590313
-0.590904
-0.591501
-0.592102
-0.592708
-0.59332
-0.593936
-0.594557
-0.595184
-0.595815
-0.596451
-0.597092
-0.597737
-0.598388
-0.599043
-0.599703
-0.600367
-0.601036
-0.60171
-0.602388
-0.603071
-0.603758
-0.60445
-0.605146
-0.605847
-0.606551
-0.60726
-0.607974
-0.608691
-0.609413
-0.610138
-0.610868
-0.611601
-0.612339
-0.61308
-0.613826
-0.614575
-0.615328
-0.616084
-0.616844
-0.617608
-0.618375
-0.619145
-0.619919
-0.620697
-0.621477
-0.622261
-0.623048
-0.623838
-0.624631
-0.625427
-0.626226
-0.627028
-0.627832
-0.62864
-0.62945
-0.630262
-0.631077
-0.631894
-0.632714
-0.633536
-0.634361
-0.635187
-0.636016
-0.636846
-0.637679
-0.638513
-0.639349
-0.640187
-0.641027
-0.641868
-0.642711
-0.643555
-0.6444
-0.645247
-0.646094
-0.646943
-0.647793
-0.648644
-0.649495
-0.650348
-0.651201
-0.652054
-0.652909
-0.653763
-0.654618
-0.655473
-0.656329
-0.657184
-0.658039
-0.658894
-0.659749
-0.660604
-0.661458
-0.662312
-0.663165
-0.664018
-0.66487
-0.665721
-0.666571
-0.667419
-0.668267
-0.669113
-0.669958
-0.670802
-0.671644
-0.672484
-0.673323
-0.674159
-0.674994
-0.675826
-0.676657
-0.677485
-0.67831
-0.679133
-0.679953
-0.680771
-0.681586
-0.682397
-0.683206
-0.684011
-0.684813
-0.685612
-0.686407
-0.687198
-0.687985
-0.688769
-0.689548
-0.690323
-0.691094
-0.691861
-0.692623
-0.69338
-0.694132
-0.69488
-0.695622
-0.69636
-0.697091
-0.697818
-0.698539
-0.699254
-0.699963
-0.700666
-0.701364
-0.702054
-0.702739
-0.703417
-0.704088
-0.704752
-0.70541
-0.70606
-0.706703
-0.707339
-0.707967
-0.708587
-0.7092
-0.709804
-0.710401
-0.710989
-0.711569
-0.71214
-0.712703
-0.713257
-0.713802
-0.714337
-0.714864
-0.715381
-0.715888
-0.716386
-0.716874
-0.717352
-0.71782
-0.718278
-0.718725
-0.719162
-0.719588
-0.720004
-0.720408
-0.720802
-0.721185
-0.721556
-0.721916
-0.722264
-0.722601
-0.722927
-0.723241
-0.723541
-0.723831
-0.72411
-0.724378
-0.724635
-0.72488
-0.725109
-0.72529
-0.725529
-0.725734
-0.725918
-0.726095
-0.726254
-0.726393
-0.726508
-0.726593
-0.726655
-0.726709
-0.726759
-0.726806
-0.726828
-0.726817
-0.726788
-0.726712
-0.726577
-0.556
-0.556203
-0.556414
-0.556626
-0.556843
-0.557064
-0.557291
-0.557521
-0.557757
-0.557998
-0.558243
-0.558494
-0.558749
-0.559009
-0.559274
-0.559544
-0.559819
-0.560099
-0.560384
-0.560673
-0.560968
-0.561268
-0.561573
-0.561883
-0.562199
-0.562519
-0.562844
-0.563175
-0.563511
-0.563852
-0.564198
-0.564549
-0.564906
-0.565268
-0.565635
-0.566007
-0.566385
-0.566768
-0.567157
-0.567551
-0.56795
-0.568354
-0.568764
-0.569179
-0.5696
-0.570026
-0.570458
-0.570895
-0.571338
-0.571786
-0.572239
-0.572698
-0.573163
-0.573633
-0.574109
-0.57459
-0.575077
-0.575569
-0.576067
-0.57657
-0.577079
-0.577594
-0.578114
-0.57864
-0.579171
-0.579708
-0.580251
-0.580799
-0.581353
-0.581912
-0.582477
-0.583047
-0.583623
-0.584204
-0.584791
-0.585384
-0.585982
-0.586586
-0.587195
-0.587809
-0.588429
-0.589055
-0.589686
-0.590322
-0.590964
-0.591611
-0.592263
-0.592921
-0.593584
-0.594252
-0.594926
-0.595605
-0.596289
-0.596978
-0.597672
-0.598372
-0.599076
-0.599786
-0.6005
-0.60122
-0.601944
-0.602673
-0.603408
-0.604147
-0.60489
-0.605639
-0.606392
-0.60715
-0.607912
-0.608679
-0.609451
-0.610227
-0.611007
-0.611792
-0.612581
-0.613374
-0.614171
-0.614973
-0.615778
-0.616588
-0.617402
-0.61822
-0.619041
-0.619867
-0.620696
-0.621529
-0.622365
-0.623205
-0.624049
-0.624896
-0.625746
-0.6266
-0.627457
-0.628317
-0.629181
-0.630047
-0.630917
-0.631789
-0.632665
-0.633543
-0.634424
-0.635307
-0.636193
-0.637082
-0.637973
-0.638867
-0.639763
-0.640661
-0.641561
-0.642463
-0.643367
-0.644274
-0.645182
-0.646091
-0.647003
-0.647916
-0.648831
-0.649747
-0.650664
-0.651583
-0.652503
-0.653424
-0.654346
-0.655269
-0.656193
-0.657118
-0.658044
-0.65897
-0.659896
-0.660823
-0.661751
-0.662678
-0.663606
-0.664534
-0.665462
-0.666389
-0.667317
-0.668244
-0.669171
-0.670097
-0.671022
-0.671947
-0.672872
-0.673795
-0.674717
-0.675638
-0.676558
-0.677477
-0.678395
-0.67931
-0.680225
-0.681137
-0.682048
-0.682957
-0.683863
-0.684768
-0.685671
-0.686571
-0.687468
-0.688363
-0.689255
-0.690145
-0.691032
-0.691915
-0.692796
-0.693673
-0.694547
-0.695417
-0.696284
-0.697147
-0.698006
-0.698861
-0.699713
-0.70056
-0.701402
-0.70224
-0.703074
-0.703903
-0.704727
-0.705547
-0.706361
-0.70717
-0.707973
-0.708772
-0.709564
-0.710351
-0.711132
-0.711907
-0.712676
-0.713439
-0.714196
-0.714945
-0.715689
-0.716425
-0.717155
-0.717877
-0.718592
-0.7193
-0.720001
-0.720693
-0.721378
-0.722055
-0.722724
-0.723385
-0.724037
-0.724681
-0.725316
-0.725943
-0.72656
-0.727169
-0.727768
-0.728358
-0.728938
-0.729509
-0.73007
-0.730621
-0.731162
-0.731692
-0.732213
-0.732722
-0.733222
-0.73371
-0.734188
-0.734654
-0.73511
-0.735554
-0.735987
-0.736408
-0.736818
-0.737216
-0.737603
-0.737977
-0.738339
-0.73869
-0.739028
-0.739354
-0.739668
-0.73997
-0.740261
-0.740539
-0.740805
-0.741059
-0.7413
-0.741523
-0.741735
-0.741936
-0.742125
-0.7423
-0.742462
-0.742612
-0.742731
-0.742866
-0.742978
-0.743079
-0.743171
-0.743252
-0.743322
-0.743375
-0.743406
-0.743394
-0.552359
-0.552616
-0.552882
-0.55315
-0.553421
-0.553698
-0.55398
-0.554267
-0.55456
-0.554858
-0.555161
-0.55547
-0.555784
-0.556104
-0.556429
-0.55676
-0.557096
-0.557438
-0.557786
-0.558139
-0.558498
-0.558863
-0.559233
-0.559609
-0.559991
-0.560379
-0.560773
-0.561172
-0.561578
-0.561989
-0.562406
-0.562829
-0.563258
-0.563693
-0.564134
-0.564581
-0.565034
-0.565493
-0.565958
-0.566429
-0.566905
-0.567388
-0.567877
-0.568373
-0.568874
-0.569381
-0.569894
-0.570413
-0.570938
-0.57147
-0.572007
-0.572551
-0.5731
-0.573656
-0.574217
-0.574785
-0.575359
-0.575939
-0.576524
-0.577116
-0.577714
-0.578318
-0.578928
-0.579543
-0.580165
-0.580793
-0.581427
-0.582066
-0.582712
-0.583363
-0.584021
-0.584684
-0.585353
-0.586028
-0.586709
-0.587396
-0.588088
-0.588786
-0.58949
-0.5902
-0.590915
-0.591636
-0.592363
-0.593095
-0.593833
-0.594576
-0.595325
-0.596079
-0.596839
-0.597604
-0.598375
-0.59915
-0.599932
-0.600718
-0.601509
-0.602306
-0.603108
-0.603915
-0.604727
-0.605543
-0.606365
-0.607192
-0.608023
-0.60886
-0.6097
-0.610546
-0.611396
-0.612251
-0.61311
-0.613974
-0.614842
-0.615714
-0.616591
-0.617472
-0.618357
-0.619246
-0.620139
-0.621036
-0.621938
-0.622842
-0.623751
-0.624664
-0.62558
-0.6265
-0.627423
-0.62835
-0.62928
-0.630213
-0.63115
-0.63209
-0.633033
-0.63398
-0.634929
-0.635881
-0.636836
-0.637794
-0.638755
-0.639718
-0.640684
-0.641653
-0.642624
-0.643597
-0.644572
-0.64555
-0.64653
-0.647512
-0.648496
-0.649482
-0.65047
-0.651459
-0.65245
-0.653443
-0.654437
-0.655433
-0.65643
-0.657428
-0.658428
-0.659428
-0.66043
-0.661432
-0.662435
-0.663439
-0.664444
-0.665449
-0.666455
-0.667461
-0.668467
-0.669474
-0.670481
-0.671487
-0.672494
-0.673501
-0.674507
-0.675513
-0.676518
-0.677523
-0.678527
-0.67953
-0.680533
-0.681534
-0.682535
-0.683534
-0.684532
-0.685529
-0.686524
-0.687518
-0.68851
-0.6895
-0.690489
-0.691475
-0.692459
-0.693441
-0.694421
-0.695398
-0.696373
-0.697345
-0.698314
-0.699281
-0.700244
-0.701204
-0.702162
-0.703115
-0.704066
-0.705012
-0.705955
-0.706895
-0.70783
-0.708761
-0.709689
-0.710611
-0.71153
-0.712444
-0.713354
-0.714258
-0.715158
-0.716053
-0.716943
-0.717827
-0.718706
-0.71958
-0.720448
-0.721311
-0.722167
-0.723018
-0.723862
-0.7247
-0.725532
-0.726358
-0.727176
-0.727988
-0.728793
-0.729591
-0.730382
-0.731165
-0.731941
-0.73271
-0.73347
-0.734223
-0.734968
-0.735704
-0.736432
-0.737152
-0.737863
-0.738566
-0.739259
-0.739944
-0.740619
-0.741285
-0.741941
-0.742588
-0.743225
-0.743853
-0.74447
-0.745077
-0.745673
-0.746259
-0.746835
-0.7474
-0.747953
-0.748496
-0.749028
-0.749548
-0.750057
-0.750554
-0.75104
-0.751514
-0.751975
-0.752425
-0.752863
-0.753288
-0.753701
-0.754102
-0.75449
-0.754865
-0.755227
-0.755576
-0.755913
-0.756236
-0.756546
-0.756843
-0.757126
-0.757394
-0.757649
-0.757888
-0.758112
-0.758321
-0.758515
-0.758694
-0.758857
-0.759003
-0.759132
-0.759243
-0.759337
-0.759413
-0.759472
-0.759512
-0.759532
-0.75953
-0.759506
-0.759459
-0.546523
-0.546852
-0.547193
-0.547537
-0.547885
-0.548239
-0.548599
-0.548966
-0.549338
-0.549717
-0.550103
-0.550494
-0.550892
-0.551296
-0.551707
-0.552123
-0.552547
-0.552976
-0.553412
-0.553854
-0.554303
-0.554758
-0.555219
-0.555687
-0.556161
-0.556641
-0.557128
-0.557621
-0.558121
-0.558627
-0.55914
-0.559659
-0.560184
-0.560716
-0.561254
-0.561799
-0.56235
-0.562908
-0.563472
-0.564042
-0.564619
-0.565202
-0.565792
-0.566388
-0.56699
-0.567599
-0.568214
-0.568836
-0.569464
-0.570099
-0.570739
-0.571386
-0.57204
-0.5727
-0.573366
-0.574038
-0.574717
-0.575402
-0.576093
-0.576791
-0.577495
-0.578205
-0.578921
-0.579644
-0.580372
-0.581107
-0.581848
-0.582595
-0.583349
-0.584108
-0.584874
-0.585645
-0.586423
-0.587206
-0.587996
-0.588791
-0.589593
-0.5904
-0.591213
-0.592032
-0.592857
-0.593687
-0.594524
-0.595366
-0.596213
-0.597066
-0.597925
-0.598789
-0.599658
-0.600533
-0.601414
-0.602299
-0.60319
-0.604086
-0.604987
-0.605894
-0.606805
-0.607721
-0.608642
-0.609568
-0.610499
-0.611435
-0.612375
-0.61332
-0.614269
-0.615223
-0.616181
-0.617143
-0.61811
-0.619081
-0.620056
-0.621035
-0.622018
-0.623005
-0.623996
-0.62499
-0.625989
-0.626991
-0.627996
-0.629006
-0.630019
-0.631035
-0.632054
-0.633077
-0.634103
-0.635133
-0.636165
-0.6372
-0.638239
-0.63928
-0.640324
-0.641371
-0.64242
-0.643472
-0.644527
-0.645584
-0.646643
-0.647705
-0.648769
-0.649835
-0.650903
-0.651973
-0.653045
-0.654119
-0.655194
-0.656271
-0.65735
-0.658431
-0.659512
-0.660595
-0.66168
-0.662765
-0.663852
-0.664939
-0.666028
-0.667117
-0.668207
-0.669297
-0.670389
-0.67148
-0.672572
-0.673664
-0.674757
-0.675849
-0.676942
-0.678034
-0.679126
-0.680218
-0.681309
-0.6824
-0.683491
-0.68458
-0.685669
-0.686757
-0.687844
-0.68893
-0.690015
-0.691099
-0.692181
-0.693261
-0.69434
-0.695418
-0.696493
-0.697567
-0.698638
-0.699708
-0.700775
-0.70184
-0.702902
-0.703962
-0.705019
-0.706073
-0.707125
-0.708173
-0.709218
-0.71026
-0.711299
-0.712334
-0.713366
-0.714393
-0.715417
-0.716438
-0.717454
-0.718465
-0.719473
-0.720476
-0.721475
-0.722469
-0.723458
-0.724443
-0.725422
-0.726396
-0.727366
-0.728329
-0.729288
-0.730241
-0.731188
-0.732129
-0.733065
-0.733994
-0.734917
-0.735834
-0.736745
-0.737649
-0.738546
-0.739437
-0.74032
-0.741197
-0.742066
-0.742929
-0.743783
-0.74463
-0.74547
-0.746301
-0.747124
-0.74794
-0.748747
-0.749546
-0.750336
-0.751117
-0.75189
-0.752653
-0.753408
-0.754153
-0.754889
-0.755615
-0.756332
-0.757039
-0.757735
-0.758422
-0.759098
-0.759764
-0.76042
-0.761064
-0.761698
-0.762321
-0.762932
-0.763533
-0.764122
-0.764699
-0.765265
-0.765819
-0.766361
-0.766891
-0.767409
-0.767914
-0.768408
-0.768888
-0.769356
-0.769811
-0.770253
-0.770682
-0.771098
-0.771501
-0.771891
-0.772267
-0.772629
-0.772978
-0.773313
-0.773634
-0.77394
-0.774233
-0.774511
-0.774774
-0.775023
-0.775256
-0.775475
-0.775678
-0.775865
-0.776036
-0.776191
-0.776329
-0.776449
-0.776553
-0.776638
-0.776704
-0.776751
-0.776778
-0.776783
-0.776764
-0.538769
-0.539187
-0.539618
-0.540051
-0.54049
-0.540935
-0.541387
-0.541847
-0.542314
-0.542787
-0.543268
-0.543756
-0.544252
-0.544754
-0.545264
-0.545781
-0.546305
-0.546836
-0.547375
-0.54792
-0.548473
-0.549032
-0.549599
-0.550173
-0.550754
-0.551343
-0.551938
-0.552541
-0.553151
-0.553768
-0.554392
-0.555023
-0.555661
-0.556306
-0.556958
-0.557618
-0.558285
-0.558959
-0.55964
-0.560329
-0.561024
-0.561726
-0.562436
-0.563152
-0.563875
-0.564605
-0.565342
-0.566085
-0.566836
-0.567593
-0.568357
-0.569128
-0.569906
-0.57069
-0.571481
-0.572278
-0.573082
-0.573893
-0.57471
-0.575533
-0.576363
-0.5772
-0.578043
-0.578892
-0.579747
-0.580609
-0.581478
-0.582352
-0.583233
-0.58412
-0.585013
-0.585912
-0.586817
-0.587728
-0.588646
-0.589569
-0.590499
-0.591434
-0.592375
-0.593322
-0.594275
-0.595233
-0.596198
-0.597168
-0.598143
-0.599124
-0.60011
-0.601102
-0.602099
-0.603101
-0.604109
-0.605122
-0.60614
-0.607163
-0.608191
-0.609224
-0.610262
-0.611304
-0.612351
-0.613403
-0.61446
-0.61552
-0.616585
-0.617655
-0.618728
-0.619804
-0.620885
-0.621969
-0.623057
-0.624148
-0.625243
-0.626341
-0.627443
-0.628548
-0.629656
-0.630768
-0.631882
-0.633
-0.63412
-0.635244
-0.63637
-0.637499
-0.638631
-0.639766
-0.640904
-0.642044
-0.643186
-0.644331
-0.645479
-0.646628
-0.64778
-0.648934
-0.650091
-0.651249
-0.652409
-0.653572
-0.654736
-0.655902
-0.657069
-0.658238
-0.659409
-0.660581
-0.661755
-0.662929
-0.664106
-0.665283
-0.666461
-0.66764
-0.66882
-0.670001
-0.671183
-0.672365
-0.673548
-0.674732
-0.675915
-0.677099
-0.678284
-0.679468
-0.680652
-0.681837
-0.683021
-0.684204
-0.685388
-0.686571
-0.687753
-0.688935
-0.690116
-0.691296
-0.692475
-0.693653
-0.69483
-0.696006
-0.69718
-0.698353
-0.699525
-0.700694
-0.701862
-0.703028
-0.704192
-0.705354
-0.706514
-0.707671
-0.708826
-0.709979
-0.711129
-0.712276
-0.71342
-0.714562
-0.7157
-0.716835
-0.717966
-0.719095
-0.720219
-0.72134
-0.722458
-0.723571
-0.72468
-0.725785
-0.726886
-0.727983
-0.729075
-0.730162
-0.731245
-0.732323
-0.733396
-0.734463
-0.735526
-0.736584
-0.737636
-0.738682
-0.739723
-0.740759
-0.741788
-0.742812
-0.743829
-0.744841
-0.745846
-0.746845
-0.747837
-0.748823
-0.749801
-0.750773
-0.751739
-0.752696
-0.753647
-0.754591
-0.755527
-0.756455
-0.757376
-0.758288
-0.759193
-0.76009
-0.760979
-0.761859
-0.76273
-0.763593
-0.764447
-0.765293
-0.766129
-0.766956
-0.767773
-0.768581
-0.76938
-0.770169
-0.770948
-0.771716
-0.772475
-0.773223
-0.773961
-0.774688
-0.775405
-0.77611
-0.776805
-0.777488
-0.77816
-0.77882
-0.779469
-0.780106
-0.780732
-0.781345
-0.781946
-0.782535
-0.783112
-0.783676
-0.784227
-0.784766
-0.785292
-0.785805
-0.786305
-0.786791
-0.787264
-0.787724
-0.78817
-0.788602
-0.789021
-0.789425
-0.789815
-0.790191
-0.790553
-0.790899
-0.791231
-0.791548
-0.79185
-0.792136
-0.792407
-0.792662
-0.792901
-0.793123
-0.793329
-0.793518
-0.79369
-0.793844
-0.793981
-0.794099
-0.794199
-0.79428
-0.794342
-0.794384
-0.794407
-0.794409
-0.529361
-0.529894
-0.530442
-0.530991
-0.531546
-0.532108
-0.532677
-0.533254
-0.533839
-0.534431
-0.53503
-0.535636
-0.53625
-0.53687
-0.537499
-0.538135
-0.538777
-0.539426
-0.540086
-0.540751
-0.541426
-0.542109
-0.542799
-0.543497
-0.544202
-0.544915
-0.545636
-0.546365
-0.547101
-0.547845
-0.548597
-0.549356
-0.550119
-0.550906
-0.551597
-0.5525
-0.5533
-0.554107
-0.554922
-0.555744
-0.556574
-0.55741
-0.558255
-0.559107
-0.559966
-0.560833
-0.561707
-0.562588
-0.563477
-0.564373
-0.565275
-0.566185
-0.567102
-0.568025
-0.568956
-0.569893
-0.570837
-0.571788
-0.572744
-0.573708
-0.574679
-0.575656
-0.576639
-0.577629
-0.578626
-0.579629
-0.580639
-0.581655
-0.582678
-0.583707
-0.584742
-0.585784
-0.586832
-0.587887
-0.588947
-0.590014
-0.591087
-0.592166
-0.593252
-0.594343
-0.595441
-0.596544
-0.597654
-0.598768
-0.599889
-0.601014
-0.602145
-0.60328
-0.60442
-0.605565
-0.606716
-0.607871
-0.609031
-0.610195
-0.611365
-0.612537
-0.613708
-0.614828
-0.616063
-0.617257
-0.618456
-0.619658
-0.620865
-0.622074
-0.623283
-0.624493
-0.625704
-0.626918
-0.628135
-0.629353
-0.630574
-0.631798
-0.633024
-0.634252
-0.635483
-0.636716
-0.637952
-0.63919
-0.64043
-0.641673
-0.642918
-0.644165
-0.645415
-0.646666
-0.64792
-0.649176
-0.650433
-0.651693
-0.652954
-0.654218
-0.655483
-0.656749
-0.658018
-0.659287
-0.660559
-0.661831
-0.663105
-0.66438
-0.665657
-0.666934
-0.668212
-0.669491
-0.670771
-0.672052
-0.673334
-0.674615
-0.675898
-0.677181
-0.678464
-0.679747
-0.681031
-0.682314
-0.683598
-0.684881
-0.686164
-0.687447
-0.688729
-0.690011
-0.691292
-0.692573
-0.693853
-0.695131
-0.696409
-0.697686
-0.698961
-0.700235
-0.701508
-0.702779
-0.704049
-0.705317
-0.706583
-0.707847
-0.709109
-0.710369
-0.711626
-0.712882
-0.714135
-0.715385
-0.716633
-0.717878
-0.71912
-0.720359
-0.721595
-0.722828
-0.724058
-0.725284
-0.726507
-0.727726
-0.728941
-0.730153
-0.73136
-0.732564
-0.733763
-0.734958
-0.736148
-0.737334
-0.738514
-0.73969
-0.740861
-0.742027
-0.743188
-0.744343
-0.745493
-0.746637
-0.747776
-0.748909
-0.750036
-0.751157
-0.752272
-0.753381
-0.754483
-0.75558
-0.756669
-0.757753
-0.758829
-0.759899
-0.760962
-0.762018
-0.763067
-0.764108
-0.765143
-0.76617
-0.767189
-0.768201
-0.769205
-0.770201
-0.771189
-0.77217
-0.773141
-0.774105
-0.77506
-0.776006
-0.776944
-0.777873
-0.778792
-0.779703
-0.780604
-0.781496
-0.782378
-0.783251
-0.784114
-0.784966
-0.785809
-0.786642
-0.787464
-0.788275
-0.789076
-0.789867
-0.790646
-0.791414
-0.792171
-0.792917
-0.793651
-0.794374
-0.795084
-0.795783
-0.796471
-0.797145
-0.797808
-0.798459
-0.799096
-0.799722
-0.800334
-0.800934
-0.801521
-0.802094
-0.802655
-0.803202
-0.803735
-0.804255
-0.804762
-0.805254
-0.805733
-0.806197
-0.806648
-0.807083
-0.807505
-0.807911
-0.808303
-0.80868
-0.809042
-0.809388
-0.809719
-0.810034
-0.810333
-0.810617
-0.810884
-0.811134
-0.811368
-0.811585
-0.811785
-0.811967
-0.812132
-0.812278
-0.812407
-0.812516
-0.812607
-0.812679
-0.812731
-0.812763
-0.517647
-0.518332
-0.519037
-0.519744
-0.520455
-0.521175
-0.521902
-0.522637
-0.52338
-0.524129
-0.524885
-0.525653
-0.526424
-0.527206
-0.528
-0.528803
-0.52961
-0.530416
-0.531005
-0.532025
-0.532882
-0.533739
-0.534601
-0.535469
-0.536344
-0.53723
-0.538126
-0.539029
-0.539939
-0.540855
-0.541458
-0.542393
-0.543349
-0.544297
-0.545257
-0.546221
-0.547193
-0.548172
-0.549156
-0.55015
-0.551151
-0.552161
-0.553179
-0.554204
-0.555235
-0.556272
-0.557315
-0.558365
-0.559422
-0.560485
-0.561556
-0.562634
-0.563718
-0.56481
-0.565909
-0.567014
-0.568114
-0.56923
-0.570107
-0.571406
-0.572548
-0.573689
-0.574835
-0.575986
-0.577143
-0.578307
-0.579476
-0.580652
-0.581833
-0.58302
-0.584213
-0.585412
-0.586616
-0.587826
-0.589041
-0.590261
-0.591485
-0.592714
-0.593947
-0.595186
-0.596431
-0.597689
-0.598964
-0.600204
-0.601466
-0.602905
-0.604178
-0.605458
-0.606741
-0.60803
-0.609324
-0.610626
-0.611933
-0.613244
-0.614562
-0.615886
-0.617216
-0.618553
-0.619896
-0.621246
-0.622604
-0.623908
-0.625044
-0.626976
-0.628347
-0.629704
-0.631059
-0.632415
-0.63377
-0.635124
-0.636479
-0.637835
-0.639191
-0.640547
-0.641904
-0.643262
-0.644621
-0.645982
-0.647343
-0.648705
-0.650069
-0.651434
-0.6528
-0.654168
-0.655537
-0.656907
-0.658279
-0.659651
-0.661026
-0.662401
-0.663777
-0.665155
-0.666533
-0.667913
-0.669294
-0.670675
-0.672057
-0.67344
-0.674823
-0.676207
-0.677591
-0.678976
-0.680361
-0.681747
-0.683132
-0.684517
-0.685903
-0.687288
-0.688673
-0.690058
-0.691442
-0.692825
-0.694208
-0.695591
-0.696972
-0.698353
-0.699733
-0.701111
-0.702489
-0.703865
-0.705239
-0.706613
-0.707984
-0.709354
-0.710722
-0.712088
-0.713452
-0.714814
-0.716173
-0.71753
-0.718885
-0.720237
-0.721586
-0.722932
-0.724276
-0.725616
-0.726954
-0.728288
-0.729619
-0.730946
-0.73227
-0.73359
-0.734906
-0.736219
-0.737528
-0.738832
-0.740133
-0.741429
-0.742721
-0.744009
-0.745291
-0.74657
-0.747843
-0.749111
-0.750374
-0.751631
-0.752882
-0.754127
-0.755366
-0.756599
-0.757827
-0.759048
-0.760263
-0.761472
-0.762674
-0.763871
-0.76506
-0.766243
-0.76742
-0.768589
-0.769752
-0.770908
-0.772057
-0.773198
-0.774333
-0.77546
-0.77658
-0.777692
-0.778796
-0.779893
-0.780982
-0.782063
-0.783136
-0.784201
-0.785258
-0.786306
-0.787345
-0.788377
-0.789399
-0.790412
-0.791417
-0.792412
-0.793398
-0.794375
-0.795343
-0.7963
-0.797248
-0.798186
-0.799114
-0.800032
-0.80094
-0.801837
-0.802724
-0.8036
-0.804465
-0.80532
-0.806163
-0.806995
-0.807816
-0.808625
-0.809423
-0.810209
-0.810983
-0.811745
-0.812496
-0.813234
-0.81396
-0.814673
-0.815374
-0.816062
-0.816737
-0.8174
-0.818049
-0.818686
-0.819309
-0.819919
-0.820515
-0.821098
-0.821666
-0.822222
-0.822763
-0.82329
-0.823803
-0.824301
-0.824785
-0.825253
-0.825707
-0.826147
-0.826571
-0.826979
-0.827372
-0.82775
-0.828111
-0.828456
-0.828785
-0.829098
-0.829394
-0.829673
-0.829935
-0.830181
-0.830409
-0.83062
-0.830813
-0.830988
-0.831145
-0.831284
-0.831405
-0.831507
-0.83159
-0.831654
-0.505346
-0.50622
-0.507102
-0.507929
-0.508847
-0.509759
-0.51066
-0.511567
-0.512474
-0.513419
-0.51434
-0.514534
-0.515526
-0.516525
-0.51751
-0.51853
-0.520173
-0.520534
-0.522226
-0.523245
-0.524271
-0.525302
-0.526294
-0.527392
-0.527359
-0.529097
-0.530183
-0.531315
-0.532456
-0.533256
-0.534421
-0.535568
-0.536695
-0.53783
-0.538976
-0.540131
-0.541288
-0.54245
-0.543622
-0.544559
-0.545746
-0.546958
-0.548169
-0.54939
-0.55061
-0.55183
-0.553059
-0.552944
-0.555534
-0.556802
-0.558061
-0.559323
-0.560591
-0.561861
-0.563039
-0.564384
-0.565664
-0.566945
-0.568236
-0.568478
-0.570705
-0.572005
-0.573308
-0.57462
-0.575936
-0.577258
-0.578585
-0.579917
-0.581254
-0.582597
-0.583944
-0.585297
-0.586654
-0.588016
-0.589384
-0.590757
-0.592123
-0.593504
-0.594897
-0.59629
-0.597654
-0.599012
-0.600964
-0.602383
-0.603792
-0.605204
-0.606619
-0.608032
-0.609461
-0.61059
-0.612173
-0.613598
-0.615028
-0.616459
-0.617889
-0.619319
-0.620748
-0.622178
-0.623606
-0.625034
-0.626457
-0.627882
-0.629243
-0.628332
-0.634315
-0.63576
-0.637196
-0.638641
-0.640088
-0.641539
-0.642994
-0.644451
-0.645911
-0.647375
-0.648841
-0.650309
-0.65178
-0.653254
-0.654729
-0.656207
-0.657687
-0.659169
-0.660652
-0.662137
-0.663624
-0.665112
-0.666602
-0.668093
-0.669584
-0.671077
-0.672571
-0.674065
-0.67556
-0.677055
-0.678551
-0.680047
-0.681543
-0.683039
-0.684535
-0.686031
-0.687527
-0.689022
-0.690517
-0.692012
-0.693506
-0.694999
-0.696492
-0.697984
-0.699474
-0.700964
-0.702452
-0.703939
-0.705425
-0.706909
-0.708391
-0.709872
-0.711351
-0.712828
-0.714303
-0.715776
-0.717247
-0.718716
-0.720182
-0.721646
-0.723107
-0.724566
-0.726022
-0.727475
-0.728924
-0.73037
-0.731812
-0.733251
-0.734687
-0.736118
-0.737546
-0.73897
-0.740391
-0.741807
-0.743219
-0.744627
-0.74603
-0.74743
-0.748824
-0.750215
-0.751601
-0.752982
-0.754359
-0.75573
-0.757097
-0.758459
-0.759816
-0.761168
-0.762515
-0.763857
-0.765194
-0.766521
-0.767843
-0.769159
-0.770466
-0.771767
-0.773061
-0.774347
-0.775627
-0.7769
-0.778165
-0.779423
-0.780674
-0.781917
-0.783153
-0.784381
-0.785602
-0.786815
-0.788021
-0.789218
-0.790409
-0.791591
-0.792765
-0.793931
-0.79509
-0.796239
-0.797381
-0.798514
-0.799639
-0.800755
-0.801863
-0.802961
-0.804051
-0.805132
-0.806203
-0.807265
-0.808318
-0.809361
-0.810394
-0.811418
-0.812432
-0.813435
-0.814429
-0.815412
-0.816385
-0.817347
-0.818299
-0.81924
-0.820169
-0.821088
-0.821996
-0.822892
-0.823777
-0.82465
-0.825512
-0.826361
-0.827199
-0.828025
-0.828839
-0.82964
-0.830429
-0.831206
-0.83197
-0.832722
-0.833461
-0.834187
-0.8349
-0.835599
-0.836286
-0.836959
-0.837619
-0.838266
-0.838898
-0.839517
-0.840122
-0.840713
-0.84129
-0.841851
-0.842399
-0.842932
-0.84345
-0.843953
-0.84444
-0.844913
-0.84537
-0.845811
-0.846235
-0.846644
-0.847034
-0.847413
-0.847774
-0.848116
-0.848392
-0.848722
-0.849033
-0.849308
-0.849566
-0.849807
-0.85003
-0.850234
-0.850421
-0.85059
-0.850739
-0.850869
-0.850979
-0.851072
-0.491284
-0.492437
-0.493567
-0.494725
-0.495885
-0.497054
-0.49823
-0.498388
-0.499593
-0.500825
-0.501254
-0.502593
-0.504345
-0.505651
-0.506877
-0.508274
-0.50872
-0.510323
-0.511608
-0.512887
-0.51418
-0.51548
-0.51678
-0.518084
-0.518712
-0.520053
-0.521392
-0.522716
-0.524122
-0.525487
-0.526826
-0.528166
-0.529512
-0.530263
-0.531647
-0.53346
-0.534813
-0.536181
-0.537553
-0.538923
-0.5403
-0.541675
-0.543052
-0.544432
-0.545814
-0.547187
-0.548519
-0.549867
-0.552667
-0.554078
-0.555468
-0.556882
-0.558318
-0.559767
-0.561208
-0.562653
-0.564103
-0.565554
-0.567023
-0.56847
-0.569652
-0.571369
-0.572872
-0.57434
-0.575826
-0.577324
-0.578826
-0.580332
-0.581841
-0.583355
-0.584869
-0.586389
-0.587917
-0.58949
-0.590994
-0.591803
-0.593372
-0.594953
-0.596489
-0.598029
-0.600569
-0.601176
-0.603944
-0.60546
-0.606973
-0.608504
-0.610036
-0.61157
-0.613104
-0.614657
-0.616204
-0.617728
-0.619596
-0.621138
-0.622675
-0.624221
-0.625765
-0.627311
-0.62886
-0.630403
-0.631956
-0.63355
-0.635061
-0.63629
-0.637844
-0.642016
-0.643657
-0.645249
-0.646824
-0.648412
-0.650007
-0.651607
-0.65321
-0.654816
-0.656425
-0.658036
-0.659648
-0.661253
-0.662829
-0.664481
-0.666098
-0.667715
-0.669331
-0.670948
-0.672565
-0.674182
-0.675799
-0.677416
-0.679033
-0.680649
-0.682262
-0.683879
-0.685494
-0.687105
-0.688718
-0.69033
-0.69194
-0.69355
-0.695157
-0.696764
-0.698369
-0.699973
-0.701575
-0.703175
-0.704774
-0.706371
-0.707967
-0.709561
-0.711153
-0.712743
-0.714331
-0.715917
-0.717499
-0.71908
-0.720659
-0.722235
-0.72381
-0.725382
-0.726951
-0.728518
-0.730083
-0.731644
-0.733203
-0.734757
-0.736308
-0.737824
-0.739394
-0.740945
-0.742483
-0.744017
-0.745544
-0.747065
-0.748582
-0.750095
-0.751603
-0.753105
-0.754603
-0.756096
-0.757585
-0.759068
-0.760546
-0.762018
-0.763486
-0.764949
-0.766406
-0.767858
-0.769304
-0.770745
-0.772181
-0.773609
-0.775033
-0.776451
-0.777864
-0.779272
-0.780609
-0.782082
-0.783451
-0.784818
-0.786198
-0.787571
-0.788934
-0.790286
-0.79163
-0.792965
-0.794291
-0.795609
-0.796919
-0.79822
-0.799514
-0.800799
-0.802076
-0.803345
-0.804606
-0.805859
-0.807103
-0.808339
-0.809566
-0.810785
-0.811995
-0.813197
-0.81439
-0.815573
-0.816748
-0.817913
-0.81907
-0.820217
-0.821354
-0.822482
-0.823601
-0.824709
-0.825808
-0.826897
-0.827976
-0.829045
-0.830103
-0.831151
-0.832188
-0.833215
-0.834231
-0.835236
-0.836231
-0.837214
-0.838186
-0.839146
-0.840095
-0.841033
-0.841958
-0.842871
-0.843772
-0.84466
-0.845536
-0.8464
-0.84725
-0.848089
-0.848916
-0.849731
-0.850532
-0.851321
-0.852096
-0.852859
-0.853609
-0.854345
-0.855068
-0.855777
-0.856472
-0.857153
-0.85782
-0.858472
-0.85911
-0.859733
-0.86034
-0.860932
-0.861431
-0.862088
-0.862638
-0.863172
-0.863691
-0.864195
-0.864684
-0.865158
-0.865549
-0.866016
-0.866459
-0.866863
-0.867256
-0.867632
-0.867892
-0.868266
-0.868599
-0.868903
-0.86919
-0.86946
-0.869711
-0.869944
-0.870159
-0.870357
-0.870538
-0.870637
-0.870804
-0.870911
-0.475653
-0.477052
-0.478478
-0.4799
-0.481323
-0.482753
-0.484186
-0.485622
-0.487069
-0.488524
-0.489991
-0.491462
-0.49294
-0.494423
-0.495912
-0.497407
-0.498907
-0.500413
-0.501918
-0.503408
-0.504914
-0.506335
-0.507178
-0.509134
-0.510677
-0.512224
-0.513747
-0.51534
-0.516889
-0.518357
-0.520334
-0.521918
-0.523604
-0.525195
-0.526781
-0.528357
-0.529947
-0.532124
-0.533735
-0.535333
-0.537373
-0.53873
-0.540355
-0.542473
-0.543663
-0.545421
-0.547074
-0.548711
-0.550038
-0.551708
-0.553404
-0.555082
-0.556719
-0.558399
-0.560072
-0.561722
-0.563385
-0.56563
-0.567296
-0.568977
-0.570675
-0.572302
-0.573104
-0.574836
-0.576565
-0.578279
-0.579956
-0.58166
-0.583365
-0.585062
-0.586771
-0.588479
-0.590126
-0.591822
-0.594422
-0.596164
-0.597867
-0.599581
-0.601304
-0.603009
-0.604759
-0.606513
-0.608227
-0.609903
-0.611975
-0.613741
-0.615071
-0.617217
-0.618271
-0.620722
-0.622495
-0.624249
-0.626008
-0.627767
-0.629528
-0.631311
-0.633094
-0.63481
-0.63653
-0.638362
-0.640077
-0.641901
-0.643742
-0.645503
-0.647257
-0.649002
-0.650755
-0.652592
-0.654364
-0.656145
-0.658111
-0.65988
-0.661647
-0.663409
-0.665164
-0.666828
-0.668582
-0.67051
-0.67226
-0.67401
-0.675757
-0.677503
-0.679249
-0.680993
-0.682736
-0.684476
-0.686215
-0.687952
-0.689689
-0.691425
-0.693161
-0.694896
-0.696627
-0.698361
-0.699672
-0.7017
-0.70343
-0.705152
-0.706871
-0.708588
-0.710303
-0.712014
-0.713722
-0.715427
-0.717129
-0.718829
-0.720527
-0.722222
-0.723916
-0.725608
-0.727296
-0.728875
-0.730561
-0.732249
-0.733915
-0.735589
-0.737258
-0.738921
-0.74058
-0.742141
-0.743805
-0.74551
-0.747145
-0.748776
-0.750405
-0.752028
-0.753636
-0.754985
-0.75703
-0.758632
-0.760228
-0.76182
-0.763408
-0.764991
-0.766569
-0.768141
-0.769709
-0.771271
-0.772828
-0.77438
-0.775926
-0.777466
-0.779
-0.780527
-0.782048
-0.783563
-0.785072
-0.786575
-0.788066
-0.789551
-0.791028
-0.792496
-0.793955
-0.795406
-0.796865
-0.798278
-0.799511
-0.800913
-0.80279
-0.804209
-0.805611
-0.807008
-0.808399
-0.809783
-0.811161
-0.812531
-0.813894
-0.815249
-0.816595
-0.817934
-0.819265
-0.820587
-0.8219
-0.823205
-0.824501
-0.825789
-0.827067
-0.828337
-0.829598
-0.830849
-0.832091
-0.833323
-0.834546
-0.83576
-0.836964
-0.838159
-0.839344
-0.840519
-0.841682
-0.842835
-0.843977
-0.84511
-0.846231
-0.847343
-0.848443
-0.849533
-0.850612
-0.851679
-0.852736
-0.853782
-0.854816
-0.855839
-0.856851
-0.857852
-0.85884
-0.859818
-0.860786
-0.861626
-0.86266
-0.863554
-0.864493
-0.865375
-0.866271
-0.867119
-0.867989
-0.868781
-0.869676
-0.870503
-0.871315
-0.872113
-0.872898
-0.873668
-0.874424
-0.875165
-0.875892
-0.876603
-0.877302
-0.877987
-0.878657
-0.879312
-0.879953
-0.880581
-0.881146
-0.881746
-0.882331
-0.882893
-0.88344
-0.883969
-0.884481
-0.884975
-0.885437
-0.885894
-0.886393
-0.886793
-0.887205
-0.8876
-0.887888
-0.888286
-0.888634
-0.888953
-0.889255
-0.889539
-0.889803
-0.890048
-0.890274
-0.890482
-0.89067
-0.890781
-0.890987
-0.8911
-0.459549
-0.461326
-0.463141
-0.464942
-0.466747
-0.468551
-0.470364
-0.472181
-0.473995
-0.475824
-0.47765
-0.479479
-0.481605
-0.483076
-0.484921
-0.487045
-0.488906
-0.49075
-0.49261
-0.493312
-0.49634
-0.497972
-0.499834
-0.502571
-0.504076
-0.505953
-0.508636
-0.510198
-0.512185
-0.514572
-0.516487
-0.518256
-0.519941
-0.520279
-0.523214
-0.525122
-0.527021
-0.528869
-0.530852
-0.532764
-0.534664
-0.536577
-0.538487
-0.540401
-0.542202
-0.544372
-0.546193
-0.548097
-0.549961
-0.552367
-0.554263
-0.556473
-0.55817
-0.560201
-0.562136
-0.564064
-0.566085
-0.567996
-0.569786
-0.57172
-0.57365
-0.575562
-0.577478
-0.579407
-0.581355
-0.583238
-0.585267
-0.587183
-0.588813
-0.590751
-0.592736
-0.594477
-0.596471
-0.598486
-0.600477
-0.602407
-0.604332
-0.606254
-0.608192
-0.610096
-0.611727
-0.613648
-0.615599
-0.617525
-0.619426
-0.621333
-0.623223
-0.625119
-0.626975
-0.628874
-0.631612
-0.632511
-0.634463
-0.636341
-0.637627
-0.639585
-0.641288
-0.642868
-0.644814
-0.648229
-0.650086
-0.651871
-0.65372
-0.655576
-0.657439
-0.659341
-0.661163
-0.663055
-0.664917
-0.666779
-0.668642
-0.670501
-0.672361
-0.674216
-0.676103
-0.677946
-0.679764
-0.681834
-0.683699
-0.685552
-0.687407
-0.689243
-0.691084
-0.692933
-0.694314
-0.696456
-0.698293
-0.70013
-0.70197
-0.703804
-0.705636
-0.707466
-0.709293
-0.71112
-0.712935
-0.714658
-0.716701
-0.718527
-0.720342
-0.722158
-0.723966
-0.725774
-0.72698
-0.729101
-0.730911
-0.7327
-0.734483
-0.736263
-0.738039
-0.739808
-0.741573
-0.743331
-0.745083
-0.74654
-0.748386
-0.750446
-0.752182
-0.753903
-0.755633
-0.757355
-0.759036
-0.760781
-0.762483
-0.764179
-0.765876
-0.767564
-0.769263
-0.770882
-0.772554
-0.774425
-0.776086
-0.777725
-0.779388
-0.781035
-0.782677
-0.784315
-0.785945
-0.787569
-0.789187
-0.790799
-0.792405
-0.794006
-0.795595
-0.79718
-0.798759
-0.800334
-0.80189
-0.803352
-0.805111
-0.80668
-0.808183
-0.809732
-0.811275
-0.812796
-0.814001
-0.815554
-0.817122
-0.818637
-0.820118
-0.821606
-0.823083
-0.824549
-0.826005
-0.827452
-0.828888
-0.830316
-0.831733
-0.833142
-0.83454
-0.835929
-0.837309
-0.838678
-0.840039
-0.84139
-0.842732
-0.844064
-0.845386
-0.846697
-0.848
-0.849292
-0.850561
-0.851863
-0.853129
-0.854377
-0.855622
-0.856855
-0.857982
-0.859309
-0.860511
-0.861702
-0.862883
-0.864052
-0.865211
-0.866359
-0.867495
-0.86862
-0.869733
-0.870836
-0.871927
-0.873007
-0.874075
-0.875131
-0.876175
-0.877208
-0.878228
-0.879235
-0.880235
-0.881209
-0.882167
-0.88313
-0.884081
-0.885011
-0.885929
-0.886835
-0.887727
-0.888583
-0.889461
-0.890317
-0.891156
-0.891982
-0.892794
-0.893592
-0.894376
-0.895147
-0.895821
-0.896603
-0.897333
-0.898043
-0.898736
-0.899414
-0.900075
-0.900691
-0.901308
-0.901981
-0.902575
-0.903155
-0.903717
-0.904263
-0.904791
-0.905287
-0.905783
-0.906272
-0.906725
-0.907165
-0.907589
-0.907953
-0.908363
-0.908726
-0.909065
-0.909401
-0.909709
-0.909996
-0.91026
-0.910512
-0.910742
-0.910952
-0.911142
-0.911313
-0.911463
-0.911595
-0.445685
-0.447943
-0.450235
-0.452511
-0.45478
-0.457049
-0.459317
-0.461585
-0.463853
-0.46612
-0.468386
-0.470652
-0.472916
-0.47518
-0.477443
-0.479704
-0.481964
-0.484224
-0.486482
-0.488738
-0.490996
-0.493249
-0.495501
-0.497753
-0.500001
-0.502249
-0.504496
-0.506736
-0.508974
-0.511211
-0.513447
-0.515668
-0.517901
-0.520111
-0.522346
-0.524595
-0.526833
-0.528948
-0.531297
-0.533469
-0.535683
-0.538047
-0.540219
-0.542471
-0.544672
-0.546863
-0.549051
-0.55124
-0.553427
-0.555614
-0.557793
-0.559954
-0.562125
-0.564289
-0.566458
-0.568614
-0.570744
-0.57293
-0.575075
-0.577216
-0.579361
-0.581511
-0.583644
-0.585711
-0.587859
-0.589983
-0.592097
-0.594206
-0.596311
-0.598409
-0.600479
-0.602619
-0.604703
-0.606785
-0.60887
-0.610943
-0.613009
-0.6154
-0.61744
-0.619616
-0.621581
-0.623674
-0.625328
-0.627374
-0.629442
-0.631484
-0.63358
-0.635629
-0.637626
-0.639357
-0.642532
-0.644568
-0.646634
-0.64887
-0.650786
-0.652805
-0.654841
-0.655419
-0.658143
-0.660247
-0.662269
-0.664282
-0.666276
-0.668262
-0.670281
-0.672276
-0.674267
-0.676254
-0.678235
-0.680214
-0.682199
-0.684162
-0.68582
-0.687798
-0.689792
-0.691752
-0.693704
-0.695654
-0.697601
-0.699541
-0.701478
-0.70341
-0.70534
-0.707266
-0.709174
-0.710917
-0.712835
-0.714777
-0.716692
-0.7186
-0.720507
-0.722399
-0.724281
-0.726129
-0.728003
-0.730168
-0.732045
-0.733911
-0.735773
-0.737632
-0.739488
-0.741337
-0.743173
-0.744926
-0.746878
-0.74873
-0.75057
-0.752414
-0.754251
-0.75608
-0.757906
-0.759734
-0.761536
-0.763274
-0.765229
-0.767053
-0.768853
-0.770661
-0.772463
-0.774299
-0.776074
-0.77785
-0.779627
-0.781387
-0.782921
-0.784688
-0.786462
-0.788174
-0.78991
-0.791644
-0.793381
-0.795097
-0.796741
-0.79848
-0.800192
-0.801889
-0.803585
-0.805271
-0.806947
-0.808617
-0.810267
-0.811849
-0.813544
-0.815206
-0.816684
-0.818316
-0.819935
-0.821484
-0.823085
-0.824871
-0.826465
-0.828044
-0.829622
-0.831192
-0.832751
-0.834291
-0.835879
-0.837223
-0.838814
-0.840349
-0.84186
-0.843362
-0.844855
-0.846338
-0.847813
-0.849278
-0.850734
-0.852182
-0.853485
-0.854991
-0.856413
-0.857822
-0.859222
-0.860612
-0.861993
-0.863366
-0.86473
-0.866012
-0.867359
-0.868699
-0.870017
-0.871326
-0.872624
-0.873909
-0.875182
-0.876443
-0.877678
-0.878914
-0.880241
-0.88146
-0.882666
-0.883862
-0.885047
-0.886221
-0.88738
-0.88852
-0.889703
-0.890832
-0.891949
-0.893055
-0.894149
-0.89523
-0.8963
-0.897357
-0.898403
-0.899434
-0.900425
-0.90146
-0.902442
-0.90342
-0.904383
-0.905367
-0.90631
-0.907246
-0.9081
-0.909031
-0.90992
-0.910792
-0.91165
-0.912494
-0.913323
-0.914138
-0.914938
-0.915724
-0.916423
-0.917227
-0.91797
-0.918695
-0.919403
-0.920095
-0.920771
-0.921432
-0.922076
-0.922702
-0.92331
-0.923901
-0.924475
-0.925031
-0.925569
-0.926089
-0.926591
-0.927074
-0.927538
-0.927984
-0.92841
-0.928818
-0.929205
-0.929572
-0.92992
-0.930247
-0.930555
-0.930842
-0.931108
-0.931354
-0.931578
-0.931782
-0.931965
-0.932126
-0.932267
-0.932385
-0.437342
-0.440104
-0.442903
-0.445673
-0.448426
-0.451171
-0.453908
-0.456637
-0.459358
-0.462071
-0.464776
-0.467473
-0.470162
-0.472843
-0.475516
-0.478182
-0.480839
-0.483489
-0.48613
-0.488764
-0.491391
-0.494009
-0.49662
-0.499223
-0.501818
-0.504405
-0.506984
-0.509555
-0.512118
-0.514673
-0.51722
-0.519758
-0.522289
-0.524811
-0.527326
-0.529833
-0.532333
-0.534825
-0.537309
-0.539787
-0.542257
-0.54472
-0.547176
-0.549624
-0.552065
-0.554498
-0.556925
-0.559344
-0.561756
-0.564162
-0.56656
-0.56895
-0.571334
-0.57371
-0.576079
-0.578439
-0.580791
-0.583138
-0.585481
-0.587817
-0.590127
-0.592455
-0.594768
-0.597082
-0.599381
-0.601674
-0.603961
-0.606243
-0.608518
-0.610788
-0.613051
-0.615309
-0.617562
-0.61981
-0.622038
-0.624277
-0.626306
-0.628037
-0.630683
-0.63288
-0.635055
-0.637289
-0.639478
-0.641683
-0.643702
-0.646035
-0.648216
-0.650409
-0.652215
-0.654648
-0.656816
-0.658961
-0.661097
-0.663237
-0.665349
-0.667446
-0.669633
-0.671737
-0.673841
-0.675944
-0.677998
-0.680061
-0.682117
-0.684228
-0.686294
-0.688401
-0.690246
-0.692303
-0.694094
-0.696115
-0.698129
-0.700032
-0.702549
-0.70455
-0.706575
-0.708598
-0.710619
-0.712635
-0.714646
-0.716418
-0.718426
-0.720446
-0.72245
-0.724486
-0.726444
-0.727755
-0.730008
-0.732113
-0.734094
-0.736088
-0.738074
-0.740039
-0.741716
-0.743783
-0.74574
-0.747683
-0.74963
-0.751578
-0.753514
-0.755443
-0.757367
-0.759278
-0.760903
-0.76301
-0.764928
-0.766825
-0.76872
-0.770611
-0.772489
-0.774359
-0.776211
-0.778068
-0.780154
-0.78199
-0.78383
-0.785673
-0.787514
-0.789348
-0.79117
-0.792906
-0.794735
-0.79656
-0.798355
-0.800169
-0.80197
-0.803754
-0.805535
-0.807311
-0.809088
-0.810853
-0.812513
-0.81428
-0.81605
-0.817788
-0.819525
-0.821244
-0.822971
-0.824688
-0.826399
-0.828111
-0.829359
-0.831223
-0.832951
-0.834621
-0.836286
-0.837943
-0.839593
-0.841236
-0.842872
-0.844497
-0.846113
-0.847722
-0.849322
-0.850913
-0.852495
-0.85407
-0.855618
-0.857144
-0.858831
-0.860365
-0.861885
-0.8634
-0.864907
-0.866406
-0.867897
-0.86938
-0.870855
-0.872322
-0.873775
-0.875178
-0.876631
-0.878069
-0.879456
-0.880877
-0.882279
-0.88365
-0.88506
-0.886423
-0.887786
-0.889141
-0.890481
-0.891806
-0.893152
-0.894461
-0.895759
-0.897045
-0.898321
-0.899589
-0.900843
-0.902084
-0.903317
-0.904537
-0.905745
-0.906942
-0.908128
-0.909302
-0.910462
-0.911611
-0.912748
-0.913872
-0.914984
-0.916084
-0.917171
-0.918246
-0.919308
-0.920358
-0.921395
-0.922416
-0.923425
-0.924421
-0.925404
-0.926372
-0.927327
-0.928268
-0.929195
-0.930107
-0.931004
-0.931887
-0.932756
-0.933609
-0.934449
-0.935273
-0.936083
-0.936877
-0.937656
-0.938418
-0.939165
-0.939896
-0.940611
-0.94131
-0.941993
-0.942659
-0.943309
-0.943941
-0.944555
-0.945152
-0.945731
-0.946292
-0.946835
-0.947359
-0.947866
-0.948353
-0.948821
-0.94927
-0.949699
-0.950109
-0.950498
-0.950868
-0.951216
-0.951544
-0.951851
-0.952136
-0.952401
-0.952643
-0.952863
-0.953061
-0.953236
-0.953389
-0.953518
-0.953622
-0.441099
-0.444229
-0.447393
-0.450518
-0.453616
-0.456699
-0.459765
-0.462815
-0.465849
-0.468868
-0.471872
-0.47486
-0.477834
-0.480793
-0.483737
-0.486667
-0.489583
-0.492484
-0.495372
-0.498246
-0.501107
-0.503954
-0.506789
-0.50961
-0.512418
-0.515214
-0.517996
-0.520767
-0.523525
-0.526271
-0.529005
-0.531727
-0.534437
-0.537136
-0.539824
-0.542499
-0.545164
-0.547818
-0.550461
-0.553092
-0.555714
-0.558324
-0.560924
-0.563513
-0.566092
-0.56866
-0.571218
-0.573767
-0.576305
-0.578834
-0.581353
-0.583862
-0.586361
-0.588852
-0.591332
-0.593804
-0.596266
-0.598719
-0.601163
-0.603598
-0.606025
-0.608442
-0.610851
-0.613251
-0.615642
-0.618026
-0.6204
-0.622767
-0.625125
-0.627475
-0.629817
-0.632151
-0.634477
-0.636796
-0.639106
-0.641408
-0.643703
-0.645991
-0.64827
-0.650541
-0.652807
-0.655066
-0.657319
-0.659564
-0.661801
-0.664031
-0.666254
-0.668473
-0.670684
-0.672887
-0.675083
-0.677272
-0.679454
-0.681631
-0.683802
-0.685966
-0.688121
-0.690269
-0.692412
-0.694549
-0.696679
-0.698805
-0.700926
-0.703042
-0.70515
-0.707256
-0.709355
-0.711447
-0.713533
-0.715618
-0.717698
-0.719775
-0.721843
-0.723905
-0.725961
-0.728013
-0.73006
-0.732101
-0.734137
-0.736168
-0.73819
-0.740208
-0.742222
-0.744232
-0.746239
-0.74824
-0.750235
-0.752225
-0.754212
-0.756194
-0.758173
-0.760147
-0.762117
-0.764078
-0.766036
-0.76799
-0.76994
-0.771888
-0.773831
-0.77577
-0.777705
-0.779636
-0.781562
-0.783479
-0.785392
-0.787302
-0.789209
-0.791112
-0.793011
-0.794907
-0.796799
-0.798686
-0.800565
-0.802438
-0.804305
-0.806167
-0.808023
-0.809874
-0.811719
-0.813558
-0.815387
-0.817211
-0.819029
-0.820843
-0.822651
-0.824453
-0.826247
-0.828035
-0.829818
-0.831594
-0.833363
-0.83512
-0.836871
-0.838617
-0.840357
-0.842092
-0.843821
-0.845543
-0.847259
-0.848968
-0.850669
-0.852361
-0.854046
-0.855724
-0.857396
-0.859061
-0.86072
-0.862372
-0.864018
-0.865655
-0.867284
-0.868906
-0.87052
-0.872127
-0.873727
-0.87532
-0.876904
-0.87848
-0.880042
-0.881596
-0.883141
-0.884676
-0.886204
-0.887721
-0.88923
-0.89073
-0.892221
-0.893702
-0.895174
-0.896635
-0.898083
-0.899522
-0.900953
-0.902375
-0.903788
-0.905192
-0.906584
-0.907965
-0.909337
-0.9107
-0.912052
-0.913394
-0.914725
-0.916044
-0.917352
-0.91865
-0.919936
-0.921212
-0.922475
-0.923727
-0.924966
-0.926194
-0.92741
-0.928615
-0.929807
-0.930987
-0.932156
-0.933311
-0.934454
-0.935584
-0.936702
-0.937807
-0.9389
-0.93998
-0.941047
-0.942101
-0.943142
-0.944169
-0.945182
-0.946182
-0.947167
-0.94814
-0.949098
-0.950041
-0.950971
-0.951887
-0.952787
-0.953673
-0.954545
-0.955401
-0.956243
-0.95707
-0.957882
-0.958678
-0.959459
-0.960224
-0.960973
-0.961705
-0.962422
-0.963122
-0.963806
-0.964472
-0.965122
-0.965755
-0.966371
-0.966969
-0.967549
-0.968111
-0.968655
-0.96918
-0.969687
-0.970175
-0.970644
-0.971093
-0.971523
-0.971933
-0.972322
-0.972692
-0.97304
-0.973368
-0.973675
-0.973959
-0.974222
-0.974463
-0.974682
-0.974877
-0.97505
-0.975199
-0.975323
-0.975421
)
;

boundaryField
{
    Inlet
    {
        type            calculated;
        value           nonuniform List<scalar> 
50
(
-1.35167
-1.77017
-2.18719
-2.54334
-2.85141
-3.12657
-3.37521
-3.60021
-3.8038
-3.98811
-4.15505
-4.30621
-4.44292
-4.56631
-4.6773
-4.77666
-4.86501
-4.94287
-5.01064
-5.06862
-5.117
-5.15592
-5.1854
-5.20542
-5.21581
-5.21637
-5.20674
-5.18655
-5.15518
-5.11202
-5.05616
-4.98665
-4.90219
-4.80141
-4.68244
-4.54332
-4.38144
-4.19392
-3.97711
-3.7272
-3.44028
-3.10011
-2.7078
-2.28755
-1.89308
-1.44859
-0.11949
3.66864
-17.0239
-105.173
)
;
    }
    BotOutlet1
    {
        type            calculated;
        value           nonuniform 0();
    }
    BotOutlet2
    {
        type            calculated;
        value           nonuniform 0();
    }
    TopInlet
    {
        type            calculated;
        value           nonuniform List<scalar> 
350
(
0.247025
0.201125
0.168704
0.13775
0.108513
0.0809989
0.0551006
0.0309375
0.00723008
-0.0148175
-0.0358459
-0.0557604
-0.0747834
-0.0928556
-0.110149
-0.12663
-0.142423
-0.157527
-0.172009
-0.18591
-0.199265
-0.212108
-0.224473
-0.236388
-0.247882
-0.258979
-0.269704
-0.280078
-0.29012
-0.299848
-0.30928
-0.318432
-0.327317
-0.33595
-0.344344
-0.352509
-0.360457
-0.368199
-0.375743
-0.383098
-0.390274
-0.397277
-0.404115
-0.410796
-0.417324
-0.423707
-0.429949
-0.436055
-0.442001
-0.447843
-0.452283
-0.455412
-0.458576
-0.461701
-0.4648
-0.467882
-0.470948
-0.473998
-0.477032
-0.480051
-0.483055
-0.486044
-0.489017
-0.491976
-0.49492
-0.49785
-0.500766
-0.503668
-0.506556
-0.50943
-0.512291
-0.515138
-0.517972
-0.520793
-0.523601
-0.526397
-0.52918
-0.53195
-0.534708
-0.537454
-0.540188
-0.54291
-0.545621
-0.54832
-0.551007
-0.553683
-0.556348
-0.559001
-0.561644
-0.564276
-0.566897
-0.569507
-0.572107
-0.574696
-0.577275
-0.579843
-0.582402
-0.58495
-0.587488
-0.590017
-0.592536
-0.595045
-0.597545
-0.600035
-0.602516
-0.604987
-0.607449
-0.609902
-0.612346
-0.614781
-0.617208
-0.619625
-0.622033
-0.624433
-0.626825
-0.629208
-0.631583
-0.633949
-0.636307
-0.638657
-0.640999
-0.643332
-0.645659
-0.647977
-0.650287
-0.652589
-0.654883
-0.657171
-0.659449
-0.661721
-0.663986
-0.666245
-0.668497
-0.670742
-0.672978
-0.675208
-0.677431
-0.679648
-0.68186
-0.684063
-0.686259
-0.688447
-0.690629
-0.692806
-0.694977
-0.69714
-0.699295
-0.701444
-0.703586
-0.705723
-0.707853
-0.709979
-0.7121
-0.714215
-0.716324
-0.718429
-0.720528
-0.72262
-0.724706
-0.726791
-0.728871
-0.730948
-0.733016
-0.735078
-0.737135
-0.739186
-0.741232
-0.743273
-0.745309
-0.74734
-0.749363
-0.751381
-0.753395
-0.755405
-0.757412
-0.759412
-0.761408
-0.763399
-0.765385
-0.767368
-0.769346
-0.771321
-0.773291
-0.775253
-0.777211
-0.779165
-0.781116
-0.783063
-0.785006
-0.786945
-0.78888
-0.790812
-0.792738
-0.794656
-0.796569
-0.798479
-0.800386
-0.802289
-0.804189
-0.806085
-0.807977
-0.809865
-0.811744
-0.813617
-0.815485
-0.817347
-0.819203
-0.821054
-0.8229
-0.824739
-0.826568
-0.828392
-0.830211
-0.832025
-0.833833
-0.835635
-0.83743
-0.839218
-0.841001
-0.842777
-0.844546
-0.846303
-0.848054
-0.8498
-0.851541
-0.853275
-0.855004
-0.856727
-0.858442
-0.860152
-0.861853
-0.863544
-0.865229
-0.866908
-0.868579
-0.870245
-0.871904
-0.873556
-0.875201
-0.876838
-0.878467
-0.880089
-0.881703
-0.88331
-0.88491
-0.886503
-0.888088
-0.889663
-0.891226
-0.892779
-0.894324
-0.89586
-0.897387
-0.898905
-0.900414
-0.901914
-0.903404
-0.904885
-0.906357
-0.907818
-0.909267
-0.910706
-0.912136
-0.913559
-0.914972
-0.916375
-0.917767
-0.919149
-0.920521
-0.921883
-0.923236
-0.924578
-0.925908
-0.927227
-0.928536
-0.929833
-0.93112
-0.932395
-0.933659
-0.93491
-0.93615
-0.937377
-0.938594
-0.939798
-0.94099
-0.942171
-0.943339
-0.944494
-0.945637
-0.946768
-0.947886
-0.948991
-0.950083
-0.951163
-0.95223
-0.953284
-0.954325
-0.955352
-0.956366
-0.957365
-0.958351
-0.959323
-0.960281
-0.961225
-0.962155
-0.96307
-0.963971
-0.964857
-0.965728
-0.966585
-0.967426
-0.968253
-0.969065
-0.969861
-0.970642
-0.971407
-0.972156
-0.972889
-0.973605
-0.974305
-0.974989
-0.975656
-0.976306
-0.976939
-0.977554
-0.978152
-0.978732
-0.979294
-0.979838
-0.980363
-0.98087
-0.981358
-0.981827
-0.982276
-0.982706
-0.983116
-0.983506
-0.983875
-0.984224
-0.984551
-0.984858
-0.985143
-0.985406
-0.985647
-0.985865
-0.986061
-0.986233
-0.986382
-0.986507
-0.986604
)
;
    }
    FreeStream
    {
        type            calculated;
        value           nonuniform List<scalar> 
20
(
-0.638812
-0.652752
-0.666748
-0.681649
-0.695612
-0.710311
-0.726494
-0.74338
-0.759429
-0.776747
-0.7944
-0.812767
-0.831672
-0.851102
-0.870957
-0.891148
-0.911643
-0.932427
-0.953658
-0.975455
)
;
    }
    FrontNBack
    {
        type            empty;
    }
    LeftSide
    {
        type            calculated;
        value           nonuniform List<scalar> 
20
(
-6.71198
-1.76399
0.556523
0.145334
2.55279
3.22266
4.47888
4.82706
4.59272
4.18266
3.02016
2.39274
0.870472
0.265102
-1.37075
-1.53951
-3.52315
-2.95088
-5.83661
-0.6765
)
;
    }
    procBoundary3to2
    {
        type            processor;
        value           nonuniform List<scalar> 
400
(
-8.88464
-8.58581
-8.98243
-12.0333
-16.7345
-5.36237
-1.42765
-0.739083
-0.754584
-0.758049
-0.744563
-0.696533
-0.621724
-0.572893
-0.561843
-0.560476
-0.559248
-0.558342
-0.556807
-0.55476
-0.553226
-0.55291
-0.553638
-0.554554
-0.554776
-0.554416
-0.553978
-0.553645
-0.553333
-0.552953
-0.552503
-0.551995
-0.551187
-0.550213
-0.549467
-0.548975
-0.548232
-0.547274
-0.546361
-0.545573
-0.544966
-0.544456
-0.544028
-0.543664
-0.54323
-0.542687
-0.542354
-0.541716
-0.54128
-0.540883
-0.540524
-0.540136
-0.53972
-0.539299
-0.538885
-0.538476
-0.538067
-0.537674
-0.537317
-0.536984
-0.536657
-0.536353
-0.53607
-0.535806
-0.535558
-0.535325
-0.535106
-0.534901
-0.534709
-0.53453
-0.534363
-0.534207
-0.534063
-0.533929
-0.533806
-0.533694
-0.533591
-0.533498
-0.533414
-0.53334
-0.533275
-0.533219
-0.533171
-0.533132
-0.533101
-0.533078
-0.533064
-0.533057
-0.533057
-0.533065
-0.533081
-0.533104
-0.533133
-0.53317
-0.533214
-0.533265
-0.533322
-0.533385
-0.533456
-0.533532
-0.533591
-0.53363
-0.533669
-0.533711
-0.533755
-0.533801
-0.533849
-0.5339
-0.533952
-0.534007
-0.534064
-0.534123
-0.534185
-0.534249
-0.534315
-0.534383
-0.534454
-0.534527
-0.534602
-0.53468
-0.53476
-0.534842
-0.534927
-0.535014
-0.535104
-0.535196
-0.535291
-0.535388
-0.535488
-0.53559
-0.535694
-0.535802
-0.535912
-0.536024
-0.536139
-0.536257
-0.536377
-0.5365
-0.536625
-0.536754
-0.536884
-0.537018
-0.537154
-0.537294
-0.537435
-0.53758
-0.537727
-0.537878
-0.538031
-0.538186
-0.538345
-0.538506
-0.538671
-0.538838
-0.539008
-0.539181
-0.539357
-0.539536
-0.539718
-0.539903
-0.54009
-0.540281
-0.540475
-0.540671
-0.540871
-0.541074
-0.54128
-0.541488
-0.5417
-0.541915
-0.542133
-0.542354
-0.542578
-0.542805
-0.543036
-0.543269
-0.543506
-0.543745
-0.543988
-0.544234
-0.544483
-0.544735
-0.544991
-0.545249
-0.545511
-0.545775
-0.546043
-0.546315
-0.546589
-0.546866
-0.547147
-0.547431
-0.547718
-0.548008
-0.548301
-0.548598
-0.548898
-0.5492
-0.549506
-0.549815
-0.550128
-0.550443
-0.550762
-0.551084
-0.551408
-0.551736
-0.552068
-0.552402
-0.552739
-0.55308
-0.553423
-0.55377
-0.554119
-0.554472
-0.554828
-0.555187
-0.555548
-0.555913
-0.556281
-0.556652
-0.557025
-0.557402
-0.557782
-0.558164
-0.55855
-0.558938
-0.559329
-0.559723
-0.560119
-0.560519
-0.560921
-0.561326
-0.561734
-0.562144
-0.562557
-0.562973
-0.563391
-0.563812
-0.564236
-0.564662
-0.56509
-0.565521
-0.565955
-0.566391
-0.566829
-0.567269
-0.567712
-0.568158
-0.568605
-0.569055
-0.569506
-0.56996
-0.570416
-0.570875
-0.571335
-0.571797
-0.572261
-0.572727
-0.573195
-0.573664
-0.574136
-0.574609
-0.575084
-0.575561
-0.576039
-0.576518
-0.577
-0.577482
-0.577966
-0.578452
-0.578939
-0.579427
-0.579916
-0.580407
-0.580898
-0.581391
-0.581885
-0.582379
-0.582875
-0.583371
-0.583868
-0.584366
-0.584865
-0.585364
-0.585864
-0.586364
-0.586864
-0.587365
-0.587867
-0.588368
-0.58887
-0.589372
-0.589874
-0.590376
-0.590877
-0.591379
-0.591881
-0.592382
-0.592882
-0.593383
-0.593883
-0.594382
-0.59488
-0.595378
-0.595875
-0.596372
-0.596867
-0.597361
-0.597854
-0.598346
-0.598836
-0.599326
-0.599813
-0.6003
-0.600784
-0.601267
-0.601748
-0.602227
-0.602705
-0.60318
-0.603653
-0.604124
-0.604592
-0.605058
-0.605522
-0.605983
-0.606441
-0.606896
-0.607349
-0.607799
-0.608245
-0.608688
-0.609128
-0.609565
-0.609998
-0.610427
-0.610853
-0.611275
-0.611693
-0.612107
-0.612517
-0.612923
-0.613324
-0.613721
-0.614113
-0.614501
-0.614884
-0.615262
-0.615635
-0.616003
-0.616365
-0.616723
-0.617075
-0.617421
-0.617762
-0.618097
-0.618426
-0.61875
-0.619067
-0.619378
-0.619683
-0.619981
-0.620273
-0.620558
-0.620836
-0.621107
-0.621372
-0.621629
-0.62188
-0.622122
-0.622358
-0.622586
-0.622806
-0.623019
-0.623223
-0.62342
-0.623608
-0.623788
-0.623959
-0.624121
-0.624275
-0.62442
-0.624555
-0.624681
-0.624797
-0.624904
-0.625001
-0.625087
-0.625163
-0.625228
-0.625282
-0.625325
-0.625357
-0.625377
-0.625386
-0.625382
-0.625367
-0.625339
-0.625298
-0.625247
)
;
    }
}


// ************************************************************************* //
