/*--------------------------------*- C++ -*----------------------------------*\
| =========                 |                                                 |
| \\      /  F ield         | OpenFOAM: The Open Source CFD Toolbox           |
|  \\    /   O peration     | Version:  2.4.0                                 |
|   \\  /    A nd           | Web:      www.OpenFOAM.org                      |
|    \\/     M anipulation  |                                                 |
\*---------------------------------------------------------------------------*/
FoamFile
{
    version     2.0;
    format      ascii;
    class       volScalarField;
    location    "3.4";
    object      p;
}
// * * * * * * * * * * * * * * * * * * * * * * * * * * * * * * * * * * * * * //

dimensions      [1 -1 -2 0 0 0 0];

internalField   nonuniform List<scalar> 
8000
(
-3.15034
-3.10995
-3.05278
-2.98322
-2.90531
-2.82286
-2.66011
-2.80214
-2.83616
-2.63777
-1.43099
0.566717
-4.10991
-10.0222
-10.131
-9.40299
-8.0415
-6.81726
-6.78865
-7.31361
-6.23304
-3.34078
-1.7204
-1.21483
-1.13265
-1.21778
-1.29166
-1.33784
-1.36433
-1.37092
-1.36811
-1.36302
-1.34015
-1.30994
-1.29483
-1.30349
-1.31523
-1.31909
-1.32035
-1.31759
-1.31586
-1.32096
-1.32327
-1.31035
-1.30429
-1.37639
-1.36766
-1.36036
-1.35924
-1.35867
-0.894408
-0.909712
-0.921245
-0.923364
-0.915408
-0.901349
-0.881652
-0.847366
-0.779428
-0.650103
-0.47365
-0.315079
-0.172014
-0.111636
-0.0622509
0.0216574
0.1797
0.426386
0.785978
1.23674
1.6231
1.86219
-4.99205
-7.26253
-6.39119
-5.82965
-6.33679
-8.24768
-9.47581
-6.7338
-2.01395
-0.827736
-0.730624
-0.754241
-0.879559
-1.08853
-1.32211
-1.4451
-1.39571
-1.33405
-1.31138
-1.30774
-1.31202
-1.31668
-1.33666
-1.34526
-1.3299
-1.35144
-1.36974
-1.37895
1.16045
1.1524
1.14657
1.14485
1.14692
1.15246
1.16127
1.17338
1.18877
1.2076
1.2282
1.24895
1.27051
1.29732
1.33597
1.39489
1.47934
1.59438
1.74831
1.94045
2.14314
2.34759
2.52805
2.67759
2.85618
3.09027
3.36336
3.59515
3.66996
3.66438
0.619863
-6.39065
-6.04607
-5.22644
-7.16634
-7.6467
-1.8633
-0.121566
0.391845
0.0455029
-0.791357
-1.5436
-1.51255
-1.39515
-1.36986
-1.39088
-1.40822
-1.40724
-1.4048
-1.40198
2.10089
2.09247
2.08367
2.07705
2.07283
2.07081
2.07085
2.07296
2.07699
2.08296
2.09061
2.0998
2.11015
2.12171
2.13425
2.14799
2.16253
2.17806
2.19383
2.20978
2.22433
2.23798
2.25309
2.27468
2.30795
2.36179
2.44126
2.55266
2.67897
2.80665
2.95653
3.11464
3.32958
3.56724
3.52809
2.68724
-0.814252
-3.71595
-7.16508
-8.33181
-7.27992
-1.26113
0.274623
0.25131
-0.787819
-1.43298
-1.4486
-1.4086
-1.4015
-1.40591
3.38464
3.36856
3.35304
3.34078
3.33144
3.32461
3.32019
3.31821
3.31869
3.32165
3.32711
3.33507
3.34556
3.3586
3.37422
3.3924
3.41317
3.43639
3.46204
3.48987
3.51977
3.55139
3.58462
3.61918
3.65501
3.6917
3.72915
3.76669
3.80394
3.84005
3.87769
3.92274
3.97987
4.04694
4.11025
4.17483
4.2556
4.39095
4.53854
4.49048
2.79683
1.27701
-5.18437
-6.7328
-5.92476
-2.02509
-0.429832
-0.781072
-1.36543
-1.46078
3.55363
3.53326
3.51099
3.49144
3.47485
3.46072
3.44887
3.43928
3.43196
3.42688
3.42406
3.42346
3.42509
3.42891
3.43495
3.44315
3.45356
3.46608
3.48083
3.49765
3.51671
3.53781
3.56117
3.58653
3.61421
3.6438
3.67569
3.70926
3.74505
3.78214
3.8213
3.86135
3.90342
3.94577
3.99002
4.03435
4.08254
4.13332
4.18636
4.23832
4.28901
4.37441
4.49711
4.54685
2.68055
0.654533
-5.5343
-5.0631
-2.66498
-1.56422
4.23095
4.20086
4.1701
4.14353
4.12062
4.10058
4.0832
4.06846
4.05637
4.04692
4.04008
4.03583
4.03414
4.03502
4.03842
4.04435
4.05279
4.06373
4.07715
4.09307
4.11145
4.13232
4.15564
4.18146
4.20974
4.24053
4.2738
4.30963
4.34798
4.38895
4.4325
4.47882
4.52766
4.57932
4.63368
4.69083
4.75069
4.81332
4.87875
4.94721
5.01906
5.09347
5.16896
5.24407
5.31319
5.44952
5.62056
5.28488
-0.0784662
-3.19545
3.54322
3.51672
3.48769
3.46169
3.43886
3.41857
3.40058
3.38484
3.37136
3.36011
3.35109
3.34427
3.33963
3.33716
3.33684
3.33867
3.34263
3.34872
3.35693
3.36725
3.3797
3.39426
3.41095
3.42975
3.45069
3.47377
3.49902
3.52642
3.55602
3.58782
3.62186
3.65815
3.69676
3.73769
3.78103
3.82679
3.87508
3.92592
3.97944
4.0357
4.09478
4.15674
4.22197
4.29111
4.36444
4.43593
4.49235
4.55497
4.63987
4.61206
3.2889
3.26812
3.24697
3.22857
3.21253
3.1983
3.18577
3.17493
3.16581
3.15841
3.15272
3.14874
3.14646
3.14589
3.14701
3.14984
3.15437
3.1606
3.16854
3.17819
3.18955
3.20262
3.21742
3.23396
3.25223
3.27225
3.29404
3.31759
3.34293
3.37006
3.39901
3.42977
3.46239
3.49684
3.53317
3.57137
3.61146
3.65343
3.69731
3.74306
3.79073
3.84023
3.8916
3.94477
3.99974
4.05638
4.1145
4.17229
4.22789
4.28927
1.94429
1.93538
1.92492
1.91512
1.90624
1.89812
1.89069
1.88393
1.87787
1.87251
1.86786
1.86391
1.86067
1.85813
1.8563
1.85515
1.8547
1.85493
1.85583
1.85738
1.85957
1.8624
1.86583
1.86985
1.87445
1.87959
1.88524
1.89139
1.89799
1.90502
1.91245
1.92022
1.92831
1.93667
1.94525
1.95401
1.9629
1.97186
1.98084
1.98978
1.99864
2.00735
2.01587
2.02414
2.03211
2.03976
2.04723
2.0543
2.06192
2.06873
1.27528
1.26904
1.26306
1.25796
1.25348
1.24948
1.24594
1.24287
1.2403
1.23822
1.23664
1.23557
1.23501
1.23495
1.23539
1.23634
1.23778
1.23972
1.24214
1.24503
1.24839
1.2522
1.25645
1.26112
1.2662
1.27168
1.27752
1.2837
1.2902
1.29701
1.30407
1.31137
1.31886
1.32652
1.33429
1.34215
1.35003
1.3579
1.36567
1.37333
1.38077
1.38796
1.39477
1.40117
1.40684
1.41168
1.41633
1.42361
1.43618
1.43889
-0.0757309
-0.077648
-0.0802982
-0.0829623
-0.0854694
-0.0878403
-0.090099
-0.0922484
-0.0942834
-0.0961993
-0.0979923
-0.0996591
-0.101196
-0.1026
-0.103867
-0.104995
-0.105979
-0.106818
-0.107506
-0.108041
-0.10842
-0.108641
-0.108696
-0.108585
-0.108301
-0.107843
-0.107202
-0.106378
-0.105362
-0.104152
-0.102737
-0.101114
-0.0992714
-0.0972033
-0.0949008
-0.0923494
-0.0895472
-0.0864652
-0.0831131
-0.079434
-0.075464
-0.0711523
-0.0666784
-0.0618676
-0.0559319
-0.0461437
-0.0332002
-0.0380928
-0.120387
-0.406311
-0.962244
-0.963411
-0.964222
-0.964666
-0.964852
-0.964816
-0.964551
-0.96405
-0.963302
-0.962302
-0.961043
-0.959517
-0.957716
-0.955635
-0.95326
-0.950587
-0.947603
-0.944301
-0.940665
-0.936691
-0.932359
-0.927665
-0.922586
-0.917117
-0.911233
-0.904929
-0.898176
-0.890969
-0.883273
-0.875084
-0.866364
-0.857107
-0.847267
-0.836842
-0.825777
-0.814071
-0.801662
-0.788544
-0.774639
-0.759947
-0.744468
-0.728402
-0.711637
-0.6923
-0.664977
-0.629281
-0.630027
-0.827288
-1.87302
-2.3048
-2.17749
-2.1749
-2.17232
-2.1703
-2.16882
-2.16782
-2.16727
-2.16717
-2.16752
-2.16832
-2.16958
-2.17129
-2.17345
-2.17606
-2.17913
-2.18265
-2.18662
-2.19105
-2.19594
-2.20129
-2.20709
-2.21336
-2.2201
-2.22731
-2.23498
-2.24314
-2.25176
-2.26088
-2.27048
-2.28058
-2.29116
-2.30227
-2.31384
-2.32599
-2.33858
-2.35177
-2.36538
-2.37963
-2.39432
-2.41006
-2.42659
-2.44263
-2.45103
-2.44849
-2.47748
-2.70473
-3.30266
-3.60152
-3.44894
-2.85595
-3.31152
-3.30989
-3.30865
-3.30778
-3.30709
-3.30655
-3.30615
-3.30592
-3.30585
-3.30596
-3.30623
-3.30669
-3.30732
-3.30812
-3.3091
-3.31026
-3.31158
-3.31309
-3.31475
-3.31659
-3.31858
-3.32073
-3.32303
-3.32549
-3.32808
-3.33082
-3.33367
-3.33666
-3.33974
-3.34296
-3.34624
-3.34966
-3.35311
-3.35669
-3.36025
-3.36394
-3.36756
-3.37144
-3.37558
-3.37992
-3.38115
-3.37321
-3.36253
-3.42525
-3.72737
-4.59806
-4.17851
-3.13552
-2.04363
-1.71121
-3.98865
-3.98355
-3.97716
-3.97147
-3.96685
-3.96324
-3.96056
-3.95881
-3.95798
-3.95809
-3.95912
-3.96108
-3.96397
-3.96778
-3.97251
-3.97816
-3.98474
-3.99222
-4.00064
-4.00998
-4.02026
-4.03147
-4.04363
-4.05674
-4.07084
-4.0859
-4.10198
-4.11904
-4.13718
-4.15633
-4.17661
-4.19793
-4.22044
-4.244
-4.26882
-4.29478
-4.32241
-4.35157
-4.38084
-4.40325
-4.41571
-4.46449
-4.71706
-5.2666
-4.51877
-2.68179
-1.95776
-1.73009
-1.6932
-1.69134
-5.60883
-5.59841
-5.58955
-5.58268
-5.5771
-5.57251
-5.56893
-5.56639
-5.56491
-5.56449
-5.56513
-5.56682
-5.56956
-5.57334
-5.57815
-5.58398
-5.59082
-5.59867
-5.60751
-5.61734
-5.62815
-5.63995
-5.65271
-5.66646
-5.68116
-5.69685
-5.7135
-5.73113
-5.74971
-5.76929
-5.78981
-5.81132
-5.83377
-5.85719
-5.88158
-5.90716
-5.93371
-5.95969
-5.98103
-6.00063
-6.06025
-6.25874
-6.51747
-5.67375
-2.81111
-1.80205
-1.7154
-1.7162
-1.71676
-1.71684
-5.21912
-5.1984
-5.17447
-5.15497
-5.14059
-5.1303
-5.12327
-5.11903
-5.11721
-5.11749
-5.11958
-5.12322
-5.12817
-5.13423
-5.14122
-5.14899
-5.15742
-5.1664
-5.17585
-5.1857
-5.1959
-5.20643
-5.21728
-5.22848
-5.24004
-5.25203
-5.26451
-5.2776
-5.2914
-5.30608
-5.32179
-5.33877
-5.35721
-5.37745
-5.39972
-5.42452
-5.45227
-5.48349
-5.51745
-5.55217
-5.58967
-5.65926
-5.83281
-6.07378
-5.15784
-2.47381
-1.91455
-1.72398
-1.70825
-1.74053
-7.49155
-7.42748
-7.37057
-7.32902
-7.29887
-7.27688
-7.26156
-7.25206
-7.24764
-7.24761
-7.25137
-7.2584
-7.26828
-7.28063
-7.29514
-7.31155
-7.32967
-7.3493
-7.37033
-7.39265
-7.41622
-7.44098
-7.46698
-7.49421
-7.52279
-7.55277
-7.58435
-7.61765
-7.65296
-7.69046
-7.73061
-7.77363
-7.82016
-7.87053
-7.92559
-7.98582
-8.05238
-8.12588
-8.20781
-8.29884
-8.40211
-8.52148
-8.6616
-8.80353
-8.87625
-8.87441
-7.8021
-2.65172
-1.51108
-1.7664
-2.2911
-2.72575
-3.15974
-3.53072
-3.85146
-4.13737
-4.39495
-4.627
-4.8357
-5.02315
-5.19119
-5.34137
-5.47496
-5.59302
-5.69638
-5.78576
-5.86168
-5.92456
-5.97469
-6.01225
-6.03732
-6.04988
-6.04981
-6.0369
-6.01082
-5.97117
-5.91737
-5.8488
-5.76459
-5.66382
-5.54529
-5.40769
-5.24933
-5.0684
-4.86258
-4.62932
-4.3655
-4.06752
-3.73079
-3.35082
-2.92111
-2.43559
-1.88529
-1.25226
-0.523793
0.289721
0.961074
-2.20329
-7.5853
-1.78696
-1.35934
-1.35918
-1.35914
-1.35931
-1.35972
-1.36012
-1.36056
-1.36252
-1.36411
-1.36378
-1.36653
-1.36582
-1.36544
-1.36504
-1.36465
-1.36428
-1.36393
-1.36354
-1.36316
-1.36283
-1.36251
-1.36221
-1.36185
-1.36153
-1.36125
-1.36098
-1.36074
-1.3605
-1.36027
-1.36004
-1.35982
-1.3596
-1.35937
-1.35912
-1.35888
-1.35862
-1.35834
-1.35804
-1.3577
-1.35737
-1.35706
-1.35677
-1.3565
-1.35626
-1.35604
-1.35584
-1.35566
-1.3555
-1.35536
-1.35524
-1.38178
-1.38195
-1.38263
-1.38328
-1.38469
-1.38263
-1.35341
-1.38027
-1.37894
-1.37824
-1.37874
-1.37995
-1.38107
-1.38061
-1.38246
-1.3822
-1.38088
-1.38531
-1.37859
-1.38362
-1.38302
-1.3827
-1.38383
-1.3836
-1.38322
-1.38238
-1.38228
-1.3818
-1.3816
-1.38118
-1.38105
-1.38075
-1.38
-1.38027
-1.3797
-1.37916
-1.3787
-1.37821
-1.37783
-1.37746
-1.3771
-1.37676
-1.37644
-1.37614
-1.37589
-1.37566
-1.37547
-1.37531
-1.37519
-1.3751
-1.40298
-1.4063
-1.40545
-1.39653
-1.37142
-1.32678
-1.28583
-1.26728
-1.31273
-1.36609
-1.39703
-1.40644
-1.40849
-1.40891
-1.40939
-1.41028
-1.41099
-1.41171
-1.41254
-1.4134
-1.40523
-1.41253
-1.41334
-1.4141
-1.41495
-1.41586
-1.41682
-1.41782
-1.41888
-1.42
-1.4212
-1.42249
-1.42347
-1.42498
-1.4268
-1.43076
-1.30454
-1.36763
-1.3733
-1.37497
-1.37648
-1.37794
-1.37931
-1.38054
-1.38166
-1.3827
-1.38365
-1.38453
-1.38533
-1.38607
-1.40972
-1.41051
-1.37029
-1.40856
-1.4229
-1.43746
-1.42823
-1.42813
-1.42638
-1.43291
-1.43864
-1.43965
-1.43931
-1.43889
-1.43859
-1.43822
-1.43787
-1.43737
-1.437
-1.43658
-1.4361
-1.43558
-1.43509
-1.43458
-1.43409
-1.4336
-1.43302
-1.43242
-1.43178
-1.4311
-1.43038
-1.42949
-1.42794
-1.42481
-1.41904
-1.41473
-1.41316
-1.41407
-1.41793
-1.41994
-1.42031
-1.41997
-1.41959
-1.41974
-1.41941
-1.41937
-1.41918
-1.41903
-1.41893
-1.41887
-1.46625
-1.4667
-1.46731
-1.46833
-1.46841
-1.46788
-1.46713
-1.46629
-1.46571
-1.46543
-1.46547
-1.4654
-1.46526
-1.46514
-1.4651
-1.46427
-1.46484
-1.4649
-1.46498
-1.46501
-1.46485
-1.46532
-1.46559
-1.46596
-1.4664
-1.4669
-1.46747
-1.46809
-1.46893
-1.46966
-1.47047
-1.47133
-1.4722
-1.47305
-1.38069
-1.4314
-1.43452
-1.43473
-1.43566
-1.43712
-1.43782
-1.43814
-1.43875
-1.43884
-1.43943
-1.43973
-1.44
-1.44023
-1.44044
-1.44063
-1.41136
-1.41791
-1.43224
-1.46138
-1.47741
-1.48151
-1.48186
-1.48188
-1.48186
-1.48179
-1.48131
-1.48141
-1.48153
-1.4811
-1.48115
-1.48031
-1.48076
-1.48081
-1.48085
-1.4809
-1.48096
-1.481
-1.48029
-1.48038
-1.48049
-1.48054
-1.48056
-1.48058
-1.48059
-1.48057
-1.48053
-1.48058
-1.4809
-1.46504
-1.47458
-1.47413
-1.47341
-1.47328
-1.47311
-1.47291
-1.47263
-1.47231
-1.47199
-1.47168
-1.47138
-1.47109
-1.47082
-1.47058
-1.47035
-1.47014
-2.62084
-1.78722
-1.43461
-1.41793
-1.45961
-1.48644
-1.49734
-1.50133
-1.50263
-1.50299
-1.50307
-1.50306
-1.50302
-1.50297
-1.50292
-1.50286
-1.50282
-1.50278
-1.50273
-1.50267
-1.50259
-1.50254
-1.50247
-1.50241
-1.50213
-1.50205
-1.50166
-1.50161
-1.50145
-1.50144
-1.50133
-1.50116
-1.49043
-1.49547
-1.4952
-1.49484
-1.49457
-1.49438
-1.49421
-1.49406
-1.49393
-1.49381
-1.49371
-1.49363
-1.49356
-1.49349
-1.49346
-1.49344
-1.49343
-1.49342
2.13679
0.134693
-0.641302
-0.856328
-1.22355
-1.45057
-1.50803
-1.51803
-1.51994
-1.52043
-1.52058
-1.5206
-1.52057
-1.5204
-1.52042
-1.52037
-1.5203
-1.52023
-1.52015
-1.52006
-1.51995
-1.51984
-1.51972
-1.51951
-1.51942
-1.51925
-1.5191
-1.51893
-1.51872
-1.51846
-1.51807
-1.51738
-1.51709
-1.51726
-1.51749
-1.51753
-1.51748
-1.5174
-1.51732
-1.51726
-1.51733
-1.51731
-1.51732
-1.51733
-1.51731
-1.51723
-1.51748
-1.5176
-1.51774
-1.5179
4.36436
4.3815
3.13306
1.63005
-0.422529
-1.37675
-1.52743
-1.54056
-1.54206
-1.5424
-1.54252
-1.54253
-1.5425
-1.5421
-1.54226
-1.54228
-1.54239
-1.54235
-1.54232
-1.54227
-1.54222
-1.54217
-1.5421
-1.54205
-1.54201
-1.54197
-1.54192
-1.54188
-1.54181
-1.54171
-1.53483
-1.53901
-1.53929
-1.53929
-1.53942
-1.53945
-1.53941
-1.53935
-1.53929
-1.53922
-1.53911
-1.53905
-1.53915
-1.53906
-1.5389
-1.53848
-1.53871
-1.53865
-1.5386
-1.53857
2.06853
2.05103
1.95609
1.43508
0.0602021
-1.32205
-1.54518
-1.56082
-1.5617
-1.56174
-1.56188
-1.56233
-1.56219
-1.56229
-1.56224
-1.56219
-1.56215
-1.56211
-1.56206
-1.56199
-1.56193
-1.56189
-1.56183
-1.56177
-1.5617
-1.56164
-1.56158
-1.56152
-1.55967
-1.56076
-1.56067
-1.56052
-1.5604
-1.56007
-1.55895
-1.55947
-1.55943
-1.55935
-1.55927
-1.5592
-1.55911
-1.55906
-1.55861
-1.55894
-1.5587
-1.55867
-1.55883
-1.55883
-1.55884
-1.55884
1.3519
1.04349
0.586865
-0.0301195
-0.98146
-1.49903
-1.58256
-1.5869
-1.58704
-1.58722
-1.5872
-1.58726
-1.58713
-1.58696
-1.58497
-1.58557
-1.58564
-1.58539
-1.58541
-1.58281
-1.58364
-1.58378
-1.58381
-1.58383
-1.58384
-1.58385
-1.58386
-1.58336
-1.58394
-1.5839
-1.58388
-1.58386
-1.58382
-1.58379
-1.58287
-1.58328
-1.58327
-1.58324
-1.58321
-1.58317
-1.58312
-1.58308
-1.58304
-1.58282
-1.58278
-1.58275
-1.58269
-1.58263
-1.58257
-1.5825
-1.11943
-1.4856
-1.53104
-1.50413
-1.56826
-1.60658
-1.60847
-1.60767
-1.6077
-1.60771
-1.60769
-1.60765
-1.60756
-1.60748
-1.60749
-1.6072
-1.60766
-1.60771
-1.6075
-1.60478
-1.60664
-1.60666
-1.60668
-1.60647
-1.60613
-1.60447
-1.60579
-1.60544
-1.60544
-1.60639
-1.60639
-1.60639
-1.60639
-1.60639
-1.60639
-1.6064
-1.60641
-1.60643
-1.60645
-1.60648
-1.60652
-1.60657
-1.60662
-1.60664
-1.60672
-1.60681
-1.60692
-1.60701
-1.60719
-1.60715
-2.26745
-2.05088
-1.80266
-1.68371
-1.63694
-1.6284
-1.62843
-1.6285
-1.6285
-1.62847
-1.62847
-1.62845
-1.62842
-1.62838
-1.62835
-1.62832
-1.62829
-1.62751
-1.62832
-1.62863
-1.62864
-1.62858
-1.62854
-1.62849
-1.62776
-1.62872
-1.62906
-1.62897
-1.62893
-1.62806
-1.6291
-1.62929
-1.62925
-1.62924
-1.62921
-1.62918
-1.62914
-1.62913
-1.62911
-1.62908
-1.62906
-1.62797
-1.62921
-1.62919
-1.62917
-1.62915
-1.62914
-1.62913
-1.62909
-1.62912
-2.08671
-1.73966
-1.65801
-1.64976
-1.64999
-1.6502
-1.6502
-1.6502
-1.65022
-1.65023
-1.65025
-1.65026
-1.65027
-1.65028
-1.65029
-1.6503
-1.65031
-1.65031
-1.65032
-1.65032
-1.65032
-1.65032
-1.65032
-1.65032
-1.65032
-1.65033
-1.65033
-1.65032
-1.65032
-1.65032
-1.65033
-1.65031
-1.65032
-1.65029
-1.65028
-1.65029
-1.6496
-1.64962
-1.64979
-1.64851
-1.64948
-1.64949
-1.64949
-1.64952
-1.64952
-1.64951
-1.6495
-1.64949
-1.64947
-1.64945
-1.67704
-1.67238
-1.6727
-1.67289
-1.67292
-1.67289
-1.67287
-1.67285
-1.67284
-1.67282
-1.6728
-1.67278
-1.67277
-1.67275
-1.67273
-1.67272
-1.6727
-1.67269
-1.67268
-1.67266
-1.67265
-1.67264
-1.67263
-1.67262
-1.67261
-1.6726
-1.67259
-1.67259
-1.67258
-1.67257
-1.67256
-1.67255
-1.67254
-1.67254
-1.67253
-1.67252
-1.67252
-1.67251
-1.6725
-1.67248
-1.67247
-1.67245
-1.67244
-1.67242
-1.67242
-1.67241
-1.6724
-1.67239
-1.67238
-1.67237
-1.69194
-1.69288
-1.69292
-1.69303
-1.69314
-1.69324
-1.69332
-1.6934
-1.69348
-1.69356
-1.69361
-1.69367
-1.69372
-1.69377
-1.69381
-1.69385
-1.69389
-1.69392
-1.69395
-1.69398
-1.694
-1.69402
-1.69404
-1.69405
-1.69407
-1.69408
-1.69409
-1.69409
-1.6941
-1.6941
-1.6941
-1.6941
-1.69409
-1.69409
-1.69408
-1.69407
-1.69406
-1.69405
-1.69403
-1.69402
-1.694
-1.69398
-1.69396
-1.69394
-1.69392
-1.6939
-1.69388
-1.69385
-1.69383
-1.6938
-1.71682
-1.71688
-1.71698
-1.71706
-1.71708
-1.71714
-1.71717
-1.71639
-1.71645
-1.71652
-1.71656
-1.71654
-1.71656
-1.71661
-1.71663
-1.71665
-1.71666
-1.71667
-1.71668
-1.71668
-1.71669
-1.71669
-1.71669
-1.71669
-1.71669
-1.71668
-1.71668
-1.71668
-1.71667
-1.71667
-1.71666
-1.71665
-1.71665
-1.71664
-1.71663
-1.71662
-1.71661
-1.7166
-1.71659
-1.71658
-1.71657
-1.71656
-1.71654
-1.71653
-1.71652
-1.7165
-1.71648
-1.71647
-1.71645
-1.71644
-1.7404
-1.74023
-1.74014
-1.74009
-1.74004
-1.73999
-1.73995
-1.7399
-1.73985
-1.7398
-1.73976
-1.73972
-1.73967
-1.73963
-1.73959
-1.73954
-1.73951
-1.73947
-1.73943
-1.73939
-1.73936
-1.73932
-1.73929
-1.73926
-1.73923
-1.7392
-1.73917
-1.73914
-1.73912
-1.73909
-1.73906
-1.73904
-1.73902
-1.73899
-1.73897
-1.73894
-1.73892
-1.7389
-1.73887
-1.73885
-1.73883
-1.7388
-1.73878
-1.73876
-1.73873
-1.73871
-1.73869
-1.73866
-1.73864
-1.73861
-1.76167
-1.76248
-1.76281
-1.7628
-1.76274
-1.76268
-1.76263
-1.76258
-1.76253
-1.76248
-1.76242
-1.76237
-1.76231
-1.76226
-1.76221
-1.76216
-1.76211
-1.76207
-1.76202
-1.76198
-1.76194
-1.7619
-1.76186
-1.76182
-1.76178
-1.76175
-1.76171
-1.76168
-1.76165
-1.76161
-1.76158
-1.76155
-1.76152
-1.76149
-1.76146
-1.76143
-1.76141
-1.76138
-1.76135
-1.76132
-1.7613
-1.76127
-1.76124
-1.76122
-1.76119
-1.76116
-1.76114
-1.76111
-1.76108
-1.76106
-1.78439
-1.7841
-1.78419
-1.78424
-1.78426
-1.78429
-1.78416
-1.78416
-1.78392
-1.78411
-1.78411
-1.7841
-1.78414
-1.78413
-1.78412
-1.7841
-1.78409
-1.78407
-1.78405
-1.78403
-1.78401
-1.78399
-1.78397
-1.78395
-1.78393
-1.78391
-1.78389
-1.78386
-1.78384
-1.78382
-1.7838
-1.78378
-1.78375
-1.78373
-1.78371
-1.78369
-1.78366
-1.78364
-1.78362
-1.78359
-1.78357
-1.78355
-1.78352
-1.7835
-1.78347
-1.78345
-1.78343
-1.7834
-1.78338
-1.78335
-1.35515
-1.35509
-1.35503
-1.35498
-1.35494
-1.35489
-1.35486
-1.35482
-1.35479
-1.35477
-1.35475
-1.35473
-1.35472
-1.35471
-1.3547
-1.3547
-1.3547
-1.3547
-1.3547
-1.35471
-1.35472
-1.35474
-1.35475
-1.35477
-1.35479
-1.35482
-1.35484
-1.35487
-1.3549
-1.35493
-1.35497
-1.355
-1.35504
-1.35508
-1.35512
-1.35516
-1.35521
-1.35526
-1.3553
-1.35535
-1.35541
-1.35546
-1.35551
-1.35557
-1.35563
-1.35569
-1.35575
-1.35581
-1.35587
-1.35593
-1.356
-1.35606
-1.35613
-1.3562
-1.35627
-1.35634
-1.35641
-1.35649
-1.35656
-1.35663
-1.35671
-1.35679
-1.35686
-1.35694
-1.35702
-1.3571
-1.35718
-1.35727
-1.35735
-1.35743
-1.35752
-1.3576
-1.35769
-1.35777
-1.35786
-1.35795
-1.35804
-1.35813
-1.35821
-1.3583
-1.3584
-1.35849
-1.35858
-1.35867
-1.35876
-1.35886
-1.35895
-1.35905
-1.35914
-1.35924
-1.35933
-1.35943
-1.35952
-1.35962
-1.35972
-1.35982
-1.35991
-1.36001
-1.36011
-1.36021
-1.36031
-1.36041
-1.36051
-1.36061
-1.36071
-1.36081
-1.36091
-1.36101
-1.36112
-1.36122
-1.36132
-1.36142
-1.36152
-1.36163
-1.36173
-1.36183
-1.36194
-1.36204
-1.36214
-1.36225
-1.36235
-1.36245
-1.36256
-1.36266
-1.36276
-1.36287
-1.36297
-1.36308
-1.36318
-1.36328
-1.36339
-1.36349
-1.36359
-1.3637
-1.3638
-1.3639
-1.36401
-1.36411
-1.36421
-1.36431
-1.36442
-1.36452
-1.36462
-1.36472
-1.36482
-1.36492
-1.36502
-1.36512
-1.36522
-1.36532
-1.36542
-1.36552
-1.36561
-1.36571
-1.36581
-1.3659
-1.366
-1.3661
-1.36619
-1.36628
-1.36638
-1.36647
-1.36656
-1.36665
-1.36674
-1.36683
-1.36692
-1.36701
-1.3671
-1.36719
-1.36727
-1.36736
-1.36744
-1.36753
-1.36761
-1.36769
-1.36777
-1.36785
-1.36793
-1.36801
-1.36809
-1.36816
-1.36824
-1.36831
-1.36839
-1.36846
-1.36853
-1.3686
-1.36867
-1.36874
-1.3688
-1.36887
-1.36893
-1.369
-1.36906
-1.36912
-1.36918
-1.36924
-1.3693
-1.36935
-1.36941
-1.36946
-1.36951
-1.36957
-1.36962
-1.36967
-1.36971
-1.36976
-1.36981
-1.36985
-1.36989
-1.36994
-1.36998
-1.37002
-1.37005
-1.37009
-1.37013
-1.37016
-1.37019
-1.37023
-1.37026
-1.37029
-1.37031
-1.37034
-1.37037
-1.37039
-1.37041
-1.37044
-1.37046
-1.37048
-1.37049
-1.37051
-1.37052
-1.37054
-1.37055
-1.37056
-1.37057
-1.37058
-1.37059
-1.37059
-1.3706
-1.3706
-1.3706
-1.3706
-1.3706
-1.3706
-1.3706
-1.3706
-1.37059
-1.37059
-1.37058
-1.37057
-1.37056
-1.37055
-1.37054
-1.37052
-1.37051
-1.37049
-1.37048
-1.37046
-1.37044
-1.37042
-1.3704
-1.37037
-1.37035
-1.37033
-1.3703
-1.37028
-1.37025
-1.37022
-1.37019
-1.37016
-1.37014
-1.37011
-1.37008
-1.37005
-1.37003
-1.37
-1.36997
-1.36994
-1.3699
-1.36987
-1.36984
-1.3698
-1.36976
-1.36973
-1.36969
-1.36965
-1.36961
-1.36957
-1.36953
-1.36949
-1.36945
-1.3694
-1.36936
-1.36931
-1.36927
-1.36922
-1.36917
-1.36912
-1.37506
-1.37503
-1.37499
-1.37496
-1.37494
-1.37492
-1.3749
-1.37489
-1.37488
-1.37488
-1.37488
-1.37489
-1.3749
-1.37491
-1.37493
-1.37495
-1.37498
-1.37501
-1.37504
-1.37508
-1.37511
-1.37516
-1.3752
-1.37525
-1.3753
-1.37535
-1.37541
-1.37547
-1.37553
-1.37559
-1.37566
-1.37572
-1.37579
-1.37587
-1.37594
-1.37601
-1.37609
-1.37617
-1.37625
-1.37633
-1.37642
-1.3765
-1.37659
-1.37667
-1.37676
-1.37685
-1.37694
-1.37703
-1.37713
-1.37722
-1.37731
-1.37741
-1.3775
-1.3776
-1.3777
-1.3778
-1.3779
-1.37799
-1.37809
-1.37819
-1.3783
-1.3784
-1.3785
-1.3786
-1.3787
-1.37881
-1.37891
-1.37902
-1.37912
-1.37923
-1.37933
-1.37944
-1.37954
-1.37965
-1.37976
-1.37986
-1.37997
-1.38008
-1.38018
-1.38029
-1.3804
-1.38051
-1.38062
-1.38073
-1.38084
-1.38094
-1.38105
-1.38116
-1.38127
-1.38138
-1.38149
-1.38161
-1.38172
-1.38183
-1.38194
-1.38205
-1.38216
-1.38227
-1.38238
-1.3825
-1.38261
-1.38272
-1.38283
-1.38294
-1.38306
-1.38317
-1.38328
-1.38339
-1.38351
-1.38362
-1.38373
-1.38385
-1.38396
-1.38407
-1.38418
-1.3843
-1.38441
-1.38452
-1.38463
-1.38475
-1.38486
-1.38497
-1.38508
-1.3852
-1.38531
-1.38542
-1.38553
-1.38564
-1.38575
-1.38586
-1.38597
-1.38608
-1.38619
-1.3863
-1.38641
-1.38652
-1.38663
-1.38674
-1.38685
-1.38696
-1.38706
-1.38717
-1.38728
-1.38738
-1.38749
-1.38759
-1.3877
-1.3878
-1.3879
-1.38801
-1.38811
-1.38821
-1.38831
-1.38841
-1.38851
-1.38861
-1.38871
-1.38881
-1.3889
-1.389
-1.38909
-1.38919
-1.38928
-1.38938
-1.38947
-1.38956
-1.38965
-1.38974
-1.38983
-1.38992
-1.39
-1.39009
-1.39017
-1.39026
-1.39034
-1.39042
-1.3905
-1.39058
-1.39066
-1.39074
-1.39082
-1.39089
-1.39097
-1.39104
-1.39111
-1.39118
-1.39126
-1.39132
-1.39139
-1.39146
-1.39152
-1.39159
-1.39165
-1.39171
-1.39177
-1.39183
-1.39189
-1.39195
-1.39201
-1.39206
-1.39211
-1.39217
-1.39222
-1.39227
-1.39232
-1.39236
-1.39241
-1.39245
-1.3925
-1.39254
-1.39258
-1.39262
-1.39266
-1.39269
-1.39273
-1.39276
-1.3928
-1.39283
-1.39286
-1.39289
-1.39292
-1.39294
-1.39297
-1.39299
-1.39302
-1.39304
-1.39306
-1.39308
-1.39309
-1.39311
-1.39313
-1.39314
-1.39315
-1.39316
-1.39317
-1.39318
-1.39319
-1.3932
-1.3932
-1.39321
-1.39321
-1.39321
-1.39321
-1.39321
-1.3932
-1.3932
-1.39319
-1.39319
-1.39318
-1.39317
-1.39316
-1.39315
-1.39313
-1.39312
-1.39311
-1.39309
-1.39308
-1.39306
-1.39303
-1.39302
-1.393
-1.39297
-1.39294
-1.39292
-1.39289
-1.39287
-1.39284
-1.39281
-1.39278
-1.39274
-1.39271
-1.39268
-1.39265
-1.39262
-1.39258
-1.39255
-1.39252
-1.39249
-1.39245
-1.39242
-1.39239
-1.39235
-1.39232
-1.39228
-1.39223
-1.39219
-1.39215
-1.39211
-1.39207
-1.39204
-1.39199
-1.39194
-1.39189
-1.39185
-1.3918
-1.39175
-1.3917
-1.39165
-1.39159
-1.39154
-1.38662
-1.38701
-1.38742
-1.38782
-1.38821
-1.38859
-1.38896
-1.38932
-1.38968
-1.39002
-1.39036
-1.3907
-1.39102
-1.39134
-1.39165
-1.39195
-1.39225
-1.39254
-1.39282
-1.39309
-1.39336
-1.39363
-1.39388
-1.39413
-1.39438
-1.39462
-1.39485
-1.39508
-1.39531
-1.39553
-1.39574
-1.39595
-1.39616
-1.39636
-1.39655
-1.39675
-1.39694
-1.39712
-1.3973
-1.39748
-1.39766
-1.39783
-1.398
-1.39816
-1.39833
-1.39849
-1.39865
-1.3988
-1.39895
-1.39911
-1.39925
-1.3994
-1.39954
-1.39969
-1.39983
-1.39997
-1.40011
-1.40024
-1.40038
-1.40051
-1.40064
-1.40077
-1.4009
-1.40103
-1.40116
-1.40128
-1.40141
-1.40153
-1.40166
-1.40178
-1.4019
-1.40202
-1.40215
-1.40227
-1.40239
-1.4025
-1.40262
-1.40274
-1.40286
-1.40298
-1.40309
-1.40321
-1.40333
-1.40344
-1.40356
-1.40367
-1.40379
-1.4039
-1.40402
-1.40413
-1.40424
-1.40436
-1.40447
-1.40459
-1.4047
-1.40481
-1.40493
-1.40504
-1.40515
-1.40527
-1.40538
-1.40549
-1.4056
-1.40572
-1.40583
-1.40594
-1.40605
-1.40617
-1.40628
-1.40639
-1.4065
-1.40661
-1.40673
-1.40684
-1.40695
-1.40706
-1.40717
-1.40728
-1.4074
-1.40751
-1.40762
-1.40773
-1.40784
-1.40795
-1.40806
-1.40817
-1.40828
-1.40839
-1.4085
-1.40861
-1.40872
-1.40883
-1.40894
-1.40904
-1.40915
-1.40926
-1.40937
-1.40947
-1.40958
-1.40969
-1.40979
-1.4099
-1.41
-1.41011
-1.41021
-1.41032
-1.41042
-1.41052
-1.41062
-1.41072
-1.41083
-1.41093
-1.41103
-1.41112
-1.41122
-1.41132
-1.41142
-1.41151
-1.41161
-1.4117
-1.4118
-1.41189
-1.41198
-1.41208
-1.41217
-1.41226
-1.41235
-1.41243
-1.41252
-1.41261
-1.41269
-1.41278
-1.41286
-1.41294
-1.41302
-1.4131
-1.41318
-1.41326
-1.41334
-1.41342
-1.41349
-1.41357
-1.41364
-1.41371
-1.41378
-1.41385
-1.41392
-1.41399
-1.41405
-1.41412
-1.41418
-1.41424
-1.4143
-1.41436
-1.41442
-1.41448
-1.41454
-1.41459
-1.41464
-1.4147
-1.41475
-1.4148
-1.41485
-1.41489
-1.41494
-1.41498
-1.41503
-1.41507
-1.41511
-1.41515
-1.41519
-1.41522
-1.41526
-1.41527
-1.41532
-1.41536
-1.41539
-1.41539
-1.41544
-1.41548
-1.41551
-1.41549
-1.41556
-1.4156
-1.41562
-1.41563
-1.41565
-1.41565
-1.41565
-1.41569
-1.4157
-1.41563
-1.41573
-1.41575
-1.41575
-1.41575
-1.41575
-1.41575
-1.41575
-1.41575
-1.41574
-1.41575
-1.41574
-1.41574
-1.41571
-1.41571
-1.41572
-1.41571
-1.41568
-1.41566
-1.41569
-1.41568
-1.41567
-1.41564
-1.41562
-1.41559
-1.41553
-1.41556
-1.41546
-1.41551
-1.41541
-1.41542
-1.4154
-1.41536
-1.41533
-1.41529
-1.41515
-1.41516
-1.41514
-1.4151
-1.41504
-1.41499
-1.41484
-1.41468
-1.41493
-1.41485
-1.41495
-1.41489
-1.415
-1.41488
-1.41486
-1.41471
-1.41443
-1.41483
-1.41477
-1.41473
-1.41458
-1.41454
-1.41453
-1.4145
-1.41446
-1.41443
-1.41439
-1.41435
-1.41432
-1.41427
-1.4142
-1.41413
-1.41406
-1.41398
-1.41886
-1.41886
-1.41886
-1.41886
-1.41886
-1.41887
-1.41889
-1.4189
-1.41893
-1.41896
-1.41899
-1.41902
-1.41906
-1.41911
-1.41916
-1.41921
-1.41926
-1.41932
-1.41938
-1.41944
-1.41951
-1.41958
-1.41965
-1.41972
-1.4198
-1.41988
-1.41996
-1.42004
-1.42013
-1.42021
-1.4203
-1.42039
-1.42048
-1.42058
-1.42067
-1.42077
-1.42086
-1.42096
-1.42106
-1.42116
-1.42126
-1.42136
-1.42147
-1.42157
-1.42167
-1.42178
-1.42188
-1.42199
-1.4221
-1.4222
-1.42231
-1.42242
-1.42253
-1.42263
-1.42274
-1.42285
-1.42296
-1.42307
-1.42318
-1.42329
-1.4234
-1.42351
-1.42362
-1.42373
-1.42384
-1.42396
-1.42407
-1.42418
-1.42429
-1.4244
-1.42451
-1.42462
-1.42474
-1.42485
-1.42496
-1.42507
-1.42518
-1.4253
-1.42541
-1.42552
-1.42563
-1.42575
-1.42586
-1.42597
-1.42608
-1.4262
-1.42631
-1.42642
-1.42654
-1.42665
-1.42676
-1.42688
-1.42699
-1.42711
-1.42722
-1.42733
-1.42745
-1.42756
-1.42768
-1.42779
-1.42791
-1.42802
-1.42814
-1.42825
-1.42836
-1.42848
-1.42859
-1.42871
-1.42882
-1.42894
-1.42905
-1.42917
-1.42928
-1.4294
-1.42951
-1.42963
-1.42974
-1.42985
-1.42997
-1.43008
-1.4302
-1.43031
-1.43042
-1.43054
-1.43065
-1.43076
-1.43087
-1.43099
-1.4311
-1.43121
-1.43132
-1.43143
-1.43154
-1.43165
-1.43176
-1.43187
-1.43198
-1.43209
-1.4322
-1.43231
-1.43241
-1.43252
-1.43263
-1.43273
-1.43284
-1.43294
-1.43304
-1.43315
-1.43325
-1.43335
-1.43345
-1.43355
-1.43365
-1.43375
-1.43385
-1.43395
-1.43405
-1.43414
-1.43424
-1.43433
-1.43442
-1.43452
-1.43461
-1.4347
-1.43479
-1.43488
-1.43497
-1.43505
-1.43514
-1.43523
-1.43531
-1.43539
-1.43548
-1.43556
-1.43564
-1.43572
-1.43579
-1.43587
-1.43595
-1.43602
-1.43609
-1.43617
-1.43624
-1.43631
-1.43638
-1.43645
-1.43651
-1.43658
-1.43664
-1.4367
-1.43677
-1.43683
-1.43689
-1.43695
-1.437
-1.43706
-1.43711
-1.43717
-1.43722
-1.43727
-1.43732
-1.43737
-1.43741
-1.43746
-1.43751
-1.43755
-1.43759
-1.43763
-1.43767
-1.43771
-1.43775
-1.43778
-1.43782
-1.43785
-1.43788
-1.43791
-1.43794
-1.43797
-1.438
-1.43802
-1.43805
-1.43807
-1.43809
-1.43811
-1.43813
-1.43815
-1.43817
-1.43818
-1.4382
-1.43821
-1.43822
-1.43823
-1.43824
-1.43825
-1.43826
-1.43826
-1.43826
-1.43827
-1.43827
-1.43827
-1.43827
-1.43827
-1.43826
-1.43826
-1.43825
-1.43824
-1.43824
-1.43822
-1.43821
-1.4382
-1.43819
-1.43817
-1.43816
-1.43814
-1.43812
-1.4381
-1.43808
-1.43806
-1.43804
-1.43801
-1.43798
-1.43795
-1.43792
-1.43789
-1.43775
-1.4378
-1.43782
-1.43778
-1.43776
-1.43773
-1.43769
-1.43764
-1.43758
-1.43736
-1.43746
-1.43745
-1.43742
-1.4374
-1.43732
-1.43729
-1.43717
-1.43713
-1.437
-1.43696
-1.43717
-1.43655
-1.43665
-1.43656
-1.43641
-1.43633
-1.43666
-1.43666
-1.43654
-1.43666
-1.43653
-1.43664
-1.43657
-1.43652
-1.43646
-1.43639
-1.44078
-1.4409
-1.44103
-1.44116
-1.44128
-1.44141
-1.44153
-1.44165
-1.44177
-1.4419
-1.44202
-1.44214
-1.44226
-1.44238
-1.44249
-1.44261
-1.44272
-1.44284
-1.44295
-1.44306
-1.44317
-1.44328
-1.44339
-1.4435
-1.4436
-1.44371
-1.44381
-1.44392
-1.44402
-1.44412
-1.44422
-1.44432
-1.44442
-1.44452
-1.44462
-1.44471
-1.44481
-1.44491
-1.445
-1.4451
-1.44519
-1.44528
-1.44538
-1.44547
-1.44556
-1.44566
-1.44575
-1.44584
-1.44593
-1.44602
-1.44611
-1.4462
-1.44629
-1.44639
-1.44648
-1.44657
-1.44666
-1.44675
-1.44684
-1.44693
-1.44702
-1.44711
-1.44721
-1.4473
-1.44739
-1.44748
-1.44757
-1.44767
-1.44776
-1.44785
-1.44795
-1.44804
-1.44814
-1.44823
-1.44833
-1.44842
-1.44852
-1.44861
-1.44871
-1.44881
-1.4489
-1.449
-1.4491
-1.4492
-1.44929
-1.44939
-1.44949
-1.44959
-1.44969
-1.44979
-1.44989
-1.44999
-1.45009
-1.45019
-1.4503
-1.4504
-1.4505
-1.4506
-1.4507
-1.45081
-1.45091
-1.45101
-1.45112
-1.45122
-1.45133
-1.45143
-1.45153
-1.45164
-1.45174
-1.45185
-1.45195
-1.45206
-1.45216
-1.45227
-1.45237
-1.45248
-1.45258
-1.45269
-1.45279
-1.4529
-1.45301
-1.45311
-1.45322
-1.45332
-1.45343
-1.45353
-1.45364
-1.45374
-1.45385
-1.45395
-1.45406
-1.45416
-1.45426
-1.45437
-1.45447
-1.45457
-1.45468
-1.45478
-1.45488
-1.45499
-1.45509
-1.45519
-1.45529
-1.45539
-1.45549
-1.45559
-1.45569
-1.45579
-1.45588
-1.45598
-1.45608
-1.45617
-1.45627
-1.45637
-1.45646
-1.45655
-1.45665
-1.45674
-1.45683
-1.45692
-1.45701
-1.4571
-1.45719
-1.45728
-1.45736
-1.45745
-1.45754
-1.45762
-1.4577
-1.45779
-1.45787
-1.45795
-1.45803
-1.45811
-1.45818
-1.45826
-1.45833
-1.45841
-1.45848
-1.45856
-1.45863
-1.4587
-1.45877
-1.45883
-1.4589
-1.45897
-1.45903
-1.4591
-1.45916
-1.45922
-1.45928
-1.45934
-1.4594
-1.45945
-1.45951
-1.45956
-1.45962
-1.45967
-1.45972
-1.45977
-1.45982
-1.45986
-1.45991
-1.45995
-1.46
-1.46004
-1.46008
-1.46012
-1.46016
-1.4602
-1.46023
-1.46027
-1.4603
-1.46033
-1.46036
-1.46039
-1.46042
-1.46045
-1.46048
-1.4605
-1.46053
-1.46055
-1.46057
-1.46059
-1.46061
-1.46063
-1.46064
-1.46066
-1.46067
-1.46068
-1.46069
-1.4607
-1.46071
-1.46072
-1.46073
-1.46073
-1.46074
-1.46074
-1.46074
-1.46074
-1.46074
-1.46074
-1.46073
-1.46073
-1.46072
-1.46071
-1.4607
-1.46069
-1.46068
-1.46067
-1.46066
-1.46064
-1.46063
-1.46061
-1.46059
-1.46057
-1.46055
-1.46053
-1.46051
-1.46048
-1.46046
-1.46043
-1.4604
-1.46037
-1.46034
-1.46031
-1.46028
-1.46024
-1.46021
-1.46017
-1.46014
-1.4601
-1.46006
-1.46003
-1.45999
-1.45995
-1.4599
-1.45986
-1.45982
-1.45977
-1.45972
-1.45967
-1.45962
-1.45958
-1.45953
-1.45947
-1.45941
-1.45936
-1.45931
-1.45927
-1.45921
-1.45917
-1.45912
-1.45904
-1.45883
-1.45851
-1.45873
-1.45881
-1.45879
-1.45875
-1.47001
-1.46992
-1.46983
-1.46975
-1.46967
-1.4696
-1.46953
-1.46946
-1.4694
-1.46934
-1.46929
-1.46924
-1.46919
-1.46914
-1.4691
-1.46906
-1.46902
-1.46899
-1.46895
-1.46892
-1.46888
-1.46885
-1.46883
-1.4688
-1.46879
-1.46877
-1.46876
-1.46875
-1.46875
-1.46874
-1.46874
-1.46875
-1.46875
-1.46876
-1.46878
-1.46879
-1.46881
-1.46883
-1.46885
-1.46888
-1.46891
-1.46894
-1.46897
-1.469
-1.46904
-1.46908
-1.46912
-1.46917
-1.46921
-1.46926
-1.46931
-1.46936
-1.46941
-1.46947
-1.46953
-1.46959
-1.46965
-1.46971
-1.46977
-1.46984
-1.4699
-1.46997
-1.47004
-1.47011
-1.47019
-1.47026
-1.47033
-1.47041
-1.47049
-1.47057
-1.47065
-1.47073
-1.47081
-1.47089
-1.47097
-1.47106
-1.47115
-1.47123
-1.47132
-1.47141
-1.4715
-1.47159
-1.47168
-1.47177
-1.47186
-1.47195
-1.47205
-1.47214
-1.47224
-1.47233
-1.47243
-1.47253
-1.47262
-1.47272
-1.47282
-1.47292
-1.47302
-1.47312
-1.47322
-1.47332
-1.47342
-1.47352
-1.47363
-1.47373
-1.47383
-1.47393
-1.47404
-1.47414
-1.47424
-1.47435
-1.47445
-1.47456
-1.47466
-1.47477
-1.47487
-1.47498
-1.47508
-1.47519
-1.47529
-1.4754
-1.4755
-1.47561
-1.47571
-1.47582
-1.47592
-1.47603
-1.47613
-1.47624
-1.47634
-1.47645
-1.47655
-1.47666
-1.47676
-1.47686
-1.47697
-1.47707
-1.47717
-1.47727
-1.47738
-1.47748
-1.47758
-1.47768
-1.47778
-1.47788
-1.47798
-1.47808
-1.47818
-1.47827
-1.47837
-1.47847
-1.47856
-1.47866
-1.47875
-1.47885
-1.47894
-1.47903
-1.47912
-1.47922
-1.47931
-1.4794
-1.47948
-1.47957
-1.47966
-1.47975
-1.47983
-1.47992
-1.48
-1.48008
-1.48016
-1.48024
-1.48033
-1.4804
-1.48048
-1.48056
-1.48064
-1.48071
-1.48079
-1.48086
-1.48093
-1.481
-1.48107
-1.48114
-1.48121
-1.48128
-1.48134
-1.48141
-1.48147
-1.48153
-1.48159
-1.48165
-1.48171
-1.48177
-1.48183
-1.48188
-1.48194
-1.48199
-1.48204
-1.48209
-1.48214
-1.48219
-1.48224
-1.48229
-1.48233
-1.48238
-1.48242
-1.48246
-1.4825
-1.48254
-1.48258
-1.48262
-1.48265
-1.48269
-1.48272
-1.48275
-1.48278
-1.48281
-1.48284
-1.48287
-1.4829
-1.48292
-1.48295
-1.48297
-1.48299
-1.48301
-1.48303
-1.48305
-1.48306
-1.48308
-1.48309
-1.48311
-1.48312
-1.48313
-1.48314
-1.48315
-1.48315
-1.48316
-1.48316
-1.48317
-1.48317
-1.48317
-1.48317
-1.48317
-1.48316
-1.48316
-1.48316
-1.48315
-1.48314
-1.48313
-1.48312
-1.48311
-1.4831
-1.48308
-1.48307
-1.48305
-1.48304
-1.48302
-1.483
-1.48298
-1.48295
-1.48293
-1.48291
-1.48288
-1.48285
-1.48283
-1.4828
-1.48277
-1.48274
-1.4827
-1.48267
-1.48264
-1.4826
-1.48256
-1.48253
-1.48249
-1.48245
-1.4824
-1.48236
-1.48232
-1.48227
-1.48223
-1.48218
-1.48214
-1.48209
-1.48204
-1.48199
-1.48194
-1.4819
-1.48185
-1.48181
-1.48176
-1.48171
-1.48166
-1.48161
-1.48156
-1.48152
-1.48148
-1.48141
-1.48135
-1.48128
-1.48122
-1.4934
-1.4934
-1.4934
-1.4934
-1.4934
-1.493
-1.4937
-1.49371
-1.49371
-1.49371
-1.4937
-1.4937
-1.49371
-1.49372
-1.49373
-1.49375
-1.49377
-1.49377
-1.49375
-1.49371
-1.49367
-1.49358
-1.4935
-1.49342
-1.49334
-1.49326
-1.49319
-1.49312
-1.49306
-1.493
-1.49295
-1.4929
-1.49286
-1.49282
-1.49279
-1.49277
-1.49275
-1.49273
-1.49272
-1.49271
-1.49271
-1.49271
-1.49272
-1.49273
-1.49274
-1.49276
-1.49278
-1.4928
-1.49283
-1.49286
-1.49289
-1.49292
-1.49296
-1.493
-1.49304
-1.49308
-1.49313
-1.49318
-1.49322
-1.49328
-1.49333
-1.49338
-1.49344
-1.4935
-1.49355
-1.49361
-1.49368
-1.49374
-1.4938
-1.49387
-1.49393
-1.494
-1.49407
-1.49414
-1.49421
-1.49428
-1.49435
-1.49442
-1.4945
-1.49457
-1.49465
-1.49473
-1.4948
-1.49488
-1.49496
-1.49504
-1.49512
-1.4952
-1.49529
-1.49537
-1.49545
-1.49554
-1.49562
-1.49571
-1.49579
-1.49588
-1.49597
-1.49605
-1.49614
-1.49623
-1.49632
-1.49641
-1.4965
-1.49659
-1.49668
-1.49677
-1.49686
-1.49696
-1.49705
-1.49714
-1.49723
-1.49733
-1.49742
-1.49752
-1.49761
-1.49771
-1.4978
-1.4979
-1.49799
-1.49809
-1.49818
-1.49828
-1.49837
-1.49847
-1.49856
-1.49866
-1.49876
-1.49885
-1.49895
-1.49904
-1.49914
-1.49924
-1.49933
-1.49943
-1.49952
-1.49962
-1.49971
-1.49981
-1.4999
-1.5
-1.50009
-1.50019
-1.50028
-1.50037
-1.50047
-1.50056
-1.50065
-1.50074
-1.50083
-1.50093
-1.50102
-1.50111
-1.5012
-1.50129
-1.50137
-1.50146
-1.50155
-1.50164
-1.50172
-1.50181
-1.50189
-1.50198
-1.50206
-1.50215
-1.50223
-1.50231
-1.50239
-1.50247
-1.50255
-1.50263
-1.50271
-1.50278
-1.50286
-1.50293
-1.50301
-1.50308
-1.50315
-1.50322
-1.50329
-1.50336
-1.50343
-1.5035
-1.50357
-1.50363
-1.5037
-1.50376
-1.50382
-1.50389
-1.50395
-1.50401
-1.50407
-1.50412
-1.50418
-1.50423
-1.50429
-1.50434
-1.50439
-1.50445
-1.5045
-1.50454
-1.50459
-1.50464
-1.50468
-1.50473
-1.50477
-1.50481
-1.50485
-1.50489
-1.50493
-1.50497
-1.50501
-1.50504
-1.50508
-1.50511
-1.50514
-1.50517
-1.5052
-1.50523
-1.50526
-1.50528
-1.50531
-1.50533
-1.50536
-1.50538
-1.5054
-1.50542
-1.50543
-1.50545
-1.50547
-1.50548
-1.50549
-1.50551
-1.50552
-1.50553
-1.50553
-1.50554
-1.50555
-1.50555
-1.50556
-1.50556
-1.50556
-1.50556
-1.50556
-1.50556
-1.50555
-1.50555
-1.50554
-1.50553
-1.50553
-1.50552
-1.50551
-1.50549
-1.50548
-1.50547
-1.50545
-1.50543
-1.50541
-1.5054
-1.50537
-1.50535
-1.50533
-1.50531
-1.50528
-1.50525
-1.50523
-1.5052
-1.50517
-1.50514
-1.5051
-1.50507
-1.50504
-1.505
-1.50496
-1.50492
-1.50489
-1.50484
-1.5048
-1.50476
-1.50472
-1.50468
-1.50463
-1.50459
-1.50454
-1.5045
-1.50445
-1.5044
-1.50436
-1.50431
-1.50427
-1.50422
-1.50418
-1.50414
-1.50409
-1.50405
-1.504
-1.50394
-1.50386
-1.50378
-1.50371
-1.50364
-1.51803
-1.51812
-1.51822
-1.51832
-1.51843
-1.51762
-1.51828
-1.51839
-1.51852
-1.51905
-1.51919
-1.51891
-1.51976
-1.51996
-1.51919
-1.51965
-1.51994
-1.49034
-1.51535
-1.5142
-1.51324
-1.51341
-1.51358
-1.51371
-1.51381
-1.51389
-1.51397
-1.51405
-1.51413
-1.51419
-1.51425
-1.51431
-1.51436
-1.51441
-1.51446
-1.51451
-1.51455
-1.51459
-1.51463
-1.51467
-1.51471
-1.51475
-1.51479
-1.51483
-1.51487
-1.51491
-1.51496
-1.515
-1.51504
-1.51509
-1.51513
-1.51518
-1.51523
-1.51527
-1.51532
-1.51537
-1.51543
-1.51548
-1.51553
-1.51559
-1.51565
-1.5157
-1.51576
-1.51582
-1.51588
-1.51595
-1.51601
-1.51607
-1.51614
-1.51621
-1.51627
-1.51634
-1.51641
-1.51648
-1.51655
-1.51663
-1.5167
-1.51677
-1.51685
-1.51692
-1.517
-1.51708
-1.51716
-1.51723
-1.51731
-1.51739
-1.51747
-1.51755
-1.51764
-1.51772
-1.5178
-1.51789
-1.51797
-1.51805
-1.51814
-1.51822
-1.51831
-1.5184
-1.51848
-1.51857
-1.51866
-1.51875
-1.51884
-1.51893
-1.51902
-1.51911
-1.5192
-1.51929
-1.51938
-1.51947
-1.51956
-1.51965
-1.51975
-1.51984
-1.51993
-1.52003
-1.52012
-1.52021
-1.52031
-1.5204
-1.52049
-1.52059
-1.52068
-1.52078
-1.52087
-1.52097
-1.52106
-1.52115
-1.52125
-1.52134
-1.52144
-1.52153
-1.52163
-1.52172
-1.52182
-1.52191
-1.522
-1.5221
-1.52219
-1.52228
-1.52238
-1.52247
-1.52256
-1.52265
-1.52275
-1.52284
-1.52293
-1.52302
-1.52311
-1.5232
-1.52329
-1.52338
-1.52347
-1.52356
-1.52364
-1.52373
-1.52382
-1.5239
-1.52399
-1.52407
-1.52416
-1.52424
-1.52432
-1.52441
-1.52449
-1.52457
-1.52465
-1.52473
-1.52481
-1.52489
-1.52496
-1.52504
-1.52511
-1.52519
-1.52526
-1.52534
-1.52541
-1.52548
-1.52555
-1.52562
-1.52569
-1.52576
-1.52582
-1.52589
-1.52595
-1.52602
-1.52608
-1.52614
-1.52621
-1.52627
-1.52632
-1.52638
-1.52644
-1.5265
-1.52655
-1.52661
-1.52666
-1.52671
-1.52676
-1.52681
-1.52686
-1.52691
-1.52695
-1.527
-1.52705
-1.52709
-1.52713
-1.52717
-1.52721
-1.52725
-1.52729
-1.52733
-1.52736
-1.5274
-1.52743
-1.52746
-1.5275
-1.52753
-1.52755
-1.52758
-1.52761
-1.52764
-1.52766
-1.52768
-1.52771
-1.52773
-1.52775
-1.52777
-1.52778
-1.5278
-1.52782
-1.52783
-1.52784
-1.52786
-1.52787
-1.52788
-1.52788
-1.52789
-1.5279
-1.5279
-1.52791
-1.52791
-1.52791
-1.52791
-1.52791
-1.52791
-1.5279
-1.5279
-1.52789
-1.52789
-1.52788
-1.52787
-1.52786
-1.52785
-1.52783
-1.52782
-1.5278
-1.52779
-1.52777
-1.52775
-1.52773
-1.52771
-1.52768
-1.52766
-1.52763
-1.52761
-1.52758
-1.52755
-1.52752
-1.52749
-1.52745
-1.52742
-1.52738
-1.52735
-1.52731
-1.52727
-1.52723
-1.52719
-1.52714
-1.5271
-1.52706
-1.52701
-1.52696
-1.52692
-1.52687
-1.52682
-1.52677
-1.52672
-1.52667
-1.52662
-1.52656
-1.52651
-1.52645
-1.52639
-1.52634
-1.52627
-1.52621
-1.52615
-1.52608
-1.52601
-1.53854
-1.53851
-1.53848
-1.53846
-1.53843
-1.5384
-1.53818
-1.53836
-1.53836
-1.53833
-1.53829
-1.53824
-1.53762
-1.53757
-1.53789
-1.53781
-1.53728
-1.53579
-1.53361
-1.52998
-1.53145
-1.53379
-1.5347
-1.53346
-1.53281
-1.53296
-1.53313
-1.53334
-1.53354
-1.53374
-1.53393
-1.53411
-1.53428
-1.53445
-1.53461
-1.53476
-1.53491
-1.53506
-1.5352
-1.53534
-1.53548
-1.53561
-1.53574
-1.53586
-1.53599
-1.53611
-1.53623
-1.53635
-1.53646
-1.53658
-1.53669
-1.5368
-1.53691
-1.53701
-1.53712
-1.53722
-1.53732
-1.53743
-1.53753
-1.53762
-1.53772
-1.53782
-1.53792
-1.53801
-1.5381
-1.5382
-1.53829
-1.53838
-1.53847
-1.53856
-1.53865
-1.53874
-1.53882
-1.53891
-1.539
-1.53908
-1.53917
-1.53925
-1.53934
-1.53942
-1.53951
-1.53959
-1.53967
-1.53976
-1.53984
-1.53992
-1.54001
-1.54009
-1.54017
-1.54025
-1.54034
-1.54042
-1.5405
-1.54058
-1.54067
-1.54075
-1.54083
-1.54092
-1.541
-1.54108
-1.54117
-1.54125
-1.54133
-1.54142
-1.5415
-1.54159
-1.54167
-1.54175
-1.54184
-1.54192
-1.54201
-1.5421
-1.54218
-1.54227
-1.54235
-1.54244
-1.54253
-1.54261
-1.5427
-1.54279
-1.54287
-1.54296
-1.54305
-1.54313
-1.54322
-1.54331
-1.5434
-1.54349
-1.54357
-1.54366
-1.54375
-1.54384
-1.54393
-1.54401
-1.5441
-1.54419
-1.54428
-1.54437
-1.54445
-1.54454
-1.54463
-1.54472
-1.5448
-1.54489
-1.54498
-1.54507
-1.54515
-1.54524
-1.54532
-1.54541
-1.5455
-1.54558
-1.54567
-1.54575
-1.54583
-1.54592
-1.546
-1.54609
-1.54617
-1.54625
-1.54633
-1.54641
-1.54649
-1.54657
-1.54665
-1.54673
-1.54681
-1.54689
-1.54697
-1.54704
-1.54712
-1.5472
-1.54727
-1.54735
-1.54742
-1.54749
-1.54756
-1.54763
-1.54771
-1.54778
-1.54784
-1.54791
-1.54798
-1.54805
-1.54811
-1.54818
-1.54824
-1.5483
-1.54837
-1.54843
-1.54849
-1.54855
-1.54861
-1.54866
-1.54872
-1.54878
-1.54883
-1.54889
-1.54894
-1.54899
-1.54904
-1.54909
-1.54914
-1.54919
-1.54924
-1.54928
-1.54933
-1.54937
-1.54941
-1.54946
-1.5495
-1.54954
-1.54957
-1.54961
-1.54965
-1.54968
-1.54972
-1.54975
-1.54978
-1.54981
-1.54984
-1.54987
-1.5499
-1.54993
-1.54995
-1.54998
-1.55
-1.55002
-1.55004
-1.55006
-1.55008
-1.5501
-1.55012
-1.55013
-1.55015
-1.55016
-1.55017
-1.55018
-1.55019
-1.5502
-1.55021
-1.55021
-1.55022
-1.55022
-1.55022
-1.55023
-1.55023
-1.55023
-1.55022
-1.55022
-1.55021
-1.55021
-1.5502
-1.55019
-1.55018
-1.55017
-1.55016
-1.55015
-1.55013
-1.55011
-1.5501
-1.55008
-1.55006
-1.55004
-1.55001
-1.54999
-1.54997
-1.54994
-1.54991
-1.54988
-1.54985
-1.54982
-1.54979
-1.54975
-1.54972
-1.54968
-1.54964
-1.5496
-1.54956
-1.54952
-1.54948
-1.54944
-1.54939
-1.54934
-1.5493
-1.54925
-1.5492
-1.54915
-1.5491
-1.54904
-1.54899
-1.54893
-1.54888
-1.54882
-1.54876
-1.54869
-1.54863
-1.54856
-1.54849
-1.54843
-1.55885
-1.55881
-1.55889
-1.55889
-1.5589
-1.5589
-1.5589
-1.55889
-1.55888
-1.55886
-1.55885
-1.55882
-1.55851
-1.55852
-1.5585
-1.55843
-1.55863
-1.55838
-1.55725
-1.55523
-1.55305
-1.55479
-1.55511
-1.55573
-1.55676
-1.55832
-1.55922
-1.5595
-1.55954
-1.55957
-1.55961
-1.55967
-1.55972
-1.55978
-1.55981
-1.55972
-1.55988
-1.55992
-1.55998
-1.56016
-1.56022
-1.56029
-1.56035
-1.56041
-1.56048
-1.56054
-1.5606
-1.56066
-1.56072
-1.56078
-1.56084
-1.5609
-1.56095
-1.56101
-1.56106
-1.56111
-1.56117
-1.56122
-1.56127
-1.56132
-1.56137
-1.56142
-1.56147
-1.56151
-1.56156
-1.56161
-1.56166
-1.56171
-1.56175
-1.5618
-1.56185
-1.5619
-1.56194
-1.56199
-1.56204
-1.56209
-1.56214
-1.56219
-1.56224
-1.56229
-1.56234
-1.56239
-1.56244
-1.5625
-1.56255
-1.56261
-1.56266
-1.56272
-1.56277
-1.56283
-1.56289
-1.56295
-1.56301
-1.56307
-1.56313
-1.56319
-1.56326
-1.56332
-1.56339
-1.56345
-1.56352
-1.56358
-1.56365
-1.56372
-1.56379
-1.56386
-1.56393
-1.564
-1.56408
-1.56415
-1.56422
-1.5643
-1.56437
-1.56445
-1.56452
-1.5646
-1.56468
-1.56476
-1.56484
-1.56492
-1.565
-1.56508
-1.56516
-1.56524
-1.56532
-1.5654
-1.56548
-1.56557
-1.56565
-1.56573
-1.56582
-1.5659
-1.56598
-1.56607
-1.56615
-1.56624
-1.56632
-1.56641
-1.56649
-1.56658
-1.56666
-1.56675
-1.56683
-1.56692
-1.567
-1.56709
-1.56717
-1.56726
-1.56734
-1.56743
-1.56751
-1.56759
-1.56768
-1.56776
-1.56785
-1.56793
-1.56801
-1.5681
-1.56818
-1.56826
-1.56834
-1.56842
-1.5685
-1.56858
-1.56866
-1.56874
-1.56882
-1.5689
-1.56898
-1.56906
-1.56914
-1.56921
-1.56929
-1.56936
-1.56944
-1.56951
-1.56959
-1.56966
-1.56973
-1.5698
-1.56987
-1.56994
-1.57001
-1.57008
-1.57015
-1.57022
-1.57028
-1.57035
-1.57041
-1.57048
-1.57054
-1.5706
-1.57067
-1.57073
-1.57079
-1.57085
-1.5709
-1.57096
-1.57102
-1.57107
-1.57113
-1.57118
-1.57123
-1.57128
-1.57133
-1.57138
-1.57143
-1.57148
-1.57153
-1.57157
-1.57162
-1.57166
-1.5717
-1.57174
-1.57178
-1.57182
-1.57186
-1.5719
-1.57194
-1.57197
-1.57201
-1.57204
-1.57207
-1.5721
-1.57213
-1.57216
-1.57219
-1.57221
-1.57224
-1.57226
-1.57229
-1.57231
-1.57233
-1.57235
-1.57237
-1.57239
-1.5724
-1.57242
-1.57243
-1.57245
-1.57246
-1.57247
-1.57248
-1.57249
-1.57249
-1.5725
-1.5725
-1.57251
-1.57251
-1.57251
-1.57251
-1.57251
-1.57251
-1.5725
-1.5725
-1.57249
-1.57248
-1.57247
-1.57246
-1.57245
-1.57244
-1.57242
-1.57241
-1.57239
-1.57237
-1.57235
-1.57233
-1.57231
-1.57229
-1.57226
-1.57224
-1.57221
-1.57218
-1.57215
-1.57212
-1.57208
-1.57205
-1.57201
-1.57197
-1.57193
-1.57189
-1.57185
-1.57181
-1.57176
-1.57172
-1.57167
-1.57162
-1.57157
-1.57152
-1.57146
-1.57141
-1.57135
-1.57129
-1.57123
-1.57117
-1.57111
-1.57104
-1.57098
-1.57091
-1.57084
-1.58244
-1.58232
-1.5823
-1.58224
-1.58218
-1.58214
-1.58211
-1.58207
-1.58206
-1.58205
-1.58205
-1.58203
-1.58201
-1.58178
-1.57513
-1.57505
-1.57536
-1.57026
-1.57497
-1.57474
-1.50577
-1.5891
-1.58875
-1.58789
-1.58768
-1.58814
-1.58845
-1.58835
-1.58821
-1.58806
-1.5879
-1.58772
-1.58754
-1.58736
-1.58718
-1.58699
-1.58681
-1.58663
-1.58645
-1.58628
-1.58611
-1.58595
-1.58579
-1.58564
-1.5855
-1.58536
-1.58524
-1.58512
-1.585
-1.5849
-1.5848
-1.58471
-1.58463
-1.58455
-1.58448
-1.58442
-1.58437
-1.58432
-1.58427
-1.58424
-1.58421
-1.58418
-1.58416
-1.58414
-1.58413
-1.58412
-1.58412
-1.58412
-1.58413
-1.58414
-1.58415
-1.58416
-1.58418
-1.5842
-1.58423
-1.58426
-1.58429
-1.58432
-1.58435
-1.58439
-1.58443
-1.58447
-1.58451
-1.58456
-1.5846
-1.58465
-1.5847
-1.58475
-1.5848
-1.58486
-1.58491
-1.58497
-1.58502
-1.58508
-1.58514
-1.5852
-1.58526
-1.58533
-1.58539
-1.58545
-1.58552
-1.58559
-1.58565
-1.58572
-1.58579
-1.58586
-1.58593
-1.586
-1.58607
-1.58614
-1.58621
-1.58629
-1.58636
-1.58643
-1.58651
-1.58658
-1.58666
-1.58673
-1.58681
-1.58689
-1.58697
-1.58704
-1.58712
-1.5872
-1.58728
-1.58736
-1.58744
-1.58752
-1.5876
-1.58768
-1.58776
-1.58784
-1.58792
-1.588
-1.58809
-1.58817
-1.58825
-1.58833
-1.58841
-1.5885
-1.58858
-1.58866
-1.58874
-1.58883
-1.58891
-1.58899
-1.58907
-1.58916
-1.58924
-1.58932
-1.5894
-1.58949
-1.58957
-1.58965
-1.58973
-1.58982
-1.5899
-1.58998
-1.59006
-1.59014
-1.59023
-1.59031
-1.59039
-1.59047
-1.59055
-1.59063
-1.59071
-1.59079
-1.59087
-1.59095
-1.59103
-1.5911
-1.59118
-1.59126
-1.59134
-1.59141
-1.59149
-1.59156
-1.59164
-1.59171
-1.59178
-1.59186
-1.59193
-1.592
-1.59207
-1.59214
-1.59221
-1.59228
-1.59235
-1.59242
-1.59248
-1.59255
-1.59262
-1.59268
-1.59275
-1.59281
-1.59287
-1.59293
-1.59299
-1.59305
-1.59311
-1.59317
-1.59323
-1.59328
-1.59334
-1.59339
-1.59344
-1.5935
-1.59355
-1.5936
-1.59365
-1.5937
-1.59375
-1.59379
-1.59384
-1.59388
-1.59393
-1.59397
-1.59401
-1.59405
-1.59409
-1.59413
-1.59417
-1.5942
-1.59424
-1.59427
-1.59431
-1.59434
-1.59437
-1.5944
-1.59443
-1.59446
-1.59448
-1.59451
-1.59453
-1.59456
-1.59458
-1.5946
-1.59462
-1.59464
-1.59466
-1.59467
-1.59469
-1.5947
-1.59471
-1.59473
-1.59474
-1.59475
-1.59475
-1.59476
-1.59477
-1.59477
-1.59477
-1.59478
-1.59478
-1.59478
-1.59477
-1.59477
-1.59477
-1.59476
-1.59475
-1.59474
-1.59473
-1.59472
-1.59471
-1.5947
-1.59468
-1.59466
-1.59465
-1.59463
-1.59461
-1.59458
-1.59456
-1.59453
-1.59451
-1.59448
-1.59445
-1.59442
-1.59439
-1.59435
-1.59431
-1.59428
-1.59424
-1.5942
-1.59415
-1.59411
-1.59406
-1.59401
-1.59397
-1.59391
-1.59386
-1.59381
-1.59375
-1.5937
-1.59364
-1.59358
-1.59351
-1.59345
-1.59338
-1.59331
-1.6073
-1.60743
-1.60755
-1.60766
-1.60776
-1.60784
-1.60771
-1.6079
-1.60854
-1.60866
-1.60877
-1.6089
-1.60902
-1.60802
-1.60835
-1.60924
-1.60946
-1.6095
-1.60871
-1.6115
-1.61126
-1.61106
-1.61092
-1.61087
-1.61082
-1.61076
-1.61067
-1.61056
-1.61043
-1.61029
-1.61015
-1.61
-1.60985
-1.6097
-1.60955
-1.60941
-1.60926
-1.60912
-1.60899
-1.60886
-1.60873
-1.60861
-1.60849
-1.60838
-1.60828
-1.60817
-1.60808
-1.60798
-1.60789
-1.60781
-1.60773
-1.60765
-1.60758
-1.60751
-1.60745
-1.60739
-1.60734
-1.60728
-1.60723
-1.60719
-1.60715
-1.60711
-1.60707
-1.60704
-1.60701
-1.60698
-1.60696
-1.60694
-1.60692
-1.60691
-1.6069
-1.60689
-1.60688
-1.60688
-1.60688
-1.60688
-1.60688
-1.60688
-1.60689
-1.6069
-1.60691
-1.60693
-1.60695
-1.60696
-1.60699
-1.60701
-1.60703
-1.60706
-1.60709
-1.60712
-1.60715
-1.60718
-1.60722
-1.60726
-1.6073
-1.60734
-1.60738
-1.60742
-1.60747
-1.60752
-1.60756
-1.60761
-1.60766
-1.60772
-1.60777
-1.60783
-1.60788
-1.60794
-1.608
-1.60806
-1.60812
-1.60818
-1.60825
-1.60831
-1.60838
-1.60844
-1.60851
-1.60858
-1.60865
-1.60872
-1.60879
-1.60886
-1.60893
-1.609
-1.60908
-1.60915
-1.60923
-1.6093
-1.60938
-1.60946
-1.60953
-1.60961
-1.60969
-1.60976
-1.60984
-1.60992
-1.61
-1.61008
-1.61016
-1.61024
-1.61032
-1.6104
-1.61048
-1.61056
-1.61064
-1.61072
-1.6108
-1.61089
-1.61097
-1.61105
-1.61113
-1.61121
-1.6113
-1.61138
-1.61146
-1.61154
-1.61163
-1.61171
-1.61179
-1.61187
-1.61196
-1.61204
-1.61212
-1.6122
-1.61228
-1.61237
-1.61245
-1.61253
-1.61261
-1.61269
-1.61277
-1.61285
-1.61293
-1.61301
-1.61309
-1.61317
-1.61325
-1.61333
-1.61341
-1.61349
-1.61357
-1.61364
-1.61372
-1.61379
-1.61387
-1.61394
-1.61402
-1.61409
-1.61417
-1.61424
-1.61431
-1.61438
-1.61445
-1.61452
-1.61459
-1.61466
-1.61473
-1.61479
-1.61486
-1.61493
-1.61499
-1.61505
-1.61512
-1.61518
-1.61524
-1.6153
-1.61536
-1.61542
-1.61548
-1.61553
-1.61559
-1.61564
-1.6157
-1.61575
-1.6158
-1.61585
-1.6159
-1.61595
-1.616
-1.61605
-1.61609
-1.61614
-1.61618
-1.61623
-1.61627
-1.61631
-1.61635
-1.61639
-1.61643
-1.61646
-1.6165
-1.61654
-1.61657
-1.6166
-1.61663
-1.61666
-1.61669
-1.61672
-1.61675
-1.61677
-1.6168
-1.61682
-1.61685
-1.61687
-1.61689
-1.61691
-1.61692
-1.61694
-1.61696
-1.61697
-1.61698
-1.61699
-1.617
-1.61701
-1.61702
-1.61703
-1.61703
-1.61703
-1.61704
-1.61704
-1.61704
-1.61704
-1.61703
-1.61703
-1.61703
-1.61702
-1.61701
-1.617
-1.61699
-1.61698
-1.61697
-1.61695
-1.61694
-1.61692
-1.6169
-1.61688
-1.61686
-1.61684
-1.61681
-1.61678
-1.61676
-1.61672
-1.61669
-1.61665
-1.61662
-1.61658
-1.61654
-1.6165
-1.61645
-1.61641
-1.61636
-1.61632
-1.61627
-1.61622
-1.61616
-1.61611
-1.61605
-1.61599
-1.61593
-1.61586
-1.62911
-1.6291
-1.62908
-1.62908
-1.62906
-1.62888
-1.62896
-1.62899
-1.62898
-1.62898
-1.62898
-1.62897
-1.62889
-1.62895
-1.62895
-1.62892
-1.62873
-1.6289
-1.62893
-1.62888
-1.62885
-1.62882
-1.62877
-1.6287
-1.62863
-1.62855
-1.62847
-1.62839
-1.62831
-1.62823
-1.62815
-1.62807
-1.628
-1.62793
-1.62786
-1.62779
-1.62773
-1.62767
-1.62761
-1.62756
-1.62751
-1.62746
-1.62742
-1.62739
-1.62736
-1.62733
-1.6273
-1.62728
-1.62726
-1.62725
-1.62724
-1.62723
-1.62722
-1.62722
-1.62722
-1.62722
-1.62723
-1.62724
-1.62725
-1.62726
-1.62728
-1.62729
-1.62731
-1.62733
-1.62736
-1.62738
-1.62741
-1.62743
-1.62746
-1.62749
-1.62753
-1.62756
-1.6276
-1.62763
-1.62767
-1.62771
-1.62775
-1.62779
-1.62784
-1.62788
-1.62793
-1.62797
-1.62802
-1.62806
-1.62811
-1.62816
-1.62821
-1.62826
-1.62832
-1.62837
-1.62842
-1.62848
-1.62853
-1.62859
-1.62864
-1.6287
-1.62876
-1.62882
-1.62888
-1.62894
-1.629
-1.62906
-1.62912
-1.62919
-1.62925
-1.62932
-1.62938
-1.62945
-1.62951
-1.62958
-1.62965
-1.62972
-1.62979
-1.62986
-1.62993
-1.63001
-1.63008
-1.63015
-1.63023
-1.6303
-1.63037
-1.63045
-1.63053
-1.6306
-1.63068
-1.63075
-1.63083
-1.63091
-1.63098
-1.63106
-1.63114
-1.63121
-1.63129
-1.63136
-1.63144
-1.63151
-1.63159
-1.63167
-1.63174
-1.63182
-1.6319
-1.63198
-1.63206
-1.63214
-1.63221
-1.6323
-1.63238
-1.63246
-1.63254
-1.63262
-1.6327
-1.63279
-1.63287
-1.63295
-1.63304
-1.63312
-1.6332
-1.63329
-1.63337
-1.63346
-1.63354
-1.63363
-1.63371
-1.6338
-1.63388
-1.63397
-1.63405
-1.63414
-1.63422
-1.63431
-1.63439
-1.63448
-1.63456
-1.63465
-1.63473
-1.63481
-1.6349
-1.63498
-1.63507
-1.63515
-1.63523
-1.63531
-1.63539
-1.63548
-1.63556
-1.63564
-1.63572
-1.6358
-1.63588
-1.63595
-1.63603
-1.63611
-1.63619
-1.63626
-1.63634
-1.63641
-1.63649
-1.63656
-1.63663
-1.6367
-1.63678
-1.63685
-1.63692
-1.63699
-1.63705
-1.63712
-1.63719
-1.63725
-1.63732
-1.63738
-1.63745
-1.63751
-1.63757
-1.63763
-1.63769
-1.63775
-1.63781
-1.63786
-1.63792
-1.63797
-1.63803
-1.63808
-1.63813
-1.63818
-1.63823
-1.63828
-1.63833
-1.63838
-1.63842
-1.63847
-1.63851
-1.63855
-1.6386
-1.63864
-1.63868
-1.63872
-1.63875
-1.63879
-1.63883
-1.63886
-1.63889
-1.63893
-1.63896
-1.63899
-1.63902
-1.63904
-1.63907
-1.63909
-1.63912
-1.63914
-1.63916
-1.63918
-1.6392
-1.63922
-1.63923
-1.63925
-1.63926
-1.63927
-1.63928
-1.63929
-1.6393
-1.63931
-1.63932
-1.63932
-1.63932
-1.63933
-1.63933
-1.63933
-1.63933
-1.63933
-1.63933
-1.63932
-1.63932
-1.63932
-1.63931
-1.6393
-1.63929
-1.63928
-1.63926
-1.63924
-1.63922
-1.6392
-1.63918
-1.63915
-1.63912
-1.6391
-1.63907
-1.63904
-1.63901
-1.63897
-1.63894
-1.6389
-1.63887
-1.63883
-1.63879
-1.63874
-1.6387
-1.63865
-1.6386
-1.63855
-1.64943
-1.64942
-1.64941
-1.6494
-1.64939
-1.64937
-1.64936
-1.64935
-1.64934
-1.64932
-1.6493
-1.64923
-1.64916
-1.64844
-1.64903
-1.64919
-1.64917
-1.64915
-1.64913
-1.64884
-1.64884
-1.64915
-1.64914
-1.64912
-1.6491
-1.64909
-1.64907
-1.64906
-1.64904
-1.64903
-1.64902
-1.649
-1.64899
-1.64898
-1.64897
-1.64896
-1.64895
-1.64894
-1.64894
-1.64893
-1.64892
-1.64892
-1.64892
-1.64891
-1.64891
-1.64891
-1.64891
-1.64891
-1.64892
-1.64892
-1.64892
-1.64893
-1.64894
-1.64894
-1.64895
-1.64896
-1.64898
-1.64899
-1.64901
-1.64902
-1.64904
-1.64906
-1.64908
-1.6491
-1.64912
-1.64914
-1.64917
-1.64919
-1.64922
-1.64925
-1.64927
-1.6493
-1.64933
-1.64937
-1.6494
-1.64943
-1.64947
-1.6495
-1.64954
-1.64958
-1.64961
-1.64965
-1.64969
-1.64973
-1.64977
-1.64981
-1.64986
-1.6499
-1.64994
-1.64999
-1.65003
-1.65008
-1.65013
-1.65018
-1.65023
-1.65028
-1.65033
-1.65038
-1.65044
-1.65049
-1.65054
-1.6506
-1.65066
-1.65072
-1.65077
-1.65083
-1.6509
-1.65096
-1.65102
-1.65109
-1.65115
-1.65122
-1.65129
-1.65135
-1.65142
-1.65149
-1.65157
-1.65164
-1.65171
-1.65178
-1.65186
-1.65194
-1.65201
-1.65209
-1.65217
-1.65225
-1.65232
-1.6524
-1.65248
-1.65258
-1.65266
-1.65273
-1.65281
-1.65289
-1.65296
-1.65303
-1.65311
-1.65318
-1.65325
-1.65333
-1.6534
-1.65348
-1.65355
-1.65363
-1.6537
-1.65378
-1.65386
-1.65394
-1.65402
-1.6541
-1.65418
-1.65426
-1.65434
-1.65443
-1.65451
-1.6546
-1.65468
-1.65477
-1.65485
-1.65494
-1.65503
-1.65511
-1.6552
-1.65529
-1.65538
-1.65546
-1.65555
-1.65564
-1.65573
-1.65582
-1.65591
-1.656
-1.65608
-1.65617
-1.65626
-1.65635
-1.65644
-1.65653
-1.65662
-1.6567
-1.65679
-1.65688
-1.65697
-1.65705
-1.65714
-1.65723
-1.65731
-1.6574
-1.65749
-1.65757
-1.65766
-1.65774
-1.65782
-1.65791
-1.65799
-1.65807
-1.65815
-1.65823
-1.65831
-1.65839
-1.65847
-1.65855
-1.65863
-1.6587
-1.65878
-1.65886
-1.65893
-1.65901
-1.65908
-1.65915
-1.65922
-1.65929
-1.65936
-1.65943
-1.6595
-1.65957
-1.65963
-1.6597
-1.65976
-1.65983
-1.65989
-1.65995
-1.66001
-1.66007
-1.66013
-1.66019
-1.66025
-1.6603
-1.66036
-1.66041
-1.66047
-1.66052
-1.66057
-1.66062
-1.66067
-1.66072
-1.66077
-1.66081
-1.66086
-1.6609
-1.66094
-1.66098
-1.66103
-1.66106
-1.6611
-1.66114
-1.66118
-1.66121
-1.66124
-1.66128
-1.66131
-1.66134
-1.66136
-1.66139
-1.66142
-1.66144
-1.66146
-1.66149
-1.66151
-1.66153
-1.66155
-1.66156
-1.66158
-1.66159
-1.66161
-1.66162
-1.66163
-1.66164
-1.66166
-1.66167
-1.66168
-1.66169
-1.6617
-1.66171
-1.66172
-1.66173
-1.66174
-1.66174
-1.66174
-1.66174
-1.66173
-1.66172
-1.66172
-1.66171
-1.66169
-1.66168
-1.66167
-1.66166
-1.66165
-1.66163
-1.66162
-1.6616
-1.66158
-1.66157
-1.66155
-1.66153
-1.66151
-1.66148
-1.66146
-1.66143
-1.67237
-1.67237
-1.67237
-1.67237
-1.67237
-1.67237
-1.67236
-1.67232
-1.67232
-1.67201
-1.67202
-1.67211
-1.6721
-1.67072
-1.67072
-1.67077
-1.67078
-1.67078
-1.67078
-1.67078
-1.67079
-1.67078
-1.67078
-1.67078
-1.67077
-1.67077
-1.67076
-1.67076
-1.67075
-1.67074
-1.67074
-1.67073
-1.67073
-1.67072
-1.67072
-1.67069
-1.67068
-1.67048
-1.6706
-1.6706
-1.67059
-1.67059
-1.67059
-1.67059
-1.67059
-1.67059
-1.67059
-1.67059
-1.6706
-1.6706
-1.67061
-1.67061
-1.67062
-1.67063
-1.67064
-1.67065
-1.67067
-1.67069
-1.67071
-1.67072
-1.67072
-1.66995
-1.67028
-1.67046
-1.67049
-1.67051
-1.67054
-1.67057
-1.6706
-1.67063
-1.67066
-1.67069
-1.67072
-1.67075
-1.67078
-1.67081
-1.67083
-1.67064
-1.67104
-1.67106
-1.6711
-1.67113
-1.67117
-1.67121
-1.67125
-1.67129
-1.67133
-1.67137
-1.67141
-1.67146
-1.6715
-1.67155
-1.67143
-1.67158
-1.67163
-1.67167
-1.67172
-1.67177
-1.67182
-1.67187
-1.67192
-1.67197
-1.67203
-1.67209
-1.67215
-1.67221
-1.67227
-1.67234
-1.67241
-1.67248
-1.67255
-1.67262
-1.6727
-1.67278
-1.67286
-1.67294
-1.67302
-1.67311
-1.6732
-1.67328
-1.67338
-1.67347
-1.67356
-1.67366
-1.67376
-1.67387
-1.67397
-1.67409
-1.6742
-1.67432
-1.673
-1.67352
-1.6739
-1.67389
-1.67398
-1.67409
-1.67418
-1.67428
-1.67437
-1.67447
-1.67456
-1.67465
-1.67475
-1.67484
-1.67493
-1.67502
-1.67511
-1.6752
-1.6753
-1.67539
-1.67548
-1.67557
-1.67566
-1.67575
-1.67584
-1.67594
-1.67603
-1.67612
-1.67621
-1.67631
-1.6764
-1.67649
-1.67659
-1.67668
-1.67678
-1.67687
-1.67697
-1.67706
-1.67716
-1.67725
-1.67735
-1.67744
-1.67754
-1.67763
-1.67773
-1.67782
-1.67792
-1.67801
-1.67811
-1.6782
-1.6783
-1.67839
-1.67849
-1.67858
-1.67867
-1.67877
-1.67886
-1.67895
-1.67905
-1.67914
-1.67923
-1.67932
-1.67941
-1.6795
-1.67959
-1.67968
-1.67977
-1.67986
-1.67995
-1.68004
-1.68012
-1.68021
-1.6803
-1.68038
-1.68046
-1.68055
-1.68063
-1.68071
-1.6808
-1.68088
-1.68096
-1.68104
-1.68111
-1.68119
-1.68127
-1.68134
-1.68142
-1.68149
-1.68157
-1.68164
-1.68171
-1.68178
-1.68185
-1.68192
-1.68199
-1.68206
-1.68213
-1.68219
-1.68226
-1.68232
-1.68239
-1.68245
-1.68251
-1.68257
-1.68263
-1.68269
-1.68274
-1.6828
-1.68286
-1.68291
-1.68296
-1.68302
-1.68307
-1.68312
-1.68317
-1.68322
-1.68326
-1.6833
-1.68335
-1.68339
-1.68343
-1.68347
-1.68351
-1.68355
-1.68358
-1.68362
-1.68365
-1.68368
-1.68372
-1.68375
-1.68378
-1.68381
-1.68384
-1.68387
-1.68385
-1.6839
-1.68394
-1.68396
-1.68399
-1.68402
-1.68405
-1.68408
-1.68411
-1.68415
-1.68378
-1.68399
-1.68411
-1.68413
-1.68416
-1.68419
-1.68421
-1.68423
-1.68425
-1.68427
-1.68429
-1.6843
-1.68432
-1.68427
-1.68432
-1.68436
-1.68437
-1.68439
-1.68441
-1.68442
-1.68437
-1.68442
-1.68446
-1.68447
-1.68448
-1.68448
-1.69377
-1.69376
-1.69374
-1.69373
-1.69371
-1.69369
-1.69367
-1.69366
-1.69364
-1.69362
-1.6936
-1.69357
-1.69351
-1.69346
-1.69352
-1.69352
-1.6935
-1.69348
-1.69346
-1.69344
-1.69342
-1.6934
-1.69338
-1.69336
-1.69334
-1.69332
-1.69331
-1.69329
-1.69327
-1.69325
-1.69324
-1.6932
-1.6932
-1.69292
-1.69311
-1.69306
-1.69307
-1.69274
-1.69303
-1.69303
-1.69302
-1.69301
-1.693
-1.69299
-1.69298
-1.69297
-1.69296
-1.69295
-1.69294
-1.69293
-1.69287
-1.69286
-1.69129
-1.6922
-1.69221
-1.6922
-1.6922
-1.6922
-1.69219
-1.69218
-1.69217
-1.69214
-1.69211
-1.69276
-1.69277
-1.69276
-1.69272
-1.69272
-1.69284
-1.69284
-1.69284
-1.69284
-1.69285
-1.69285
-1.69286
-1.69287
-1.69289
-1.69289
-1.69265
-1.6927
-1.69273
-1.69276
-1.69278
-1.6928
-1.69281
-1.69268
-1.69287
-1.69289
-1.69291
-1.69293
-1.69296
-1.693
-1.69303
-1.69304
-1.69283
-1.69295
-1.69301
-1.693
-1.69306
-1.69311
-1.69328
-1.69333
-1.69338
-1.69343
-1.69347
-1.69352
-1.69357
-1.69363
-1.69368
-1.69374
-1.6938
-1.69385
-1.69391
-1.69398
-1.69404
-1.6939
-1.69404
-1.69419
-1.69424
-1.69431
-1.69438
-1.69444
-1.69451
-1.69458
-1.69465
-1.69472
-1.69479
-1.69486
-1.69493
-1.69502
-1.69518
-1.69513
-1.6946
-1.69502
-1.69523
-1.69536
-1.69546
-1.69555
-1.69565
-1.69575
-1.69584
-1.69593
-1.69603
-1.69612
-1.69621
-1.69631
-1.6964
-1.69649
-1.69659
-1.69668
-1.69677
-1.69687
-1.69696
-1.69706
-1.69715
-1.69725
-1.69735
-1.69744
-1.69754
-1.69764
-1.69774
-1.69784
-1.69794
-1.69804
-1.69814
-1.69824
-1.69834
-1.69844
-1.69854
-1.69864
-1.69874
-1.69884
-1.69894
-1.69904
-1.69914
-1.69924
-1.69934
-1.69944
-1.69954
-1.69965
-1.69975
-1.69985
-1.69995
-1.70005
-1.70015
-1.70025
-1.70036
-1.70046
-1.70056
-1.70066
-1.70076
-1.70086
-1.70096
-1.70105
-1.70115
-1.70125
-1.70134
-1.70144
-1.70154
-1.70163
-1.70173
-1.70182
-1.70192
-1.70201
-1.70211
-1.7022
-1.70229
-1.70239
-1.70248
-1.70257
-1.70266
-1.70275
-1.70284
-1.70292
-1.70301
-1.70309
-1.70318
-1.70326
-1.70335
-1.70343
-1.70351
-1.70359
-1.70367
-1.70375
-1.70383
-1.70391
-1.70399
-1.70407
-1.70415
-1.70423
-1.7043
-1.70437
-1.70444
-1.70451
-1.70458
-1.70465
-1.70472
-1.70478
-1.70485
-1.70491
-1.70498
-1.70504
-1.7051
-1.70515
-1.70519
-1.70526
-1.70532
-1.70538
-1.70543
-1.70548
-1.70553
-1.70558
-1.70563
-1.70568
-1.70572
-1.70577
-1.70582
-1.70587
-1.70592
-1.70596
-1.70601
-1.70605
-1.70609
-1.70613
-1.70617
-1.70611
-1.70622
-1.70626
-1.70629
-1.70632
-1.70634
-1.70636
-1.70638
-1.70639
-1.70639
-1.70619
-1.7062
-1.70668
-1.70673
-1.70675
-1.70678
-1.70681
-1.70684
-1.70688
-1.70691
-1.70694
-1.70697
-1.70699
-1.707
-1.70717
-1.7072
-1.70724
-1.70728
-1.70732
-1.70733
-1.70738
-1.70752
-1.70753
-1.70758
-1.70763
-1.71642
-1.71641
-1.7164
-1.71639
-1.71638
-1.71636
-1.71635
-1.71634
-1.71632
-1.71631
-1.7163
-1.71629
-1.71625
-1.71625
-1.71623
-1.71523
-1.71613
-1.71611
-1.7161
-1.71609
-1.71608
-1.71586
-1.71508
-1.71556
-1.71555
-1.71554
-1.71552
-1.7154
-1.71555
-1.71554
-1.71552
-1.71551
-1.71549
-1.71543
-1.71561
-1.7156
-1.71555
-1.71553
-1.71553
-1.7154
-1.7154
-1.71543
-1.71542
-1.71557
-1.71518
-1.71517
-1.71518
-1.71517
-1.71516
-1.71515
-1.71515
-1.71513
-1.71434
-1.71457
-1.71458
-1.71457
-1.71457
-1.7146
-1.71458
-1.71456
-1.71454
-1.71518
-1.71518
-1.71519
-1.71518
-1.71517
-1.71518
-1.71519
-1.71519
-1.7152
-1.71521
-1.7152
-1.71469
-1.71469
-1.71473
-1.71446
-1.71477
-1.71468
-1.71515
-1.71515
-1.71516
-1.71517
-1.71518
-1.71519
-1.71521
-1.7152
-1.71472
-1.71476
-1.71484
-1.71489
-1.71493
-1.71535
-1.71496
-1.71501
-1.71519
-1.71522
-1.71526
-1.71531
-1.71338
-1.71419
-1.71444
-1.71449
-1.71453
-1.71457
-1.71461
-1.71465
-1.71468
-1.71472
-1.71476
-1.71478
-1.71481
-1.71483
-1.71486
-1.71487
-1.71488
-1.71488
-1.71481
-1.71421
-1.71584
-1.71588
-1.7159
-1.71593
-1.71596
-1.716
-1.71604
-1.71608
-1.71613
-1.7162
-1.71623
-1.71616
-1.71601
-1.71614
-1.71637
-1.71651
-1.71661
-1.71668
-1.71681
-1.71617
-1.71662
-1.71676
-1.71686
-1.71697
-1.71708
-1.71719
-1.7173
-1.71741
-1.71752
-1.71763
-1.71774
-1.71784
-1.71795
-1.71806
-1.71816
-1.71827
-1.71838
-1.71849
-1.7186
-1.71871
-1.71882
-1.71893
-1.71904
-1.71915
-1.71926
-1.71937
-1.71949
-1.7196
-1.7197
-1.71973
-1.71997
-1.72008
-1.72019
-1.7203
-1.72041
-1.72052
-1.72063
-1.72073
-1.72084
-1.72095
-1.72106
-1.72117
-1.72128
-1.72139
-1.7215
-1.72161
-1.72172
-1.72183
-1.72194
-1.72205
-1.72217
-1.72214
-1.72231
-1.72244
-1.72254
-1.72265
-1.72276
-1.72286
-1.72297
-1.72308
-1.72318
-1.72329
-1.7234
-1.7235
-1.7236
-1.72373
-1.72383
-1.72393
-1.72403
-1.72414
-1.72424
-1.72414
-1.72436
-1.72447
-1.72456
-1.72466
-1.72476
-1.72486
-1.72495
-1.72505
-1.72514
-1.72523
-1.72532
-1.72542
-1.7255
-1.72559
-1.72568
-1.72577
-1.72586
-1.72595
-1.72604
-1.72607
-1.7262
-1.72632
-1.7264
-1.72648
-1.72656
-1.72664
-1.72673
-1.72676
-1.72684
-1.72693
-1.72699
-1.72709
-1.72717
-1.72674
-1.72707
-1.72723
-1.72731
-1.72739
-1.72746
-1.72754
-1.7276
-1.72766
-1.72751
-1.72781
-1.72776
-1.72783
-1.7279
-1.72784
-1.7281
-1.72816
-1.72821
-1.72827
-1.72833
-1.72838
-1.72844
-1.72812
-1.7285
-1.72858
-1.72864
-1.7287
-1.72877
-1.72883
-1.7289
-1.72897
-1.72905
-1.7284
-1.72881
-1.72905
-1.72914
-1.72921
-1.72929
-1.72926
-1.72937
-1.72945
-1.7295
-1.72956
-1.72962
-1.72967
-1.72972
-1.7299
-1.72997
-1.73004
-1.73011
-1.73019
-1.73018
-1.73028
-1.7304
-1.73044
-1.73054
-1.73059
-1.73859
-1.73858
-1.73856
-1.73855
-1.73853
-1.73852
-1.7385
-1.73849
-1.73847
-1.73846
-1.73844
-1.73843
-1.73841
-1.7384
-1.73838
-1.73836
-1.73834
-1.73833
-1.73831
-1.73829
-1.73828
-1.73826
-1.73824
-1.73822
-1.7382
-1.73818
-1.73816
-1.73815
-1.73813
-1.73811
-1.73809
-1.73807
-1.73804
-1.73802
-1.738
-1.73798
-1.73796
-1.73794
-1.73792
-1.7379
-1.73788
-1.73786
-1.73784
-1.73781
-1.73779
-1.73777
-1.73775
-1.73773
-1.73772
-1.7377
-1.73767
-1.73763
-1.73761
-1.7376
-1.73756
-1.73758
-1.73755
-1.73745
-1.7375
-1.73749
-1.73748
-1.73748
-1.73742
-1.73741
-1.7374
-1.73737
-1.73735
-1.73779
-1.73731
-1.73762
-1.73703
-1.73703
-1.7373
-1.73728
-1.73728
-1.73726
-1.73726
-1.73726
-1.73701
-1.73703
-1.73705
-1.73705
-1.7371
-1.73712
-1.73712
-1.73616
-1.73618
-1.73663
-1.73665
-1.73665
-1.73678
-1.73667
-1.73683
-1.73685
-1.73686
-1.73687
-1.7369
-1.73691
-1.73652
-1.7366
-1.73667
-1.73672
-1.73675
-1.7368
-1.73684
-1.73688
-1.73692
-1.73693
-1.7369
-1.73729
-1.73736
-1.7374
-1.73748
-1.73755
-1.73761
-1.73765
-1.73677
-1.73688
-1.73701
-1.73711
-1.73712
-1.73722
-1.73732
-1.73738
-1.73741
-1.73748
-1.73756
-1.73765
-1.73774
-1.73772
-1.73779
-1.73784
-1.73797
-1.73804
-1.73813
-1.73821
-1.7383
-1.73837
-1.73831
-1.73843
-1.73853
-1.73862
-1.7387
-1.73878
-1.73887
-1.73895
-1.73903
-1.73872
-1.73934
-1.73943
-1.73952
-1.73962
-1.73972
-1.73981
-1.73991
-1.74001
-1.74011
-1.74021
-1.74031
-1.74041
-1.74051
-1.74061
-1.74071
-1.74081
-1.7409
-1.74098
-1.7403
-1.74143
-1.74154
-1.74163
-1.74174
-1.74184
-1.74194
-1.74205
-1.74216
-1.74226
-1.74238
-1.74249
-1.7426
-1.74272
-1.74283
-1.74295
-1.74307
-1.74319
-1.74331
-1.74344
-1.74357
-1.7437
-1.74384
-1.74398
-1.74378
-1.74394
-1.74413
-1.74426
-1.74438
-1.74451
-1.74463
-1.74475
-1.74487
-1.74499
-1.74511
-1.74522
-1.74533
-1.74543
-1.74552
-1.74565
-1.74575
-1.74585
-1.74595
-1.74604
-1.7461
-1.74618
-1.7464
-1.74652
-1.74663
-1.74672
-1.74682
-1.74691
-1.74701
-1.7471
-1.74719
-1.74726
-1.74739
-1.74747
-1.74756
-1.74765
-1.74773
-1.74783
-1.74788
-1.74793
-1.74824
-1.74834
-1.74835
-1.74844
-1.74851
-1.74863
-1.74875
-1.74882
-1.7489
-1.74898
-1.74905
-1.74913
-1.7492
-1.7491
-1.74915
-1.7495
-1.74958
-1.74964
-1.74971
-1.74978
-1.74985
-1.74992
-1.74986
-1.74994
-1.75007
-1.75
-1.75026
-1.75024
-1.75032
-1.75043
-1.7505
-1.75057
-1.75064
-1.75072
-1.75077
-1.75071
-1.75078
-1.751
-1.75107
-1.75114
-1.75121
-1.75127
-1.75134
-1.75142
-1.75143
-1.75153
-1.75161
-1.75167
-1.75174
-1.75181
-1.75188
-1.75188
-1.75198
-1.75206
-1.75212
-1.7522
-1.75227
-1.75224
-1.75244
-1.75252
-1.7526
-1.75268
-1.75276
-1.75279
-1.75288
-1.753
-1.75309
-1.75318
-1.75328
-1.75337
-1.76104
-1.76102
-1.76101
-1.76099
-1.76098
-1.76096
-1.76095
-1.76093
-1.76092
-1.7609
-1.76088
-1.76087
-1.76085
-1.76084
-1.76082
-1.7608
-1.76079
-1.76077
-1.76075
-1.76073
-1.76072
-1.7607
-1.76068
-1.76066
-1.76065
-1.76063
-1.76061
-1.76059
-1.76058
-1.76056
-1.76054
-1.76052
-1.76051
-1.76049
-1.76047
-1.76046
-1.76044
-1.76042
-1.76041
-1.76039
-1.76038
-1.76036
-1.76034
-1.76033
-1.76031
-1.7603
-1.76028
-1.76027
-1.76025
-1.76024
-1.76022
-1.76021
-1.76019
-1.76018
-1.76017
-1.76015
-1.76014
-1.76012
-1.76011
-1.7601
-1.76009
-1.76009
-1.76008
-1.76007
-1.76006
-1.76005
-1.76004
-1.76004
-1.76003
-1.76
-1.76
-1.75977
-1.75919
-1.75966
-1.75965
-1.75967
-1.75966
-1.75964
-1.75964
-1.75963
-1.75965
-1.75959
-1.75959
-1.75929
-1.75859
-1.75906
-1.75907
-1.75906
-1.75905
-1.75905
-1.75905
-1.75903
-1.75895
-1.75917
-1.75917
-1.75923
-1.75924
-1.75923
-1.75905
-1.75899
-1.75977
-1.75978
-1.75982
-1.75987
-1.75988
-1.75988
-1.75949
-1.75952
-1.75959
-1.75962
-1.7597
-1.7599
-1.75992
-1.7601
-1.7601
-1.76029
-1.75776
-1.75899
-1.75918
-1.7588
-1.75892
-1.75899
-1.75881
-1.75908
-1.75912
-1.7592
-1.75928
-1.75935
-1.75942
-1.75948
-1.75955
-1.7596
-1.75969
-1.75965
-1.75967
-1.76025
-1.7603
-1.76033
-1.76039
-1.76044
-1.76049
-1.76055
-1.76061
-1.76068
-1.76074
-1.76079
-1.76073
-1.76087
-1.76099
-1.76108
-1.76117
-1.76147
-1.76154
-1.76175
-1.76185
-1.76195
-1.76206
-1.76216
-1.76226
-1.76237
-1.76248
-1.76259
-1.76271
-1.76283
-1.76293
-1.76282
-1.76296
-1.76315
-1.7633
-1.76343
-1.76357
-1.76371
-1.76384
-1.7637
-1.76385
-1.76403
-1.76417
-1.76429
-1.76443
-1.76455
-1.76456
-1.76469
-1.76483
-1.76495
-1.76508
-1.7652
-1.76532
-1.76542
-1.7655
-1.76559
-1.76602
-1.76614
-1.7661
-1.76627
-1.76639
-1.7665
-1.76671
-1.76683
-1.76695
-1.76707
-1.76719
-1.7673
-1.76728
-1.76742
-1.76757
-1.7677
-1.76782
-1.76794
-1.76807
-1.76819
-1.76832
-1.76845
-1.76823
-1.76845
-1.76864
-1.76876
-1.76885
-1.76896
-1.76907
-1.76917
-1.76926
-1.76953
-1.76937
-1.76951
-1.76962
-1.7697
-1.76989
-1.77
-1.77008
-1.77019
-1.77028
-1.77037
-1.77048
-1.77053
-1.77061
-1.77087
-1.77096
-1.77102
-1.77111
-1.7712
-1.77128
-1.77134
-1.77152
-1.77155
-1.77165
-1.77171
-1.77184
-1.77192
-1.77199
-1.77207
-1.77214
-1.77221
-1.77229
-1.77236
-1.77238
-1.7725
-1.77257
-1.77264
-1.77271
-1.77278
-1.77285
-1.77293
-1.77301
-1.77308
-1.77316
-1.77323
-1.77331
-1.77337
-1.77344
-1.77351
-1.77358
-1.77366
-1.77373
-1.77381
-1.77389
-1.77397
-1.77405
-1.77412
-1.77419
-1.77426
-1.77432
-1.77439
-1.77446
-1.77453
-1.7746
-1.77467
-1.77474
-1.77482
-1.77489
-1.77497
-1.77504
-1.77512
-1.7752
-1.77528
-1.77536
-1.77544
-1.77552
-1.7756
-1.77569
-1.77578
-1.78333
-1.78332
-1.7833
-1.78329
-1.78327
-1.78326
-1.78324
-1.78323
-1.78321
-1.78319
-1.78318
-1.78316
-1.78315
-1.78313
-1.78311
-1.7831
-1.78308
-1.78306
-1.78305
-1.78303
-1.78301
-1.783
-1.78298
-1.78296
-1.78294
-1.78292
-1.78291
-1.78289
-1.78287
-1.78285
-1.78283
-1.78282
-1.7828
-1.78278
-1.78276
-1.78274
-1.78272
-1.7827
-1.78268
-1.78266
-1.78264
-1.78262
-1.7826
-1.78259
-1.78257
-1.78255
-1.78253
-1.78251
-1.78249
-1.78247
-1.78245
-1.78243
-1.78241
-1.78239
-1.78237
-1.78235
-1.78233
-1.78231
-1.78229
-1.78227
-1.78225
-1.78223
-1.78221
-1.78219
-1.78217
-1.78215
-1.78213
-1.78211
-1.78209
-1.78207
-1.78204
-1.78202
-1.782
-1.78198
-1.78196
-1.78194
-1.78192
-1.7819
-1.78188
-1.78187
-1.78185
-1.78183
-1.78181
-1.7818
-1.78178
-1.78177
-1.78175
-1.78174
-1.78173
-1.78172
-1.78171
-1.78171
-1.78171
-1.7817
-1.7817
-1.7817
-1.78171
-1.78172
-1.78173
-1.78174
-1.78175
-1.78175
-1.78176
-1.78177
-1.78178
-1.78179
-1.7818
-1.7818
-1.78181
-1.78182
-1.78183
-1.78185
-1.78186
-1.78188
-1.78189
-1.7819
-1.78191
-1.78192
-1.78192
-1.78193
-1.78195
-1.78197
-1.78199
-1.78201
-1.78204
-1.78207
-1.7821
-1.78214
-1.78218
-1.78222
-1.78227
-1.78232
-1.78238
-1.78244
-1.7825
-1.78256
-1.78262
-1.78268
-1.78274
-1.78281
-1.78288
-1.78295
-1.78302
-1.78309
-1.78317
-1.78325
-1.78333
-1.7834
-1.78348
-1.78356
-1.78365
-1.78375
-1.78384
-1.78394
-1.78404
-1.78414
-1.78424
-1.78434
-1.78445
-1.78456
-1.78467
-1.78478
-1.7849
-1.78501
-1.78513
-1.78524
-1.78534
-1.78544
-1.78555
-1.78565
-1.78577
-1.78588
-1.78599
-1.7861
-1.78621
-1.78633
-1.78644
-1.78656
-1.78667
-1.7868
-1.78692
-1.78704
-1.78716
-1.78728
-1.78741
-1.78754
-1.78768
-1.78781
-1.78795
-1.78809
-1.78821
-1.78833
-1.78845
-1.78858
-1.7887
-1.78883
-1.78895
-1.78908
-1.7892
-1.78933
-1.78945
-1.78957
-1.78969
-1.7898
-1.78991
-1.79002
-1.79013
-1.79025
-1.79037
-1.79049
-1.79061
-1.79073
-1.79084
-1.79095
-1.79105
-1.79115
-1.79126
-1.79136
-1.79147
-1.79158
-1.79169
-1.79179
-1.79188
-1.79199
-1.7921
-1.79221
-1.79231
-1.79241
-1.79252
-1.79262
-1.79273
-1.79283
-1.79293
-1.79304
-1.79314
-1.79323
-1.79332
-1.79341
-1.79351
-1.79361
-1.7937
-1.7938
-1.79389
-1.79398
-1.79407
-1.79416
-1.79424
-1.79432
-1.7944
-1.79447
-1.79455
-1.79463
-1.79471
-1.79478
-1.79486
-1.79493
-1.79501
-1.79508
-1.79516
-1.79523
-1.7953
-1.79538
-1.79545
-1.79553
-1.7956
-1.79568
-1.79575
-1.79582
-1.79589
-1.79596
-1.79603
-1.7961
-1.79617
-1.79624
-1.79631
-1.79638
-1.79645
-1.79652
-1.79659
-1.79666
-1.79673
-1.7968
-1.79687
-1.79694
-1.79701
-1.79708
-1.79715
-1.79722
-1.7973
-1.79737
-1.79744
-1.79751
-1.79759
-1.79766
-1.79773
-1.79781
-1.79789
-1.79796
-1.79804
-1.79811
)
;

boundaryField
{
    Inlet
    {
        type            calculated;
        value           nonuniform List<scalar> 
50
(
-2.96627
-3.40093
-3.83492
-4.2059
-4.52663
-4.81255
-5.07013
-5.30217
-5.51088
-5.69832
-5.86636
-6.01654
-6.15013
-6.26819
-6.37156
-6.46094
-6.53686
-6.59974
-6.64986
-6.68743
-6.71249
-6.72505
-6.72498
-6.71208
-6.686
-6.64635
-6.59255
-6.52397
-6.43976
-6.339
-6.22046
-6.08286
-5.9245
-5.74357
-5.53776
-5.3045
-5.04068
-4.74271
-4.40598
-4.02601
-3.59632
-3.11082
-2.56056
-1.92761
-1.19933
-0.386271
-0.736284
-8.29118
-50.0936
-108.029
)
;
    }
    BotOutlet1
    {
        type            calculated;
        value           nonuniform 0();
    }
    BotOutlet2
    {
        type            calculated;
        value           nonuniform 0();
    }
    TopInlet
    {
        type            calculated;
        value           nonuniform List<scalar> 
350
(
-1.79531
-1.79494
-1.79524
-1.79534
-1.79539
-1.79541
-1.79532
-1.79532
-1.79503
-1.79526
-1.79526
-1.79523
-1.79531
-1.79529
-1.79529
-1.79527
-1.79526
-1.79524
-1.79523
-1.79521
-1.79519
-1.79517
-1.79515
-1.79513
-1.79511
-1.79509
-1.79507
-1.79505
-1.79503
-1.795
-1.79498
-1.79496
-1.79494
-1.79492
-1.79489
-1.79487
-1.79485
-1.79482
-1.7948
-1.79478
-1.79475
-1.79473
-1.79471
-1.79468
-1.79466
-1.79463
-1.79461
-1.79458
-1.79456
-1.79453
-1.79451
-1.7945
-1.79448
-1.79447
-1.79445
-1.79444
-1.79442
-1.79441
-1.79439
-1.79438
-1.79436
-1.79435
-1.79433
-1.79431
-1.7943
-1.79428
-1.79426
-1.79425
-1.79423
-1.79421
-1.7942
-1.79418
-1.79416
-1.79414
-1.79413
-1.79411
-1.79409
-1.79407
-1.79405
-1.79404
-1.79402
-1.794
-1.79398
-1.79396
-1.79394
-1.79392
-1.7939
-1.79389
-1.79387
-1.79385
-1.79383
-1.79381
-1.79379
-1.79377
-1.79375
-1.79373
-1.79371
-1.79369
-1.79367
-1.79365
-1.79363
-1.79361
-1.79359
-1.79357
-1.79355
-1.79353
-1.79351
-1.79349
-1.79347
-1.79345
-1.79343
-1.79341
-1.79339
-1.79337
-1.79335
-1.79333
-1.79331
-1.79329
-1.79327
-1.79325
-1.79322
-1.7932
-1.79318
-1.79316
-1.79314
-1.79312
-1.7931
-1.79308
-1.79307
-1.79305
-1.79303
-1.79301
-1.79299
-1.79298
-1.79296
-1.79295
-1.79293
-1.79292
-1.7929
-1.79289
-1.79289
-1.79288
-1.79288
-1.79288
-1.79287
-1.79288
-1.79288
-1.79289
-1.7929
-1.79291
-1.79291
-1.79292
-1.79293
-1.79293
-1.79294
-1.79295
-1.79296
-1.79297
-1.79297
-1.79298
-1.793
-1.79301
-1.79302
-1.79303
-1.79305
-1.79306
-1.79307
-1.79308
-1.79308
-1.79309
-1.79311
-1.79313
-1.79315
-1.79317
-1.7932
-1.79323
-1.79326
-1.7933
-1.79333
-1.79338
-1.79342
-1.79347
-1.79353
-1.79359
-1.79366
-1.79371
-1.79377
-1.79384
-1.7939
-1.79397
-1.79403
-1.7941
-1.79418
-1.79425
-1.79433
-1.79441
-1.79449
-1.79456
-1.79464
-1.79472
-1.79481
-1.79491
-1.795
-1.7951
-1.7952
-1.7953
-1.7954
-1.79551
-1.79562
-1.79572
-1.79584
-1.79595
-1.79606
-1.79618
-1.79629
-1.79641
-1.79651
-1.79661
-1.79671
-1.79682
-1.79693
-1.79705
-1.79716
-1.79727
-1.79738
-1.7975
-1.79761
-1.79773
-1.79785
-1.79797
-1.79809
-1.79821
-1.79833
-1.79846
-1.79859
-1.79872
-1.79885
-1.79899
-1.79912
-1.79926
-1.79938
-1.79951
-1.79963
-1.79975
-1.79988
-1.80001
-1.80013
-1.80026
-1.80038
-1.8005
-1.80063
-1.80075
-1.80087
-1.80098
-1.80109
-1.8012
-1.80132
-1.80143
-1.80155
-1.80167
-1.80179
-1.80191
-1.80202
-1.80213
-1.80223
-1.80233
-1.80244
-1.80255
-1.80266
-1.80276
-1.80287
-1.80297
-1.80307
-1.80317
-1.80328
-1.80339
-1.80349
-1.80359
-1.8037
-1.8038
-1.80391
-1.80401
-1.80412
-1.80422
-1.80432
-1.80441
-1.8045
-1.8046
-1.80469
-1.80479
-1.80489
-1.80499
-1.80508
-1.80517
-1.80525
-1.80534
-1.80542
-1.8055
-1.80558
-1.80566
-1.80574
-1.80581
-1.80589
-1.80597
-1.80604
-1.80612
-1.80619
-1.80626
-1.80634
-1.80641
-1.80649
-1.80656
-1.80664
-1.80671
-1.80679
-1.80686
-1.80694
-1.80701
-1.80707
-1.80714
-1.80721
-1.80728
-1.80735
-1.80742
-1.80749
-1.80756
-1.80763
-1.8077
-1.80777
-1.80784
-1.80791
-1.80798
-1.80805
-1.80812
-1.80819
-1.80826
-1.80834
-1.80841
-1.80848
-1.80855
-1.80862
-1.8087
-1.80877
-1.80884
-1.80892
-1.80899
-1.80907
-1.80914
-1.80922
-1.8093
)
;
    }
    FreeStream
    {
        type            calculated;
        value           nonuniform List<scalar> 
20
(
-1.3691
-1.39152
-1.41395
-1.43635
-1.45865
-1.48119
-1.5036
-1.52598
-1.54839
-1.57081
-1.59328
-1.61583
-1.63853
-1.66142
-1.68448
-1.70766
-1.73063
-1.75342
-1.77582
-1.79815
)
;
    }
    FrontNBack
    {
        type            empty;
    }
    LeftSide
    {
        type            calculated;
        value           nonuniform List<scalar> 
20
(
-3.15034
-0.894408
1.16045
2.10089
3.38464
3.55363
4.23095
3.54322
3.2889
1.94429
1.27528
-0.0757309
-0.962244
-2.17749
-3.31152
-3.98865
-5.60883
-5.21912
-7.49155
-2.2911
)
;
    }
    procBoundary3to2
    {
        type            processor;
        value           nonuniform List<scalar> 
400
(
-10.1717
-10.046
-9.98777
-10.0746
-9.99841
-9.0828
-6.21284
-7.19423
-7.35554
-7.65366
-5.60649
-2.97857
-1.65612
-1.33537
-1.33993
-1.39283
-1.44477
-1.48164
-1.48929
-1.45579
-1.40611
-1.37891
-1.37412
-1.36561
-1.35191
-1.34114
-1.33346
-1.32823
-1.32732
-1.33092
-1.33541
-1.33756
-1.33918
-1.33687
-1.33948
-1.33295
-1.33726
-1.31013
-1.32635
-1.32592
-1.32376
-1.3293
-1.3135
-1.3263
-1.32553
-1.32533
-1.32568
-1.3261
-1.32696
-1.3252
-1.32756
-1.32802
-1.32847
-1.32892
-1.32933
-1.32971
-1.33007
-1.33041
-1.33075
-1.33108
-1.33136
-1.33161
-1.33185
-1.33207
-1.33227
-1.33246
-1.33262
-1.33277
-1.3329
-1.33302
-1.33313
-1.33321
-1.33328
-1.33333
-1.33336
-1.33338
-1.3334
-1.33341
-1.33341
-1.3334
-1.33339
-1.33337
-1.33335
-1.33332
-1.33328
-1.33324
-1.3332
-1.33316
-1.33312
-1.33308
-1.33303
-1.33299
-1.33296
-1.33292
-1.33289
-1.33286
-1.33283
-1.33281
-1.33279
-1.33278
-1.33276
-1.33275
-1.33274
-1.33274
-1.33273
-1.33272
-1.33272
-1.33272
-1.33272
-1.33272
-1.33272
-1.33273
-1.33273
-1.33274
-1.33274
-1.33275
-1.33276
-1.33278
-1.33279
-1.3328
-1.33282
-1.33284
-1.33286
-1.33288
-1.3329
-1.33292
-1.33295
-1.33297
-1.333
-1.33303
-1.33306
-1.33309
-1.33313
-1.33316
-1.3332
-1.33323
-1.33327
-1.33331
-1.33335
-1.33339
-1.33344
-1.33348
-1.33353
-1.33357
-1.33362
-1.33367
-1.33372
-1.33377
-1.33383
-1.33388
-1.33394
-1.33399
-1.33405
-1.33411
-1.33417
-1.33423
-1.33429
-1.33435
-1.33441
-1.33448
-1.33454
-1.33461
-1.33468
-1.33474
-1.33481
-1.33488
-1.33495
-1.33502
-1.3351
-1.33517
-1.33524
-1.33532
-1.33539
-1.33547
-1.33555
-1.33563
-1.33571
-1.33578
-1.33586
-1.33595
-1.33603
-1.33611
-1.33619
-1.33628
-1.33636
-1.33645
-1.33653
-1.33662
-1.33671
-1.33679
-1.33688
-1.33697
-1.33706
-1.33715
-1.33724
-1.33733
-1.33742
-1.33751
-1.33761
-1.3377
-1.33779
-1.33789
-1.33798
-1.33808
-1.33817
-1.33827
-1.33836
-1.33846
-1.33855
-1.33865
-1.33875
-1.33884
-1.33894
-1.33904
-1.33914
-1.33924
-1.33933
-1.33943
-1.33953
-1.33963
-1.33973
-1.33983
-1.33993
-1.34003
-1.34013
-1.34023
-1.34033
-1.34043
-1.34053
-1.34063
-1.34072
-1.34082
-1.34092
-1.34102
-1.34112
-1.34122
-1.34132
-1.34142
-1.34152
-1.34162
-1.34172
-1.34182
-1.34191
-1.34201
-1.34211
-1.34221
-1.3423
-1.3424
-1.3425
-1.34259
-1.34269
-1.34278
-1.34288
-1.34297
-1.34307
-1.34316
-1.34325
-1.34335
-1.34344
-1.34353
-1.34362
-1.34371
-1.3438
-1.34389
-1.34398
-1.34407
-1.34416
-1.34424
-1.34433
-1.34442
-1.3445
-1.34458
-1.34467
-1.34475
-1.34483
-1.34491
-1.34499
-1.34507
-1.34515
-1.34523
-1.34531
-1.34538
-1.34546
-1.34553
-1.3456
-1.34568
-1.34575
-1.34582
-1.34589
-1.34596
-1.34602
-1.34609
-1.34615
-1.34622
-1.34628
-1.34634
-1.34641
-1.34647
-1.34652
-1.34658
-1.34664
-1.34669
-1.34675
-1.3468
-1.34685
-1.34691
-1.34695
-1.347
-1.34705
-1.3471
-1.34714
-1.34719
-1.34723
-1.34727
-1.34731
-1.34735
-1.34739
-1.34743
-1.34746
-1.3475
-1.34753
-1.34756
-1.34759
-1.34762
-1.34765
-1.34768
-1.3477
-1.34773
-1.34775
-1.34777
-1.34779
-1.34781
-1.34783
-1.34785
-1.34786
-1.34788
-1.34789
-1.3479
-1.34791
-1.34792
-1.34793
-1.34794
-1.34794
-1.34795
-1.34795
-1.34795
-1.34795
-1.34795
-1.34795
-1.34795
-1.34795
-1.34794
-1.34794
-1.34793
-1.34792
-1.34791
-1.3479
-1.34789
-1.34788
-1.34786
-1.34785
-1.34783
-1.34781
-1.3478
-1.34778
-1.34776
-1.34774
-1.34772
-1.34769
-1.34767
-1.34765
-1.34762
-1.3476
-1.34757
-1.34755
-1.34752
-1.34749
-1.34746
-1.34744
-1.34741
-1.34738
-1.34735
-1.34731
-1.34728
-1.34725
-1.34722
-1.34718
-1.34715
-1.34711
-1.34707
-1.34704
-1.347
-1.34696
-1.34692
-1.34688
-1.34684
-1.3468
-1.34676
-1.34672
-1.34668
)
;
    }
}


// ************************************************************************* //
