/*--------------------------------*- C++ -*----------------------------------*\
| =========                 |                                                 |
| \\      /  F ield         | OpenFOAM: The Open Source CFD Toolbox           |
|  \\    /   O peration     | Version:  2.4.0                                 |
|   \\  /    A nd           | Web:      www.OpenFOAM.org                      |
|    \\/     M anipulation  |                                                 |
\*---------------------------------------------------------------------------*/
FoamFile
{
    version     2.0;
    format      ascii;
    class       volScalarField;
    location    "3.1";
    object      H;
}
// * * * * * * * * * * * * * * * * * * * * * * * * * * * * * * * * * * * * * //

dimensions      [0 2 -2 0 0 0 0];

internalField   nonuniform List<scalar> 
8000
(
-11806.6
-10954.3
-10086.1
-9194.44
-8274.41
-7324.57
-6347.1
-5347.84
-4335.4
-3317.79
-2296.63
-1275.36
-341.289
-9.26983
-6.74683
-5.7255
-5.01954
-4.61309
-4.45216
-4.27348
-4.1049
-3.97519
-3.86004
-3.73636
-3.59279
-3.43341
-3.26539
-3.09432
-2.92456
-2.75963
-2.60081
-2.45
-2.30819
-2.17519
-2.05044
-1.9331
-1.82239
-1.71757
-1.61757
-1.52188
-1.42981
-1.34099
-1.25499
-1.17162
-1.09076
-1.01225
-0.936197
-0.862784
-0.792209
-0.72476
-11740.4
-10757.2
-9764.01
-8758.17
-7740.16
-6714.1
-5687.85
-4673.32
-3686.81
-2748.72
-1879.01
-1079.38
-23.2523
-19.0277
-15.9538
-13.4813
-11.6059
-10.0495
-8.74116
-7.6471
-6.74875
-6.00579
-5.3755
-4.83144
-4.35727
-3.94072
-3.57189
-3.24298
-2.94783
-2.68095
-2.43921
-2.22203
-2.02836
-1.85486
-1.69573
-1.55041
-1.41757
-1.29587
-1.18412
-1.08114
-0.985948
-0.897777
-0.81606
-0.740341
-0.670268
-0.605472
-0.545703
-0.490747
-0.440395
-0.394441
-11681.7
-10589
-9507.24
-8441.79
-7398.17
-6381.68
-5396.26
-4443.36
-3522.51
-2636.12
-1792.59
-979.118
-14.1169
-0.685707
-4.8064
-4.91849
-4.09582
-3.36531
-2.82527
-2.43034
-2.1265
-1.89304
-1.71042
-1.56434
-1.44213
-1.33692
-1.2455
-1.16574
-1.09559
-1.03222
-0.972569
-0.914639
-0.857758
-0.80185
-0.746798
-0.692889
-0.640635
-0.590463
-0.54274
-0.497699
-0.455335
-0.415657
-0.378627
-0.344195
-0.312298
-0.282872
-0.25584
-0.231118
-0.208617
-0.188242
-11646.2
-10485.3
-9343.81
-8231.89
-7157.61
-6127.79
-5148.51
-4225.27
-3363.21
-2567.8
-1845.42
-1200.39
-619.543
-90.2804
-1.52314
-0.0307119
-0.723673
-0.736561
-0.630027
-0.520338
-0.433413
-0.374745
-0.343905
-0.333241
-0.314267
-0.292577
-0.274068
-0.260749
-0.252546
-0.248331
-0.246315
-0.244359
-0.240423
-0.234625
-0.228386
-0.22246
-0.216626
-0.210261
-0.202927
-0.194546
-0.185312
-0.175466
-0.165242
-0.154902
-0.144663
-0.134689
-0.125114
-0.116046
-0.10757
-0.0997481
-11614.2
-10387.8
-9178.67
-8000.74
-6868.38
-5795.59
-4795.26
-3878.51
-3054.15
-2328.2
-1703.95
-1181.29
-757.255
-428.157
-187.791
-2.39108
-0.516817
-0.356803
-0.245882
-0.15931
-0.087473
-0.0237313
-0.00324451
-0.15091
-0.179727
-0.166355
-0.144663
-0.123881
-0.106843
-0.0958453
-0.0938749
-0.106024
-0.11374
-0.111019
-0.104393
-0.0975493
-0.0917635
-0.0868975
-0.0825703
-0.0795681
-0.0777868
-0.0763298
-0.0746562
-0.0726663
-0.0704271
-0.0680502
-0.065645
-0.063291
-0.0610487
-0.0589672
-11585.6
-10304.1
-9046.16
-7830.08
-6674.72
-5597.89
-4614.76
-3736.56
-2969.91
-2316.37
-1772.81
-1331.86
-983.103
-714.059
-511.371
-361.774
-253.017
-174.049
-116.244
-72.9277
-38.74
-9.8683
-0.51285
-0.375377
-0.324212
-0.274444
-0.224438
-0.173651
-0.121708
-0.0677623
-0.00228476
-0.00234097
-0.116754
-0.110475
-0.0893712
-0.0684852
-0.053929
-0.0553856
-0.0557387
-0.0527063
-0.0482245
-0.0439352
-0.0412526
-0.0404033
-0.0402173
-0.0401579
-0.0401515
-0.0402067
-0.0403402
-0.0405655
-11593.1
-10329
-9094.15
-7908.24
-6789.69
-5754.55
-4815.3
-3980.04
-3252.17
-2630.55
-2110.07
-1682.51
-1337.58
-1063.86
-849.779
-684.261
-557.264
-460.049
-385.286
-327.027
-280.582
-242.349
-209.644
-180.457
-153.4
-127.563
-102.332
-77.3761
-52.6662
-28.2957
-0.637435
-0.323373
-0.258677
-0.197224
-0.137356
-0.076801
-0.0127579
-0.0525358
-0.0592739
-0.0487998
-0.0352225
-0.0299564
-0.0277591
-0.0265127
-0.0253633
-0.0255586
-0.0266013
-0.0278632
-0.0292248
-0.0306652
-11626.4
-10429
-9260.31
-8138.34
-7079.23
-6096.46
-5200.17
-4396.81
-3689.07
-3076.07
-2553.84
-2115.97
-1754.31
-1459.71
-1222.66
-1033.85
-884.54
-766.848
-673.889
-599.819
-539.802
-489.936
-447.15
-409.092
-374.018
-340.684
-308.258
-276.23
-244.347
-212.552
-180.93
-149.673
-118.997
-89.2306
-60.6451
-32.7043
-4.57759
-0.228609
-0.127096
-0.0702098
-0.023455
-0.0257983
-0.0214272
-0.022566
-0.0230087
-0.0226647
-0.0223406
-0.0227172
-0.0236768
-0.0251123
-11664.7
-10543
-9447.02
-8392.59
-7393.7
-6461.97
-5606.22
-4832.25
-4142.82
-3537.78
-3014.46
-2568.11
-2192.4
-1880
-1623.06
-1413.63
-1244.03
-1107.1
-996.372
-906.138
-831.515
-768.412
-713.487
-664.082
-618.148
-574.171
-531.095
-488.252
-445.294
-402.137
-358.902
-315.867
-273.421
-232.023
-192.165
-154.34
-119.007
-86.5317
-56.98
-30.55
-9.17262
-0.144578
-0.022499
-0.0308409
-0.0295142
-0.0264882
-0.0241138
-0.0230683
-0.0231119
-0.0237535
-11702.7
-10656
-9632.27
-8645.41
-7707.44
-6828.38
-6015.9
-5275.18
-4608.93
-4017.5
-3499.16
-3050.42
-2666.4
-2341.25
-2068.53
-1841.52
-1653.56
-1498.25
-1369.63
-1262.29
-1171.45
-1092.96
-1023.32
-959.651
-899.665
-841.599
-784.184
-726.579
-668.328
-609.3
-549.644
-489.732
-430.114
-371.471
-314.564
-260.19
-209.142
-162.166
-119.945
-83.0725
-52.0717
-27.2299
-9.06766
-0.084852
-0.055534
-0.0379564
-0.0295212
-0.0257244
-0.024761
-0.0252469
-11738.9
-10763.6
-9808.96
-8886.98
-8008.26
-7181.53
-6413.47
-5708.71
-5069.78
-4497.28
-3990.07
-3545.49
-3159.71
-2827.96
-2544.87
-2304.75
-2101.77
-1930.24
-1784.71
-1660.11
-1551.83
-1455.79
-1368.45
-1286.83
-1208.48
-1131.52
-1054.53
-976.601
-897.243
-816.361
-734.209
-651.34
-568.558
-486.859
-407.38
-331.335
-259.957
-194.433
-135.936
-85.2125
-43.3606
-7.20559
-0.0682068
-0.0554286
-0.0311868
-0.0209347
-0.0190554
-0.0203518
-0.0229282
-0.0257473
-11773
-10865.5
-9976.59
-9117.19
-8296.55
-7522.25
-6800.09
-6134.07
-5526.45
-4977.82
-4487.35
-4052.88
-3671.25
-3338.45
-3049.91
-2800.68
-2585.64
-2399.68
-2237.8
-2095.31
-1967.83
-1851.42
-1742.64
-1638.5
-1536.58
-1434.96
-1332.26
-1227.6
-1120.57
-1011.24
-900.078
-787.915
-675.904
-565.459
-458.198
-355.85
-260.302
-173.067
-97.805
-30.165
-0.282118
-0.00327637
-0.00463325
-0.00596337
-0.00834194
-0.0117324
-0.0159365
-0.0206548
-0.0253747
-0.0297481
-11805.2
-10961.7
-10135.1
-9335.27
-8570.39
-7847.1
-7170.45
-6543.9
-5969.35
-5447.32
-4977.02
-4556.59
-4183.19
-3853.28
-3562.76
-3307.17
-3081.83
-2882.03
-2703.13
-2540.72
-2390.67
-2249.25
-2113.16
-1979.6
-1846.3
-1711.54
-1574.17
-1433.57
-1289.67
-1142.9
-994.2
-844.94
-696.819
-551.836
-412.443
-280.596
-161.145
-44.9652
-0.429203
-0.0063652
-0.00493435
-0.00480743
-0.00703947
-0.0106366
-0.0155601
-0.0214759
-0.0279246
-0.0341531
-0.0396399
-0.0453064
-11835.4
-11051.5
-10283.3
-9539.4
-8827.24
-8152.67
-7520.07
-6932.36
-6391.1
-5896.56
-5447.86
-5043.1
-4679.58
-4353.89
-4062.12
-3800.03
-3563.19
-3347.11
-3147.41
-2959.9
-2780.72
-2606.4
-2433.97
-2260.97
-2085.55
-1906.44
-1723.03
-1535.29
-1343.81
-1149.74
-954.777
-761.074
-571.237
-387.409
-215.834
-44.4015
-0.453526
-0.00829
-0.00989682
-0.00910603
-0.0115833
-0.017169
-0.0246559
-0.0324014
-0.0400159
-0.0471125
-0.0548965
-0.0629838
-0.0710108
-0.0788421
-11863.6
-11135.9
-10422.5
-9731.55
-9069.48
-8441.46
-7851.19
-7301.03
-6792.02
-6324.06
-5895.96
-5505.63
-5150.22
-4826.29
-4529.92
-4256.94
-4003.04
-3763.89
-3535.36
-3313.56
-3094.98
-2876.62
-2656.03
-2431.39
-2201.54
-1966.04
-1725.14
-1479.78
-1231.56
-982.688
-735.833
-494.33
-260.703
-21.0216
-0.238727
-0.00667494
-0.0162308
-0.0189409
-0.0244
-0.0328243
-0.0401023
-0.0499201
-0.06016
-0.0706582
-0.081499
-0.0921143
-0.102314
-0.111917
-0.120827
-0.128939
-11890
-11214.5
-10552.2
-9910.19
-9294.3
-8708.91
-8157.06
-7640.46
-7159.58
-6713.8
-6301.5
-5920.24
-5566.87
-5237.77
-4928.92
-4636.14
-4355.21
-4082.02
-3812.76
-3543.97
-3272.75
-2996.8
-2714.53
-2425.1
-2128.48
-1825.38
-1517.31
-1206.51
-895.753
-588.961
-280.413
-2.85021
-0.0491516
-0.00291999
-0.0216478
-0.0331787
-0.0444773
-0.0556072
-0.0650792
-0.0780757
-0.091434
-0.104895
-0.118366
-0.131584
-0.144203
-0.155949
-0.166637
-0.176102
-0.184219
-0.190867
-11914.5
-11287.8
-10672.8
-10075.9
-9502.12
-8954.92
-8436.53
-7947.96
-7488.94
-7058.24
-6653.74
-6272.54
-5911.22
-5565.94
-5232.65
-4907.23
-4585.71
-4264.38
-3939.98
-3609.79
-3271.83
-2924.88
-2568.61
-2203.59
-1831.14
-1453.28
-1072.78
-693.647
-311.338
-2.92642
-0.0546444
-0.00142563
-0.0238079
-0.0428232
-0.0638161
-0.0809846
-0.100092
-0.119072
-0.137334
-0.155066
-0.172184
-0.188471
-0.203687
-0.217612
-0.230026
-0.24074
-0.249603
-0.256512
-0.261412
-0.264295
-11936.9
-11354.3
-10781.8
-10224.8
-9687.02
-9171.19
-8678.57
-8209.31
-7762.42
-7336.02
-6927.46
-6533.47
-6150.4
-5774.35
-5401.38
-5027.7
-4649.84
-4264.8
-3870.24
-3464.57
-3047.11
-2618.26
-2179.5
-1733.03
-1281.14
-826.551
-370.615
-3.52225
-0.0684415
-0.0379345
-0.0432347
-0.061036
-0.0855706
-0.108369
-0.132642
-0.157412
-0.181611
-0.204859
-0.227543
-0.249169
-0.269264
-0.287517
-0.303645
-0.317397
-0.328576
-0.337051
-0.342754
-0.345686
-0.345909
-0.34354
-11956.2
-11411.5
-10874.7
-10349.8
-9839.46
-9345.24
-8867.46
-8405.41
-7957.42
-7521.05
-7093.25
-6670.56
-6249.3
-5825.79
-5396.53
-4958.39
-4508.83
-4046
-3568.89
-3077.43
-2572.77
-2057.7
-1535.84
-1007.12
-474.399
-4.47611
-0.0883259
-0.0888604
-0.0877106
-0.10346
-0.124056
-0.1491
-0.175325
-0.202973
-0.230553
-0.259626
-0.290668
-0.321543
-0.350249
-0.375914
-0.398128
-0.41662
-0.43121
-0.441834
-0.448482
-0.45126
-0.45032
-0.445885
-0.438238
-0.427701
-11970.5
-11453.5
-10941.6
-10437.3
-9941.85
-9455.75
-8978.39
-8508.33
-8043.32
-7580.52
-7116.71
-6648.46
-6172.38
-5685.33
-5184.67
-4668.45
-4135.56
-3585.84
-3020.14
-2440.64
-1851.69
-1260.68
-674.317
-29.7595
-0.419183
-0.494163
-0.392636
-0.356926
-0.349996
-0.366068
-0.393965
-0.428091
-0.461765
-0.49557
-0.527921
-0.556865
-0.580745
-0.599726
-0.613934
-0.623473
-0.62841
-0.628809
-0.624839
-0.61674
-0.604829
-0.589428
-0.570904
-0.549664
-0.526139
-0.500772
-0.660534
-0.599755
-0.542647
-0.489325
-0.439882
-0.394373
-0.352798
-0.315109
-0.281209
-0.250963
-0.2242
-0.200726
-0.180324
-0.162771
-0.147842
-0.135315
-0.124979
-0.116638
-0.110109
-0.10523
-0.101857
-0.099865
-0.0991469
-0.0996148
-0.101197
-0.103837
-0.107494
-0.112136
-0.117744
-0.124309
-0.13183
-0.140317
-0.149763
-0.160162
-0.171516
-0.183825
-0.197083
-0.211282
-0.226406
-0.242432
-0.259327
-0.277053
-0.295559
-0.314786
-0.334666
-0.355124
-0.376073
-0.397421
-0.41908
-0.440944
-0.352688
-0.314922
-0.280932
-0.250505
-0.22342
-0.199467
-0.178425
-0.16008
-0.144221
-0.13064
-0.119139
-0.109529
-0.101634
-0.0952896
-0.0903458
-0.0866688
-0.0841402
-0.0826575
-0.082134
-0.0824983
-0.0836936
-0.0856766
-0.0884166
-0.0918943
-0.0961002
-0.101033
-0.106699
-0.11311
-0.120282
-0.128233
-0.136983
-0.146553
-0.156962
-0.168225
-0.180356
-0.193362
-0.207247
-0.222005
-0.237624
-0.254086
-0.271361
-0.289412
-0.308192
-0.327646
-0.347708
-0.368305
-0.389358
-0.410777
-0.432482
-0.45434
-0.169898
-0.153484
-0.138899
-0.126039
-0.1148
-0.105077
-0.0967626
-0.0897532
-0.0839455
-0.0792393
-0.0755391
-0.0727552
-0.0708047
-0.0696133
-0.0691153
-0.0692549
-0.0699863
-0.0712738
-0.0730917
-0.0754238
-0.0782629
-0.08161
-0.0854734
-0.0898678
-0.0948131
-0.100334
-0.106457
-0.113211
-0.120629
-0.128739
-0.137571
-0.147154
-0.157511
-0.168665
-0.180632
-0.193425
-0.207049
-0.221505
-0.236785
-0.252874
-0.269752
-0.287387
-0.305741
-0.324766
-0.344407
-0.364599
-0.38527
-0.406337
-0.42772
-0.449312
-0.0926264
-0.0862326
-0.0805796
-0.0756663
-0.0714796
-0.067996
-0.0651838
-0.0630053
-0.0614186
-0.0603804
-0.0598474
-0.0597786
-0.0601365
-0.0608886
-0.0620086
-0.0634768
-0.0652804
-0.0674142
-0.0698797
-0.0726854
-0.0758459
-0.0793814
-0.0833169
-0.0876815
-0.0925072
-0.0978285
-0.103681
-0.110101
-0.117124
-0.124785
-0.133117
-0.142149
-0.151909
-0.162421
-0.173701
-0.185766
-0.198624
-0.212277
-0.226723
-0.241953
-0.257951
-0.274695
-0.292155
-0.310294
-0.329067
-0.348423
-0.368301
-0.388637
-0.409358
-0.43039
-0.0570901
-0.055454
-0.0540873
-0.0530096
-0.0522315
-0.0517556
-0.0515774
-0.0516865
-0.0520685
-0.0527067
-0.0535835
-0.0546822
-0.0559887
-0.0574922
-0.0591863
-0.06107
-0.0631477
-0.0654294
-0.0679311
-0.070674
-0.0736844
-0.076993
-0.0806345
-0.0846465
-0.0890689
-0.0939432
-0.0993115
-0.105216
-0.111697
-0.118795
-0.126546
-0.134986
-0.144145
-0.15405
-0.164723
-0.176184
-0.188445
-0.201512
-0.215387
-0.230066
-0.245538
-0.261785
-0.278783
-0.296499
-0.314895
-0.333925
-0.353535
-0.373663
-0.394242
-0.415196
-0.0408944
-0.0413374
-0.0419043
-0.0426016
-0.0434322
-0.0443957
-0.0454888
-0.046705
-0.0480359
-0.0494721
-0.0510043
-0.0526245
-0.0543269
-0.0561093
-0.0579734
-0.059926
-0.0619789
-0.0641496
-0.0664609
-0.0689412
-0.0716236
-0.0745458
-0.0777496
-0.0812795
-0.0851827
-0.0895078
-0.0943039
-0.0996202
-0.105505
-0.112005
-0.119164
-0.127024
-0.135622
-0.144993
-0.155166
-0.166165
-0.17801
-0.190715
-0.204286
-0.218724
-0.234024
-0.250171
-0.267145
-0.284915
-0.303443
-0.322683
-0.342579
-0.363067
-0.384073
-0.405515
-0.0321734
-0.0337432
-0.0353705
-0.0370509
-0.0387814
-0.0405584
-0.0423761
-0.0442281
-0.0461062
-0.0480013
-0.0499051
-0.0518101
-0.0537111
-0.0556064
-0.0574982
-0.0593938
-0.0613061
-0.0632541
-0.0652627
-0.0673629
-0.0695915
-0.0719905
-0.0746062
-0.0774888
-0.0806912
-0.0842681
-0.0882752
-0.0927681
-0.0978017
-0.103429
-0.109702
-0.116667
-0.12437
-0.13285
-0.142145
-0.152285
-0.163296
-0.175199
-0.188008
-0.20173
-0.216366
-0.231909
-0.248344
-0.265647
-0.283785
-0.302716
-0.322389
-0.342741
-0.363701
-0.38519
-0.0268906
-0.0288964
-0.0310459
-0.0332859
-0.0355836
-0.0379163
-0.0402657
-0.0426135
-0.0449441
-0.0472411
-0.049489
-0.0516735
-0.0537824
-0.0558073
-0.0577447
-0.0595969
-0.061373
-0.0630894
-0.0647701
-0.0664465
-0.0681571
-0.0699465
-0.071865
-0.0739672
-0.0763109
-0.0789563
-0.0819644
-0.0853962
-0.0893119
-0.0937697
-0.0988254
-0.104532
-0.110937
-0.118087
-0.126022
-0.134777
-0.144384
-0.154867
-0.166247
-0.178536
-0.191743
-0.205868
-0.220904
-0.236839
-0.253648
-0.271303
-0.289762
-0.308977
-0.328891
-0.349434
-0.0248256
-0.0263897
-0.0284302
-0.0308244
-0.0334403
-0.0361853
-0.0389978
-0.0418338
-0.0446546
-0.0474234
-0.050105
-0.0526687
-0.0550873
-0.0573392
-0.0594097
-0.0612928
-0.0629913
-0.0645181
-0.0658956
-0.0671559
-0.0683396
-0.069495
-0.0706768
-0.0719445
-0.0733616
-0.0749932
-0.0769057
-0.0791648
-0.081835
-0.0849782
-0.0886534
-0.092916
-0.0978171
-0.103404
-0.109718
-0.116797
-0.124673
-0.133374
-0.142921
-0.153333
-0.164621
-0.176791
-0.189843
-0.203772
-0.218567
-0.234208
-0.250671
-0.267925
-0.285929
-0.304638
-0.0262933
-0.0277039
-0.0295956
-0.0319936
-0.0347682
-0.0377746
-0.0409142
-0.0441271
-0.0473583
-0.050548
-0.0536286
-0.0565431
-0.059243
-0.0616896
-0.0638552
-0.0657251
-0.0672977
-0.0685844
-0.0696091
-0.0704073
-0.0710244
-0.0715143
-0.0719376
-0.0723601
-0.0728507
-0.0734801
-0.074319
-0.0754373
-0.0769024
-0.0787787
-0.0811267
-0.0840027
-0.0874583
-0.0915402
-0.09629
-0.101744
-0.107935
-0.114889
-0.122628
-0.13117
-0.140527
-0.150708
-0.161716
-0.173551
-0.186207
-0.199674
-0.213935
-0.22897
-0.244753
-0.261253
-0.0283886
-0.0309705
-0.0337982
-0.0369871
-0.0404452
-0.0440463
-0.0477018
-0.0513753
-0.0550182
-0.0585639
-0.0619251
-0.0650208
-0.067791
-0.0701914
-0.0721921
-0.0737822
-0.0749677
-0.0757689
-0.0762192
-0.0763635
-0.0762558
-0.0759582
-0.0755382
-0.0750676
-0.074621
-0.0742729
-0.0740966
-0.0741635
-0.0745416
-0.0752948
-0.0764828
-0.0781601
-0.0803764
-0.0831759
-0.0865978
-0.0906761
-0.0954397
-0.100912
-0.107113
-0.114059
-0.121759
-0.130224
-0.139456
-0.149458
-0.160224
-0.17175
-0.184023
-0.197032
-0.210756
-0.225174
-0.0338839
-0.0381181
-0.0426108
-0.0472878
-0.0519219
-0.056411
-0.0607829
-0.0650121
-0.0690368
-0.0727619
-0.0761067
-0.0789923
-0.081379
-0.0832457
-0.0845891
-0.0854217
-0.0857704
-0.0856749
-0.0851854
-0.0843614
-0.0832691
-0.0819803
-0.0805699
-0.0791147
-0.0776911
-0.0763744
-0.075237
-0.0743477
-0.073771
-0.0735663
-0.0737882
-0.0744857
-0.0757029
-0.0774792
-0.079849
-0.0828431
-0.0864879
-0.0908002
-0.0957885
-0.101467
-0.107846
-0.114934
-0.122733
-0.131245
-0.140468
-0.150396
-0.161022
-0.172338
-0.184331
-0.196988
-0.0512973
-0.0574094
-0.063455
-0.0693087
-0.0748799
-0.0799501
-0.0845568
-0.0886736
-0.0922426
-0.0952148
-0.097563
-0.0992728
-0.100349
-0.10081
-0.100686
-0.10002
-0.0988649
-0.0972834
-0.0953449
-0.0931245
-0.0907006
-0.0881533
-0.0855628
-0.0830071
-0.0805612
-0.0782961
-0.0762773
-0.0745649
-0.0732129
-0.0722693
-0.0717762
-0.0717699
-0.0722818
-0.0733385
-0.0749622
-0.0771719
-0.0799833
-0.0834096
-0.0874619
-0.0921496
-0.0974809
-0.103462
-0.1101
-0.117399
-0.125347
-0.133931
-0.143154
-0.153011
-0.163496
-0.1746
-0.0863166
-0.0933175
-0.0996861
-0.105371
-0.110333
-0.11454
-0.117958
-0.120568
-0.12237
-0.123375
-0.12361
-0.123112
-0.121929
-0.120121
-0.117756
-0.114912
-0.111669
-0.108116
-0.104339
-0.100426
-0.0964638
-0.0925339
-0.0887137
-0.0850746
-0.0816814
-0.0785919
-0.0758566
-0.0735192
-0.0716164
-0.0701784
-0.0692301
-0.0687907
-0.0688754
-0.0694955
-0.0706593
-0.0723727
-0.0746398
-0.0774636
-0.0808461
-0.0847888
-0.089293
-0.0943603
-0.0999917
-0.106189
-0.112952
-0.120284
-0.128184
-0.136653
-0.145691
-0.155296
-0.136086
-0.142192
-0.147226
-0.151169
-0.154022
-0.155801
-0.156534
-0.156265
-0.155049
-0.152955
-0.150063
-0.146464
-0.142257
-0.137543
-0.132429
-0.127021
-0.121423
-0.115734
-0.110049
-0.104455
-0.0990338
-0.0938551
-0.088982
-0.0844682
-0.0803589
-0.0766908
-0.073493
-0.0707876
-0.0685902
-0.0669112
-0.0657561
-0.0651269
-0.0650225
-0.0654395
-0.0663731
-0.0678175
-0.0697666
-0.0722142
-0.0751547
-0.0785831
-0.0824952
-0.086888
-0.0917593
-0.0971079
-0.102933
-0.109236
-0.116017
-0.123277
-0.131018
-0.139239
-0.195988
-0.199583
-0.201675
-0.202313
-0.201569
-0.199534
-0.196315
-0.192031
-0.186812
-0.180794
-0.174117
-0.166918
-0.159336
-0.151501
-0.14354
-0.135568
-0.127692
-0.120007
-0.1126
-0.105542
-0.0988963
-0.0927124
-0.0870306
-0.0818813
-0.0772855
-0.0732565
-0.0698004
-0.0669175
-0.064603
-0.0628482
-0.0616417
-0.0609696
-0.0608169
-0.0611681
-0.0620076
-0.0633202
-0.0650919
-0.0673096
-0.069962
-0.0730393
-0.0765335
-0.0804382
-0.0847487
-0.0894621
-0.0945767
-0.100092
-0.106009
-0.11233
-0.119055
-0.126189
-0.265198
-0.264199
-0.261405
-0.256975
-0.25108
-0.243901
-0.235625
-0.22644
-0.216534
-0.20609
-0.195282
-0.184277
-0.173227
-0.162272
-0.151536
-0.141129
-0.131146
-0.121664
-0.112748
-0.104448
-0.0967994
-0.089827
-0.0835439
-0.0779539
-0.0730525
-0.0688284
-0.0652647
-0.0623405
-0.0600316
-0.0583118
-0.057154
-0.0565307
-0.056415
-0.0567811
-0.0576045
-0.0588628
-0.0605357
-0.0626051
-0.0650555
-0.0678735
-0.0710485
-0.0745718
-0.0784372
-0.0826403
-0.0871786
-0.0920513
-0.0972588
-0.102803
-0.108686
-0.114911
-0.338764
-0.331813
-0.322933
-0.312384
-0.300433
-0.287344
-0.273379
-0.258787
-0.243806
-0.228656
-0.213536
-0.198627
-0.184086
-0.17005
-0.156633
-0.143926
-0.132002
-0.120913
-0.110693
-0.101362
-0.0929246
-0.0853728
-0.0786895
-0.0728486
-0.0678177
-0.0635598
-0.0600343
-0.057199
-0.0550108
-0.053427
-0.0524062
-0.0519088
-0.0518976
-0.0523382
-0.0531993
-0.0544528
-0.0560737
-0.0580405
-0.0603345
-0.0629405
-0.0658456
-0.06904
-0.0725162
-0.0762689
-0.0802948
-0.0845925
-0.0891621
-0.0940049
-0.0991234
-0.104521
-0.414627
-0.399388
-0.382361
-0.363923
-0.344437
-0.324251
-0.303687
-0.283039
-0.262573
-0.242521
-0.223084
-0.204428
-0.18669
-0.169975
-0.154361
-0.139898
-0.126615
-0.114518
-0.103597
-0.0938269
-0.085169
-0.0775758
-0.0709926
-0.0653598
-0.0606149
-0.0566941
-0.0535339
-0.0510726
-0.0492507
-0.0480123
-0.047305
-0.0470809
-0.0472961
-0.0479116
-0.0488924
-0.050208
-0.0518321
-0.053742
-0.0559187
-0.0583465
-0.0610124
-0.0639064
-0.0670204
-0.0703488
-0.0738881
-0.0776363
-0.0815929
-0.0857585
-0.0901349
-0.0947246
-0.474003
-0.446262
-0.417959
-0.389478
-0.361166
-0.333336
-0.306259
-0.280166
-0.255247
-0.231652
-0.209495
-0.188852
-0.16977
-0.152266
-0.136333
-0.121942
-0.109045
-0.0975818
-0.0874801
-0.0786596
-0.0710348
-0.0645176
-0.059019
-0.0544515
-0.0507304
-0.0477746
-0.0455081
-0.04386
-0.0427654
-0.0421651
-0.0420059
-0.0422403
-0.0428264
-0.0437277
-0.0449127
-0.0463544
-0.0480301
-0.0499208
-0.0520109
-0.0542879
-0.0567417
-0.0593648
-0.0621467
-0.0650828
-0.0681708
-0.0714093
-0.074798
-0.078337
-0.0820273
-0.0858703
-0.458092
-0.470069
-0.482085
-0.49412
-0.506146
-0.518139
-0.530075
-0.541932
-0.553686
-0.565312
-0.576788
-0.588089
-0.599196
-0.610137
-0.620864
-0.631239
-0.641293
-0.650941
-0.660351
-0.669427
-0.678127
-0.68643
-0.694322
-0.701777
-0.708766
-0.71527
-0.721305
-0.726837
-0.731859
-0.736409
-0.740436
-0.743845
-0.746635
-0.74893
-0.750761
-0.752219
-0.753187
-0.753294
-0.752797
-0.75132
-0.74943
-0.747195
-0.744471
-0.741219
-0.737447
-0.733168
-0.728398
-0.723156
-0.717462
-0.711338
-0.70481
-0.697902
-0.690643
-0.683066
-0.675228
-0.667163
-0.658829
-0.650236
-0.641406
-0.632383
-0.623313
-0.614154
-0.604948
-0.595718
-0.586407
-0.576974
-0.56761
-0.558299
-0.549039
-0.539862
-0.530799
-0.521747
-0.512721
-0.503733
-0.494739
-0.485893
-0.477135
-0.468447
-0.459833
-0.451295
-0.442829
-0.434436
-0.426128
-0.417909
-0.40975
-0.401669
-0.393646
-0.385738
-0.377922
-0.370201
-0.362591
-0.355085
-0.347679
-0.340377
-0.333195
-0.326168
-0.319248
-0.31246
-0.305757
-0.299208
-0.292823
-0.286579
-0.280479
-0.274523
-0.268711
-0.263043
-0.257525
-0.25216
-0.246913
-0.241783
-0.236754
-0.231863
-0.227113
-0.222501
-0.218005
-0.213616
-0.209325
-0.205156
-0.201109
-0.197176
-0.19335
-0.18962
-0.185988
-0.182453
-0.179025
-0.175694
-0.172463
-0.169323
-0.166251
-0.163286
-0.160411
-0.157621
-0.154915
-0.15229
-0.149744
-0.147274
-0.144865
-0.142525
-0.140252
-0.138039
-0.135883
-0.133785
-0.131733
-0.129721
-0.127745
-0.125811
-0.123919
-0.122063
-0.12024
-0.11845
-0.116688
-0.11495
-0.113234
-0.111538
-0.109867
-0.108217
-0.106585
-0.104968
-0.103366
-0.101776
-0.100198
-0.0986314
-0.0970767
-0.095528
-0.0939825
-0.0924367
-0.0908971
-0.0893613
-0.0878255
-0.086289
-0.0847521
-0.0832112
-0.0816632
-0.080108
-0.0785446
-0.0769762
-0.0754001
-0.0738169
-0.0722288
-0.0706361
-0.0690302
-0.0674179
-0.0658017
-0.064176
-0.0625412
-0.0608978
-0.0592482
-0.0575944
-0.0559363
-0.0542746
-0.05261
-0.0509448
-0.0492779
-0.0476021
-0.0459152
-0.0442016
-0.0424613
-0.0406857
-0.0388732
-0.0370255
-0.0351474
-0.0332453
-0.0313267
-0.0294004
-0.0274745
-0.0255562
-0.0236515
-0.0217616
-0.0198798
-0.0180019
-0.0161029
-0.0141633
-0.0121721
-0.0101274
-0.0080326
-0.0058966
-0.00373295
-0.00155734
0.000614492
0.00276728
0.00488701
0.00696164
0.00898196
0.0109428
0.012843
0.0146818
0.0164367
0.0180837
0.0195975
0.0209591
0.0221515
0.0231587
0.0239644
0.0245473
0.0248943
0.0249955
0.0248514
0.0244678
0.0238526
0.0230189
0.0219661
0.0206809
0.0191651
0.0174299
0.015495
0.0133838
0.0111192
0.00872837
0.00624034
0.00368392
0.00107612
-0.00156236
-0.0042049
-0.00682008
-0.00938184
-0.0118725
-0.0142853
-0.016607
-0.0188201
-0.0209035
-0.0228348
-0.0245917
-0.0261544
-0.0275077
-0.0286399
-0.0295409
-0.0302019
-0.0306153
-0.0307772
-0.0306876
-0.0303509
-0.0297757
-0.0289745
-0.0279636
-0.0267626
-0.0253945
-0.0238845
-0.0222598
-0.0205489
-0.0187813
-0.0169865
-0.0151939
-0.0134315
-0.0117254
-0.0100994
-0.00857394
-0.00716592
-0.00588816
-0.00474915
-0.00375291
-0.00289913
-0.00218338
-0.00159761
-0.00113077
-0.000769573
-0.000499335
-0.000304842
-0.000171166
-8.43839e-05
-3.21338e-05
-0.47166
-0.48376
-0.495875
-0.507982
-0.520059
-0.532085
-0.544039
-0.555896
-0.567635
-0.579231
-0.590661
-0.601901
-0.612963
-0.623853
-0.634397
-0.644612
-0.654407
-0.663983
-0.673211
-0.682054
-0.690502
-0.698508
-0.70605
-0.713127
-0.719718
-0.725798
-0.73135
-0.736359
-0.740845
-0.744813
-0.748156
-0.750718
-0.752814
-0.754422
-0.755776
-0.75643
-0.756118
-0.754671
-0.752897
-0.750811
-0.748155
-0.744936
-0.741123
-0.73678
-0.731916
-0.726548
-0.720694
-0.714377
-0.707621
-0.70045
-0.692892
-0.684976
-0.676744
-0.668278
-0.659551
-0.65051
-0.641236
-0.631723
-0.622166
-0.612518
-0.602794
-0.593034
-0.583282
-0.573553
-0.563791
-0.554007
-0.544283
-0.534697
-0.525227
-0.515933
-0.50673
-0.497571
-0.488446
-0.479569
-0.470845
-0.462258
-0.453806
-0.445489
-0.437315
-0.429267
-0.421327
-0.413483
-0.405764
-0.398174
-0.390691
-0.383322
-0.376058
-0.368886
-0.361808
-0.354838
-0.348006
-0.341249
-0.334591
-0.327979
-0.321502
-0.315167
-0.30895
-0.302852
-0.296879
-0.291032
-0.285314
-0.279725
-0.274266
-0.268933
-0.263724
-0.258646
-0.253696
-0.248826
-0.244043
-0.239336
-0.234762
-0.230295
-0.225931
-0.221671
-0.217518
-0.213462
-0.209471
-0.205599
-0.201829
-0.198159
-0.194575
-0.19107
-0.187663
-0.184341
-0.181105
-0.177941
-0.174842
-0.171806
-0.16885
-0.165965
-0.163149
-0.160398
-0.157711
-0.155082
-0.152511
-0.14999
-0.147512
-0.14508
-0.142687
-0.14033
-0.138005
-0.135711
-0.133436
-0.131169
-0.12892
-0.126696
-0.124491
-0.122309
-0.12014
-0.117982
-0.115834
-0.1137
-0.111588
-0.109494
-0.107419
-0.105363
-0.103325
-0.101303
-0.0992954
-0.0973013
-0.0953182
-0.0933452
-0.091382
-0.0894221
-0.0874602
-0.0855017
-0.0835548
-0.0816161
-0.0796861
-0.0777645
-0.0758464
-0.073931
-0.0720184
-0.0701135
-0.0682161
-0.0663248
-0.064439
-0.0625584
-0.0606833
-0.0588128
-0.0569391
-0.0550656
-0.0532001
-0.0513401
-0.0494878
-0.0476454
-0.0458154
-0.0439996
-0.0421996
-0.0404159
-0.0386485
-0.0368968
-0.035158
-0.0334253
-0.0316914
-0.0299673
-0.0282595
-0.026572
-0.0249088
-0.0232735
-0.0216695
-0.0200998
-0.0185673
-0.0170743
-0.0156218
-0.0142094
-0.0128346
-0.0114931
-0.0101776
-0.00888657
-0.00764273
-0.00646317
-0.00535717
-0.00432484
-0.00336555
-0.00248041
-0.0016766
-0.000960151
-0.000335327
0.000194897
0.000628843
0.000966414
0.00120959
0.00136278
0.00143229
0.00142019
0.00130021
0.00105716
0.000686141
0.000192661
-0.000421986
-0.00115757
-0.00201402
-0.00298762
-0.00407235
-0.00525909
-0.00653634
-0.0078907
-0.009308
-0.0107753
-0.0122849
-0.0138383
-0.0154297
-0.0170484
-0.01868
-0.0203077
-0.0219133
-0.0234779
-0.0249827
-0.0264106
-0.0277472
-0.0289787
-0.0300914
-0.031073
-0.031913
-0.0326035
-0.0331388
-0.0335143
-0.0337266
-0.0337733
-0.0336537
-0.0333683
-0.0329197
-0.0323123
-0.0315525
-0.0306482
-0.0296092
-0.028447
-0.0271742
-0.0258054
-0.0243558
-0.0228418
-0.0212807
-0.0196897
-0.0180865
-0.0164885
-0.0149124
-0.0133741
-0.0118884
-0.0104688
-0.00912693
-0.00787266
-0.00671381
-0.00565602
-0.00470271
-0.00385506
-0.00311207
-0.00247069
-0.00192604
-0.00147163
-0.00109971
-0.000801615
-0.000568113
-0.000389809
-0.000257487
-0.000162421
-9.66396e-05
-5.31098e-05
-2.58552e-05
-9.99393e-06
-0.466568
-0.478634
-0.49072
-0.502813
-0.514893
-0.526943
-0.538944
-0.550873
-0.562709
-0.57443
-0.586011
-0.597427
-0.608658
-0.619718
-0.630571
-0.641072
-0.651215
-0.661054
-0.670579
-0.679737
-0.688507
-0.696861
-0.70476
-0.71218
-0.719111
-0.725523
-0.731396
-0.736711
-0.741488
-0.745705
-0.749281
-0.752036
-0.75432
-0.756046
-0.757361
-0.758185
-0.757558
-0.756219
-0.754647
-0.752484
-0.749807
-0.746589
-0.742447
-0.737799
-0.732701
-0.72707
-0.720918
-0.714266
-0.707136
-0.699555
-0.691554
-0.683166
-0.674457
-0.665472
-0.656176
-0.646501
-0.636682
-0.626764
-0.616737
-0.606639
-0.596519
-0.586448
-0.576381
-0.566315
-0.556243
-0.546314
-0.536533
-0.526886
-0.517394
-0.508093
-0.498979
-0.489894
-0.481029
-0.472392
-0.46395
-0.455691
-0.447603
-0.43968
-0.431933
-0.424353
-0.416929
-0.409654
-0.40252
-0.395526
-0.388671
-0.381956
-0.375307
-0.368733
-0.362203
-0.35575
-0.349449
-0.343249
-0.337151
-0.331157
-0.325262
-0.31948
-0.313815
-0.308268
-0.30284
-0.29753
-0.292338
-0.287261
-0.282295
-0.277435
-0.272678
-0.268025
-0.26347
-0.258983
-0.254513
-0.25017
-0.245918
-0.241756
-0.237684
-0.233705
-0.229817
-0.226006
-0.222247
-0.218594
-0.215024
-0.211536
-0.208129
-0.204801
-0.201548
-0.198367
-0.195255
-0.192207
-0.189204
-0.186246
-0.183355
-0.18052
-0.17774
-0.175011
-0.172331
-0.169696
-0.167102
-0.164543
-0.162014
-0.159512
-0.157033
-0.154573
-0.152126
-0.14969
-0.14726
-0.144822
-0.142386
-0.139959
-0.13754
-0.135127
-0.132707
-0.130279
-0.127849
-0.125436
-0.123039
-0.120663
-0.118312
-0.115985
-0.113684
-0.111407
-0.109153
-0.10692
-0.104706
-0.102508
-0.100325
-0.0981553
-0.0959903
-0.093835
-0.0917046
-0.0895971
-0.0875144
-0.0854559
-0.0834182
-0.0813982
-0.0794078
-0.0774468
-0.0755168
-0.0736182
-0.0717503
-0.0699119
-0.0681021
-0.0663192
-0.0645573
-0.0628118
-0.0610923
-0.0593979
-0.0577319
-0.0560983
-0.0545008
-0.0529429
-0.0514268
-0.0499539
-0.0485243
-0.0471371
-0.04579
-0.0444801
-0.043206
-0.0419687
-0.0407759
-0.039631
-0.0385357
-0.0374931
-0.0365056
-0.0355748
-0.0347017
-0.0338864
-0.0331282
-0.0324252
-0.0317747
-0.0311732
-0.0306163
-0.030104
-0.0296479
-0.0292538
-0.0289232
-0.0286549
-0.0284468
-0.0282969
-0.0282087
-0.0281825
-0.0282176
-0.0283115
-0.0284606
-0.0286601
-0.0289043
-0.0291871
-0.0295017
-0.029845
-0.0302218
-0.0306339
-0.0310801
-0.0315575
-0.0320623
-0.032589
-0.0331312
-0.0336831
-0.0342385
-0.0347901
-0.0353302
-0.0358506
-0.0363434
-0.0368009
-0.0372168
-0.0375849
-0.0378993
-0.0381538
-0.0383418
-0.0384572
-0.0384937
-0.0384458
-0.0383085
-0.0380777
-0.0377503
-0.0373239
-0.0367976
-0.0361715
-0.0354468
-0.0346259
-0.0337123
-0.0327104
-0.0316255
-0.0304639
-0.0292328
-0.0279401
-0.0265945
-0.0252052
-0.023782
-0.022335
-0.0208745
-0.019411
-0.0179548
-0.0165162
-0.0151051
-0.0137308
-0.0124021
-0.0111271
-0.00991284
-0.00876548
-0.0076901
-0.00669064
-0.00576986
-0.00492932
-0.00416938
-0.00348924
-0.00288702
-0.0023598
-0.00190378
-0.00151438
-0.00118641
-0.000914226
-0.000691892
-0.000513371
-0.000372676
-0.000264025
-0.000181976
-0.000121533
-7.8226e-05
-4.816e-05
-2.80344e-05
-1.51342e-05
-7.29691e-06
-2.86038e-06
-0.447252
-0.459058
-0.470926
-0.48283
-0.494781
-0.50675
-0.518718
-0.530666
-0.542573
-0.554419
-0.566182
-0.577838
-0.589364
-0.600735
-0.611927
-0.622962
-0.633799
-0.644294
-0.654459
-0.664255
-0.673809
-0.683005
-0.691812
-0.700201
-0.708148
-0.715627
-0.722614
-0.72909
-0.735076
-0.740543
-0.745366
-0.74944
-0.753002
-0.755984
-0.758344
-0.760154
-0.761362
-0.76172
-0.761288
-0.760306
-0.758923
-0.757031
-0.754262
-0.75028
-0.746018
-0.741266
-0.735921
-0.729981
-0.723468
-0.716408
-0.708831
-0.700772
-0.692269
-0.683377
-0.674172
-0.664626
-0.654758
-0.644707
-0.634521
-0.624232
-0.613882
-0.603516
-0.593195
-0.58292
-0.572623
-0.562504
-0.552526
-0.542716
-0.533118
-0.523682
-0.514406
-0.505279
-0.496419
-0.487778
-0.479354
-0.471146
-0.463153
-0.455372
-0.447797
-0.440421
-0.433235
-0.426227
-0.419399
-0.412763
-0.406242
-0.399797
-0.393391
-0.387081
-0.380914
-0.374845
-0.368879
-0.363019
-0.357268
-0.35163
-0.346098
-0.340667
-0.335352
-0.330146
-0.325049
-0.320057
-0.31517
-0.310384
-0.305696
-0.301103
-0.2966
-0.292185
-0.287856
-0.283594
-0.27939
-0.275282
-0.271257
-0.267317
-0.263461
-0.259692
-0.256003
-0.25237
-0.248809
-0.245327
-0.24192
-0.238584
-0.235318
-0.232121
-0.228986
-0.225911
-0.222891
-0.21992
-0.216988
-0.214099
-0.211256
-0.208456
-0.205695
-0.202973
-0.200284
-0.197627
-0.194996
-0.192388
-0.189799
-0.187223
-0.184657
-0.182099
-0.179543
-0.176988
-0.174429
-0.171861
-0.169291
-0.166716
-0.164138
-0.161556
-0.15897
-0.15637
-0.153754
-0.151147
-0.148552
-0.145975
-0.143419
-0.140888
-0.138384
-0.135907
-0.133456
-0.131032
-0.128632
-0.126258
-0.123907
-0.121579
-0.119272
-0.116993
-0.114748
-0.112541
-0.110373
-0.108246
-0.106162
-0.10412
-0.102123
-0.100173
-0.0982696
-0.0964133
-0.0946025
-0.0928358
-0.0911105
-0.0894243
-0.0877744
-0.0861568
-0.0845679
-0.0830075
-0.0814815
-0.0799942
-0.0785492
-0.0771496
-0.0757974
-0.0744939
-0.0732394
-0.0720333
-0.0708744
-0.0697609
-0.0686905
-0.0676607
-0.0666689
-0.0657133
-0.0647952
-0.0639157
-0.0630753
-0.0622741
-0.0615118
-0.0607876
-0.0601
-0.0594474
-0.0588278
-0.058239
-0.057679
-0.0571463
-0.056642
-0.0561662
-0.0557182
-0.0552965
-0.0548996
-0.0545253
-0.0541716
-0.0538361
-0.053516
-0.053208
-0.0529089
-0.052615
-0.0523225
-0.0520278
-0.0517277
-0.0514195
-0.0511007
-0.0507693
-0.0504228
-0.0500586
-0.0496737
-0.0492649
-0.0488292
-0.0483635
-0.047865
-0.0473306
-0.0467577
-0.0461437
-0.0454866
-0.0447843
-0.0440354
-0.0432384
-0.0423925
-0.0414968
-0.0405513
-0.0395559
-0.0385113
-0.0374186
-0.0362794
-0.035096
-0.0338709
-0.0326076
-0.0313097
-0.0299815
-0.0286277
-0.0272535
-0.0258642
-0.0244658
-0.023064
-0.0216651
-0.0202753
-0.0189008
-0.0175479
-0.0162225
-0.0149306
-0.0136776
-0.0124687
-0.0113087
-0.0102017
-0.00915157
-0.00816121
-0.00723305
-0.00636881
-0.00556951
-0.00483548
-0.00416634
-0.00356104
-0.00301793
-0.00253475
-0.00210872
-0.00173663
-0.00141488
-0.00113958
-0.000906672
-0.000711959
-0.000551238
-0.000420366
-0.000315341
-0.000232369
-0.000167917
-0.000118761
-8.20114e-05
-5.51323e-05
-3.59431e-05
-2.26098e-05
-1.36255e-05
-7.78223e-06
-4.13815e-06
-1.9802e-06
-7.86325e-07
-0.432061
-0.443909
-0.455846
-0.467835
-0.479853
-0.491931
-0.504034
-0.51614
-0.528231
-0.540286
-0.552281
-0.564197
-0.576008
-0.587686
-0.599216
-0.610582
-0.621787
-0.632732
-0.643355
-0.653622
-0.663654
-0.673372
-0.682729
-0.691702
-0.700266
-0.708398
-0.716087
-0.723334
-0.730126
-0.736358
-0.742016
-0.747018
-0.751539
-0.755522
-0.758919
-0.761716
-0.763904
-0.765476
-0.766426
-0.766768
-0.766655
-0.766124
-0.764626
-0.762371
-0.759035
-0.755462
-0.751382
-0.746696
-0.741415
-0.735559
-0.72915
-0.722217
-0.714792
-0.70691
-0.698614
-0.689974
-0.681019
-0.67172
-0.662141
-0.652395
-0.642533
-0.632574
-0.622561
-0.612545
-0.602558
-0.592621
-0.582796
-0.573101
-0.563566
-0.554231
-0.545083
-0.536051
-0.52728
-0.518738
-0.510419
-0.502326
-0.494459
-0.486815
-0.47939
-0.472177
-0.465167
-0.458347
-0.451706
-0.445231
-0.438932
-0.432788
-0.426651
-0.420611
-0.414714
-0.408924
-0.403238
-0.397654
-0.392173
-0.386797
-0.381519
-0.376328
-0.371241
-0.366251
-0.361357
-0.356557
-0.351852
-0.347238
-0.342715
-0.338281
-0.333933
-0.329671
-0.325491
-0.321392
-0.317374
-0.313439
-0.309585
-0.305811
-0.302116
-0.298496
-0.29495
-0.291473
-0.28806
-0.284714
-0.281432
-0.27821
-0.275046
-0.271937
-0.268878
-0.265867
-0.262899
-0.259971
-0.257079
-0.254221
-0.251394
-0.248596
-0.245823
-0.243072
-0.240341
-0.237624
-0.23492
-0.232224
-0.229532
-0.226843
-0.224151
-0.221455
-0.218752
-0.216039
-0.213315
-0.210579
-0.207829
-0.205065
-0.202288
-0.199497
-0.196692
-0.193873
-0.191038
-0.188196
-0.185352
-0.182512
-0.179678
-0.176857
-0.174049
-0.171259
-0.168487
-0.165737
-0.163009
-0.160306
-0.15763
-0.154982
-0.152367
-0.149786
-0.147245
-0.144746
-0.142292
-0.139884
-0.137525
-0.135214
-0.132954
-0.130742
-0.12858
-0.126466
-0.124399
-0.122376
-0.120397
-0.118459
-0.116559
-0.114696
-0.112868
-0.111072
-0.109309
-0.107581
-0.105887
-0.104229
-0.102605
-0.101017
-0.0994644
-0.0979457
-0.0964604
-0.0950075
-0.0935857
-0.0921937
-0.0908303
-0.0894945
-0.0881856
-0.0869028
-0.0856455
-0.0844128
-0.0832036
-0.0820166
-0.0808505
-0.0797038
-0.0785749
-0.0774624
-0.0763649
-0.0752809
-0.074209
-0.0731479
-0.0720959
-0.0710513
-0.0700126
-0.068978
-0.0679455
-0.0669134
-0.0658796
-0.0648423
-0.0637996
-0.0627496
-0.0616907
-0.0606213
-0.0595401
-0.0584456
-0.0573368
-0.0562124
-0.0550714
-0.0539127
-0.0527355
-0.0515391
-0.0503229
-0.0490867
-0.0478301
-0.0465532
-0.0452563
-0.0439398
-0.0426043
-0.0412509
-0.0398806
-0.0384949
-0.0370955
-0.0356842
-0.0342631
-0.0328347
-0.0314015
-0.0299663
-0.0285323
-0.0271027
-0.0256808
-0.0242704
-0.0228749
-0.0214983
-0.0201444
-0.0188168
-0.0175194
-0.0162558
-0.0150296
-0.013844
-0.0127023
-0.0116071
-0.0105612
-0.0095667
-0.00862542
-0.00773881
-0.00690789
-0.00613323
-0.00541498
-0.00475281
-0.004146
-0.00359336
-0.00309334
-0.002644
-0.00224308
-0.00188804
-0.00157607
-0.00130421
-0.00106935
-0.000868278
-0.000697788
-0.000554682
-0.000435839
-0.000338257
-0.000259087
-0.00019567
-0.000145556
-0.000106524
-7.65943e-05
-5.40236e-05
-3.73074e-05
-2.5168e-05
-1.65395e-05
-1.05501e-05
-6.50079e-06
-3.84369e-06
-2.15896e-06
-1.1332e-06
-5.39036e-07
-2.16585e-07
-0.422946
-0.435177
-0.447511
-0.459914
-0.472338
-0.484834
-0.497357
-0.509886
-0.522401
-0.534879
-0.547297
-0.559646
-0.571893
-0.583993
-0.595933
-0.607683
-0.619201
-0.630427
-0.641367
-0.652056
-0.662414
-0.672413
-0.682028
-0.691233
-0.700007
-0.708358
-0.716305
-0.723694
-0.730536
-0.736816
-0.74247
-0.747676
-0.752328
-0.756403
-0.759895
-0.762798
-0.76511
-0.76683
-0.767958
-0.768501
-0.768565
-0.768265
-0.767271
-0.765118
-0.762521
-0.759632
-0.756227
-0.752304
-0.747882
-0.74298
-0.737622
-0.73183
-0.725632
-0.719076
-0.712197
-0.704966
-0.697417
-0.689542
-0.681476
-0.673246
-0.664858
-0.656344
-0.64774
-0.639078
-0.630393
-0.621715
-0.613089
-0.604533
-0.59603
-0.587635
-0.579389
-0.571296
-0.563338
-0.555523
-0.54789
-0.540428
-0.53314
-0.526025
-0.519083
-0.512311
-0.505704
-0.499255
-0.492957
-0.4868
-0.480775
-0.474886
-0.469112
-0.463383
-0.457768
-0.452254
-0.446834
-0.441505
-0.436267
-0.43112
-0.426063
-0.421097
-0.416218
-0.41143
-0.406731
-0.402122
-0.397601
-0.393168
-0.388822
-0.384562
-0.380388
-0.376298
-0.372291
-0.368367
-0.364524
-0.360761
-0.357075
-0.353465
-0.349927
-0.34646
-0.343061
-0.339727
-0.336454
-0.333239
-0.330079
-0.32697
-0.323909
-0.320891
-0.317913
-0.314971
-0.312061
-0.309179
-0.306322
-0.303486
-0.300667
-0.297861
-0.295064
-0.292273
-0.289484
-0.286693
-0.283896
-0.28109
-0.278272
-0.275439
-0.272586
-0.269713
-0.266815
-0.263892
-0.26094
-0.257959
-0.254947
-0.251903
-0.248827
-0.245719
-0.242579
-0.239408
-0.236209
-0.232984
-0.229735
-0.226468
-0.223184
-0.219889
-0.216585
-0.213276
-0.209967
-0.206662
-0.203365
-0.200079
-0.19681
-0.193562
-0.19034
-0.187148
-0.183991
-0.180873
-0.177797
-0.174766
-0.171783
-0.168851
-0.165969
-0.163138
-0.160358
-0.157627
-0.154944
-0.152306
-0.14971
-0.147153
-0.144633
-0.142146
-0.139692
-0.137267
-0.13487
-0.132499
-0.130152
-0.127829
-0.125529
-0.123252
-0.120998
-0.118769
-0.116564
-0.114384
-0.11223
-0.110102
-0.108
-0.105924
-0.103875
-0.101853
-0.0998568
-0.0978866
-0.0959418
-0.0940219
-0.0921261
-0.0902537
-0.0884037
-0.0865753
-0.0847675
-0.0829791
-0.0812092
-0.0794566
-0.07772
-0.0759984
-0.0742904
-0.0725947
-0.0709103
-0.0692358
-0.0675702
-0.0659123
-0.0642612
-0.062616
-0.0609758
-0.0593401
-0.0577083
-0.0560799
-0.0544547
-0.0528325
-0.0512132
-0.049597
-0.0479839
-0.0463744
-0.0447691
-0.0431685
-0.0415734
-0.039985
-0.0384042
-0.0368325
-0.0352712
-0.0337219
-0.0321863
-0.0306663
-0.0291638
-0.0276809
-0.0262198
-0.0247826
-0.0233716
-0.0219891
-0.0206376
-0.0193192
-0.0180364
-0.0167913
-0.0155862
-0.014423
-0.0133037
-0.0122301
-0.0112037
-0.0102258
-0.00929754
-0.00841979
-0.00759312
-0.0068178
-0.00609384
-0.00542092
-0.00479843
-0.00422546
-0.00370083
-0.00322305
-0.00279043
-0.002401
-0.00205263
-0.001743
-0.00146965
-0.00123004
-0.00102154
-0.000841516
-0.000687327
-0.000556379
-0.000446153
-0.00035423
-0.000278317
-0.000216267
-0.000166095
-0.000125989
-9.43142e-05
-6.96162e-05
-5.0618e-05
-3.6214e-05
-2.54606e-05
-1.75643e-05
-1.18684e-05
-7.83834e-06
-5.04629e-06
-3.15618e-06
-1.90915e-06
-1.10988e-06
-6.14337e-07
-3.18892e-07
-1.50989e-07
-6.13231e-08
-0.402785
-0.415155
-0.427642
-0.440234
-0.452887
-0.465625
-0.478416
-0.49124
-0.504074
-0.516898
-0.529695
-0.542488
-0.555174
-0.567702
-0.580016
-0.592184
-0.604204
-0.615993
-0.627519
-0.638751
-0.649658
-0.66021
-0.670379
-0.680138
-0.689471
-0.698413
-0.706891
-0.71479
-0.722146
-0.728906
-0.735216
-0.74097
-0.74615
-0.750762
-0.7548
-0.758258
-0.76114
-0.763446
-0.765182
-0.766396
-0.76719
-0.767451
-0.766735
-0.765546
-0.764041
-0.762045
-0.759574
-0.756644
-0.753277
-0.749493
-0.745315
-0.740769
-0.735919
-0.730788
-0.725277
-0.719406
-0.713277
-0.707
-0.700526
-0.693879
-0.687085
-0.680169
-0.673157
-0.666071
-0.658934
-0.651772
-0.644622
-0.637468
-0.630313
-0.623193
-0.616152
-0.609185
-0.602295
-0.59546
-0.588735
-0.58211
-0.575591
-0.56918
-0.562882
-0.556698
-0.550627
-0.544669
-0.538821
-0.53308
-0.527442
-0.521903
-0.516468
-0.511119
-0.505834
-0.500644
-0.49554
-0.49052
-0.485584
-0.480731
-0.475961
-0.471276
-0.466676
-0.46216
-0.457729
-0.453382
-0.449119
-0.444941
-0.440847
-0.436833
-0.432903
-0.429053
-0.425282
-0.421588
-0.41797
-0.414426
-0.410953
-0.407548
-0.40421
-0.400934
-0.397718
-0.394558
-0.391451
-0.388393
-0.385379
-0.382406
-0.37947
-0.376566
-0.37369
-0.370837
-0.368003
-0.365183
-0.362372
-0.359567
-0.356763
-0.353954
-0.351137
-0.348307
-0.345461
-0.342593
-0.339699
-0.336776
-0.33382
-0.330828
-0.327794
-0.324718
-0.321595
-0.318422
-0.315197
-0.311919
-0.308584
-0.305192
-0.301742
-0.298232
-0.294664
-0.291037
-0.287352
-0.283612
-0.279818
-0.275973
-0.272079
-0.26814
-0.26416
-0.260144
-0.256095
-0.252021
-0.247925
-0.243816
-0.239699
-0.235582
-0.231472
-0.227377
-0.223305
-0.219263
-0.21526
-0.211302
-0.207396
-0.203546
-0.199758
-0.196034
-0.192375
-0.188779
-0.185244
-0.181764
-0.178329
-0.174933
-0.171568
-0.168229
-0.16491
-0.16161
-0.158324
-0.155047
-0.151776
-0.148513
-0.145258
-0.142013
-0.138782
-0.135569
-0.132377
-0.12921
-0.126071
-0.122964
-0.11989
-0.116853
-0.113856
-0.110899
-0.107984
-0.105114
-0.102289
-0.0995086
-0.0967748
-0.0940874
-0.0914463
-0.0888515
-0.0863025
-0.0837988
-0.0813398
-0.0789246
-0.0765525
-0.0742222
-0.0719329
-0.0696832
-0.0674722
-0.0652986
-0.0631614
-0.0610593
-0.0589915
-0.0569569
-0.0549546
-0.0529841
-0.0510444
-0.0491352
-0.047256
-0.0454064
-0.0435862
-0.0417954
-0.0400339
-0.038302
-0.0365998
-0.0349279
-0.0332866
-0.0316766
-0.0300986
-0.0285534
-0.027042
-0.0255654
-0.0241245
-0.0227205
-0.0213546
-0.0200278
-0.0187414
-0.0174965
-0.0162942
-0.0151356
-0.0140216
-0.0129533
-0.0119313
-0.0109565
-0.0100292
-0.00914983
-0.00831864
-0.00753563
-0.00680059
-0.00611316
-0.00547273
-0.00487852
-0.00432952
-0.00382453
-0.00336219
-0.00294091
-0.00255898
-0.00221455
-0.00190561
-0.00163009
-0.00138583
-0.00117062
-0.00098222
-0.000818392
-0.000676928
-0.000555661
-0.000452498
-0.000365428
-0.000292549
-0.000232074
-0.000182343
-0.000141835
-0.000109164
-8.30874e-05
-6.25005e-05
-4.64334e-05
-3.40451e-05
-2.46146e-05
-1.75324e-05
-1.22897e-05
-8.46768e-06
-5.72655e-06
-3.7949e-06
-2.45926e-06
-1.55458e-06
-9.55521e-07
-5.68643e-07
-3.25729e-07
-1.78028e-07
-9.15606e-08
-4.31993e-08
-1.7733e-08
-0.366329
-0.378256
-0.390342
-0.402578
-0.414952
-0.427445
-0.440048
-0.452742
-0.465507
-0.478323
-0.491168
-0.504049
-0.516936
-0.529741
-0.54239
-0.554976
-0.567464
-0.579797
-0.591944
-0.603869
-0.61554
-0.626931
-0.638001
-0.648734
-0.6591
-0.66909
-0.67871
-0.687897
-0.696458
-0.704673
-0.712467
-0.719714
-0.726431
-0.73259
-0.738289
-0.74347
-0.748123
-0.752245
-0.755839
-0.75896
-0.761619
-0.7637
-0.764877
-0.76584
-0.7663
-0.766256
-0.765721
-0.764709
-0.763234
-0.761316
-0.758972
-0.756226
-0.753138
-0.749734
-0.745925
-0.7417
-0.737198
-0.732508
-0.727585
-0.722455
-0.717143
-0.711673
-0.706067
-0.700346
-0.694531
-0.688643
-0.682718
-0.676735
-0.670696
-0.664631
-0.658589
-0.652556
-0.646549
-0.640563
-0.63461
-0.628711
-0.622866
-0.617082
-0.611365
-0.605721
-0.600151
-0.59466
-0.589249
-0.58392
-0.578673
-0.573508
-0.568425
-0.563428
-0.558505
-0.553654
-0.548887
-0.544198
-0.539589
-0.535058
-0.530607
-0.526236
-0.521943
-0.517731
-0.513598
-0.509544
-0.505568
-0.501671
-0.497851
-0.494108
-0.49044
-0.486846
-0.483324
-0.479873
-0.476491
-0.473174
-0.469921
-0.466729
-0.463596
-0.460517
-0.457489
-0.454509
-0.451574
-0.448678
-0.445817
-0.442988
-0.440186
-0.437405
-0.434642
-0.431891
-0.429147
-0.426404
-0.423659
-0.420905
-0.418137
-0.41535
-0.412538
-0.409697
-0.406821
-0.403905
-0.400944
-0.397934
-0.394868
-0.391743
-0.388554
-0.385297
-0.381969
-0.378564
-0.37508
-0.371514
-0.367862
-0.364123
-0.360294
-0.356374
-0.35236
-0.348254
-0.344053
-0.33976
-0.335373
-0.330896
-0.32633
-0.321678
-0.316943
-0.31213
-0.307245
-0.302292
-0.29728
-0.292216
-0.287109
-0.281971
-0.276811
-0.271642
-0.266478
-0.26133
-0.256215
-0.251145
-0.246134
-0.241196
-0.236343
-0.231586
-0.226933
-0.222391
-0.217959
-0.213616
-0.209337
-0.205092
-0.200859
-0.196622
-0.19237
-0.188096
-0.18379
-0.179451
-0.175075
-0.170665
-0.166231
-0.161781
-0.157326
-0.152877
-0.148443
-0.144034
-0.139659
-0.135325
-0.131039
-0.126807
-0.122636
-0.118531
-0.114496
-0.110536
-0.106654
-0.102853
-0.0991345
-0.095501
-0.0919538
-0.088494
-0.0851221
-0.0818385
-0.0786431
-0.0755354
-0.0725148
-0.0695801
-0.06673
-0.063963
-0.0612772
-0.058671
-0.0561423
-0.0536892
-0.0513097
-0.0490019
-0.0467638
-0.0445937
-0.0424898
-0.0404505
-0.0384741
-0.0365591
-0.0347042
-0.032908
-0.0311692
-0.0294869
-0.0278598
-0.026287
-0.0247677
-0.0233012
-0.0218867
-0.0205236
-0.0192114
-0.0179497
-0.0167381
-0.0155761
-0.0144635
-0.0133999
-0.0123851
-0.0114185
-0.0105
-0.00962898
-0.00880507
-0.00802769
-0.00729619
-0.00660985
-0.00596783
-0.00536918
-0.00481287
-0.00429772
-0.00382245
-0.00338567
-0.0029859
-0.00262155
-0.00229095
-0.00199236
-0.00172398
-0.00148396
-0.00127041
-0.00108146
-0.000915204
-0.000769783
-0.00064336
-0.000534151
-0.000440434
-0.000360564
-0.00029298
-0.000236217
-0.000188911
-0.000149805
-0.000117747
-9.16975e-05
-7.07232e-05
-5.39962e-05
-4.07892e-05
-3.047e-05
-2.24953e-05
-1.6403e-05
-1.18047e-05
-8.37808e-06
-5.85878e-06
-4.03277e-06
-2.72917e-06
-1.81345e-06
-1.18122e-06
-7.52792e-07
-4.68287e-07
-2.83464e-07
-1.66317e-07
-9.40601e-08
-5.08584e-08
-2.59533e-08
-1.22232e-08
-5.06885e-09
-0.320026
-0.330948
-0.342076
-0.3534
-0.364914
-0.376607
-0.388466
-0.400478
-0.412629
-0.424902
-0.43728
-0.449745
-0.462279
-0.474884
-0.487517
-0.500119
-0.512688
-0.525208
-0.537681
-0.550053
-0.5623
-0.574401
-0.586329
-0.598056
-0.609558
-0.620809
-0.631792
-0.642495
-0.652856
-0.662861
-0.67254
-0.681891
-0.690807
-0.699304
-0.707324
-0.714957
-0.722143
-0.728866
-0.735113
-0.74089
-0.746252
-0.751114
-0.755154
-0.758868
-0.762091
-0.764793
-0.766978
-0.76865
-0.769817
-0.770487
-0.770675
-0.770396
-0.76967
-0.768556
-0.767075
-0.765159
-0.762709
-0.760026
-0.757075
-0.75384
-0.750348
-0.746623
-0.742685
-0.738555
-0.734253
-0.729796
-0.725212
-0.720523
-0.715702
-0.710768
-0.705767
-0.700719
-0.695622
-0.690494
-0.685334
-0.680168
-0.675002
-0.669844
-0.664705
-0.659592
-0.654514
-0.649477
-0.644488
-0.639552
-0.634672
-0.629853
-0.625098
-0.620408
-0.615787
-0.611236
-0.606754
-0.602344
-0.598009
-0.593747
-0.589561
-0.585449
-0.581412
-0.577451
-0.573565
-0.569754
-0.566017
-0.562353
-0.558763
-0.555244
-0.551795
-0.548415
-0.545103
-0.541857
-0.538674
-0.535552
-0.53249
-0.529483
-0.52653
-0.523627
-0.520771
-0.517958
-0.515185
-0.512447
-0.50974
-0.50706
-0.504402
-0.501761
-0.499131
-0.496508
-0.493886
-0.49126
-0.488622
-0.485968
-0.483291
-0.480585
-0.477844
-0.475062
-0.472231
-0.469346
-0.4664
-0.463386
-0.4603
-0.457134
-0.453883
-0.45054
-0.447101
-0.44356
-0.439912
-0.436152
-0.432276
-0.42828
-0.424161
-0.419915
-0.41554
-0.411033
-0.406393
-0.401619
-0.396711
-0.391669
-0.386494
-0.381189
-0.375756
-0.370201
-0.364527
-0.358742
-0.352855
-0.346875
-0.340814
-0.334685
-0.328505
-0.32229
-0.316059
-0.309834
-0.303638
-0.297493
-0.291423
-0.285453
-0.279605
-0.273909
-0.268395
-0.263092
-0.258016
-0.253133
-0.248347
-0.243566
-0.238727
-0.233789
-0.228721
-0.223503
-0.218137
-0.212623
-0.20697
-0.201197
-0.195327
-0.189386
-0.183402
-0.177401
-0.171407
-0.165436
-0.159502
-0.153616
-0.147792
-0.142042
-0.136377
-0.13081
-0.125349
-0.120002
-0.114775
-0.109674
-0.104704
-0.0998668
-0.0951677
-0.0906093
-0.0861945
-0.0819252
-0.0778031
-0.0738286
-0.0700017
-0.0663215
-0.0627864
-0.059394
-0.0561415
-0.0530258
-0.0500431
-0.0471898
-0.0444621
-0.041856
-0.0393679
-0.0369941
-0.0347308
-0.0325745
-0.0305218
-0.028569
-0.0267129
-0.0249498
-0.0232764
-0.0216893
-0.0201853
-0.0187611
-0.0174134
-0.0161392
-0.0149355
-0.0137994
-0.0127281
-0.011719
-0.0107695
-0.00987717
-0.00903968
-0.00825482
-0.00752045
-0.00683451
-0.00619502
-0.00560006
-0.00504775
-0.00453627
-0.0040638
-0.00362858
-0.00322884
-0.00286283
-0.0025288
-0.00222503
-0.00194979
-0.00170136
-0.00147805
-0.00127816
-0.00110004
-0.00094205
-0.000802602
-0.000680142
-0.000573167
-0.000480232
-0.000399957
-0.000331029
-0.00027221
-0.00022234
-0.00018034
-0.000145213
-0.000116047
-9.20115e-05
-7.23584e-05
-5.64191e-05
-4.36008e-05
-3.33831e-05
-2.53129e-05
-1.89997e-05
-1.41102e-05
-1.03628e-05
-7.52193e-06
-5.39292e-06
-3.81648e-06
-2.6639e-06
-1.83239e-06
-1.24093e-06
-8.26456e-07
-5.40609e-07
-3.46791e-07
-2.17771e-07
-1.3356e-07
-7.97734e-08
-4.62295e-08
-2.58611e-08
-1.38563e-08
-7.02581e-09
-3.30821e-09
-1.38729e-09
-0.274804
-0.284468
-0.294358
-0.30447
-0.314801
-0.325343
-0.336089
-0.347031
-0.35816
-0.369464
-0.380933
-0.392554
-0.404313
-0.416196
-0.428188
-0.440273
-0.452442
-0.464689
-0.476978
-0.489267
-0.50155
-0.513839
-0.526114
-0.538337
-0.550494
-0.562575
-0.574552
-0.586401
-0.598102
-0.609628
-0.620952
-0.63206
-0.642924
-0.653541
-0.663864
-0.673843
-0.683452
-0.692715
-0.701609
-0.710101
-0.718197
-0.725877
-0.733033
-0.739646
-0.745818
-0.75151
-0.756698
-0.761373
-0.765536
-0.769182
-0.772321
-0.77496
-0.777109
-0.778804
-0.780105
-0.780945
-0.781225
-0.781051
-0.780621
-0.779836
-0.778711
-0.777268
-0.775526
-0.773502
-0.771212
-0.768671
-0.765896
-0.762913
-0.759733
-0.756341
-0.752761
-0.749036
-0.74518
-0.741201
-0.737115
-0.732939
-0.728688
-0.724374
-0.72001
-0.715607
-0.711183
-0.706736
-0.70229
-0.697849
-0.693422
-0.689018
-0.684644
-0.680306
-0.67601
-0.671761
-0.667563
-0.66342
-0.659336
-0.655312
-0.651351
-0.647455
-0.643626
-0.639863
-0.636169
-0.632543
-0.628986
-0.625498
-0.622078
-0.618725
-0.61544
-0.612221
-0.609067
-0.605976
-0.602948
-0.599979
-0.597069
-0.594214
-0.591413
-0.588662
-0.585959
-0.5833
-0.580681
-0.578099
-0.57555
-0.573029
-0.570532
-0.568053
-0.565588
-0.563131
-0.560675
-0.558216
-0.555746
-0.55326
-0.550749
-0.548208
-0.545628
-0.543002
-0.540324
-0.537584
-0.534775
-0.53189
-0.528919
-0.525857
-0.522694
-0.519423
-0.516038
-0.512529
-0.508891
-0.505117
-0.501201
-0.497137
-0.49292
-0.488544
-0.484006
-0.479302
-0.47443
-0.469386
-0.464171
-0.458783
-0.453223
-0.447494
-0.441598
-0.43554
-0.429326
-0.422965
-0.416467
-0.409844
-0.403114
-0.396293
-0.389404
-0.382473
-0.375528
-0.368602
-0.361731
-0.354953
-0.348303
-0.341804
-0.335485
-0.329393
-0.323597
-0.318164
-0.313092
-0.3083
-0.303637
-0.298877
-0.293888
-0.288588
-0.282919
-0.276859
-0.270418
-0.263627
-0.256515
-0.249129
-0.241519
-0.23374
-0.225851
-0.217908
-0.209967
-0.202051
-0.194166
-0.186322
-0.178538
-0.170838
-0.16325
-0.155797
-0.148498
-0.141364
-0.134398
-0.127602
-0.120981
-0.114538
-0.10828
-0.102215
-0.096351
-0.0906947
-0.0852526
-0.0800294
-0.0750279
-0.0702493
-0.0656926
-0.0613553
-0.0572332
-0.0533208
-0.0496113
-0.0460979
-0.0427736
-0.0396316
-0.0366656
-0.0338697
-0.0312382
-0.0287658
-0.026447
-0.0242765
-0.0222489
-0.0203585
-0.0185996
-0.0169661
-0.0154522
-0.0140516
-0.0127582
-0.0115659
-0.0104686
-0.00946024
-0.00853514
-0.00768765
-0.00691237
-0.00620415
-0.0055581
-0.00496959
-0.00443427
-0.00394806
-0.00350716
-0.00310799
-0.00274725
-0.00242186
-0.00212895
-0.00186586
-0.00163012
-0.00141942
-0.00123164
-0.00106476
-0.000916939
-0.000786443
-0.000671659
-0.000571083
-0.000483317
-0.000407059
-0.000341102
-0.000284328
-0.000235705
-0.000194281
-0.000159186
-0.000129624
-0.000104873
-8.42814e-05
-6.72618e-05
-5.3291e-05
-4.19044e-05
-3.2693e-05
-2.52987e-05
-1.94107e-05
-1.47615e-05
-1.11224e-05
-8.29984e-06
-6.13135e-06
-4.48183e-06
-3.24e-06
-2.31523e-06
-1.63432e-06
-1.13891e-06
-7.8295e-07
-5.30537e-07
-3.54029e-07
-2.32389e-07
-1.49885e-07
-9.4846e-08
-5.87753e-08
-3.56029e-08
-2.10132e-08
-1.20469e-08
-6.67706e-09
-3.54996e-09
-1.79285e-09
-8.48282e-10
-3.56955e-10
-0.236986
-0.24544
-0.254123
-0.263033
-0.272169
-0.281528
-0.291105
-0.300895
-0.310895
-0.321097
-0.331495
-0.342082
-0.35285
-0.36379
-0.374894
-0.386151
-0.397551
-0.409086
-0.420743
-0.432515
-0.444388
-0.456379
-0.468443
-0.48054
-0.492661
-0.504821
-0.517027
-0.529246
-0.541449
-0.553617
-0.565727
-0.577756
-0.589678
-0.601471
-0.613109
-0.624568
-0.635839
-0.646877
-0.65765
-0.668125
-0.678318
-0.688193
-0.69775
-0.706897
-0.715648
-0.723949
-0.731857
-0.739321
-0.74633
-0.752875
-0.758948
-0.764547
-0.769671
-0.77434
-0.778586
-0.782414
-0.785695
-0.788351
-0.790781
-0.792849
-0.794505
-0.795783
-0.796683
-0.79726
-0.797502
-0.797413
-0.797007
-0.796293
-0.795281
-0.793992
-0.79245
-0.790635
-0.788574
-0.786272
-0.783766
-0.781088
-0.778247
-0.775252
-0.772118
-0.768858
-0.765488
-0.762018
-0.758469
-0.75485
-0.75118
-0.747469
-0.743729
-0.73997
-0.736204
-0.732438
-0.728681
-0.724941
-0.721224
-0.717537
-0.713884
-0.710269
-0.706698
-0.703172
-0.699695
-0.69627
-0.692898
-0.689581
-0.686321
-0.683119
-0.679977
-0.676893
-0.673869
-0.670905
-0.667999
-0.665153
-0.662364
-0.659632
-0.656955
-0.654331
-0.651757
-0.649233
-0.646754
-0.644318
-0.641921
-0.63956
-0.63723
-0.634926
-0.632645
-0.63038
-0.628126
-0.625878
-0.623627
-0.621369
-0.619095
-0.616799
-0.614472
-0.612106
-0.609693
-0.607224
-0.60469
-0.602083
-0.599392
-0.59661
-0.593725
-0.59073
-0.587615
-0.584372
-0.580991
-0.577464
-0.573784
-0.569943
-0.565934
-0.561751
-0.55739
-0.552845
-0.548114
-0.543193
-0.538082
-0.532781
-0.52729
-0.521614
-0.515756
-0.509724
-0.503526
-0.497173
-0.490679
-0.484063
-0.477345
-0.47055
-0.463708
-0.456856
-0.450034
-0.443288
-0.436675
-0.430247
-0.42405
-0.418105
-0.412361
-0.406866
-0.401714
-0.396948
-0.392491
-0.388154
-0.383871
-0.379326
-0.37435
-0.36884
-0.362724
-0.35596
-0.34856
-0.340578
-0.332059
-0.323066
-0.313671
-0.303952
-0.294001
-0.28391
-0.273757
-0.263595
-0.253404
-0.243182
-0.232968
-0.222817
-0.212796
-0.202971
-0.193395
-0.184079
-0.17499
-0.166096
-0.15738
-0.148841
-0.140489
-0.132342
-0.124422
-0.116751
-0.10935
-0.102236
-0.0954229
-0.0889196
-0.0827309
-0.0768578
-0.0712967
-0.0660381
-0.0610673
-0.0563677
-0.0519244
-0.047725
-0.0437599
-0.040022
-0.0365058
-0.0332066
-0.0301203
-0.0272424
-0.0245683
-0.0220924
-0.0198084
-0.0177094
-0.0157875
-0.0140344
-0.0124411
-0.0109984
-0.00969662
-0.00852619
-0.00747744
-0.00654088
-0.0057072
-0.00496743
-0.004313
-0.00373574
-0.003228
-0.00278261
-0.00239296
-0.00205294
-0.00175696
-0.00149994
-0.00127729
-0.00108486
-0.000918949
-0.000776239
-0.000653783
-0.000548967
-0.000459482
-0.00038329
-0.000318599
-0.000263838
-0.000217629
-0.000178768
-0.000146203
-0.000119019
-9.64183e-05
-7.77104e-05
-6.2296e-05
-4.96575e-05
-3.93489e-05
-3.09868e-05
-2.42432e-05
-1.88381e-05
-1.45339e-05
-1.11296e-05
-8.45637e-06
-6.37289e-06
-4.76183e-06
-3.52637e-06
-2.58712e-06
-1.87952e-06
-1.35149e-06
-9.61403e-07
-6.76197e-07
-4.69977e-07
-3.22563e-07
-2.18468e-07
-1.45908e-07
-9.59935e-08
-6.21519e-08
-3.95592e-08
-2.47156e-08
-1.51409e-08
-9.05446e-09
-5.30224e-09
-3.01183e-09
-1.65988e-09
-8.77101e-10
-4.54185e-10
-2.32255e-10
-1.03038e-10
-0.207323
-0.214741
-0.222382
-0.230246
-0.238331
-0.246635
-0.255157
-0.263895
-0.272844
-0.282002
-0.291366
-0.300929
-0.310688
-0.320637
-0.330771
-0.341083
-0.351567
-0.362218
-0.373022
-0.383978
-0.395075
-0.406302
-0.417654
-0.429144
-0.440737
-0.452403
-0.464121
-0.47593
-0.48781
-0.499733
-0.511682
-0.52364
-0.535587
-0.547505
-0.559373
-0.571173
-0.582885
-0.59449
-0.605967
-0.6173
-0.628473
-0.639447
-0.650206
-0.660732
-0.671021
-0.681058
-0.690803
-0.700238
-0.709327
-0.718106
-0.726537
-0.734608
-0.742312
-0.74964
-0.75663
-0.763324
-0.769541
-0.775288
-0.780548
-0.785547
-0.790189
-0.794472
-0.798414
-0.801975
-0.805154
-0.807992
-0.81049
-0.812623
-0.814376
-0.815791
-0.81686
-0.81759
-0.818017
-0.818159
-0.817976
-0.817357
-0.81658
-0.815561
-0.814304
-0.812825
-0.811139
-0.809271
-0.807226
-0.804995
-0.802643
-0.800162
-0.797568
-0.794874
-0.792096
-0.789243
-0.78633
-0.783366
-0.780364
-0.77733
-0.774275
-0.771204
-0.768126
-0.765046
-0.761972
-0.758908
-0.755861
-0.752836
-0.749836
-0.746868
-0.743935
-0.74104
-0.738187
-0.735378
-0.732616
-0.729903
-0.72724
-0.724627
-0.722067
-0.71956
-0.717104
-0.7147
-0.712346
-0.710041
-0.707783
-0.70557
-0.703399
-0.701266
-0.699169
-0.697102
-0.695061
-0.693042
-0.691038
-0.689043
-0.687052
-0.685056
-0.683049
-0.681023
-0.678969
-0.676879
-0.674744
-0.672555
-0.670303
-0.667977
-0.665569
-0.663068
-0.660465
-0.65775
-0.654915
-0.65195
-0.648848
-0.6456
-0.642201
-0.638643
-0.634922
-0.631036
-0.62698
-0.622755
-0.618361
-0.6138
-0.609078
-0.6042
-0.599174
-0.594012
-0.588726
-0.583331
-0.577847
-0.572294
-0.566697
-0.561084
-0.555485
-0.549936
-0.544475
-0.539142
-0.533986
-0.529059
-0.524372
-0.51989
-0.515611
-0.511526
-0.507541
-0.503552
-0.49953
-0.495254
-0.490839
-0.486111
-0.480916
-0.475143
-0.46873
-0.461629
-0.453805
-0.445286
-0.436092
-0.426265
-0.415859
-0.404938
-0.393588
-0.3819
-0.369918
-0.357639
-0.345128
-0.33241
-0.319551
-0.306667
-0.293897
-0.281389
-0.269271
-0.257619
-0.246266
-0.235076
-0.223966
-0.212915
-0.20194
-0.191084
-0.180399
-0.169941
-0.159767
-0.149921
-0.140444
-0.131362
-0.122695
-0.114458
-0.106666
-0.0993145
-0.0923614
-0.0857528
-0.0794443
-0.0734079
-0.067629
-0.0621028
-0.0568308
-0.0518182
-0.0470714
-0.0425963
-0.0383973
-0.0344767
-0.0308341
-0.0274667
-0.0243689
-0.0215334
-0.0189508
-0.01661
-0.0144991
-0.0126048
-0.0109133
-0.00941018
-0.00808109
-0.00691152
-0.00588726
-0.00499452
-0.00422007
-0.00355136
-0.00297664
-0.00248494
-0.00206618
-0.00171116
-0.00141152
-0.00115973
-0.000949083
-0.000773626
-0.000628109
-0.000507939
-0.000409124
-0.00032821
-0.000262234
-0.000208662
-0.000165345
-0.000130467
-0.000102501
-8.01745e-05
-6.24261e-05
-4.83793e-05
-3.7312e-05
-2.86323e-05
-2.18574e-05
-1.65952e-05
-1.25288e-05
-9.40293e-06
-7.01343e-06
-5.19734e-06
-3.82541e-06
-2.79559e-06
-2.02774e-06
-1.45923e-06
-1.04143e-06
-7.36785e-07
-5.16478e-07
-3.58532e-07
-2.46353e-07
-1.6744e-07
-1.12503e-07
-7.46694e-08
-4.89257e-08
-3.1601e-08
-2.01306e-08
-1.26043e-08
-7.76148e-09
-4.68986e-09
-2.7792e-09
-1.60655e-09
-9.09676e-10
-5.01252e-10
-2.57356e-10
-1.56515e-10
-6.18715e-11
-5.16365e-11
-0.183648
-0.190155
-0.196873
-0.2038
-0.210938
-0.218285
-0.225841
-0.233604
-0.241574
-0.249747
-0.258121
-0.266694
-0.275461
-0.28442
-0.293565
-0.302891
-0.312395
-0.322069
-0.331908
-0.341906
-0.352058
-0.362349
-0.372781
-0.383341
-0.394026
-0.40484
-0.415732
-0.426705
-0.43778
-0.448931
-0.460148
-0.471418
-0.482728
-0.494066
-0.505419
-0.516775
-0.52812
-0.539443
-0.55073
-0.561968
-0.573144
-0.584246
-0.595259
-0.606172
-0.616967
-0.627643
-0.638161
-0.648535
-0.658745
-0.668774
-0.678607
-0.688234
-0.697646
-0.70683
-0.715772
-0.724495
-0.733037
-0.741295
-0.749181
-0.756711
-0.76392
-0.770968
-0.777771
-0.784285
-0.790496
-0.796401
-0.801969
-0.807183
-0.812028
-0.816523
-0.820646
-0.824391
-0.82776
-0.83081
-0.833484
-0.835729
-0.837574
-0.83906
-0.840282
-0.841203
-0.841835
-0.8422
-0.842312
-0.842164
-0.841776
-0.841195
-0.840414
-0.839448
-0.838309
-0.83701
-0.835572
-0.833972
-0.832262
-0.830433
-0.828496
-0.82646
-0.824334
-0.822129
-0.819853
-0.817517
-0.815129
-0.812698
-0.810235
-0.807747
-0.805243
-0.802731
-0.800218
-0.797711
-0.795218
-0.792743
-0.790294
-0.787873
-0.785487
-0.783139
-0.780833
-0.778571
-0.776356
-0.774188
-0.77207
-0.770001
-0.767981
-0.766009
-0.764084
-0.762203
-0.760365
-0.758566
-0.756801
-0.755068
-0.753362
-0.751676
-0.750006
-0.748345
-0.746686
-0.745022
-0.743345
-0.741648
-0.739923
-0.73816
-0.736351
-0.734488
-0.732562
-0.730565
-0.728488
-0.726323
-0.724063
-0.721703
-0.719235
-0.716656
-0.713963
-0.711153
-0.708227
-0.705186
-0.702034
-0.698775
-0.695418
-0.691972
-0.688449
-0.684862
-0.681228
-0.677564
-0.673889
-0.670223
-0.666587
-0.663001
-0.659486
-0.65606
-0.652738
-0.649535
-0.646461
-0.643547
-0.640769
-0.638
-0.635151
-0.632386
-0.629692
-0.626812
-0.623506
-0.619624
-0.615139
-0.610245
-0.605049
-0.599301
-0.593053
-0.586251
-0.578875
-0.570882
-0.56224
-0.55293
-0.542945
-0.532294
-0.521017
-0.50913
-0.496592
-0.483402
-0.469621
-0.455416
-0.44088
-0.426169
-0.411469
-0.396981
-0.382859
-0.369117
-0.355634
-0.342178
-0.328568
-0.314778
-0.300845
-0.286849
-0.27289
-0.259077
-0.245517
-0.232305
-0.219519
-0.207214
-0.195406
-0.184109
-0.17336
-0.16321
-0.153626
-0.144419
-0.135474
-0.126728
-0.118155
-0.109762
-0.101569
-0.0936105
-0.0859215
-0.0785373
-0.0714892
-0.0648026
-0.058496
-0.052581
-0.0470632
-0.041943
-0.037217
-0.0328782
-0.0289165
-0.0253187
-0.0220693
-0.0191503
-0.0165424
-0.0142248
-0.0121763
-0.0103752
-0.00879981
-0.00742915
-0.00624278
-0.00522128
-0.00434633
-0.00360082
-0.00296893
-0.00243616
-0.00198933
-0.00161656
-0.00130722
-0.00105188
-0.000842222
-0.000670992
-0.000531889
-0.000419487
-0.000329147
-0.000256927
-0.000199504
-0.000154094
-0.000118379
-9.04455e-05
-6.87192e-05
-5.19162e-05
-3.89953e-05
-2.91173e-05
-2.16103e-05
-1.59395e-05
-1.16822e-05
-8.50611e-06
-6.15191e-06
-4.41841e-06
-3.15065e-06
-2.22995e-06
-1.56614e-06
-1.09111e-06
-7.53788e-07
-5.1619e-07
-3.50226e-07
-2.35313e-07
-1.56493e-07
-1.02932e-07
-6.69217e-08
-4.29668e-08
-2.7217e-08
-1.69911e-08
-1.04377e-08
-6.29393e-09
-3.72762e-09
-2.15887e-09
-1.215e-09
-6.65457e-10
-3.57798e-10
-1.75598e-10
-9.21347e-11
-5.4809e-11
-0.163105
-0.168727
-0.174535
-0.180533
-0.186721
-0.1931
-0.199672
-0.206436
-0.213391
-0.220539
-0.227877
-0.235404
-0.243119
-0.251021
-0.259105
-0.267371
-0.275814
-0.284431
-0.293218
-0.30217
-0.311284
-0.320553
-0.329973
-0.339538
-0.349241
-0.359076
-0.369037
-0.379119
-0.389295
-0.399584
-0.409964
-0.420433
-0.430978
-0.441591
-0.452262
-0.462984
-0.473747
-0.484542
-0.49536
-0.506194
-0.517034
-0.527871
-0.538697
-0.549503
-0.56028
-0.571017
-0.581711
-0.592338
-0.602906
-0.613396
-0.623796
-0.634099
-0.644295
-0.654377
-0.664351
-0.674153
-0.683811
-0.69339
-0.702938
-0.712232
-0.721367
-0.73018
-0.739015
-0.747729
-0.756256
-0.764572
-0.772644
-0.780464
-0.78799
-0.795223
-0.802138
-0.808716
-0.814943
-0.820806
-0.826336
-0.831545
-0.836334
-0.840707
-0.844729
-0.848277
-0.851579
-0.854577
-0.857294
-0.859723
-0.861849
-0.863736
-0.865368
-0.866759
-0.867916
-0.868846
-0.869571
-0.870074
-0.870327
-0.870412
-0.870294
-0.869988
-0.86949
-0.868821
-0.867986
-0.866993
-0.865855
-0.864582
-0.863185
-0.861677
-0.860069
-0.858373
-0.856601
-0.854764
-0.852875
-0.850943
-0.84898
-0.846996
-0.845001
-0.843004
-0.841014
-0.839038
-0.837085
-0.83516
-0.833267
-0.831413
-0.8296
-0.827831
-0.826108
-0.824433
-0.822807
-0.821229
-0.819698
-0.818215
-0.816777
-0.815381
-0.814025
-0.812705
-0.811417
-0.810156
-0.808918
-0.807698
-0.806489
-0.805285
-0.804082
-0.802869
-0.801644
-0.800399
-0.799127
-0.797823
-0.796482
-0.795098
-0.793668
-0.792188
-0.790656
-0.789072
-0.787436
-0.785752
-0.784023
-0.782254
-0.780455
-0.778634
-0.776803
-0.774974
-0.773162
-0.77138
-0.769644
-0.767967
-0.766363
-0.764841
-0.763409
-0.762068
-0.760815
-0.759638
-0.758532
-0.757508
-0.756476
-0.755295
-0.75389
-0.752323
-0.750627
-0.748691
-0.746502
-0.743995
-0.740909
-0.737255
-0.732858
-0.727857
-0.722564
-0.717002
-0.710941
-0.704399
-0.69731
-0.68963
-0.68131
-0.672318
-0.662653
-0.652335
-0.641277
-0.629416
-0.616786
-0.603624
-0.589977
-0.575946
-0.561658
-0.547253
-0.532706
-0.517882
-0.502658
-0.487093
-0.471097
-0.454692
-0.437972
-0.421063
-0.404108
-0.387255
-0.37065
-0.354431
-0.338725
-0.323621
-0.30917
-0.295246
-0.281774
-0.26874
-0.25616
-0.24389
-0.231694
-0.219459
-0.207155
-0.194801
-0.182457
-0.170198
-0.158111
-0.146282
-0.134793
-0.123714
-0.113102
-0.102992
-0.0934058
-0.0843588
-0.0758625
-0.0679256
-0.060552
-0.0537403
-0.0474833
-0.0417683
-0.0365776
-0.0318893
-0.0276777
-0.0239144
-0.0205695
-0.0176119
-0.0150101
-0.0127333
-0.0107513
-0.00903488
-0.00755642
-0.00628969
-0.00521015
-0.00429507
-0.00352355
-0.00287654
-0.00233685
-0.00188908
-0.00151955
-0.00121622
-0.000968541
-0.000767388
-0.000604891
-0.000474324
-0.000369978
-0.000287041
-0.000221482
-0.000169948
-0.000129666
-9.83598e-05
-7.41706e-05
-5.55913e-05
-4.14071e-05
-3.06451e-05
-2.25312e-05
-1.64534e-05
-1.19311e-05
-8.58903e-06
-6.13663e-06
-4.35011e-06
-3.0585e-06
-2.13197e-06
-1.47274e-06
-1.00768e-06
-6.82538e-07
-4.57342e-07
-3.0292e-07
-1.98163e-07
-1.27887e-07
-8.13217e-08
-5.08835e-08
-3.12625e-08
-1.88144e-08
-1.10667e-08
-6.33373e-09
-3.51144e-09
-1.87552e-09
-9.56205e-10
-4.59497e-10
-1.92888e-10
-0.145923
-0.150751
-0.155744
-0.160904
-0.166233
-0.171734
-0.177408
-0.183258
-0.189283
-0.195482
-0.201856
-0.208406
-0.215132
-0.222035
-0.229115
-0.236372
-0.243804
-0.251412
-0.259193
-0.267146
-0.275267
-0.283556
-0.292008
-0.30062
-0.309387
-0.318306
-0.327371
-0.336577
-0.345917
-0.355388
-0.364971
-0.374674
-0.384482
-0.39439
-0.404388
-0.414468
-0.424623
-0.434845
-0.445124
-0.455454
-0.465826
-0.476232
-0.486663
-0.497111
-0.507569
-0.518027
-0.528477
-0.53891
-0.549318
-0.5597
-0.570031
-0.580316
-0.590549
-0.600778
-0.610949
-0.620848
-0.63075
-0.640608
-0.650434
-0.660305
-0.670058
-0.679599
-0.689111
-0.698667
-0.708147
-0.717523
-0.726776
-0.735883
-0.744834
-0.753587
-0.762144
-0.770476
-0.778566
-0.786401
-0.79396
-0.80123
-0.808245
-0.815113
-0.821795
-0.828054
-0.834052
-0.839579
-0.844989
-0.850163
-0.855147
-0.859885
-0.864385
-0.868647
-0.872671
-0.876454
-0.879991
-0.883277
-0.886278
-0.889018
-0.891501
-0.89372
-0.895672
-0.897358
-0.89878
-0.899943
-0.900863
-0.901541
-0.901986
-0.902216
-0.902237
-0.902065
-0.901712
-0.901193
-0.900521
-0.899712
-0.89878
-0.897742
-0.896611
-0.895402
-0.894131
-0.892811
-0.891455
-0.890075
-0.888683
-0.887287
-0.885897
-0.884521
-0.883165
-0.881835
-0.880536
-0.879273
-0.878049
-0.876866
-0.875728
-0.874635
-0.873589
-0.87259
-0.871637
-0.87073
-0.869868
-0.869049
-0.86827
-0.867529
-0.866822
-0.866148
-0.865501
-0.864878
-0.864276
-0.863691
-0.86312
-0.862558
-0.862002
-0.861451
-0.860901
-0.860352
-0.859803
-0.859256
-0.858712
-0.858176
-0.857653
-0.857148
-0.856669
-0.856224
-0.855823
-0.855475
-0.855188
-0.85497
-0.85483
-0.85477
-0.854791
-0.854891
-0.855061
-0.855284
-0.855539
-0.855807
-0.856092
-0.856294
-0.856215
-0.855865
-0.855359
-0.854709
-0.853866
-0.852806
-0.851485
-0.84988
-0.848053
-0.845794
-0.842994
-0.839482
-0.83533
-0.830841
-0.825931
-0.820469
-0.814476
-0.807928
-0.800833
-0.793219
-0.78509
-0.776295
-0.766777
-0.756736
-0.746097
-0.734844
-0.723053
-0.71075
-0.697731
-0.683804
-0.668735
-0.652738
-0.636048
-0.618766
-0.60108
-0.583177
-0.565237
-0.547419
-0.529855
-0.512666
-0.495969
-0.479849
-0.464293
-0.449247
-0.434464
-0.419754
-0.404947
-0.389788
-0.374247
-0.358284
-0.341824
-0.324927
-0.307702
-0.290282
-0.272812
-0.255436
-0.238297
-0.221525
-0.205237
-0.18951
-0.174354
-0.159789
-0.145846
-0.132564
-0.119981
-0.108127
-0.0970263
-0.0866914
-0.0771261
-0.0683239
-0.0602689
-0.052937
-0.046297
-0.040313
-0.0349464
-0.0301574
-0.0259057
-0.0221507
-0.0188519
-0.0159696
-0.0134646
-0.0112993
-0.00943765
-0.00784563
-0.0064914
-0.00534552
-0.00438102
-0.0035734
-0.00290063
-0.00234309
-0.00188341
-0.00150636
-0.00119868
-0.000948919
-0.000747239
-0.000585254
-0.000455857
-0.000353064
-0.000271865
-0.000208095
-0.000158308
-0.000119673
-8.9878e-05
-6.70473e-05
-4.96678e-05
-3.65275e-05
-2.66618e-05
-1.93082e-05
-1.38682e-05
-9.8753e-06
-6.96835e-06
-4.87003e-06
-3.369e-06
-2.30534e-06
-1.55917e-06
-1.04128e-06
-6.85949e-07
-4.45119e-07
-2.84085e-07
-1.77969e-07
-1.09162e-07
-6.53543e-08
-3.80222e-08
-2.13718e-08
-1.15025e-08
-5.84501e-09
-2.73867e-09
-1.1286e-09
-0.131984
-0.136168
-0.140495
-0.144968
-0.149587
-0.154358
-0.15928
-0.164359
-0.169594
-0.174988
-0.180539
-0.186249
-0.192121
-0.198155
-0.204352
-0.210714
-0.21724
-0.223932
-0.230789
-0.23781
-0.244995
-0.252343
-0.259852
-0.267519
-0.275342
-0.283318
-0.291444
-0.299714
-0.308125
-0.316671
-0.325348
-0.334146
-0.343061
-0.352086
-0.361212
-0.370433
-0.379741
-0.389127
-0.398584
-0.408104
-0.417678
-0.427299
-0.436959
-0.44665
-0.456366
-0.466099
-0.475844
-0.485596
-0.495349
-0.505101
-0.514854
-0.524589
-0.534345
-0.544142
-0.553875
-0.56347
-0.573099
-0.58275
-0.592377
-0.602002
-0.611657
-0.62124
-0.630696
-0.640232
-0.649747
-0.659224
-0.668651
-0.678017
-0.68731
-0.696521
-0.705635
-0.714641
-0.723557
-0.732344
-0.740904
-0.749382
-0.757755
-0.766027
-0.774215
-0.782507
-0.790752
-0.798661
-0.806305
-0.813797
-0.821436
-0.828965
-0.836355
-0.843583
-0.850627
-0.857467
-0.864083
-0.870451
-0.876577
-0.882359
-0.887875
-0.893101
-0.898016
-0.902613
-0.906897
-0.910833
-0.914465
-0.917783
-0.920756
-0.923438
-0.925814
-0.927898
-0.929699
-0.931229
-0.932501
-0.93353
-0.93433
-0.934916
-0.935307
-0.935519
-0.93557
-0.935477
-0.93526
-0.934935
-0.934518
-0.934025
-0.933468
-0.932861
-0.932215
-0.931541
-0.930848
-0.930144
-0.929439
-0.928739
-0.92805
-0.92738
-0.926733
-0.926113
-0.925526
-0.924975
-0.924462
-0.923991
-0.923563
-0.92318
-0.922842
-0.92255
-0.922305
-0.922106
-0.921951
-0.921841
-0.921773
-0.921747
-0.921759
-0.921806
-0.921886
-0.921995
-0.92213
-0.922291
-0.922475
-0.922684
-0.92292
-0.923185
-0.923484
-0.92382
-0.9242
-0.924628
-0.925109
-0.92565
-0.926254
-0.926923
-0.92766
-0.928462
-0.929326
-0.930244
-0.931203
-0.932186
-0.933172
-0.934156
-0.935126
-0.935952
-0.936603
-0.937153
-0.937638
-0.938012
-0.938255
-0.938357
-0.938292
-0.938017
-0.937474
-0.936689
-0.935529
-0.933723
-0.931204
-0.92812
-0.924786
-0.921075
-0.91699
-0.912408
-0.907233
-0.901534
-0.895318
-0.888504
-0.881075
-0.872991
-0.864205
-0.85473
-0.844598
-0.833736
-0.821671
-0.808547
-0.794596
-0.780019
-0.764968
-0.749617
-0.734155
-0.718729
-0.703413
-0.688267
-0.673362
-0.658661
-0.64399
-0.629202
-0.614064
-0.598623
-0.582863
-0.566538
-0.549262
-0.530894
-0.511551
-0.491281
-0.47024
-0.448611
-0.426579
-0.404325
-0.382029
-0.359866
-0.337986
-0.316504
-0.295442
-0.274803
-0.254641
-0.235035
-0.216071
-0.197832
-0.180393
-0.163819
-0.148162
-0.133462
-0.119742
-0.107011
-0.0952504
-0.0844316
-0.0745202
-0.0654818
-0.0572809
-0.0498794
-0.043236
-0.037306
-0.0320422
-0.0273954
-0.0233158
-0.0197535
-0.0166595
-0.0139863
-0.0116889
-0.00972431
-0.00805287
-0.00663784
-0.00544575
-0.00444639
-0.00361269
-0.00292065
-0.00234907
-0.00187942
-0.00149553
-0.00118344
-0.000931109
-0.000728254
-0.000566125
-0.000437321
-0.000335626
-0.000255844
-0.000193665
-0.000145533
-0.000108537
-8.03076e-05
-5.89296e-05
-4.28676e-05
-3.08988e-05
-2.20567e-05
-1.55835e-05
-1.08896e-05
-7.52028e-06
-5.12771e-06
-3.44823e-06
-2.28386e-06
-1.48743e-06
-9.50656e-07
-5.94704e-07
-3.62916e-07
-2.15055e-07
-1.2295e-07
-6.71505e-08
-3.44759e-08
-1.61365e-08
-6.44569e-09
-0.119958
-0.123598
-0.127358
-0.131243
-0.135254
-0.139393
-0.143663
-0.148067
-0.152605
-0.157278
-0.162089
-0.167039
-0.17213
-0.177363
-0.18274
-0.188262
-0.19393
-0.199745
-0.205706
-0.211815
-0.21807
-0.224471
-0.231018
-0.237708
-0.24454
-0.251511
-0.25862
-0.265863
-0.273236
-0.280735
-0.288356
-0.296095
-0.303945
-0.311901
-0.319958
-0.32811
-0.33635
-0.344672
-0.35307
-0.361538
-0.370069
-0.378659
-0.387302
-0.395992
-0.404727
-0.413503
-0.422318
-0.43117
-0.440059
-0.448986
-0.457952
-0.466961
-0.476036
-0.485204
-0.494396
-0.503525
-0.512789
-0.522131
-0.531525
-0.540962
-0.55044
-0.559956
-0.569501
-0.579054
-0.58864
-0.59824
-0.607849
-0.617461
-0.627074
-0.636682
-0.646299
-0.655945
-0.665536
-0.675055
-0.684531
-0.69405
-0.703566
-0.71308
-0.722628
-0.732255
-0.741953
-0.751607
-0.760801
-0.770311
-0.779832
-0.789292
-0.798668
-0.807929
-0.817047
-0.826001
-0.834769
-0.843335
-0.851681
-0.85974
-0.867542
-0.875109
-0.882395
-0.889393
-0.896097
-0.9025
-0.908596
-0.914379
-0.919846
-0.924989
-0.929814
-0.93432
-0.938507
-0.942378
-0.945939
-0.949194
-0.952159
-0.954822
-0.957218
-0.95935
-0.961233
-0.962884
-0.964318
-0.965554
-0.966607
-0.967496
-0.968238
-0.968848
-0.969341
-0.96973
-0.970028
-0.970247
-0.970398
-0.970491
-0.970537
-0.970543
-0.970518
-0.970471
-0.970409
-0.970339
-0.970268
-0.970202
-0.970147
-0.970109
-0.970093
-0.970104
-0.970146
-0.970222
-0.970336
-0.970489
-0.970684
-0.970921
-0.971203
-0.971525
-0.971885
-0.972275
-0.972691
-0.973129
-0.973586
-0.97406
-0.974553
-0.975064
-0.975596
-0.976152
-0.976735
-0.977349
-0.978
-0.978691
-0.979427
-0.98021
-0.981044
-0.981929
-0.982865
-0.983853
-0.984889
-0.985971
-0.987092
-0.988244
-0.989417
-0.990598
-0.991782
-0.992959
-0.994085
-0.995155
-0.996172
-0.997143
-0.998039
-0.998839
-0.999517
-1.00004
-1.0004
-1.0005
-1.00023
-0.999728
-0.998939
-0.997885
-0.99652
-0.994698
-0.992368
-0.989567
-0.986379
-0.982711
-0.97856
-0.973905
-0.968674
-0.962825
-0.956449
-0.949487
-0.941949
-0.93372
-0.924736
-0.915208
-0.905241
-0.894867
-0.884152
-0.873166
-0.861938
-0.850466
-0.838743
-0.826772
-0.814389
-0.801362
-0.787469
-0.772791
-0.757457
-0.741204
-0.724013
-0.705748
-0.68619
-0.665438
-0.643676
-0.621012
-0.597586
-0.573545
-0.54903
-0.524193
-0.499149
-0.473962
-0.448668
-0.423342
-0.398076
-0.372991
-0.348218
-0.323887
-0.300125
-0.277054
-0.254785
-0.233421
-0.213051
-0.19375
-0.175556
-0.15844
-0.142391
-0.127409
-0.113495
-0.100646
-0.0888508
-0.0780865
-0.0683203
-0.0595101
-0.0516067
-0.0445563
-0.0383015
-0.0327825
-0.0279384
-0.0237079
-0.0200314
-0.0168511
-0.0141127
-0.0117653
-0.00976222
-0.0080609
-0.00662274
-0.00541299
-0.00440054
-0.00355768
-0.00285981
-0.00228525
-0.00181496
-0.00143234
-0.00112299
-0.000874468
-0.000676151
-0.000518981
-0.000395306
-0.000298706
-0.000223831
-0.000166257
-0.000122356
-8.91698e-05
-6.43136e-05
-4.58751e-05
-3.23365e-05
-2.25031e-05
-1.54433e-05
-1.04377e-05
-6.93616e-06
-4.52262e-06
-2.88585e-06
-1.79577e-06
-1.08454e-06
-6.31309e-07
-3.50429e-07
-1.82142e-07
-8.5573e-08
-3.32666e-08
-0.108883
-0.11202
-0.115256
-0.118595
-0.122036
-0.125582
-0.129235
-0.132996
-0.136869
-0.140854
-0.144955
-0.149172
-0.153507
-0.157962
-0.162538
-0.167237
-0.17206
-0.177007
-0.18208
-0.187278
-0.192603
-0.198055
-0.203632
-0.209336
-0.215164
-0.221117
-0.227193
-0.233391
-0.239708
-0.246142
-0.252691
-0.259352
-0.266122
-0.272998
-0.279977
-0.287055
-0.294228
-0.301494
-0.308847
-0.316284
-0.323802
-0.331398
-0.339068
-0.346809
-0.35462
-0.362497
-0.370441
-0.37845
-0.386523
-0.394663
-0.402871
-0.41115
-0.419524
-0.428013
-0.436557
-0.445142
-0.453884
-0.462722
-0.471654
-0.480675
-0.489782
-0.49897
-0.508235
-0.517574
-0.526984
-0.536463
-0.546012
-0.555633
-0.565329
-0.575111
-0.585039
-0.595015
-0.605047
-0.61511
-0.625318
-0.635608
-0.645969
-0.656405
-0.666974
-0.677583
-0.688138
-0.69874
-0.70941
-0.720074
-0.730705
-0.741284
-0.751791
-0.762206
-0.772516
-0.782707
-0.792794
-0.802738
-0.812482
-0.822046
-0.83146
-0.840691
-0.849722
-0.858541
-0.867154
-0.875537
-0.88368
-0.891572
-0.89921
-0.906559
-0.913635
-0.920417
-0.926898
-0.933068
-0.938923
-0.944455
-0.949661
-0.95454
-0.959085
-0.96331
-0.967217
-0.970816
-0.974134
-0.977143
-0.979886
-0.982407
-0.984713
-0.986819
-0.988744
-0.990503
-0.99211
-0.993579
-0.994922
-0.99615
-0.997272
-0.998297
-0.999233
-1.00009
-1.00086
-1.00157
-1.00221
-1.00279
-1.00331
-1.00378
-1.00421
-1.0046
-1.00496
-1.00529
-1.0056
-1.0059
-1.00618
-1.00647
-1.00677
-1.00703
-1.00733
-1.00762
-1.00792
-1.00821
-1.00851
-1.00881
-1.00911
-1.00942
-1.00974
-1.01007
-1.01041
-1.01077
-1.01115
-1.01155
-1.01197
-1.01243
-1.01291
-1.01344
-1.014
-1.0146
-1.01525
-1.01594
-1.01669
-1.01748
-1.01831
-1.01919
-1.02012
-1.02108
-1.02207
-1.02309
-1.02413
-1.02517
-1.02621
-1.02724
-1.02824
-1.02919
-1.03009
-1.03092
-1.03164
-1.03222
-1.03265
-1.03292
-1.03301
-1.03288
-1.03253
-1.03193
-1.03108
-1.02994
-1.02854
-1.02682
-1.02472
-1.02222
-1.01937
-1.01614
-1.0125
-1.00845
-1.00397
-0.999075
-0.993765
-0.988048
-0.981866
-0.975217
-0.968084
-0.960505
-0.952418
-0.943782
-0.934542
-0.92466
-0.914046
-0.902524
-0.890009
-0.876559
-0.862125
-0.846594
-0.829896
-0.812011
-0.793036
-0.773006
-0.751972
-0.73
-0.707155
-0.683515
-0.659137
-0.634025
-0.60819
-0.58171
-0.554745
-0.527403
-0.499825
-0.472156
-0.444544
-0.417136
-0.390078
-0.363514
-0.337587
-0.312408
-0.288048
-0.264546
-0.241953
-0.220339
-0.199776
-0.180333
-0.162067
-0.145018
-0.129201
-0.114609
-0.101226
-0.0890222
-0.0779609
-0.0679945
-0.0590654
-0.0511069
-0.0440466
-0.037809
-0.0323194
-0.0275066
-0.023304
-0.0196496
-0.0164861
-0.0137604
-0.0114237
-0.00943106
-0.00774104
-0.00631592
-0.0051213
-0.00412605
-0.00330219
-0.00262467
-0.00207129
-0.00162248
-0.00126111
-0.00097235
-0.000743398
-0.000563342
-0.000422934
-0.000314411
-0.000231306
-0.000168284
-0.000120983
-8.58664e-05
-6.00983e-05
-4.14246e-05
-2.80737e-05
-1.86675e-05
-1.21468e-05
-7.70674e-06
-4.74422e-06
-2.81307e-06
-1.58832e-06
-8.37081e-07
-3.95415e-07
-1.5031e-07
-0.098416
-0.101061
-0.103783
-0.106584
-0.109464
-0.112426
-0.115471
-0.118601
-0.121817
-0.125121
-0.128513
-0.131996
-0.135571
-0.13924
-0.143003
-0.146862
-0.150817
-0.154872
-0.159025
-0.163279
-0.167633
-0.17209
-0.176649
-0.181312
-0.186078
-0.190948
-0.195922
-0.201
-0.206183
-0.211469
-0.216858
-0.222351
-0.227946
-0.233643
-0.23944
-0.245338
-0.251335
-0.25743
-0.263622
-0.269911
-0.276295
-0.282774
-0.289346
-0.296012
-0.302771
-0.309623
-0.316568
-0.323608
-0.330744
-0.337977
-0.345312
-0.352751
-0.360301
-0.367974
-0.375731
-0.383617
-0.391621
-0.399739
-0.407968
-0.416308
-0.424754
-0.433306
-0.441963
-0.450723
-0.459588
-0.468559
-0.477638
-0.486829
-0.496138
-0.505573
-0.515175
-0.524915
-0.534698
-0.544699
-0.554847
-0.565118
-0.575507
-0.586005
-0.596603
-0.607268
-0.618029
-0.628858
-0.639738
-0.650661
-0.661617
-0.672597
-0.683594
-0.694601
-0.705611
-0.716625
-0.727651
-0.738636
-0.749554
-0.760443
-0.771281
-0.782039
-0.792701
-0.80325
-0.813669
-0.823941
-0.834048
-0.84397
-0.853688
-0.863182
-0.872431
-0.881413
-0.890106
-0.898486
-0.90653
-0.914212
-0.921508
-0.928413
-0.934917
-0.941039
-0.946781
-0.952108
-0.957074
-0.961683
-0.966053
-0.970157
-0.974017
-0.977655
-0.981092
-0.984346
-0.987434
-0.990369
-0.993164
-0.995829
-0.998373
-1.0008
-1.00312
-1.00532
-1.00741
-1.00939
-1.01124
-1.01296
-1.01454
-1.01597
-1.01722
-1.0183
-1.01917
-1.01982
-1.02024
-1.02048
-1.02058
-1.02059
-1.02048
-1.02021
-1.01995
-1.01966
-1.01935
-1.01904
-1.01874
-1.01846
-1.0182
-1.01796
-1.01775
-1.01757
-1.01741
-1.01727
-1.01715
-1.01706
-1.01698
-1.01684
-1.01675
-1.01669
-1.01665
-1.01666
-1.01672
-1.01684
-1.01702
-1.01726
-1.01757
-1.01796
-1.01841
-1.01892
-1.0195
-1.02013
-1.02082
-1.02153
-1.02228
-1.02306
-1.02387
-1.02469
-1.02552
-1.02633
-1.02712
-1.02786
-1.02853
-1.02912
-1.02957
-1.02982
-1.02998
-1.03002
-1.02995
-1.02976
-1.02946
-1.02903
-1.02848
-1.02777
-1.0269
-1.02583
-1.02456
-1.02305
-1.02129
-1.01927
-1.01695
-1.01432
-1.01136
-1.00804
-1.00433
-1.00021
-0.995626
-0.990535
-0.984912
-0.978702
-0.971856
-0.964325
-0.956056
-0.947006
-0.937083
-0.926213
-0.914333
-0.90145
-0.887518
-0.872513
-0.856426
-0.839253
-0.821
-0.801675
-0.781292
-0.759886
-0.737466
-0.714037
-0.689678
-0.664491
-0.638557
-0.611974
-0.584854
-0.557313
-0.529471
-0.501453
-0.473389
-0.445377
-0.417504
-0.389875
-0.362642
-0.33594
-0.30991
-0.284692
-0.260422
-0.237221
-0.215179
-0.194347
-0.174772
-0.156493
-0.139541
-0.123933
-0.109664
-0.0967021
-0.0849774
-0.0744038
-0.0648909
-0.0563555
-0.0487223
-0.0419219
-0.0358896
-0.030564
-0.0258862
-0.0217999
-0.0182506
-0.0151862
-0.0125567
-0.010315
-0.00841644
-0.00681947
-0.00548562
-0.00437959
-0.00346931
-0.00272591
-0.00212364
-0.00163974
-0.00125428
-0.000949994
-0.000712029
-0.000527759
-0.000386542
-0.000279502
-0.000199309
-0.000139976
-9.66628e-05
-6.55011e-05
-4.3437e-05
-2.80886e-05
-1.7622e-05
-1.06453e-05
-6.11753e-06
-3.2728e-06
-1.55746e-06
-5.79232e-07
-0.0889529
-0.0911554
-0.0934153
-0.0957335
-0.0981109
-0.100548
-0.103047
-0.105607
-0.108231
-0.110918
-0.11367
-0.116489
-0.119374
-0.122328
-0.12535
-0.128443
-0.131607
-0.134843
-0.138152
-0.141536
-0.144995
-0.14853
-0.152143
-0.155833
-0.159603
-0.163454
-0.167385
-0.171398
-0.175495
-0.179675
-0.183941
-0.188292
-0.19273
-0.197256
-0.201871
-0.206575
-0.211371
-0.21626
-0.221241
-0.226318
-0.231491
-0.236762
-0.242132
-0.247604
-0.253179
-0.25886
-0.264648
-0.270546
-0.276558
-0.282685
-0.28893
-0.295297
-0.301787
-0.308402
-0.315143
-0.32201
-0.329004
-0.336124
-0.34337
-0.350742
-0.358241
-0.365866
-0.373618
-0.381498
-0.389507
-0.397646
-0.405919
-0.414329
-0.422877
-0.43157
-0.440411
-0.449413
-0.458544
-0.467826
-0.477258
-0.486828
-0.496532
-0.506368
-0.516332
-0.526421
-0.53663
-0.546958
-0.557401
-0.567957
-0.578624
-0.589399
-0.600279
-0.611261
-0.622344
-0.633542
-0.644829
-0.656158
-0.6676
-0.679097
-0.690629
-0.702174
-0.713709
-0.725211
-0.736659
-0.748033
-0.759307
-0.770458
-0.781455
-0.792267
-0.802858
-0.81319
-0.823215
-0.832885
-0.842174
-0.851075
-0.85956
-0.867589
-0.875182
-0.882381
-0.889232
-0.895699
-0.901977
-0.908002
-0.913774
-0.919313
-0.924638
-0.929764
-0.934708
-0.939487
-0.944113
-0.948602
-0.952965
-0.957211
-0.961349
-0.965382
-0.969313
-0.973139
-0.976851
-0.980438
-0.98388
-0.98715
-0.990212
-0.99302
-0.99551
-0.997621
-0.999318
-1.00038
-1.0004
-1.00014
-0.999597
-0.998825
-0.997852
-0.996758
-0.995673
-0.994607
-0.99357
-0.992577
-0.991636
-0.990755
-0.989933
-0.98917
-0.98846
-0.987796
-0.987171
-0.986573
-0.985989
-0.985421
-0.984868
-0.984257
-0.983539
-0.982929
-0.98236
-0.981842
-0.981382
-0.980989
-0.980669
-0.980428
-0.980271
-0.980198
-0.980211
-0.980306
-0.980481
-0.980731
-0.981062
-0.981414
-0.981811
-0.982274
-0.982785
-0.983337
-0.983917
-0.984507
-0.985089
-0.985639
-0.986135
-0.986592
-0.986954
-0.987015
-0.987021
-0.986976
-0.986887
-0.986777
-0.986651
-0.986505
-0.986329
-0.986109
-0.985827
-0.985468
-0.985015
-0.984461
-0.983794
-0.983003
-0.982071
-0.980979
-0.979709
-0.978237
-0.976538
-0.974587
-0.972357
-0.969819
-0.966942
-0.96369
-0.960022
-0.955904
-0.95129
-0.946136
-0.940396
-0.93402
-0.926951
-0.919124
-0.910478
-0.900951
-0.890488
-0.879038
-0.866556
-0.853003
-0.838352
-0.822592
-0.805718
-0.787746
-0.768694
-0.748574
-0.727418
-0.705286
-0.682218
-0.658272
-0.633516
-0.608023
-0.58188
-0.555186
-0.528025
-0.500498
-0.472772
-0.445016
-0.417363
-0.389951
-0.362937
-0.336454
-0.31063
-0.285589
-0.261446
-0.238321
-0.216329
-0.195582
-0.17618
-0.158191
-0.141608
-0.126326
-0.112252
-0.0993184
-0.0874692
-0.076656
-0.0668333
-0.0579554
-0.0499756
-0.0428445
-0.0365107
-0.0309205
-0.0260188
-0.0217496
-0.0180569
-0.0148855
-0.0121815
-0.00989332
-0.0079718
-0.00637094
-0.00504811
-0.00396424
-0.00308393
-0.00237544
-0.00181065
-0.00136486
-0.00101668
-0.000747704
-0.000542337
-0.000387475
-0.000272246
-0.000187735
-0.000126719
-8.34235e-05
-5.3292e-05
-3.27797e-05
-1.91705e-05
-1.04167e-05
-5.00105e-06
-1.82156e-06
)
;

boundaryField
{
    Inlet
    {
        type            zeroGradient;
    }
    BotOutlet1
    {
        type            zeroGradient;
    }
    BotOutlet2
    {
        type            zeroGradient;
    }
    TopInlet
    {
        type            zeroGradient;
    }
    FreeStream
    {
        type            zeroGradient;
    }
    FrontNBack
    {
        type            empty;
    }
    LeftSide
    {
        type            zeroGradient;
    }
    procBoundary1to0
    {
        type            processor;
        value           nonuniform List<scalar> 
400
(
-11868.9
-11140.8
-10396.4
-9627.54
-8828.4
-7995.93
-7129.85
-6232.59
-5309.2
-4366.01
-3408.37
-2439.62
-1473.51
-565.001
-5.83373
-0.272274
-0.395129
-0.490128
-0.529299
-0.582268
-0.637465
-0.690135
-0.744735
-0.802348
-0.861498
-0.917518
-0.967827
-1.01228
-1.05161
-1.08645
-1.11769
-1.14579
-1.17063
-1.19196
-1.20948
-1.22286
-1.23141
-1.23464
-1.23206
-1.2236
-1.2092
-1.1889
-1.163
-1.1319
-1.09607
-1.05602
-1.0124
-0.965812
-0.916909
-0.866419
-0.814898
-0.762956
-0.711087
-0.659896
-0.609823
-0.561276
-0.514631
-0.470207
-0.428274
-0.389022
-0.352602
-0.3191
-0.288538
-0.260897
-0.236117
-0.214108
-0.194756
-0.177928
-0.163481
-0.151269
-0.141145
-0.132967
-0.126601
-0.121924
-0.118824
-0.117203
-0.116976
-0.118069
-0.120424
-0.123991
-0.128733
-0.13462
-0.141627
-0.149735
-0.158928
-0.169191
-0.180509
-0.192866
-0.206241
-0.220611
-0.235944
-0.252206
-0.26935
-0.287327
-0.306078
-0.325538
-0.345641
-0.366325
-0.387459
-0.408937
-0.425661
-0.437406
-0.449226
-0.461104
-0.473034
-0.484975
-0.496916
-0.50883
-0.520697
-0.532485
-0.544177
-0.555745
-0.567168
-0.578426
-0.589516
-0.600413
-0.611054
-0.6214
-0.631436
-0.641149
-0.650551
-0.659632
-0.66835
-0.676684
-0.684628
-0.692113
-0.699156
-0.705755
-0.711889
-0.717544
-0.722726
-0.72743
-0.731593
-0.735227
-0.738311
-0.740912
-0.743107
-0.744831
-0.746014
-0.746555
-0.746491
-0.7458
-0.744419
-0.742609
-0.740393
-0.73773
-0.734591
-0.730975
-0.726897
-0.722371
-0.717415
-0.712052
-0.706302
-0.700188
-0.693736
-0.686979
-0.679978
-0.672747
-0.665203
-0.657395
-0.649309
-0.641153
-0.632901
-0.62458
-0.616127
-0.607553
-0.598848
-0.590104
-0.581369
-0.572613
-0.563848
-0.555086
-0.546294
-0.537473
-0.528633
-0.51982
-0.510982
-0.502143
-0.49323
-0.484385
-0.47558
-0.466802
-0.458053
-0.449338
-0.440671
-0.432043
-0.423467
-0.414954
-0.406489
-0.398082
-0.389731
-0.381496
-0.373356
-0.365322
-0.357404
-0.34961
-0.341947
-0.33441
-0.327005
-0.319752
-0.312661
-0.305711
-0.298907
-0.292229
-0.285747
-0.279434
-0.27328
-0.267286
-0.261457
-0.255791
-0.250248
-0.24484
-0.239564
-0.23446
-0.229499
-0.224689
-0.220017
-0.215459
-0.211025
-0.206697
-0.20251
-0.198446
-0.194501
-0.190679
-0.186978
-0.183406
-0.179958
-0.176617
-0.173366
-0.170251
-0.167256
-0.16437
-0.161592
-0.158921
-0.156359
-0.153901
-0.151537
-0.149259
-0.147083
-0.144997
-0.142996
-0.141076
-0.139239
-0.137479
-0.135784
-0.134156
-0.132585
-0.131079
-0.129631
-0.128235
-0.126887
-0.125586
-0.124325
-0.123098
-0.121906
-0.120743
-0.119614
-0.118512
-0.117433
-0.116375
-0.115336
-0.114314
-0.113309
-0.112319
-0.111344
-0.110375
-0.109417
-0.108463
-0.107519
-0.10658
-0.105641
-0.104701
-0.103759
-0.102808
-0.101851
-0.100885
-0.0999179
-0.0989481
-0.0979807
-0.0970169
-0.0960427
-0.0950713
-0.0941001
-0.0931235
-0.0921446
-0.0911671
-0.0901925
-0.0892184
-0.0882466
-0.0872689
-0.0862806
-0.0852765
-0.0842534
-0.0832027
-0.0820998
-0.0809384
-0.0797227
-0.0784683
-0.0771736
-0.0758461
-0.0744952
-0.0731277
-0.0717493
-0.0703681
-0.0689964
-0.0676456
-0.066317
-0.0649984
-0.0636611
-0.0622359
-0.0606539
-0.0588878
-0.0569291
-0.0547703
-0.0524175
-0.0498863
-0.0471958
-0.0443742
-0.0414475
-0.0384392
-0.0353702
-0.0322593
-0.0291236
-0.0259786
-0.0228222
-0.0196334
-0.016368
-0.0128976
-0.00917886
-0.00526093
-0.00121123
0.00290024
0.00700694
0.0110304
0.0149059
0.0185792
0.0220069
0.0251579
0.0280186
0.0305741
0.032802
0.0346773
0.0361742
0.0372718
0.0379563
0.0382283
0.0380902
0.0375521
0.0366404
0.0353824
0.0338079
0.0319428
0.0298136
0.027459
0.0249186
0.022208
0.0193316
0.0163056
0.013145
0.00988403
0.00656827
0.00325241
-2.06216e-05
-0.00322892
-0.006378
-0.00945047
-0.0124046
-0.0151869
-0.0177534
-0.0200784
-0.0221434
-0.0239245
-0.0253913
-0.0265173
-0.0272852
-0.027689
-0.0277308
-0.0274189
-0.0267676
-0.0258005
-0.0245516
-0.0230605
-0.0213715
-0.0195321
-0.0175917
-0.0156004
-0.0136072
-0.0116588
-0.00979767
-0.00806078
-0.00647797
-0.00507111
-0.0038534
-0.00282925
-0.00199471
-0.00133833
-0.000842602
-0.000485703
-0.000243451
-9.12738e-05
)
;
    }
    procBoundary1to2
    {
        type            processor;
        value           nonuniform List<scalar> 
400
(
-11978.5
-11476.4
-10976.3
-10479.1
-9984.95
-9493.09
-9002.07
-8509.76
-8013.44
-7510.06
-6996.42
-6469.43
-5926.36
-5365.06
-4784.25
-4183.66
-3564.23
-2928.07
-2278.5
-1620.59
-964.589
-322.713
-3.61724
-4.46285
-3.51143
-3.03239
-2.72285
-2.42693
-2.16046
-1.92441
-1.72562
-1.55979
-1.42231
-1.30923
-1.21635
-1.1394
-1.07471
-1.01897
-0.969493
-0.924141
-0.88133
-0.839804
-0.798828
-0.757916
-0.716835
-0.675543
-0.634137
-0.592809
-0.551807
-0.511409
-0.471898
-0.433546
-0.396599
-0.361272
-0.327742
-0.296148
-0.266588
-0.239125
-0.213783
-0.190559
-0.169418
-0.150305
-0.133142
-0.117839
-0.104291
-0.0923878
-0.082012
-0.0730453
-0.0653696
-0.0588681
-0.0534279
-0.0489412
-0.0453067
-0.0424302
-0.0402255
-0.038614
-0.037525
-0.0368955
-0.0366698
-0.0367991
-0.0372412
-0.0379574
-0.0389156
-0.0400884
-0.0414532
-0.0429911
-0.0446869
-0.0465278
-0.0485038
-0.050607
-0.0528311
-0.0551714
-0.0576244
-0.0601877
-0.0628597
-0.0656396
-0.0685272
-0.0715227
-0.0746267
-0.0778402
-0.080423
-0.0822625
-0.0841441
-0.0860684
-0.0880359
-0.0900472
-0.0921031
-0.0942042
-0.0963513
-0.098545
-0.100786
-0.103076
-0.105414
-0.107803
-0.110242
-0.112733
-0.115276
-0.117873
-0.120524
-0.12323
-0.125993
-0.128813
-0.131691
-0.134628
-0.137626
-0.140685
-0.143806
-0.146992
-0.150242
-0.153558
-0.156941
-0.160393
-0.163916
-0.167509
-0.171176
-0.174917
-0.178734
-0.182629
-0.186603
-0.190659
-0.194798
-0.199022
-0.203334
-0.207734
-0.212227
-0.216813
-0.221495
-0.226275
-0.231156
-0.23614
-0.241228
-0.246424
-0.251728
-0.257143
-0.26267
-0.268311
-0.274068
-0.279943
-0.285935
-0.292049
-0.298286
-0.304647
-0.311135
-0.317752
-0.324499
-0.331378
-0.338393
-0.345543
-0.352832
-0.360261
-0.36783
-0.37554
-0.383391
-0.391382
-0.399514
-0.407786
-0.4162
-0.424755
-0.433452
-0.442292
-0.451275
-0.460401
-0.469672
-0.479086
-0.488645
-0.498348
-0.508194
-0.518182
-0.52831
-0.538582
-0.548957
-0.559464
-0.570077
-0.580778
-0.591548
-0.602362
-0.613197
-0.624012
-0.634812
-0.64557
-0.656259
-0.666855
-0.677328
-0.687648
-0.69778
-0.70772
-0.71743
-0.726891
-0.736057
-0.744874
-0.753397
-0.761802
-0.769793
-0.777722
-0.785522
-0.79313
-0.800531
-0.807719
-0.81469
-0.821443
-0.82798
-0.834304
-0.840419
-0.846332
-0.852049
-0.85758
-0.862932
-0.868114
-0.873132
-0.877991
-0.882695
-0.887244
-0.891631
-0.895848
-0.899877
-0.903692
-0.907261
-0.910541
-0.913489
-0.91614
-0.918599
-0.920427
-0.921432
-0.921581
-0.921699
-0.921625
-0.921373
-0.920978
-0.92048
-0.919936
-0.919356
-0.918748
-0.918116
-0.917468
-0.916804
-0.916118
-0.915405
-0.914666
-0.913902
-0.913114
-0.912304
-0.911478
-0.910684
-0.909839
-0.908907
-0.908008
-0.907155
-0.90632
-0.905508
-0.904728
-0.903991
-0.903307
-0.902685
-0.902133
-0.901659
-0.901268
-0.900963
-0.900746
-0.900636
-0.900605
-0.900594
-0.900702
-0.900881
-0.901123
-0.901417
-0.90175
-0.902108
-0.902476
-0.90284
-0.903218
-0.90359
-0.903824
-0.903892
-0.904019
-0.904138
-0.904233
-0.904304
-0.904346
-0.90435
-0.904307
-0.904206
-0.904042
-0.903764
-0.903427
-0.903022
-0.902547
-0.902003
-0.901383
-0.900678
-0.899874
-0.898955
-0.897902
-0.896697
-0.895336
-0.893812
-0.89211
-0.890211
-0.888091
-0.885721
-0.883065
-0.880081
-0.876723
-0.872936
-0.868666
-0.863854
-0.85844
-0.85236
-0.845549
-0.837938
-0.82946
-0.820052
-0.809659
-0.798242
-0.785799
-0.772311
-0.757771
-0.742175
-0.725521
-0.707815
-0.689071
-0.669313
-0.648576
-0.626908
-0.604372
-0.58105
-0.557058
-0.532499
-0.507477
-0.482182
-0.456718
-0.431195
-0.405721
-0.380411
-0.355394
-0.33079
-0.306724
-0.283318
-0.260693
-0.238963
-0.218231
-0.198549
-0.179926
-0.162344
-0.145807
-0.130321
-0.115889
-0.102513
-0.0901839
-0.0788886
-0.0686044
-0.0593007
-0.0509394
-0.0434759
-0.0368598
-0.0310365
-0.0259481
-0.021535
-0.0177366
-0.014493
-0.0117453
-0.00943707
-0.00751463
-0.00592769
-0.00462976
-0.00357838
-0.00273521
-0.00206612
-0.001541
-0.00113367
-0.000821611
-0.000585684
-0.000409843
-0.0002808
-0.000187693
-0.000121772
-7.60843e-05
-4.51913e-05
-2.49073e-05
-1.20663e-05
-4.32016e-06
)
;
    }
}


// ************************************************************************* //
