/*--------------------------------*- C++ -*----------------------------------*\
| =========                 |                                                 |
| \\      /  F ield         | OpenFOAM: The Open Source CFD Toolbox           |
|  \\    /   O peration     | Version:  2.4.0                                 |
|   \\  /    A nd           | Web:      www.OpenFOAM.org                      |
|    \\/     M anipulation  |                                                 |
\*---------------------------------------------------------------------------*/
FoamFile
{
    version     2.0;
    format      ascii;
    class       labelList;
    note        "nPoints: 4800 nCells: 2276 nFaces: 9227 nInternalFaces: 4429";
    location    "constant/polyMesh";
    object      neighbour;
}
// * * * * * * * * * * * * * * * * * * * * * * * * * * * * * * * * * * * * * //


4429
(
1
12
2
13
3
14
4
15
5
16
6
17
7
18
8
19
9
20
10
21
11
22
23
13
37
14
38
15
39
16
40
17
41
18
42
19
43
20
44
21
45
22
46
23
47
24
48
25
49
26
50
27
51
28
52
29
53
30
54
31
55
32
56
33
57
34
58
35
59
36
60
61
38
62
39
63
40
64
41
65
42
66
43
67
44
68
45
69
46
70
47
71
48
72
49
73
50
74
51
75
52
76
53
77
54
78
55
79
56
80
57
81
58
82
59
83
60
84
61
85
86
63
87
64
88
65
89
66
90
67
91
68
92
69
93
70
94
71
95
72
96
73
97
74
98
75
99
76
100
77
101
78
102
79
103
80
104
81
105
82
106
83
107
84
108
85
109
86
110
111
88
112
89
113
90
114
91
115
92
116
93
117
94
118
95
119
96
120
97
121
98
122
99
123
100
124
101
125
102
126
103
127
104
128
105
129
106
130
107
131
108
132
109
133
110
134
111
135
136
113
140
114
141
115
142
116
143
117
144
118
145
119
146
120
147
121
148
122
149
123
150
124
151
125
152
126
153
127
154
128
155
129
156
130
157
131
158
132
159
133
160
134
161
135
162
136
163
137
164
138
165
139
166
167
840
141
168
142
169
143
170
144
171
145
172
146
173
147
174
148
175
149
176
150
177
151
178
152
179
153
180
154
181
155
182
156
183
157
184
158
185
159
186
160
187
161
188
162
189
163
190
164
191
165
192
166
193
167
194
195
848
169
196
170
197
171
198
172
199
173
200
174
201
175
202
176
203
177
204
178
205
179
206
180
207
181
208
182
209
183
210
184
211
185
212
186
213
187
214
188
215
189
216
190
217
191
218
192
219
193
220
194
221
195
222
223
856
197
224
198
225
199
226
200
227
201
228
202
229
203
230
204
231
205
232
206
233
207
234
208
235
209
236
210
237
211
238
212
239
213
240
214
241
215
242
216
243
217
244
218
245
219
246
220
247
221
248
222
249
223
250
251
864
225
252
226
253
227
254
228
255
229
256
230
257
231
258
232
259
233
260
234
261
235
262
236
263
237
264
238
265
239
266
240
267
241
268
242
269
243
270
244
271
245
272
246
273
247
274
248
275
249
276
250
277
251
278
279
872
253
280
254
281
255
282
256
283
257
284
258
285
259
286
260
287
261
288
262
289
263
290
264
291
265
292
266
293
267
294
268
295
269
296
270
297
271
298
272
299
273
300
274
301
275
302
276
303
277
304
278
305
279
306
307
880
281
308
282
309
283
310
284
311
285
312
286
313
287
314
288
315
289
316
290
317
291
318
292
319
293
320
294
321
295
322
296
323
297
324
298
325
299
326
300
327
301
328
302
329
303
330
304
331
305
332
306
333
307
334
335
888
309
336
310
337
311
338
312
339
313
340
314
341
315
342
316
343
317
344
318
345
319
346
320
347
321
348
322
349
323
350
324
351
325
352
326
353
327
354
328
355
329
356
330
357
331
358
332
359
333
360
334
361
335
362
363
896
337
364
338
365
339
366
340
367
341
368
342
369
343
370
344
371
345
372
346
373
347
374
348
375
349
376
350
377
351
378
352
379
353
380
354
381
355
382
356
383
357
384
358
385
359
386
360
387
361
388
362
389
363
390
391
904
365
392
366
393
367
394
368
395
369
396
370
397
371
398
372
399
373
400
374
401
375
402
376
403
377
404
378
405
379
406
380
407
381
408
382
409
383
410
384
411
385
412
386
413
387
414
388
415
389
416
390
417
391
418
419
912
393
420
394
421
395
422
396
423
397
424
398
425
399
426
400
427
401
428
402
429
403
430
404
431
405
432
406
433
407
434
408
435
409
436
410
437
411
438
412
439
413
440
414
441
415
442
416
443
417
444
418
445
419
446
447
920
421
448
422
449
423
450
424
451
425
452
426
453
427
454
428
455
429
456
430
457
431
458
432
459
433
460
434
461
435
462
436
463
437
464
438
465
439
466
440
467
441
468
442
469
443
470
444
471
445
472
446
473
447
474
475
928
449
476
450
477
451
478
452
479
453
480
454
481
455
482
456
483
457
484
458
485
459
486
460
487
461
488
462
489
463
490
464
491
465
492
466
493
467
494
468
495
469
496
470
497
471
498
472
499
473
500
474
501
475
502
503
936
477
504
478
505
479
506
480
507
481
508
482
509
483
510
484
511
485
512
486
513
487
514
488
515
489
516
490
517
491
518
492
519
493
520
494
521
495
522
496
523
497
524
498
525
499
526
500
527
501
528
502
529
503
530
531
944
505
532
506
533
507
534
508
535
509
536
510
537
511
538
512
539
513
540
514
541
515
542
516
543
517
544
518
545
519
546
520
547
521
548
522
549
523
550
524
551
525
552
526
553
527
554
528
555
529
556
530
557
531
558
559
952
533
560
534
561
535
562
536
563
537
564
538
565
539
566
540
567
541
568
542
569
543
570
544
571
545
572
546
573
547
574
548
575
549
576
550
577
551
578
552
579
553
580
554
581
555
582
556
583
557
584
558
585
559
586
587
960
561
588
562
589
563
590
564
591
565
592
566
593
567
594
568
595
569
596
570
597
571
598
572
599
573
600
574
601
575
602
576
603
577
604
578
605
579
606
580
607
581
608
582
609
583
610
584
611
585
612
586
613
587
614
615
968
589
616
590
617
591
618
592
619
593
620
594
621
595
622
596
623
597
624
598
625
599
626
600
627
601
628
602
629
603
630
604
631
605
632
606
633
607
634
608
635
609
636
610
637
611
638
612
639
613
640
614
641
615
642
643
976
617
644
618
645
619
646
620
647
621
648
622
649
623
650
624
651
625
652
626
653
627
654
628
655
629
656
630
657
631
658
632
659
633
660
634
661
635
662
636
663
637
664
638
665
639
666
640
667
641
668
642
669
643
670
671
984
645
672
646
673
647
674
648
675
649
676
650
677
651
678
652
679
653
680
654
681
655
682
656
683
657
684
658
685
659
686
660
687
661
688
662
689
663
690
664
691
665
692
666
693
667
694
668
695
669
696
670
697
671
698
699
992
673
700
674
701
675
702
676
703
677
704
678
705
679
706
680
707
681
708
682
709
683
710
684
711
685
712
686
713
687
714
688
715
689
716
690
717
691
718
692
719
693
720
694
721
695
722
696
723
697
724
698
725
699
726
727
1000
701
728
702
729
703
730
704
731
705
732
706
733
707
734
708
735
709
736
710
737
711
738
712
739
713
740
714
741
715
742
716
743
717
744
718
745
719
746
720
747
721
748
722
749
723
750
724
751
725
752
726
753
727
754
755
1008
729
756
730
757
731
758
732
759
733
760
734
761
735
762
736
763
737
764
738
765
739
766
740
767
741
768
742
769
743
770
744
771
745
772
746
773
747
774
748
775
749
776
750
777
751
778
752
779
753
780
754
781
755
782
783
1016
757
784
758
785
759
786
760
787
761
788
762
789
763
790
764
791
765
792
766
793
767
794
768
795
769
796
770
797
771
798
772
799
773
800
774
801
775
802
776
803
777
804
778
805
779
806
780
807
781
808
782
809
783
810
811
1024
785
812
786
813
787
814
788
815
789
816
790
817
791
818
792
819
793
820
794
821
795
822
796
823
797
824
798
825
799
826
800
827
801
828
802
829
803
830
804
831
805
832
806
833
807
834
808
835
809
836
810
837
811
838
839
1032
813
1522
814
1523
815
1524
816
1525
817
1526
818
1527
819
1528
820
1529
821
1530
822
1531
823
1532
824
1533
825
1534
826
1535
827
1536
828
1537
829
1538
830
1539
831
1540
832
1541
833
1542
834
1543
835
1544
836
1545
837
1546
838
1547
839
1548
1040
1549
841
848
842
849
843
850
844
851
845
852
846
853
847
854
855
1048
849
856
850
857
851
858
852
859
853
860
854
861
855
862
863
1055
857
864
858
865
859
866
860
867
861
868
862
869
863
870
871
1063
865
872
866
873
867
874
868
875
869
876
870
877
871
878
879
1072
873
880
874
881
875
882
876
883
877
884
878
885
879
886
887
1082
881
888
882
889
883
890
884
891
885
892
886
893
887
894
895
1092
889
896
890
897
891
898
892
899
893
900
894
901
895
902
903
1102
897
904
898
905
899
906
900
907
901
908
902
909
903
910
911
1112
905
912
906
913
907
914
908
915
909
916
910
917
911
918
919
1122
913
920
914
921
915
922
916
923
917
924
918
925
919
926
927
1132
921
928
922
929
923
930
924
931
925
932
926
933
927
934
935
1142
929
936
930
937
931
938
932
939
933
940
934
941
935
942
943
1152
937
944
938
945
939
946
940
947
941
948
942
949
943
950
951
1162
945
952
946
953
947
954
948
955
949
956
950
957
951
958
959
1172
953
960
954
961
955
962
956
963
957
964
958
965
959
966
967
1182
961
968
962
969
963
970
964
971
965
972
966
973
967
974
975
1192
969
976
970
977
971
978
972
979
973
980
974
981
975
982
983
1222
977
984
978
985
979
986
980
987
981
988
982
989
983
990
991
1252
985
992
986
993
987
994
988
995
989
996
990
997
991
998
999
1282
993
1000
994
1001
995
1002
996
1003
997
1004
998
1005
999
1006
1007
1312
1001
1008
1002
1009
1003
1010
1004
1011
1005
1012
1006
1013
1007
1014
1015
1342
1009
1016
1010
1017
1011
1018
1012
1019
1013
1020
1014
1021
1015
1022
1023
1372
1017
1024
1018
1025
1019
1026
1020
1027
1021
1028
1022
1029
1023
1030
1031
1402
1025
1032
1026
1033
1027
1034
1028
1035
1029
1036
1030
1037
1031
1038
1039
1432
1033
1040
1034
1041
1035
1042
1036
1043
1037
1044
1038
1045
1039
1046
1047
1462
1041
1042
1043
1044
1045
1046
1047
1492
1049
1055
1050
1056
1051
1057
1052
1058
1053
1059
1054
1060
1061
1056
1063
1057
1064
1058
1065
1059
1066
1060
1067
1061
1068
1062
1069
1070
1064
1072
1065
1073
1066
1074
1067
1075
1068
1076
1069
1077
1070
1078
1071
1079
1080
1073
1082
1074
1083
1075
1084
1076
1085
1077
1086
1078
1087
1079
1088
1080
1089
1081
1090
1091
1083
1092
1084
1093
1085
1094
1086
1095
1087
1096
1088
1097
1089
1098
1090
1099
1091
1100
1101
1093
1102
1094
1103
1095
1104
1096
1105
1097
1106
1098
1107
1099
1108
1100
1109
1101
1110
1111
1103
1112
1104
1113
1105
1114
1106
1115
1107
1116
1108
1117
1109
1118
1110
1119
1111
1120
1121
1113
1122
1114
1123
1115
1124
1116
1125
1117
1126
1118
1127
1119
1128
1120
1129
1121
1130
1131
1123
1132
1124
1133
1125
1134
1126
1135
1127
1136
1128
1137
1129
1138
1130
1139
1131
1140
1141
1133
1142
1134
1143
1135
1144
1136
1145
1137
1146
1138
1147
1139
1148
1140
1149
1141
1150
1151
1143
1152
1144
1153
1145
1154
1146
1155
1147
1156
1148
1157
1149
1158
1150
1159
1151
1160
1161
1153
1162
1154
1163
1155
1164
1156
1165
1157
1166
1158
1167
1159
1168
1160
1169
1161
1170
1171
1163
1172
1164
1173
1165
1174
1166
1175
1167
1176
1168
1177
1169
1178
1170
1179
1171
1180
1181
1173
1182
1174
1183
1175
1184
1176
1185
1177
1186
1178
1187
1179
1188
1180
1189
1181
1190
1191
1183
1192
1184
1193
1185
1194
1186
1195
1187
1196
1188
1197
1189
1198
1190
1199
1191
1200
1201
1193
1222
1194
1223
1195
1224
1196
1225
1197
1226
1198
1227
1199
1228
1200
1229
1201
1230
1202
1231
1203
1232
1204
1233
1205
1234
1206
1235
1207
1236
1208
1237
1209
1238
1210
1239
1211
1240
1212
1241
1213
1242
1214
1243
1215
1244
1216
1245
1217
1246
1218
1247
1219
1248
1220
1249
1221
1250
1251
1223
1252
1224
1253
1225
1254
1226
1255
1227
1256
1228
1257
1229
1258
1230
1259
1231
1260
1232
1261
1233
1262
1234
1263
1235
1264
1236
1265
1237
1266
1238
1267
1239
1268
1240
1269
1241
1270
1242
1271
1243
1272
1244
1273
1245
1274
1246
1275
1247
1276
1248
1277
1249
1278
1250
1279
1251
1280
1281
1253
1282
1254
1283
1255
1284
1256
1285
1257
1286
1258
1287
1259
1288
1260
1289
1261
1290
1262
1291
1263
1292
1264
1293
1265
1294
1266
1295
1267
1296
1268
1297
1269
1298
1270
1299
1271
1300
1272
1301
1273
1302
1274
1303
1275
1304
1276
1305
1277
1306
1278
1307
1279
1308
1280
1309
1281
1310
1311
1283
1312
1284
1313
1285
1314
1286
1315
1287
1316
1288
1317
1289
1318
1290
1319
1291
1320
1292
1321
1293
1322
1294
1323
1295
1324
1296
1325
1297
1326
1298
1327
1299
1328
1300
1329
1301
1330
1302
1331
1303
1332
1304
1333
1305
1334
1306
1335
1307
1336
1308
1337
1309
1338
1310
1339
1311
1340
1341
1313
1342
1314
1343
1315
1344
1316
1345
1317
1346
1318
1347
1319
1348
1320
1349
1321
1350
1322
1351
1323
1352
1324
1353
1325
1354
1326
1355
1327
1356
1328
1357
1329
1358
1330
1359
1331
1360
1332
1361
1333
1362
1334
1363
1335
1364
1336
1365
1337
1366
1338
1367
1339
1368
1340
1369
1341
1370
1371
1343
1372
1344
1373
1345
1374
1346
1375
1347
1376
1348
1377
1349
1378
1350
1379
1351
1380
1352
1381
1353
1382
1354
1383
1355
1384
1356
1385
1357
1386
1358
1387
1359
1388
1360
1389
1361
1390
1362
1391
1363
1392
1364
1393
1365
1394
1366
1395
1367
1396
1368
1397
1369
1398
1370
1399
1371
1400
1401
1373
1402
1374
1403
1375
1404
1376
1405
1377
1406
1378
1407
1379
1408
1380
1409
1381
1410
1382
1411
1383
1412
1384
1413
1385
1414
1386
1415
1387
1416
1388
1417
1389
1418
1390
1419
1391
1420
1392
1421
1393
1422
1394
1423
1395
1424
1396
1425
1397
1426
1398
1427
1399
1428
1400
1429
1401
1430
1431
1403
1432
1404
1433
1405
1434
1406
1435
1407
1436
1408
1437
1409
1438
1410
1439
1411
1440
1412
1441
1413
1442
1414
1443
1415
1444
1416
1445
1417
1446
1418
1447
1419
1448
1420
1449
1421
1450
1422
1451
1423
1452
1424
1453
1425
1454
1426
1455
1427
1456
1428
1457
1429
1458
1430
1459
1431
1460
1461
1433
1462
1434
1463
1435
1464
1436
1465
1437
1466
1438
1467
1439
1468
1440
1469
1441
1470
1442
1471
1443
1472
1444
1473
1445
1474
1446
1475
1447
1476
1448
1477
1449
1478
1450
1479
1451
1480
1452
1481
1453
1482
1454
1483
1455
1484
1456
1485
1457
1486
1458
1487
1459
1488
1460
1489
1461
1490
1491
1463
1492
1464
1493
1465
1494
1466
1495
1467
1496
1468
1497
1469
1498
1470
1499
1471
1500
1472
1501
1473
1502
1474
1503
1475
1504
1476
1505
1477
1506
1478
1507
1479
1508
1480
1509
1481
1510
1482
1511
1483
1512
1484
1513
1485
1514
1486
1515
1487
1516
1488
1517
1489
1518
1490
1519
1491
1520
1521
1493
1886
1494
1887
1495
1888
1496
1889
1497
1890
1498
1891
1499
1892
1500
1893
1501
1894
1502
1895
1503
1896
1504
1897
1505
1898
1506
1899
1507
1900
1508
1901
1509
1902
1510
1903
1511
1904
1512
1905
1513
1906
1514
1907
1515
1908
1516
1909
1517
1910
1518
1911
1519
1912
1520
1913
1521
1914
1915
1523
1550
1524
1551
1525
1552
1526
1553
1527
1554
1528
1555
1529
1556
1530
1557
1531
1558
1532
1559
1533
1560
1534
1561
1535
1562
1536
1563
1537
1564
1538
1565
1539
1566
1540
1567
1541
1568
1542
1569
1543
1570
1544
1571
1545
1572
1546
1573
1547
1574
1548
1575
1549
1576
1577
1551
1578
1552
1579
1553
1580
1554
1581
1555
1582
1556
1583
1557
1584
1558
1585
1559
1586
1560
1587
1561
1588
1562
1589
1563
1590
1564
1591
1565
1592
1566
1593
1567
1594
1568
1595
1569
1596
1570
1597
1571
1598
1572
1599
1573
1600
1574
1601
1575
1602
1576
1603
1577
1604
1605
1579
1606
1580
1607
1581
1608
1582
1609
1583
1610
1584
1611
1585
1612
1586
1613
1587
1614
1588
1615
1589
1616
1590
1617
1591
1618
1592
1619
1593
1620
1594
1621
1595
1622
1596
1623
1597
1624
1598
1625
1599
1626
1600
1627
1601
1628
1602
1629
1603
1630
1604
1631
1605
1632
1633
1607
1634
1608
1635
1609
1636
1610
1637
1611
1638
1612
1639
1613
1640
1614
1641
1615
1642
1616
1643
1617
1644
1618
1645
1619
1646
1620
1647
1621
1648
1622
1649
1623
1650
1624
1651
1625
1652
1626
1653
1627
1654
1628
1655
1629
1656
1630
1657
1631
1658
1632
1659
1633
1660
1661
1635
1662
1636
1663
1637
1664
1638
1665
1639
1666
1640
1667
1641
1668
1642
1669
1643
1670
1644
1671
1645
1672
1646
1673
1647
1674
1648
1675
1649
1676
1650
1677
1651
1678
1652
1679
1653
1680
1654
1681
1655
1682
1656
1683
1657
1684
1658
1685
1659
1686
1660
1687
1661
1688
1689
1663
1690
1664
1691
1665
1692
1666
1693
1667
1694
1668
1695
1669
1696
1670
1697
1671
1698
1672
1699
1673
1700
1674
1701
1675
1702
1676
1703
1677
1704
1678
1705
1679
1706
1680
1707
1681
1708
1682
1709
1683
1710
1684
1711
1685
1712
1686
1713
1687
1714
1688
1715
1689
1716
1717
1691
1718
1692
1719
1693
1720
1694
1721
1695
1722
1696
1723
1697
1724
1698
1725
1699
1726
1700
1727
1701
1728
1702
1729
1703
1730
1704
1731
1705
1732
1706
1733
1707
1734
1708
1735
1709
1736
1710
1737
1711
1738
1712
1739
1713
1740
1714
1741
1715
1742
1716
1743
1717
1744
1745
1719
1746
1720
1747
1721
1748
1722
1749
1723
1750
1724
1751
1725
1752
1726
1753
1727
1754
1728
1755
1729
1756
1730
1757
1731
1758
1732
1759
1733
1760
1734
1761
1735
1762
1736
1763
1737
1764
1738
1765
1739
1766
1740
1767
1741
1768
1742
1769
1743
1770
1744
1771
1745
1772
1773
1747
1774
1748
1775
1749
1776
1750
1777
1751
1778
1752
1779
1753
1780
1754
1781
1755
1782
1756
1783
1757
1784
1758
1785
1759
1786
1760
1787
1761
1788
1762
1789
1763
1790
1764
1791
1765
1792
1766
1793
1767
1794
1768
1795
1769
1796
1770
1797
1771
1798
1772
1799
1773
1800
1801
1775
1802
1776
1803
1777
1804
1778
1805
1779
1806
1780
1807
1781
1808
1782
1809
1783
1810
1784
1811
1785
1812
1786
1813
1787
1814
1788
1815
1789
1816
1790
1817
1791
1818
1792
1819
1793
1820
1794
1821
1795
1822
1796
1823
1797
1824
1798
1825
1799
1826
1800
1827
1801
1828
1829
1803
1830
1804
1831
1805
1832
1806
1833
1807
1834
1808
1835
1809
1836
1810
1837
1811
1838
1812
1839
1813
1840
1814
1841
1815
1842
1816
1843
1817
1844
1818
1845
1819
1846
1820
1847
1821
1848
1822
1849
1823
1850
1824
1851
1825
1852
1826
1853
1827
1854
1828
1855
1829
1856
1857
1831
1858
1832
1859
1833
1860
1834
1861
1835
1862
1836
1863
1837
1864
1838
1865
1839
1866
1840
1867
1841
1868
1842
1869
1843
1870
1844
1871
1845
1872
1846
1873
1847
1874
1848
1875
1849
1876
1850
1877
1851
1878
1852
1879
1853
1880
1854
1881
1855
1882
1856
1883
1857
1884
1885
1859
1860
1861
1862
1863
1864
1865
1866
1867
1868
1869
1870
1871
1872
1873
1874
1875
1876
1877
1878
1879
1880
1881
1882
1883
1884
1885
1887
1916
1888
1917
1889
1918
1890
1919
1891
1920
1892
1921
1893
1922
1894
1923
1895
1924
1896
1925
1897
1926
1898
1927
1899
1928
1900
1929
1901
1930
1902
1931
1903
1932
1904
1933
1905
1934
1906
1935
1907
1936
1908
1937
1909
1938
1910
1939
1911
1940
1912
1941
1913
1942
1914
1943
1915
1944
1945
1917
1946
1918
1947
1919
1948
1920
1949
1921
1950
1922
1951
1923
1952
1924
1953
1925
1954
1926
1955
1927
1956
1928
1957
1929
1958
1930
1959
1931
1960
1932
1961
1933
1962
1934
1963
1935
1964
1936
1965
1937
1966
1938
1967
1939
1968
1940
1969
1941
1970
1942
1971
1943
1972
1944
1973
1945
1974
1975
1947
1976
1948
1977
1949
1978
1950
1979
1951
1980
1952
1981
1953
1982
1954
1983
1955
1984
1956
1985
1957
1986
1958
1987
1959
1988
1960
1989
1961
1990
1962
1991
1963
1992
1964
1993
1965
1994
1966
1995
1967
1996
1968
1997
1969
1998
1970
1999
1971
2000
1972
2001
1973
2002
1974
2003
1975
2004
2005
1977
2006
1978
2007
1979
2008
1980
2009
1981
2010
1982
2011
1983
2012
1984
2013
1985
2014
1986
2015
1987
2016
1988
2017
1989
2018
1990
2019
1991
2020
1992
2021
1993
2022
1994
2023
1995
2024
1996
2025
1997
2026
1998
2027
1999
2028
2000
2029
2001
2030
2002
2031
2003
2032
2004
2033
2005
2034
2035
2007
2036
2008
2037
2009
2038
2010
2039
2011
2040
2012
2041
2013
2042
2014
2043
2015
2044
2016
2045
2017
2046
2018
2047
2019
2048
2020
2049
2021
2050
2022
2051
2023
2052
2024
2053
2025
2054
2026
2055
2027
2056
2028
2057
2029
2058
2030
2059
2031
2060
2032
2061
2033
2062
2034
2063
2035
2064
2065
2037
2066
2038
2067
2039
2068
2040
2069
2041
2070
2042
2071
2043
2072
2044
2073
2045
2074
2046
2075
2047
2076
2048
2077
2049
2078
2050
2079
2051
2080
2052
2081
2053
2082
2054
2083
2055
2084
2056
2085
2057
2086
2058
2087
2059
2088
2060
2089
2061
2090
2062
2091
2063
2092
2064
2093
2065
2094
2095
2067
2096
2068
2097
2069
2098
2070
2099
2071
2100
2072
2101
2073
2102
2074
2103
2075
2104
2076
2105
2077
2106
2078
2107
2079
2108
2080
2109
2081
2110
2082
2111
2083
2112
2084
2113
2085
2114
2086
2115
2087
2116
2088
2117
2089
2118
2090
2119
2091
2120
2092
2121
2093
2122
2094
2123
2095
2124
2125
2097
2126
2098
2127
2099
2128
2100
2129
2101
2130
2102
2131
2103
2132
2104
2133
2105
2134
2106
2135
2107
2136
2108
2137
2109
2138
2110
2139
2111
2140
2112
2141
2113
2142
2114
2143
2115
2144
2116
2145
2117
2146
2118
2147
2119
2148
2120
2149
2121
2150
2122
2151
2123
2152
2124
2153
2125
2154
2155
2127
2156
2128
2157
2129
2158
2130
2159
2131
2160
2132
2161
2133
2162
2134
2163
2135
2164
2136
2165
2137
2166
2138
2167
2139
2168
2140
2169
2141
2170
2142
2171
2143
2172
2144
2173
2145
2174
2146
2175
2147
2176
2148
2177
2149
2178
2150
2179
2151
2180
2152
2181
2153
2182
2154
2183
2155
2184
2185
2157
2186
2158
2187
2159
2188
2160
2189
2161
2190
2162
2191
2163
2192
2164
2193
2165
2194
2166
2195
2167
2196
2168
2197
2169
2198
2170
2199
2171
2200
2172
2201
2173
2202
2174
2203
2175
2204
2176
2205
2177
2206
2178
2207
2179
2208
2180
2209
2181
2210
2182
2211
2183
2212
2184
2213
2185
2214
2215
2187
2216
2188
2217
2189
2218
2190
2219
2191
2220
2192
2221
2193
2222
2194
2223
2195
2224
2196
2225
2197
2226
2198
2227
2199
2228
2200
2229
2201
2230
2202
2231
2203
2232
2204
2233
2205
2234
2206
2235
2207
2236
2208
2237
2209
2238
2210
2239
2211
2240
2212
2241
2213
2242
2214
2243
2215
2244
2245
2217
2246
2218
2247
2219
2248
2220
2249
2221
2250
2222
2251
2223
2252
2224
2253
2225
2254
2226
2255
2227
2256
2228
2257
2229
2258
2230
2259
2231
2260
2232
2261
2233
2262
2234
2263
2235
2264
2236
2265
2237
2266
2238
2267
2239
2268
2240
2269
2241
2270
2242
2271
2243
2272
2244
2273
2245
2274
2275
2247
2248
2249
2250
2251
2252
2253
2254
2255
2256
2257
2258
2259
2260
2261
2262
2263
2264
2265
2266
2267
2268
2269
2270
2271
2272
2273
2274
2275
)


// ************************************************************************* //
